<SESSION>
<VERSION>
2
<\VERSION>
<DATE>
2017-10-31 13:03:18
<\DATE>
<SUBJECT-ID>
C57BL6-28.09.17-DA-1mois-F3-4.5r
<\SUBJECT-ID>
<NOTE>

<\NOTE>
<MIN-MAX-PLOT>
0.100000 51880.761719
<\MIN-MAX-PLOT>
<STIMULUS-DEFINED>
Default
Default Human Relative Spectral Sensitivity
1	0
1	0.500000	0.500000	17.000000	1	1	4.500000	-100.000000	0.100000	-100.000000	0
<\STIMULUS-DEFINED>
<STIMULUS-GENERATED>
4
0	0	0.000000	1	0.000000	0.000000	1	0.000000	0.000000
0	1	0.509000	1	129.044220	31625.173828	1	0.000000	0.000000
0	4	1.019000	1	0.000000	0.000000	1	0.000000	0.000000
-1	5	18.028000	0	0.000000	0.000000	0	0.000000	0.000000
<\STIMULUS-GENERATED>
<RIGHT-PUPIL-DATA>
543	1
1	-0.067000	1.224493	286.656250	255.718750
1	-0.035000	1.207101	286.718750	254.643738
1	-0.004000	1.380580	287.787506	251.162506
1	0.027000	1.298551	284.500000	257.000000
1	0.058000	1.228985	287.000000	254.500000
1	0.105000	1.245942	286.368744	253.868744
1	0.136000	1.205797	288.500000	253.000000
1	0.167000	1.217971	286.487488	253.937500
1	0.199000	1.255507	285.593872	254.593689
0	0.230000	1.205797	288.500000	253.000000
1	0.261000	1.239275	285.181244	255.243744
1	0.292000	1.225073	285.431244	256.006256
1	0.323000	1.212464	286.062500	255.424988
1	0.370000	1.224927	285.274994	254.975006
1	0.401000	1.205797	284.500000	257.000000
1	0.433000	1.257536	285.568756	256.681244
1	0.464000	1.253768	283.981262	254.593750
1	0.495000	1.227246	284.649994	254.524994
1	0.526000	1.223188	284.000000	253.000000
1	0.557000	1.252174	283.500000	254.000000
1	0.604000	1.287971	284.118744	254.443756
1	0.635000	1.212029	285.068756	253.606232
1	0.667000	1.205797	284.500000	257.000000
1	0.698000	1.257101	285.450012	254.687500
1	0.729000	1.232609	285.868744	256.493744
1	0.760000	1.228841	285.093750	256.156250
1	0.791000	1.190290	284.493744	254.918732
1	0.838000	1.159855	284.931244	255.068756
1	0.869000	1.118986	285.031250	254.956238
1	0.901000	1.084203	285.531250	255.031250
1	0.932000	1.096232	285.750000	254.750000
1	0.963000	1.043478	286.500000	257.000000
1	0.994000	1.043478	286.500000	255.000000
1	1.025000	0.997101	286.000000	254.500000
0	1.057000	1.020290	288.500000	257.000000
1	1.103000	0.937971	285.975006	255.024994
1	1.135000	0.936377	287.531250	254.531250
1	1.166000	0.937246	286.006378	254.018646
1	1.197000	0.885942	286.993622	253.006256
1	1.228000	0.886957	287.000000	254.000000
1	1.259000	0.859275	286.293762	253.706238
1	1.291000	0.876667	286.093750	253.406250
1	1.337000	0.877101	286.350006	253.949982
1	1.369000	0.834783	285.500000	252.000000
1	1.400000	0.857971	284.000000	253.500000
1	1.431000	0.820580	285.162506	253.399994
1	1.462000	0.813189	285.881226	252.118774
1	1.493000	0.869710	286.256256	253.868744
1	1.525000	0.834783	287.500000	254.000000
1	1.571000	0.881159	287.500000	252.000000
1	1.603000	0.834783	287.500000	252.000000
1	1.634000	0.842176	286.368774	251.581116
1	1.665000	0.834203	286.500000	253.049988
1	1.696000	0.817971	285.687500	253.812500
0	1.727000	0.814058	285.693756	254.306244
0	1.759000	0.834783	288.500000	253.000000
1	1.790000	0.835942	286.600006	253.412506
1	1.837000	0.904348	284.500000	255.000000
0	1.868000	0.818551	285.725006	254.149994
1	1.899000	0.839275	286.556244	255.443756
1	1.930000	0.814058	285.693756	254.693756
1	1.961000	0.788406	287.500000	254.000000
1	1.993000	0.812464	285.737488	254.237488
1	2.024000	0.800000	285.500000	255.000000
1	2.071000	0.818985	286.218750	256.668762
1	2.102000	0.803188	287.162506	256.037506
1	2.133000	0.796812	286.899994	256.087494
1	2.164000	0.811594	285.674988	254.924988
1	2.195000	0.822899	285.662506	254.412506
0	2.227000	0.832029	285.531250	253.531250
1	2.258000	0.815507	285.843750	254.868713
0	2.305000	1.246377	291.625000	248.625000
1	2.336000	0.834783	284.500000	253.000000
1	2.367000	0.791304	285.250000	253.000000
1	2.398000	0.807246	285.750000	254.174988
1	2.429000	0.834928	286.043732	254.006256
1	2.461000	0.828841	286.031250	254.531250
0	2.492000	0.927536	288.500000	257.000000
1	2.523000	0.800000	286.500000	255.000000
1	2.570000	0.835797	286.506256	254.568756
1	2.601000	0.835362	286.500000	255.987488
1	2.632000	0.857681	285.087494	254.649994
1	2.663000	0.876812	285.875000	256.000000
1	2.695000	0.828841	285.906250	257.343750
1	2.726000	0.848841	286.381256	257.193756
1	2.757000	0.950725	287.000000	253.500000
1	2.804000	0.855072	286.500000	257.250000
0	2.835000	1.004203	286.493744	254.493744
1	2.866000	0.885362	285.031250	256.968750
1	2.897000	0.877536	286.043762	255.456238
1	2.929000	0.835362	284.987488	257.625000
1	2.960000	0.848406	284.625000	257.187500
0	2.991000	1.044058	287.500000	248.000000
1	3.038000	0.876232	284.837494	256.087494
0	3.069000	0.927536	285.500000	254.000000
1	3.100000	0.864058	284.024994	255.537506
1	3.131000	0.866377	284.837494	253.962494
1	3.163000	0.857536	284.631256	254.131256
1	3.194000	0.834783	284.500000	257.000000
0	3.225000	0.927536	283.500000	252.000000
1	3.256000	0.874058	284.131378	255.906342
0	3.303000	1.131449	286.131256	250.506256
1	3.334000	0.839275	285.931244	254.681244
1	3.365000	0.843478	285.250000	256.500000
1	3.397000	0.875942	286.100006	255.587494
0	3.428000	0.901159	285.225006	254.649994
1	3.459000	0.871014	285.000000	256.000000
1	3.490000	0.839275	284.556244	254.443756
0	3.537000	1.157246	290.393738	246.731262
1	3.568000	0.933333	284.925018	254.524994
1	3.599000	0.851449	285.268738	253.343750
1	3.631000	0.930435	286.000000	254.500000
1	3.662000	0.834783	284.500000	253.000000
1	3.693000	0.882029	285.674988	253.687500
1	3.724000	0.842029	285.687500	254.450012
1	3.771000	0.847101	284.356262	253.781250
1	3.802000	0.834783	284.500000	253.000000
1	3.833000	0.876812	284.112488	253.887512
1	3.865000	0.883623	283.693756	253.806244
1	3.896000	0.905072	283.643738	253.768738
1	3.927000	0.858261	284.674988	253.187500
1	3.958000	0.871159	284.906250	254.156250
1	3.989000	0.855362	284.712494	254.662506
1	4.036000	0.866812	284.781250	253.531250
1	4.067000	0.927536	283.500000	254.000000
1	4.099000	0.859855	284.681244	254.681244
1	4.130000	0.866377	284.212494	253.912506
0	4.161000	1.298551	288.500000	249.000000
1	4.192000	0.852319	284.743744	252.743744
1	4.223000	0.870145	284.750000	252.250000
1	4.255000	0.834783	284.500000	253.000000
1	4.301000	0.807246	285.187500	253.424988
1	4.333000	0.847101	283.581238	253.781250
1	4.364000	0.892464	284.587494	253.199982
0	4.395000	0.842464	284.681274	253.531250
1	4.426000	0.866232	284.193756	254.443756
1	4.457000	0.814058	285.731232	253.693756
1	4.489000	0.857102	285.187500	253.062500
1	4.535000	0.863043	285.000000	254.000000
1	4.567000	0.864203	284.756287	252.006287
1	4.598000	0.835797	284.993744	252.556244
1	4.629000	0.878841	284.200012	253.937500
0	4.660000	0.922319	287.250000	254.500000
1	4.691000	0.840145	284.506256	253.493744
1	4.723000	0.898841	283.512482	254.149994
1	4.769000	0.834783	284.500000	253.000000
1	4.801000	0.813768	284.937500	252.312500
1	4.832000	0.829420	284.506256	252.506256
1	4.863000	0.872319	284.168762	252.268738
1	4.894000	0.852899	284.768738	250.768738
1	4.925000	0.866232	284.506256	252.806244
1	4.957000	0.842898	284.562500	252.875000
0	4.988000	0.903188	285.274994	252.975006
1	5.035000	0.903768	285.500000	254.812500
1	5.066000	0.912029	284.068756	253.631256
1	5.097000	0.857102	284.687500	253.174988
1	5.128000	0.843623	284.743744	250.868744
1	5.160000	0.839275	284.443756	251.556244
1	5.191000	0.797246	285.031250	253.031250
1	5.222000	0.833188	284.593750	250.981262
0	5.269000	1.205797	292.500000	249.000000
1	5.300000	0.866812	284.968750	254.531250
1	5.331000	0.877681	284.375000	253.612488
1	5.362000	0.885942	282.731232	256.006256
1	5.394000	0.848985	284.537506	253.537506
1	5.425000	0.834783	284.593750	254.093750
1	5.456000	0.814058	284.306244	254.731232
1	5.503000	0.840145	284.493744	253.318756
1	5.534000	0.875507	284.156250	254.093750
1	5.565000	0.855507	284.881256	253.631256
0	5.596000	1.275362	290.500000	247.000000
1	5.628000	0.841449	283.287506	255.475006
1	5.659000	0.844638	283.100006	253.725006
1	5.690000	0.837971	283.537506	254.475006
1	5.721000	0.903188	283.524994	253.475006
1	5.768000	0.864638	283.612488	252.799988
1	5.799000	0.866232	284.193756	252.506256
1	5.830000	0.866232	283.606232	253.193756
1	5.862000	0.831594	283.537506	251.462494
1	5.893000	0.857681	283.662506	253.287506
1	5.924000	0.868406	283.149994	252.725006
1	5.955000	0.883768	282.725006	252.962494
1	6.002000	0.866377	282.787506	254.799957
1	6.033000	0.866232	282.056244	253.943756
1	6.064000	0.865507	282.775299	254.224762
1	6.096000	0.857536	282.431244	253.318756
1	6.127000	0.824638	283.125000	253.125000
1	6.158000	0.839710	283.687500	252.549988
0	6.189000	1.038841	288.975006	244.425018
1	6.236000	0.820145	283.331238	253.218750
1	6.267000	0.814638	283.281250	253.718750
1	6.298000	0.834783	283.500000	254.000000
1	6.330000	0.857102	283.312500	253.937500
1	6.361000	1.110145	283.687500	247.062500
1	6.392000	0.857102	283.437500	250.812500
1	6.423000	0.839855	284.562500	252.062500
1	6.454000	0.846377	283.500000	252.000000
1	6.501000	0.814203	283.712494	251.274994
1	6.532000	0.834638	283.031219	251.993744
1	6.564000	0.862898	283.474976	252.224976
0	6.595000	1.237681	287.562500	248.062500
1	6.626000	0.839275	282.556244	253.556244
1	6.657000	0.828986	282.375000	252.875000
1	6.688000	0.834493	282.574982	251.387543
1	6.735000	0.839855	282.581238	253.581238
0	6.766000	0.816087	282.943756	253.106232
1	6.798000	0.815797	282.843750	252.106262
1	6.829000	0.818985	283.156250	252.343750
1	6.860000	0.859275	282.343750	254.031250
1	6.891000	0.828986	282.000000	254.000000
1	6.922000	0.840145	282.681244	253.493744
1	6.969000	0.832029	283.843750	253.531250
1	7.000000	0.848985	282.537506	251.537506
1	7.032000	0.852174	282.875000	251.625000
0	7.063000	1.007102	284.518738	250.531250
1	7.094000	0.913188	281.381287	253.681213
1	7.125000	0.846377	281.250000	253.750000
1	7.156000	0.844203	282.893738	255.281250
1	7.188000	0.869565	282.250000	252.750000
1	7.234000	0.840725	281.456177	253.531250
0	7.266000	1.113043	280.500000	249.000000
1	7.297000	0.873333	280.875000	252.875000
1	7.328000	0.882754	282.356262	252.693726
1	7.359000	0.857536	280.631256	254.818756
0	7.390000	1.147826	289.500000	247.000000
1	7.422000	0.852754	280.625000	254.125000
0	7.468000	0.962319	285.125000	255.750000
1	7.500000	0.835362	279.625000	254.562500
1	7.531000	0.991884	280.125000	253.250000
1	7.562000	0.882175	280.656372	256.293457
1	7.593000	0.865217	280.000000	256.000000
1	7.624000	0.840725	280.531250	256.531250
1	7.656000	0.848985	280.537506	258.462494
1	7.702000	0.901449	279.750000	257.500000
0	7.734000	0.915797	280.656250	256.593750
0	7.765000	1.043333	282.431244	254.506256
1	7.796000	0.801159	281.024994	257.975006
1	7.827000	0.861449	280.250000	259.250000
1	7.858000	0.831594	281.087494	258.037506
0	7.890000	0.992898	283.218750	255.093750
0	7.921000	0.927536	281.500000	256.000000
1	7.968000	0.857681	280.912506	256.662506
0	7.999000	0.965217	283.687500	254.937500
0	8.030000	0.834783	280.500000	257.000000
1	8.061000	0.817536	281.243744	258.368744
1	8.092000	1.020145	280.718750	256.093750
1	8.124000	0.985362	281.281250	256.281250
0	8.155000	0.834783	281.500000	256.000000
1	8.202000	0.829855	281.500000	257.500000
1	8.233000	0.811449	281.156250	257.156250
1	8.264000	0.846667	281.225006	257.574982
0	8.295000	0.978116	280.818726	257.068665
1	8.326000	0.845797	280.600006	259.399994
1	8.358000	0.848841	280.593658	258.218658
1	8.389000	0.838551	280.437500	259.375000
1	8.420000	0.869710	280.493744	258.743744
1	8.467000	0.848985	280.537506	257.787506
1	8.498000	0.866377	280.037506	258.037506
1	8.529000	0.857102	280.812500	258.687500
1	8.560000	0.857681	280.649994	259.337494
0	8.592000	0.965072	279.381378	257.206085
0	8.623000	0.937971	280.024994	257.475006
0	8.654000	1.003623	280.781281	256.068695
0	8.701000	1.147826	285.500000	255.000000
0	8.732000	1.159420	284.000000	252.500000
0	8.763000	0.871449	282.106262	257.868774
1	8.794000	0.857681	282.162506	257.662506
1	8.826000	0.800000	281.500000	258.000000
0	8.857000	1.052319	283.918732	255.868744
1	8.888000	0.883333	282.043762	257.293762
1	8.919000	1.124638	280.812500	254.687500
1	8.966000	0.857102	280.687500	259.312500
1	8.997000	0.839275	280.556244	259.556244
0	9.028000	1.113043	284.500000	253.000000
0	9.060000	0.985362	281.968750	256.281250
0	9.091000	0.926667	282.875000	256.437500
0	9.122000	0.885507	282.000000	257.262512
0	9.153000	1.175073	285.600006	252.850006
0	9.200000	1.079275	281.443756	255.568756
0	9.231000	1.008696	282.375000	257.125000
1	9.262000	0.857102	281.312500	260.062500
1	9.294000	0.855942	282.299805	258.700073
1	9.325000	0.857536	282.681244	258.318756
1	9.356000	0.969710	283.981232	256.931244
0	9.387000	1.060724	285.293793	256.243683
0	9.434000	1.026087	285.000000	256.500000
0	9.465000	1.007681	284.243744	256.493744
1	9.496000	0.801594	281.968750	257.968750
0	9.528000	0.987536	281.687500	255.312500
0	9.559000	0.885362	281.031250	257.968750
1	9.590000	1.023333	283.668762	254.206238
1	9.621000	0.870580	282.118744	256.443756
0	9.652000	1.173913	292.500000	249.500000
0	9.699000	1.252754	289.000000	249.000000
1	9.730000	0.857971	283.000000	255.500000
1	9.762000	0.895507	282.068756	255.868744
1	9.793000	0.866377	280.962494	254.787506
1	9.824000	0.883188	280.987488	255.750000
1	9.855000	0.834783	280.500000	257.000000
0	9.886000	1.182609	284.500000	251.000000
1	9.933000	0.851449	281.406250	256.268738
1	9.964000	0.927536	282.750000	255.250000
0	9.996000	0.927536	281.500000	256.000000
1	10.027000	0.842029	282.549988	255.687500
1	10.058000	0.883623	281.993744	256.218781
0	10.089000	1.025362	282.218750	254.268738
1	10.120000	0.873188	281.856262	257.281250
0	10.167000	1.027536	284.712494	255.262543
1	10.198000	0.892754	282.500000	258.000000
0	10.230000	0.990145	283.899994	256.212494
0	10.261000	1.077246	284.006256	254.993744
1	10.292000	1.002899	283.500000	255.000000
1	10.323000	0.939130	281.750000	257.250000
0	10.354000	1.268406	288.850006	251.649994
1	10.386000	0.870580	282.781219	256.868744
0	10.432000	1.113043	280.500000	253.000000
1	10.464000	0.867246	282.200043	258.100006
1	10.495000	0.869565	282.500000	258.000000
0	10.526000	1.001884	282.493744	256.143707
1	10.557000	0.997101	282.500000	257.000000
1	10.588000	1.089710	283.406250	255.156250
1	10.620000	0.848406	282.437500	259.812500
1	10.666000	0.866377	282.962494	258.412506
0	10.698000	1.024638	284.250000	257.625000
1	10.729000	0.866232	283.193756	257.943756
0	10.760000	0.935797	283.481232	256.318756
1	10.791000	0.876812	282.887512	258.112488
1	10.822000	0.863623	283.231262	258.031250
0	10.854000	1.020290	284.500000	253.000000
1	10.900000	0.901160	283.212585	259.212219
1	10.932000	0.870145	282.750000	257.250000
1	10.963000	1.063768	284.737488	254.750000
0	10.994000	1.064638	283.687500	254.750000
0	11.025000	0.929275	283.399994	257.475006
0	11.056000	1.291884	289.062500	252.562500
0	11.088000	0.978116	283.431244	256.818756
1	11.119000	0.870145	283.125000	258.500000
1	11.166000	1.018406	284.381256	255.318756
0	11.197000	0.885797	282.762482	256.975006
0	11.228000	1.026087	283.500000	256.500000
0	11.259000	0.973333	283.500000	256.000000
0	11.290000	0.959855	282.681244	257.943756
0	11.322000	1.060870	284.500000	257.000000
0	11.353000	1.018406	282.218781	257.618744
1	11.400000	1.131594	282.324982	257.324982
1	11.431000	1.070145	282.875000	258.125000
1	11.462000	0.890290	281.231232	261.068756
0	11.493000	1.059855	282.818787	258.231201
0	11.524000	1.027246	282.225006	257.774994
0	11.556000	1.101449	283.500000	257.000000
1	11.587000	0.874058	281.118744	261.168732
1	11.634000	1.182609	284.000000	257.500000
0	11.665000	1.066667	281.000000	259.500000
1	11.696000	1.147826	282.250000	258.250000
1	11.727000	0.866232	278.943756	264.943756
1	11.758000	1.194493	281.412506	259.912506
0	11.790000	1.025942	280.756256	259.431244
0	11.821000	0.927536	279.500000	258.000000
0	11.852000	1.147826	283.500000	259.000000
1	11.899000	0.866232	278.193756	266.506256
1	11.930000	0.881015	277.781250	266.343750
0	11.961000	1.013623	285.062500	256.687500
0	11.992000	1.100725	284.331238	258.281250
1	12.024000	0.909130	277.493744	266.156281
1	12.055000	0.883333	277.968750	264.331238
0	12.086000	1.132029	279.281250	259.906250
0	12.133000	1.193478	284.556244	258.618744
0	12.164000	1.182609	284.500000	259.000000
1	12.195000	0.884203	277.781250	264.718750
0	12.226000	1.238116	281.181244	260.131256
1	12.258000	1.247246	279.312500	258.924988
1	12.289000	1.146812	279.443756	262.106232
1	12.320000	0.883188	276.687500	266.362488
1	12.351000	0.869565	276.250000	265.250000
0	12.398000	1.113043	280.500000	261.000000
0	12.429000	1.029855	280.737488	257.174988
1	12.460000	0.866377	276.412506	264.962494
0	12.492000	1.135362	283.812500	258.187500
0	12.523000	1.044058	279.000000	257.500000
0	12.554000	1.252754	278.687500	261.000000
0	12.585000	1.253768	279.406250	260.718750
1	12.632000	1.220725	278.056244	260.943756
0	12.663000	1.205797	280.125000	261.625000
0	12.694000	0.724493	275.918640	261.443726
0	12.726000	1.214203	278.850006	263.574982
1	12.757000	0.901449	274.500000	268.250000
0	12.788000	1.223188	281.375000	263.125000
0	12.819000	1.241884	280.281250	262.656250
0	12.866000	1.113043	275.500000	264.000000
1	12.897000	0.867972	275.181335	265.518616
0	12.928000	1.118551	276.537506	260.037506
0	12.960000	1.574493	288.375000	265.125000
0	12.991000	1.465072	288.118744	262.056244
0	13.022000	1.090725	281.250000	257.062500
1	13.053000	0.913334	275.662628	263.637360
1	13.084000	1.253333	279.975006	259.524994
0	13.131000	1.242899	279.250000	258.750000
0	13.162000	1.205797	279.500000	258.000000
0	13.194000	1.131449	282.743744	257.118744
0	13.225000	1.134928	278.131256	259.243744
0	13.256000	1.181594	284.381256	256.006256
0	13.287000	1.101449	276.500000	258.000000
0	13.318000	1.113623	278.000000	258.500000
1	13.365000	0.912319	277.143707	263.156219
1	13.396000	0.901449	276.987488	263.450012
0	13.428000	1.070145	282.125000	255.875000
0	13.459000	1.185797	280.475006	257.587494
1	13.490000	0.889275	276.649994	263.350006
1	13.521000	0.885362	275.968750	261.293762
1	13.552000	0.848841	276.393768	260.806244
1	13.599000	0.899420	276.062500	260.187500
1	13.630000	1.286957	282.500000	255.000000
1	13.662000	0.907102	277.031250	260.781250
1	13.693000	0.894493	276.850006	261.449982
0	13.724000	1.151160	280.943756	257.443756
0	13.755000	1.130290	284.493744	257.006256
0	13.786000	1.081015	281.468750	257.531250
0	13.818000	1.344638	289.337494	260.712494
1	13.864000	0.915797	276.718750	264.831238
0	13.896000	1.022899	278.274994	261.662506
0	13.927000	1.087247	284.099976	257.025024
1	13.958000	0.912899	277.631256	264.318756
0	13.989000	1.113043	280.500000	261.000000
0	14.020000	1.060870	280.500000	257.500000
0	14.052000	1.212029	279.818756	259.818756
1	14.098000	0.926087	277.500000	264.625000
0	14.130000	1.212464	279.562500	259.812500
0	14.161000	1.105507	282.774994	256.850006
0	14.192000	1.289710	282.093750	258.906250
0	14.223000	2.088116	280.475006	273.024994
0	14.254000	1.192899	279.093750	259.156250
0	14.286000	1.008841	278.006256	264.493744
0	14.332000	1.231884	280.500000	260.000000
0	14.364000	1.252174	277.500000	260.000000
0	14.395000	1.217391	279.500000	260.000000
1	14.426000	1.268841	282.268738	260.656250
0	14.457000	1.113043	280.500000	261.000000
0	14.488000	1.187536	280.500000	261.062500
1	14.520000	0.935797	278.606232	265.493744
0	14.551000	1.176812	280.500000	261.500000
1	14.598000	1.204203	280.243744	260.993744
0	14.629000	1.204928	285.750000	259.312500
0	14.660000	1.244203	281.281250	263.143738
0	14.691000	1.181449	280.024994	263.399994
0	14.722000	1.240145	281.318756	261.618744
1	14.754000	0.927536	278.250000	266.250000
0	14.785000	1.252174	285.500000	260.000000
0	14.832000	1.147246	281.250000	261.250000
0	14.863000	1.101159	283.199982	258.787506
1	14.894000	0.951594	279.187500	267.637512
0	14.925000	1.198116	280.393738	262.268738
0	14.956000	1.079420	280.975006	264.649994
1	14.988000	1.114638	280.006165	262.543823
0	15.019000	1.256088	286.481689	259.419006
0	15.050000	1.162899	280.350006	261.149994
0	15.097000	1.173188	280.893738	261.643738
1	15.128000	1.298551	285.500000	260.000000
0	15.159000	1.088986	281.100006	261.437469
0	15.190000	1.190725	282.500000	259.187500
0	15.222000	1.139710	279.375000	262.174988
1	15.253000	0.967971	279.968750	266.531250
0	15.284000	1.200000	282.500000	261.500000
0	15.331000	1.073333	281.562500	264.562500
1	15.362000	0.915797	280.718750	268.468750
0	15.393000	1.185797	288.462494	259.537506
1	15.424000	0.922319	281.375000	267.187500
0	15.456000	1.221159	283.937500	261.187500
0	15.487000	1.217391	281.500000	262.000000
1	15.518000	1.222319	283.000000	262.562500
1	15.565000	1.240580	282.500000	260.000000
0	15.596000	1.135507	285.106262	259.781250
1	15.627000	1.191884	282.125000	261.875000
1	15.658000	1.310145	284.750000	260.750000
0	15.690000	1.107971	281.168762	262.831238
1	15.721000	1.159420	282.000000	260.500000
0	15.752000	1.258116	281.656250	260.156250
0	15.783000	1.182609	281.000000	260.500000
0	15.830000	1.182609	282.000000	260.500000
0	15.861000	1.203768	283.375000	264.312500
0	15.892000	1.281594	283.756256	262.006256
1	15.924000	0.931449	279.493744	268.993744
0	15.955000	1.405797	289.500031	265.550018
0	15.986000	1.009420	281.781250	260.981262
1	16.017000	0.929711	280.543762	268.168518
1	16.064000	0.916377	281.381256	269.306244
0	16.095000	1.182029	286.875000	261.375000
1	16.126000	0.902029	280.524994	269.962494
1	16.158000	0.892754	281.500000	269.000000
0	16.189000	1.062464	280.718750	265.281250
0	16.220000	1.136232	284.000000	259.500000
0	16.251000	1.155942	281.375000	265.625000
0	16.282000	1.237681	283.237488	263.187500
1	16.329000	0.916377	279.693756	268.431244
0	16.360000	1.252174	283.000000	262.500000
0	16.392000	1.082609	280.000000	265.000000
0	16.423000	1.336377	286.531250	263.468750
1	16.454000	1.252174	283.500000	262.000000
0	16.485000	1.129710	282.718750	263.268738
0	16.516000	1.159420	282.000000	264.500000
1	16.563000	1.217391	280.250000	261.750000
0	16.594000	1.265942	283.543762	263.543762
1	16.626000	0.931594	279.350006	270.600006
0	16.657000	1.177681	282.562500	265.325012
1	16.688000	0.930580	279.618744	269.618744
0	16.719000	1.083768	281.462494	266.462494
0	16.750000	1.100000	281.625000	264.875000
0	16.797000	1.176667	283.331238	261.956238
0	16.828000	1.252174	283.500000	262.000000
0	16.860000	1.373913	289.000000	263.000000
0	16.891000	1.286957	285.500000	264.000000
0	16.922000	1.101449	284.500000	263.000000
0	16.953000	1.345072	288.343750	264.343750
0	16.984000	1.211884	287.087494	262.912506
0	17.016000	1.182609	284.500000	265.000000
1	17.062000	0.931594	281.350006	269.600006
1	17.094000	1.416377	290.631256	266.631256
0	17.125000	1.008841	282.443756	266.993744
0	17.156000	1.240580	285.500000	263.000000
1	17.187000	1.299420	286.187500	262.312500
0	17.218000	1.078261	283.500000	265.000000
0	17.250000	1.240145	285.381256	262.681244
1	17.296000	0.997101	282.500000	269.000000
0	17.328000	1.205797	283.000000	263.500000
0	17.359000	1.089855	278.500000	265.000000
1	17.390000	0.952029	282.781311	267.806152
0	17.421000	1.186377	284.487488	264.062500
0	17.452000	1.130435	286.000000	261.500000
0	17.484000	1.344058	289.687500	263.687500
0	17.530000	1.274493	285.937500	264.187500
1	17.562000	1.265798	286.212402	263.887451
1	17.593000	0.967971	283.531250	268.156250
1	17.624000	0.964638	283.437500	267.000000
0	17.655000	1.081015	283.581238	264.468750
0	17.686000	1.159420	285.500000	262.000000
0	17.718000	1.345942	289.343750	262.718750
1	17.749000	1.034058	284.606262	266.356262
0	17.796000	1.131449	285.256256	263.256256
0	17.827000	1.062029	283.774994	264.274994
0	17.858000	1.009420	283.981262	268.518738
0	17.889000	1.203768	284.687500	262.312500
1	17.920000	1.081594	283.443756	265.556244
0	17.952000	1.171015	286.250000	261.750000
0	17.983000	1.205797	286.000000	262.500000
<\RIGHT-PUPIL-DATA>
<LEFT-PUPIL-DATA>
542	0
0	-0.067000	13.913043	240.000000	320.000000
0	-0.020000	13.913043	240.000000	320.000000
0	0.011000	13.913043	240.000000	320.000000
0	0.043000	13.913043	240.000000	320.000000
0	0.074000	13.913043	240.000000	320.000000
0	0.105000	13.913043	240.000000	320.000000
0	0.136000	13.913043	240.000000	320.000000
0	0.167000	13.913043	240.000000	320.000000
0	0.199000	13.913043	240.000000	320.000000
0	0.245000	13.913043	240.000000	320.000000
0	0.277000	13.913043	240.000000	320.000000
0	0.308000	13.913043	240.000000	320.000000
0	0.339000	13.913043	240.000000	320.000000
0	0.370000	13.913043	240.000000	320.000000
0	0.401000	13.913043	240.000000	320.000000
0	0.433000	13.913043	240.000000	320.000000
0	0.479000	13.913043	240.000000	320.000000
0	0.511000	13.913043	240.000000	320.000000
0	0.542000	13.913043	240.000000	320.000000
0	0.573000	13.913043	240.000000	320.000000
0	0.604000	13.913043	240.000000	320.000000
0	0.635000	13.913043	240.000000	320.000000
0	0.667000	13.913043	240.000000	320.000000
0	0.713000	13.913043	240.000000	320.000000
0	0.745000	13.913043	240.000000	320.000000
0	0.776000	13.913043	240.000000	320.000000
0	0.807000	13.913043	240.000000	320.000000
0	0.838000	13.913043	240.000000	320.000000
0	0.869000	13.913043	240.000000	320.000000
0	0.901000	13.913043	240.000000	320.000000
0	0.932000	13.913043	240.000000	320.000000
0	0.979000	13.913043	240.000000	320.000000
0	1.010000	13.913043	240.000000	320.000000
0	1.041000	13.913043	240.000000	320.000000
0	1.072000	13.913043	240.000000	320.000000
0	1.103000	13.913043	240.000000	320.000000
0	1.135000	13.913043	240.000000	320.000000
0	1.166000	13.913043	240.000000	320.000000
0	1.213000	13.913043	240.000000	320.000000
0	1.244000	13.913043	240.000000	320.000000
0	1.275000	13.913043	240.000000	320.000000
0	1.306000	13.913043	240.000000	320.000000
0	1.337000	13.913043	240.000000	320.000000
0	1.369000	13.913043	240.000000	320.000000
0	1.400000	13.913043	240.000000	320.000000
0	1.447000	13.913043	240.000000	320.000000
0	1.478000	13.913043	240.000000	320.000000
0	1.509000	13.913043	240.000000	320.000000
0	1.540000	13.913043	240.000000	320.000000
0	1.571000	13.913043	240.000000	320.000000
0	1.603000	13.913043	240.000000	320.000000
0	1.634000	13.913043	240.000000	320.000000
0	1.665000	13.913043	240.000000	320.000000
0	1.712000	13.913043	240.000000	320.000000
0	1.743000	13.913043	240.000000	320.000000
0	1.774000	13.913043	240.000000	320.000000
0	1.805000	13.913043	240.000000	320.000000
0	1.837000	13.913043	240.000000	320.000000
0	1.868000	13.913043	240.000000	320.000000
0	1.899000	13.913043	240.000000	320.000000
0	1.946000	13.913043	240.000000	320.000000
0	1.977000	13.913043	240.000000	320.000000
0	2.008000	13.913043	240.000000	320.000000
0	2.039000	13.913043	240.000000	320.000000
0	2.071000	13.913043	240.000000	320.000000
0	2.102000	13.913043	240.000000	320.000000
0	2.133000	13.913043	240.000000	320.000000
0	2.164000	13.913043	240.000000	320.000000
0	2.211000	13.913043	240.000000	320.000000
0	2.242000	13.913043	240.000000	320.000000
0	2.273000	13.913043	240.000000	320.000000
0	2.305000	13.913043	240.000000	320.000000
0	2.336000	13.913043	240.000000	320.000000
0	2.367000	13.913043	240.000000	320.000000
0	2.398000	13.913043	240.000000	320.000000
0	2.445000	13.913043	240.000000	320.000000
0	2.476000	13.913043	240.000000	320.000000
0	2.507000	13.913043	240.000000	320.000000
0	2.539000	13.913043	240.000000	320.000000
0	2.570000	13.913043	240.000000	320.000000
0	2.601000	13.913043	240.000000	320.000000
0	2.632000	13.913043	240.000000	320.000000
0	2.679000	13.913043	240.000000	320.000000
0	2.710000	13.913043	240.000000	320.000000
0	2.741000	13.913043	240.000000	320.000000
0	2.773000	13.913043	240.000000	320.000000
0	2.804000	13.913043	240.000000	320.000000
0	2.835000	13.913043	240.000000	320.000000
0	2.866000	13.913043	240.000000	320.000000
0	2.897000	13.913043	240.000000	320.000000
0	2.944000	13.913043	240.000000	320.000000
0	2.975000	13.913043	240.000000	320.000000
0	3.007000	13.913043	240.000000	320.000000
0	3.038000	13.913043	240.000000	320.000000
0	3.069000	13.913043	240.000000	320.000000
0	3.100000	13.913043	240.000000	320.000000
0	3.131000	13.913043	240.000000	320.000000
0	3.178000	13.913043	240.000000	320.000000
0	3.209000	13.913043	240.000000	320.000000
0	3.241000	13.913043	240.000000	320.000000
0	3.272000	13.913043	240.000000	320.000000
0	3.303000	13.913043	240.000000	320.000000
0	3.334000	13.913043	240.000000	320.000000
0	3.365000	13.913043	240.000000	320.000000
0	3.397000	13.913043	240.000000	320.000000
0	3.443000	13.913043	240.000000	320.000000
0	3.475000	13.913043	240.000000	320.000000
0	3.506000	13.913043	240.000000	320.000000
0	3.537000	13.913043	240.000000	320.000000
0	3.568000	13.913043	240.000000	320.000000
0	3.599000	13.913043	240.000000	320.000000
0	3.631000	13.913043	240.000000	320.000000
0	3.677000	13.913043	240.000000	320.000000
0	3.709000	13.913043	240.000000	320.000000
0	3.740000	13.913043	240.000000	320.000000
0	3.771000	13.913043	240.000000	320.000000
0	3.802000	13.913043	240.000000	320.000000
0	3.833000	13.913043	240.000000	320.000000
0	3.865000	13.913043	240.000000	320.000000
0	3.911000	13.913043	240.000000	320.000000
0	3.943000	13.913043	240.000000	320.000000
0	3.974000	13.913043	240.000000	320.000000
0	4.005000	13.913043	240.000000	320.000000
0	4.036000	13.913043	240.000000	320.000000
0	4.067000	13.913043	240.000000	320.000000
0	4.099000	13.913043	240.000000	320.000000
0	4.130000	13.913043	240.000000	320.000000
0	4.177000	13.913043	240.000000	320.000000
0	4.208000	13.913043	240.000000	320.000000
0	4.239000	13.913043	240.000000	320.000000
0	4.270000	13.913043	240.000000	320.000000
0	4.301000	13.913043	240.000000	320.000000
0	4.333000	13.913043	240.000000	320.000000
0	4.364000	13.913043	240.000000	320.000000
0	4.411000	13.913043	240.000000	320.000000
0	4.442000	13.913043	240.000000	320.000000
0	4.473000	13.913043	240.000000	320.000000
0	4.504000	13.913043	240.000000	320.000000
0	4.535000	13.913043	240.000000	320.000000
0	4.567000	13.913043	240.000000	320.000000
0	4.598000	13.913043	240.000000	320.000000
0	4.645000	13.913043	240.000000	320.000000
0	4.676000	13.913043	240.000000	320.000000
0	4.707000	13.913043	240.000000	320.000000
0	4.738000	13.913043	240.000000	320.000000
0	4.769000	13.913043	240.000000	320.000000
0	4.801000	13.913043	240.000000	320.000000
0	4.832000	13.913043	240.000000	320.000000
0	4.863000	13.913043	240.000000	320.000000
0	4.910000	13.913043	240.000000	320.000000
0	4.941000	13.913043	240.000000	320.000000
0	4.972000	13.913043	240.000000	320.000000
0	5.003000	13.913043	240.000000	320.000000
0	5.035000	13.913043	240.000000	320.000000
0	5.066000	13.913043	240.000000	320.000000
0	5.097000	13.913043	240.000000	320.000000
0	5.144000	13.913043	240.000000	320.000000
0	5.175000	13.913043	240.000000	320.000000
0	5.206000	13.913043	240.000000	320.000000
0	5.238000	13.913043	240.000000	320.000000
0	5.269000	13.913043	240.000000	320.000000
0	5.300000	13.913043	240.000000	320.000000
0	5.331000	13.913043	240.000000	320.000000
0	5.378000	13.913043	240.000000	320.000000
0	5.409000	13.913043	240.000000	320.000000
0	5.440000	13.913043	240.000000	320.000000
0	5.472000	13.913043	240.000000	320.000000
0	5.503000	13.913043	240.000000	320.000000
0	5.534000	13.913043	240.000000	320.000000
0	5.565000	13.913043	240.000000	320.000000
0	5.596000	13.913043	240.000000	320.000000
0	5.643000	13.913043	240.000000	320.000000
0	5.674000	13.913043	240.000000	320.000000
0	5.706000	13.913043	240.000000	320.000000
0	5.737000	13.913043	240.000000	320.000000
0	5.768000	13.913043	240.000000	320.000000
0	5.799000	13.913043	240.000000	320.000000
0	5.830000	13.913043	240.000000	320.000000
0	5.877000	13.913043	240.000000	320.000000
0	5.908000	13.913043	240.000000	320.000000
0	5.940000	13.913043	240.000000	320.000000
0	5.971000	13.913043	240.000000	320.000000
0	6.002000	13.913043	240.000000	320.000000
0	6.033000	13.913043	240.000000	320.000000
0	6.064000	13.913043	240.000000	320.000000
0	6.111000	13.913043	240.000000	320.000000
0	6.142000	13.913043	240.000000	320.000000
0	6.174000	13.913043	240.000000	320.000000
0	6.205000	13.913043	240.000000	320.000000
0	6.236000	13.913043	240.000000	320.000000
0	6.267000	13.913043	240.000000	320.000000
0	6.298000	13.913043	240.000000	320.000000
0	6.330000	13.913043	240.000000	320.000000
0	6.376000	13.913043	240.000000	320.000000
0	6.408000	13.913043	240.000000	320.000000
0	6.439000	13.913043	240.000000	320.000000
0	6.470000	13.913043	240.000000	320.000000
0	6.501000	13.913043	240.000000	320.000000
0	6.532000	13.913043	240.000000	320.000000
0	6.564000	13.913043	240.000000	320.000000
0	6.610000	13.913043	240.000000	320.000000
0	6.642000	13.913043	240.000000	320.000000
0	6.673000	13.913043	240.000000	320.000000
0	6.704000	13.913043	240.000000	320.000000
0	6.735000	13.913043	240.000000	320.000000
0	6.766000	13.913043	240.000000	320.000000
0	6.798000	13.913043	240.000000	320.000000
0	6.844000	13.913043	240.000000	320.000000
0	6.876000	13.913043	240.000000	320.000000
0	6.907000	13.913043	240.000000	320.000000
0	6.938000	13.913043	240.000000	320.000000
0	6.969000	13.913043	240.000000	320.000000
0	7.000000	13.913043	240.000000	320.000000
0	7.032000	13.913043	240.000000	320.000000
0	7.063000	13.913043	240.000000	320.000000
0	7.110000	13.913043	240.000000	320.000000
0	7.141000	13.913043	240.000000	320.000000
0	7.172000	13.913043	240.000000	320.000000
0	7.203000	13.913043	240.000000	320.000000
0	7.234000	13.913043	240.000000	320.000000
0	7.266000	13.913043	240.000000	320.000000
0	7.297000	13.913043	240.000000	320.000000
0	7.328000	13.913043	240.000000	320.000000
0	7.375000	13.913043	240.000000	320.000000
0	7.406000	13.913043	240.000000	320.000000
0	7.437000	13.913043	240.000000	320.000000
0	7.468000	13.913043	240.000000	320.000000
0	7.500000	13.913043	240.000000	320.000000
0	7.531000	13.913043	240.000000	320.000000
0	7.562000	13.913043	240.000000	320.000000
0	7.609000	13.913043	240.000000	320.000000
0	7.640000	13.913043	240.000000	320.000000
0	7.671000	13.913043	240.000000	320.000000
0	7.702000	13.913043	240.000000	320.000000
0	7.734000	13.913043	240.000000	320.000000
0	7.765000	13.913043	240.000000	320.000000
0	7.796000	13.913043	240.000000	320.000000
0	7.843000	13.913043	240.000000	320.000000
0	7.874000	13.913043	240.000000	320.000000
0	7.905000	13.913043	240.000000	320.000000
0	7.936000	13.913043	240.000000	320.000000
0	7.968000	13.913043	240.000000	320.000000
0	7.999000	13.913043	240.000000	320.000000
0	8.030000	13.913043	240.000000	320.000000
0	8.061000	13.913043	240.000000	320.000000
0	8.108000	13.913043	240.000000	320.000000
0	8.139000	13.913043	240.000000	320.000000
0	8.170000	13.913043	240.000000	320.000000
0	8.202000	13.913043	240.000000	320.000000
0	8.233000	13.913043	240.000000	320.000000
0	8.264000	13.913043	240.000000	320.000000
0	8.295000	13.913043	240.000000	320.000000
0	8.342000	13.913043	240.000000	320.000000
0	8.373000	13.913043	240.000000	320.000000
0	8.404000	13.913043	240.000000	320.000000
0	8.436000	13.913043	240.000000	320.000000
0	8.467000	13.913043	240.000000	320.000000
0	8.498000	13.913043	240.000000	320.000000
0	8.529000	13.913043	240.000000	320.000000
0	8.576000	13.913043	240.000000	320.000000
0	8.607000	13.913043	240.000000	320.000000
0	8.638000	13.913043	240.000000	320.000000
0	8.670000	13.913043	240.000000	320.000000
0	8.701000	13.913043	240.000000	320.000000
0	8.732000	13.913043	240.000000	320.000000
0	8.763000	13.913043	240.000000	320.000000
0	8.794000	13.913043	240.000000	320.000000
0	8.841000	13.913043	240.000000	320.000000
0	8.872000	13.913043	240.000000	320.000000
0	8.904000	13.913043	240.000000	320.000000
0	8.935000	13.913043	240.000000	320.000000
0	8.966000	13.913043	240.000000	320.000000
0	8.997000	13.913043	240.000000	320.000000
0	9.028000	13.913043	240.000000	320.000000
0	9.075000	13.913043	240.000000	320.000000
0	9.106000	13.913043	240.000000	320.000000
0	9.138000	13.913043	240.000000	320.000000
0	9.169000	13.913043	240.000000	320.000000
0	9.200000	13.913043	240.000000	320.000000
0	9.231000	13.913043	240.000000	320.000000
0	9.262000	13.913043	240.000000	320.000000
0	9.309000	13.913043	240.000000	320.000000
0	9.340000	13.913043	240.000000	320.000000
0	9.372000	13.913043	240.000000	320.000000
0	9.403000	13.913043	240.000000	320.000000
0	9.434000	13.913043	240.000000	320.000000
0	9.465000	13.913043	240.000000	320.000000
0	9.496000	13.913043	240.000000	320.000000
0	9.528000	13.913043	240.000000	320.000000
0	9.574000	13.913043	240.000000	320.000000
0	9.606000	13.913043	240.000000	320.000000
0	9.637000	13.913043	240.000000	320.000000
0	9.668000	13.913043	240.000000	320.000000
0	9.699000	13.913043	240.000000	320.000000
0	9.730000	13.913043	240.000000	320.000000
0	9.762000	13.913043	240.000000	320.000000
0	9.808000	13.913043	240.000000	320.000000
0	9.840000	13.913043	240.000000	320.000000
0	9.871000	13.913043	240.000000	320.000000
0	9.902000	13.913043	240.000000	320.000000
0	9.933000	13.913043	240.000000	320.000000
0	9.964000	13.913043	240.000000	320.000000
0	9.996000	13.913043	240.000000	320.000000
0	10.042000	13.913043	240.000000	320.000000
0	10.074000	13.913043	240.000000	320.000000
0	10.105000	13.913043	240.000000	320.000000
0	10.136000	13.913043	240.000000	320.000000
0	10.167000	13.913043	240.000000	320.000000
0	10.198000	13.913043	240.000000	320.000000
0	10.230000	13.913043	240.000000	320.000000
0	10.261000	13.913043	240.000000	320.000000
0	10.308000	13.913043	240.000000	320.000000
0	10.339000	13.913043	240.000000	320.000000
0	10.370000	13.913043	240.000000	320.000000
0	10.401000	13.913043	240.000000	320.000000
0	10.432000	13.913043	240.000000	320.000000
0	10.464000	13.913043	240.000000	320.000000
0	10.495000	13.913043	240.000000	320.000000
0	10.542000	13.913043	240.000000	320.000000
0	10.573000	13.913043	240.000000	320.000000
0	10.604000	13.913043	240.000000	320.000000
0	10.635000	13.913043	240.000000	320.000000
0	10.666000	13.913043	240.000000	320.000000
0	10.698000	13.913043	240.000000	320.000000
0	10.729000	13.913043	240.000000	320.000000
0	10.776000	13.913043	240.000000	320.000000
0	10.807000	13.913043	240.000000	320.000000
0	10.838000	13.913043	240.000000	320.000000
0	10.869000	13.913043	240.000000	320.000000
0	10.900000	13.913043	240.000000	320.000000
0	10.932000	13.913043	240.000000	320.000000
0	10.963000	13.913043	240.000000	320.000000
0	10.994000	13.913043	240.000000	320.000000
0	11.041000	13.913043	240.000000	320.000000
0	11.072000	13.913043	240.000000	320.000000
0	11.103000	13.913043	240.000000	320.000000
0	11.134000	13.913043	240.000000	320.000000
0	11.166000	13.913043	240.000000	320.000000
0	11.197000	13.913043	240.000000	320.000000
0	11.228000	13.913043	240.000000	320.000000
0	11.259000	13.913043	240.000000	320.000000
0	11.306000	13.913043	240.000000	320.000000
0	11.337000	13.913043	240.000000	320.000000
0	11.368000	13.913043	240.000000	320.000000
0	11.400000	13.913043	240.000000	320.000000
0	11.431000	13.913043	240.000000	320.000000
0	11.462000	13.913043	240.000000	320.000000
0	11.493000	13.913043	240.000000	320.000000
0	11.540000	13.913043	240.000000	320.000000
0	11.571000	13.913043	240.000000	320.000000
0	11.602000	13.913043	240.000000	320.000000
0	11.634000	13.913043	240.000000	320.000000
0	11.665000	13.913043	240.000000	320.000000
0	11.696000	13.913043	240.000000	320.000000
0	11.727000	13.913043	240.000000	320.000000
0	11.774000	13.913043	240.000000	320.000000
0	11.805000	13.913043	240.000000	320.000000
0	11.836000	13.913043	240.000000	320.000000
0	11.868000	13.913043	240.000000	320.000000
0	11.899000	13.913043	240.000000	320.000000
0	11.930000	13.913043	240.000000	320.000000
0	11.961000	13.913043	240.000000	320.000000
0	11.992000	13.913043	240.000000	320.000000
0	12.039000	13.913043	240.000000	320.000000
0	12.070000	13.913043	240.000000	320.000000
0	12.102000	13.913043	240.000000	320.000000
0	12.133000	13.913043	240.000000	320.000000
0	12.164000	13.913043	240.000000	320.000000
0	12.195000	13.913043	240.000000	320.000000
0	12.226000	13.913043	240.000000	320.000000
0	12.273000	13.913043	240.000000	320.000000
0	12.304000	13.913043	240.000000	320.000000
0	12.336000	13.913043	240.000000	320.000000
0	12.367000	13.913043	240.000000	320.000000
0	12.398000	13.913043	240.000000	320.000000
0	12.429000	13.913043	240.000000	320.000000
0	12.460000	13.913043	240.000000	320.000000
0	12.507000	13.913043	240.000000	320.000000
0	12.538000	13.913043	240.000000	320.000000
0	12.570000	13.913043	240.000000	320.000000
0	12.601000	13.913043	240.000000	320.000000
0	12.632000	13.913043	240.000000	320.000000
0	12.663000	13.913043	240.000000	320.000000
0	12.694000	13.913043	240.000000	320.000000
0	12.726000	13.913043	240.000000	320.000000
0	12.772000	13.913043	240.000000	320.000000
0	12.804000	13.913043	240.000000	320.000000
0	12.835000	13.913043	240.000000	320.000000
0	12.866000	13.913043	240.000000	320.000000
0	12.897000	13.913043	240.000000	320.000000
0	12.928000	13.913043	240.000000	320.000000
0	12.960000	13.913043	240.000000	320.000000
0	13.006000	13.913043	240.000000	320.000000
0	13.038000	13.913043	240.000000	320.000000
0	13.069000	13.913043	240.000000	320.000000
0	13.100000	13.913043	240.000000	320.000000
0	13.131000	13.913043	240.000000	320.000000
0	13.162000	13.913043	240.000000	320.000000
0	13.194000	13.913043	240.000000	320.000000
0	13.240000	13.913043	240.000000	320.000000
0	13.272000	13.913043	240.000000	320.000000
0	13.303000	13.913043	240.000000	320.000000
0	13.334000	13.913043	240.000000	320.000000
0	13.365000	13.913043	240.000000	320.000000
0	13.396000	13.913043	240.000000	320.000000
0	13.428000	13.913043	240.000000	320.000000
0	13.459000	13.913043	240.000000	320.000000
0	13.506000	13.913043	240.000000	320.000000
0	13.537000	13.913043	240.000000	320.000000
0	13.568000	13.913043	240.000000	320.000000
0	13.599000	13.913043	240.000000	320.000000
0	13.630000	13.913043	240.000000	320.000000
0	13.662000	13.913043	240.000000	320.000000
0	13.693000	13.913043	240.000000	320.000000
0	13.740000	13.913043	240.000000	320.000000
0	13.771000	13.913043	240.000000	320.000000
0	13.802000	13.913043	240.000000	320.000000
0	13.833000	13.913043	240.000000	320.000000
0	13.864000	13.913043	240.000000	320.000000
0	13.896000	13.913043	240.000000	320.000000
0	13.927000	13.913043	240.000000	320.000000
0	13.974000	13.913043	240.000000	320.000000
0	14.005000	13.913043	240.000000	320.000000
0	14.036000	13.913043	240.000000	320.000000
0	14.067000	13.913043	240.000000	320.000000
0	14.098000	13.913043	240.000000	320.000000
0	14.130000	13.913043	240.000000	320.000000
0	14.161000	13.913043	240.000000	320.000000
0	14.192000	13.913043	240.000000	320.000000
0	14.239000	13.913043	240.000000	320.000000
0	14.270000	13.913043	240.000000	320.000000
0	14.301000	13.913043	240.000000	320.000000
0	14.332000	13.913043	240.000000	320.000000
0	14.364000	13.913043	240.000000	320.000000
0	14.395000	13.913043	240.000000	320.000000
0	14.426000	13.913043	240.000000	320.000000
0	14.473000	13.913043	240.000000	320.000000
0	14.504000	13.913043	240.000000	320.000000
0	14.535000	13.913043	240.000000	320.000000
0	14.566000	13.913043	240.000000	320.000000
0	14.598000	13.913043	240.000000	320.000000
0	14.629000	13.913043	240.000000	320.000000
0	14.660000	13.913043	240.000000	320.000000
0	14.707000	13.913043	240.000000	320.000000
0	14.738000	13.913043	240.000000	320.000000
0	14.769000	13.913043	240.000000	320.000000
0	14.800000	13.913043	240.000000	320.000000
0	14.832000	13.913043	240.000000	320.000000
0	14.863000	13.913043	240.000000	320.000000
0	14.894000	13.913043	240.000000	320.000000
0	14.925000	13.913043	240.000000	320.000000
0	14.972000	13.913043	240.000000	320.000000
0	15.003000	13.913043	240.000000	320.000000
0	15.034000	13.913043	240.000000	320.000000
0	15.066000	13.913043	240.000000	320.000000
0	15.097000	13.913043	240.000000	320.000000
0	15.128000	13.913043	240.000000	320.000000
0	15.159000	13.913043	240.000000	320.000000
0	15.190000	13.913043	240.000000	320.000000
0	15.237000	13.913043	240.000000	320.000000
0	15.268000	13.913043	240.000000	320.000000
0	15.300000	13.913043	240.000000	320.000000
0	15.331000	13.913043	240.000000	320.000000
0	15.362000	13.913043	240.000000	320.000000
0	15.393000	13.913043	240.000000	320.000000
0	15.424000	13.913043	240.000000	320.000000
0	15.471000	13.913043	240.000000	320.000000
0	15.502000	13.913043	240.000000	320.000000
0	15.534000	13.913043	240.000000	320.000000
0	15.565000	13.913043	240.000000	320.000000
0	15.596000	13.913043	240.000000	320.000000
0	15.627000	13.913043	240.000000	320.000000
0	15.658000	13.913043	240.000000	320.000000
0	15.705000	13.913043	240.000000	320.000000
0	15.736000	13.913043	240.000000	320.000000
0	15.768000	13.913043	240.000000	320.000000
0	15.799000	13.913043	240.000000	320.000000
0	15.830000	13.913043	240.000000	320.000000
0	15.861000	13.913043	240.000000	320.000000
0	15.892000	13.913043	240.000000	320.000000
0	15.924000	13.913043	240.000000	320.000000
0	15.970000	13.913043	240.000000	320.000000
0	16.002000	13.913043	240.000000	320.000000
0	16.033000	13.913043	240.000000	320.000000
0	16.064000	13.913043	240.000000	320.000000
0	16.095000	13.913043	240.000000	320.000000
0	16.126000	13.913043	240.000000	320.000000
0	16.158000	13.913043	240.000000	320.000000
0	16.204000	13.913043	240.000000	320.000000
0	16.236000	13.913043	240.000000	320.000000
0	16.267000	13.913043	240.000000	320.000000
0	16.298000	13.913043	240.000000	320.000000
0	16.329000	13.913043	240.000000	320.000000
0	16.360000	13.913043	240.000000	320.000000
0	16.392000	13.913043	240.000000	320.000000
0	16.438000	13.913043	240.000000	320.000000
0	16.470000	13.913043	240.000000	320.000000
0	16.501000	13.913043	240.000000	320.000000
0	16.532000	13.913043	240.000000	320.000000
0	16.563000	13.913043	240.000000	320.000000
0	16.594000	13.913043	240.000000	320.000000
0	16.626000	13.913043	240.000000	320.000000
0	16.657000	13.913043	240.000000	320.000000
0	16.704000	13.913043	240.000000	320.000000
0	16.735000	13.913043	240.000000	320.000000
0	16.766000	13.913043	240.000000	320.000000
0	16.797000	13.913043	240.000000	320.000000
0	16.828000	13.913043	240.000000	320.000000
0	16.860000	13.913043	240.000000	320.000000
0	16.891000	13.913043	240.000000	320.000000
0	16.938000	13.913043	240.000000	320.000000
0	16.969000	13.913043	240.000000	320.000000
0	17.000000	13.913043	240.000000	320.000000
0	17.031000	13.913043	240.000000	320.000000
0	17.062000	13.913043	240.000000	320.000000
0	17.094000	13.913043	240.000000	320.000000
0	17.125000	13.913043	240.000000	320.000000
0	17.172000	13.913043	240.000000	320.000000
0	17.203000	13.913043	240.000000	320.000000
0	17.234000	13.913043	240.000000	320.000000
0	17.265000	13.913043	240.000000	320.000000
0	17.296000	13.913043	240.000000	320.000000
0	17.328000	13.913043	240.000000	320.000000
0	17.359000	13.913043	240.000000	320.000000
0	17.390000	13.913043	240.000000	320.000000
0	17.437000	13.913043	240.000000	320.000000
0	17.468000	13.913043	240.000000	320.000000
0	17.499000	13.913043	240.000000	320.000000
0	17.530000	13.913043	240.000000	320.000000
0	17.562000	13.913043	240.000000	320.000000
0	17.593000	13.913043	240.000000	320.000000
0	17.624000	13.913043	240.000000	320.000000
0	17.671000	13.913043	240.000000	320.000000
0	17.702000	13.913043	240.000000	320.000000
0	17.733000	13.913043	240.000000	320.000000
0	17.764000	13.913043	240.000000	320.000000
0	17.796000	13.913043	240.000000	320.000000
0	17.827000	13.913043	240.000000	320.000000
0	17.858000	13.913043	240.000000	320.000000
0	17.905000	13.913043	240.000000	320.000000
0	17.936000	13.913043	240.000000	320.000000
0	17.967000	13.913043	240.000000	320.000000
<\LEFT-PUPIL-DATA>
<RIGHT-PUPIL-ANALYSIS>
1
0	0	18	542	0	0	0.509000	17.518999	0.510000	31625.173828	0.000000	0.000000	0.000000	0	1	1	1	1	0	0	0	0.000000	0.000000	0.000000	0.000000	0.000000	0.000000	0.000000	-1.000000	0.000000	1	1.243015	0.798141	1.214236	0.500341	0.220000	-0.266391	-0.917571	-1.000000	0.205803	1	1.243015	0.798141	1.214236	0.500341	0.220000	-0.269242	-0.917572	-1.000000	0.205803
<\RIGHT-PUPIL-ANALYSIS>
<LEFT-PUPIL-ANALYSIS>
1
0	0	17	541	0	0	0.509000	17.518999	0.510000	31625.173828	0.000000	0.000000	0.000000	0	1	1	1	1	0	0	0	0.000000	0.000000	0.000000	0.000000	0.000000	0.000000	0.000000	-1.000000	0.000000	0	-0.034783	-0.034783	0.000950	0.000950	0.002000	0.000000	0.000000	-1.000000	0.000000	1	-0.034783	-0.034783	0.000950	0.000950	0.002000	-1000000.000000	-1000000.000000	-1.000000	0.000000
<\LEFT-PUPIL-ANALYSIS>
%%%%%%%%%
%%%%%%%%%
%%%%%%%%%
%%%	Measurement Tiime is: 2017-10-31 13:03:18
%%%	Subject ID is: C57BL6-28.09.17-DA-1mois-F3-4.5r
%%%	Note: 
%%%	RSS: Default Human Relative Spectral Sensitivity
%%%	Pupil Analysis:
%%%
%%%
%%%
%%%	Pulse Index:	0
%%%	Stimulus Session Index:	0
%%%	Right Pupil Stimulated
%%%	Light Metric is Photopic
%%%	Stimulus Start Time(sec):	0.51
%%%	Stimulus Duration(sec):	17.52
%%%	Stimulus Pulse Duration(sec):	0.51
%%%	Right Pulse:	31625.17	(Red  )	-	0.00	(Red  )	[Lux ]
%%%	Left Pulse:	0.00	(Red  )	-	0.00	(Red  )	[Lux ]
%%%
%%%		RIGHT	LEFT	R.Pupil Mean	L.Pupil Mean	R.Stim Mean	R.Stim Mean
%%%	INPUT:	RAW DATA	RAW DATA
%%%	STATE:	ABNORMAL	ABNORMAL	ABNORMAL	ABNORMAL	ABNORMAL	ABNORMAL
%%%	MAX(mm):	0.00	0.00	0.00	0.00	0.00	0.00
%%%	MIN(mm):	0.00	0.00	0.00	0.00	0.00	0.00
%%%	DELTA(mm):						
%%%	CH(%):						
%%%	LAT(sec):	0.00	0.00	0.00	0.00	0.00	0.00
%%%	CV(mm/s):	0.00	0.00	0.00	0.00	0.00	0.00
%%%	MCV(mm/s):	0.00	0.00	0.00	0.00	0.00	0.00
%%%	DV(mm/s):	0.00	0.00	0.00	0.00	0.00	0.00
%%%%%%%%%
%%%%%%%%%
%%%%%%%%%
%%%	Right Pupil Profile (1st row -> 1 == valid tracking, 0 == invalid tracking; 2nd row -> time; 3rd row -> diameter (mm))
%%%	1	1	1	1	1	1	1	1	1	0	1	1	1	1	1	1	1	1	1	1	1	1	1	1	1	1	1	1	1	1	1	1	1	1	0	1	1	1	1	1	1	1	1	1	1	1	1	1	1	1	1	1	1	1	0	0	1	1	0	1	1	1	1	1	1	1	1	1	1	0	1	0	1	1	1	1	1	0	1	1	1	1	1	1	1	1	1	0	1	1	1	1	0	1	0	1	1	1	1	0	1	0	1	1	1	0	1	1	0	1	1	1	1	1	1	1	1	1	1	1	1	1	1	1	1	1	1	0	1	1	1	1	1	1	0	1	1	1	1	1	1	1	0	1	1	1	1	1	1	1	1	1	0	1	1	1	1	1	1	1	0	1	1	1	1	1	1	1	1	1	0	1	1	1	1	1	1	1	1	1	1	1	1	1	1	1	1	1	0	1	1	1	1	1	1	1	1	1	1	1	0	1	1	1	1	0	1	1	1	1	1	1	1	1	0	1	1	1	1	1	0	1	1	1	0	1	0	1	1	1	1	1	1	1	0	0	1	1	1	0	0	1	0	0	1	1	1	0	1	1	1	0	1	1	1	1	1	1	1	1	0	0	0	0	0	0	1	1	0	1	1	1	1	0	0	0	0	0	0	0	1	1	1	1	0	0	0	1	0	0	1	1	0	0	1	1	1	1	1	0	1	1	0	1	1	0	1	0	1	0	0	1	1	0	1	0	1	1	0	1	1	1	1	0	1	0	1	1	0	1	1	1	0	0	0	0	1	1	0	0	0	0	0	0	1	1	1	0	0	0	1	1	0	1	1	1	0	0	0	1	1	0	0	1	1	0	0	0	1	0	1	1	1	1	0	0	1	0	0	0	0	1	0	0	0	1	0	0	0	1	0	0	0	0	1	1	0	0	0	0	0	0	0	1	1	0	0	1	1	1	1	1	1	1	0	0	0	0	1	0	0	1	0	0	0	1	0	0	0	0	0	0	0	0	0	1	0	0	1	0	1	0	0	0	0	1	0	0	0	1	0	0	1	0	0	0	1	0	0	0	1	0	0	1	0	1	0	0	1	1	0	1	1	0	1	0	0	0	0	0	1	0	0	1	1	0	1	1	0	0	0	0	1	0	0	0	1	0	0	1	0	1	0	1	0	0	0	0	0	0	0	0	0	0	1	1	0	0	1	0	0	1	0	0	1	0	0	0	0	1	1	1	0	0	0	1	0	0	0	0	1	0	0
%%%	-0.067000	-0.035000	-0.004000	0.027000	0.058000	0.105000	0.136000	0.167000	0.199000	0.230000	0.261000	0.292000	0.323000	0.370000	0.401000	0.433000	0.464000	0.495000	0.526000	0.557000	0.604000	0.635000	0.667000	0.698000	0.729000	0.760000	0.791000	0.838000	0.869000	0.901000	0.932000	0.963000	0.994000	1.025000	1.057000	1.103000	1.135000	1.166000	1.197000	1.228000	1.259000	1.291000	1.337000	1.369000	1.400000	1.431000	1.462000	1.493000	1.525000	1.571000	1.603000	1.634000	1.665000	1.696000	1.727000	1.759000	1.790000	1.837000	1.868000	1.899000	1.930000	1.961000	1.993000	2.024000	2.071000	2.102000	2.133000	2.164000	2.195000	2.227000	2.258000	2.305000	2.336000	2.367000	2.398000	2.429000	2.461000	2.492000	2.523000	2.570000	2.601000	2.632000	2.663000	2.695000	2.726000	2.757000	2.804000	2.835000	2.866000	2.897000	2.929000	2.960000	2.991000	3.038000	3.069000	3.100000	3.131000	3.163000	3.194000	3.225000	3.256000	3.303000	3.334000	3.365000	3.397000	3.428000	3.459000	3.490000	3.537000	3.568000	3.599000	3.631000	3.662000	3.693000	3.724000	3.771000	3.802000	3.833000	3.865000	3.896000	3.927000	3.958000	3.989000	4.036000	4.067000	4.099000	4.130000	4.161000	4.192000	4.223000	4.255000	4.301000	4.333000	4.364000	4.395000	4.426000	4.457000	4.489000	4.535000	4.567000	4.598000	4.629000	4.660000	4.691000	4.723000	4.769000	4.801000	4.832000	4.863000	4.894000	4.925000	4.957000	4.988000	5.035000	5.066000	5.097000	5.128000	5.160000	5.191000	5.222000	5.269000	5.300000	5.331000	5.362000	5.394000	5.425000	5.456000	5.503000	5.534000	5.565000	5.596000	5.628000	5.659000	5.690000	5.721000	5.768000	5.799000	5.830000	5.862000	5.893000	5.924000	5.955000	6.002000	6.033000	6.064000	6.096000	6.127000	6.158000	6.189000	6.236000	6.267000	6.298000	6.330000	6.361000	6.392000	6.423000	6.454000	6.501000	6.532000	6.564000	6.595000	6.626000	6.657000	6.688000	6.735000	6.766000	6.798000	6.829000	6.860000	6.891000	6.922000	6.969000	7.000000	7.032000	7.063000	7.094000	7.125000	7.156000	7.188000	7.234000	7.266000	7.297000	7.328000	7.359000	7.390000	7.422000	7.468000	7.500000	7.531000	7.562000	7.593000	7.624000	7.656000	7.702000	7.734000	7.765000	7.796000	7.827000	7.858000	7.890000	7.921000	7.968000	7.999000	8.030000	8.061000	8.092000	8.124000	8.155000	8.202000	8.233000	8.264000	8.295000	8.326000	8.358000	8.389000	8.420000	8.467000	8.498000	8.529000	8.560000	8.592000	8.623000	8.654000	8.701000	8.732000	8.763000	8.794000	8.826000	8.857000	8.888000	8.919000	8.966000	8.997000	9.028000	9.060000	9.091000	9.122000	9.153000	9.200000	9.231000	9.262000	9.294000	9.325000	9.356000	9.387000	9.434000	9.465000	9.496000	9.528000	9.559000	9.590000	9.621000	9.652000	9.699000	9.730000	9.762000	9.793000	9.824000	9.855000	9.886000	9.933000	9.964000	9.996000	10.027000	10.058000	10.089000	10.120000	10.167000	10.198000	10.230000	10.261000	10.292000	10.323000	10.354000	10.386000	10.432000	10.464000	10.495000	10.526000	10.557000	10.588000	10.620000	10.666000	10.698000	10.729000	10.760000	10.791000	10.822000	10.854000	10.900000	10.932000	10.963000	10.994000	11.025000	11.056000	11.088000	11.119000	11.166000	11.197000	11.228000	11.259000	11.290000	11.322000	11.353000	11.400000	11.431000	11.462000	11.493000	11.524000	11.556000	11.587000	11.634000	11.665000	11.696000	11.727000	11.758000	11.790000	11.821000	11.852000	11.899000	11.930000	11.961000	11.992000	12.024000	12.055000	12.086000	12.133000	12.164000	12.195000	12.226000	12.258000	12.289000	12.320000	12.351000	12.398000	12.429000	12.460000	12.492000	12.523000	12.554000	12.585000	12.632000	12.663000	12.694000	12.726000	12.757000	12.788000	12.819000	12.866000	12.897000	12.928000	12.960000	12.991000	13.022000	13.053000	13.084000	13.131000	13.162000	13.194000	13.225000	13.256000	13.287000	13.318000	13.365000	13.396000	13.428000	13.459000	13.490000	13.521000	13.552000	13.599000	13.630000	13.662000	13.693000	13.724000	13.755000	13.786000	13.818000	13.864000	13.896000	13.927000	13.958000	13.989000	14.020000	14.052000	14.098000	14.130000	14.161000	14.192000	14.223000	14.254000	14.286000	14.332000	14.364000	14.395000	14.426000	14.457000	14.488000	14.520000	14.551000	14.598000	14.629000	14.660000	14.691000	14.722000	14.754000	14.785000	14.832000	14.863000	14.894000	14.925000	14.956000	14.988000	15.019000	15.050000	15.097000	15.128000	15.159000	15.190000	15.222000	15.253000	15.284000	15.331000	15.362000	15.393000	15.424000	15.456000	15.487000	15.518000	15.565000	15.596000	15.627000	15.658000	15.690000	15.721000	15.752000	15.783000	15.830000	15.861000	15.892000	15.924000	15.955000	15.986000	16.017000	16.064000	16.095000	16.126000	16.158000	16.189000	16.220000	16.251000	16.282000	16.329000	16.360000	16.392000	16.423000	16.454000	16.485000	16.516000	16.563000	16.594000	16.626000	16.657000	16.688000	16.719000	16.750000	16.797000	16.828000	16.860000	16.891000	16.922000	16.953000	16.984000	17.016000	17.062000	17.094000	17.125000	17.156000	17.187000	17.218000	17.250000	17.296000	17.328000	17.359000	17.390000	17.421000	17.452000	17.484000	17.530000	17.562000	17.593000	17.624000	17.655000	17.686000	17.718000	17.749000	17.796000	17.827000	17.858000	17.889000	17.920000	17.952000	17.983000
%%%	1.224493	1.207101	1.380580	1.298551	1.228985	1.245942	1.205797	1.217971	1.255507	1.205797	1.239275	1.225073	1.212464	1.224927	1.205797	1.257536	1.253768	1.227246	1.223188	1.252174	1.287971	1.212029	1.205797	1.257101	1.232609	1.228841	1.190290	1.159855	1.118986	1.084203	1.096232	1.043478	1.043478	0.997101	1.020290	0.937971	0.936377	0.937246	0.885942	0.886957	0.859275	0.876667	0.877101	0.834783	0.857971	0.820580	0.813189	0.869710	0.834783	0.881159	0.834783	0.842176	0.834203	0.817971	0.814058	0.834783	0.835942	0.904348	0.818551	0.839275	0.814058	0.788406	0.812464	0.800000	0.818985	0.803188	0.796812	0.811594	0.822899	0.832029	0.815507	1.246377	0.834783	0.791304	0.807246	0.834928	0.828841	0.927536	0.800000	0.835797	0.835362	0.857681	0.876812	0.828841	0.848841	0.950725	0.855072	1.004203	0.885362	0.877536	0.835362	0.848406	1.044058	0.876232	0.927536	0.864058	0.866377	0.857536	0.834783	0.927536	0.874058	1.131449	0.839275	0.843478	0.875942	0.901159	0.871014	0.839275	1.157246	0.933333	0.851449	0.930435	0.834783	0.882029	0.842029	0.847101	0.834783	0.876812	0.883623	0.905072	0.858261	0.871159	0.855362	0.866812	0.927536	0.859855	0.866377	1.298551	0.852319	0.870145	0.834783	0.807246	0.847101	0.892464	0.842464	0.866232	0.814058	0.857102	0.863043	0.864203	0.835797	0.878841	0.922319	0.840145	0.898841	0.834783	0.813768	0.829420	0.872319	0.852899	0.866232	0.842898	0.903188	0.903768	0.912029	0.857102	0.843623	0.839275	0.797246	0.833188	1.205797	0.866812	0.877681	0.885942	0.848985	0.834783	0.814058	0.840145	0.875507	0.855507	1.275362	0.841449	0.844638	0.837971	0.903188	0.864638	0.866232	0.866232	0.831594	0.857681	0.868406	0.883768	0.866377	0.866232	0.865507	0.857536	0.824638	0.839710	1.038841	0.820145	0.814638	0.834783	0.857102	1.110145	0.857102	0.839855	0.846377	0.814203	0.834638	0.862898	1.237681	0.839275	0.828986	0.834493	0.839855	0.816087	0.815797	0.818985	0.859275	0.828986	0.840145	0.832029	0.848985	0.852174	1.007102	0.913188	0.846377	0.844203	0.869565	0.840725	1.113043	0.873333	0.882754	0.857536	1.147826	0.852754	0.962319	0.835362	0.991884	0.882175	0.865217	0.840725	0.848985	0.901449	0.915797	1.043333	0.801159	0.861449	0.831594	0.992898	0.927536	0.857681	0.965217	0.834783	0.817536	1.020145	0.985362	0.834783	0.829855	0.811449	0.846667	0.978116	0.845797	0.848841	0.838551	0.869710	0.848985	0.866377	0.857102	0.857681	0.965072	0.937971	1.003623	1.147826	1.159420	0.871449	0.857681	0.800000	1.052319	0.883333	1.124638	0.857102	0.839275	1.113043	0.985362	0.926667	0.885507	1.175073	1.079275	1.008696	0.857102	0.855942	0.857536	0.969710	1.060724	1.026087	1.007681	0.801594	0.987536	0.885362	1.023333	0.870580	1.173913	1.252754	0.857971	0.895507	0.866377	0.883188	0.834783	1.182609	0.851449	0.927536	0.927536	0.842029	0.883623	1.025362	0.873188	1.027536	0.892754	0.990145	1.077246	1.002899	0.939130	1.268406	0.870580	1.113043	0.867246	0.869565	1.001884	0.997101	1.089710	0.848406	0.866377	1.024638	0.866232	0.935797	0.876812	0.863623	1.020290	0.901160	0.870145	1.063768	1.064638	0.929275	1.291884	0.978116	0.870145	1.018406	0.885797	1.026087	0.973333	0.959855	1.060870	1.018406	1.131594	1.070145	0.890290	1.059855	1.027246	1.101449	0.874058	1.182609	1.066667	1.147826	0.866232	1.194493	1.025942	0.927536	1.147826	0.866232	0.881015	1.013623	1.100725	0.909130	0.883333	1.132029	1.193478	1.182609	0.884203	1.238116	1.247246	1.146812	0.883188	0.869565	1.113043	1.029855	0.866377	1.135362	1.044058	1.252754	1.253768	1.220725	1.205797	0.724493	1.214203	0.901449	1.223188	1.241884	1.113043	0.867972	1.118551	1.574493	1.465072	1.090725	0.913334	1.253333	1.242899	1.205797	1.131449	1.134928	1.181594	1.101449	1.113623	0.912319	0.901449	1.070145	1.185797	0.889275	0.885362	0.848841	0.899420	1.286957	0.907102	0.894493	1.151160	1.130290	1.081015	1.344638	0.915797	1.022899	1.087247	0.912899	1.113043	1.060870	1.212029	0.926087	1.212464	1.105507	1.289710	2.088116	1.192899	1.008841	1.231884	1.252174	1.217391	1.268841	1.113043	1.187536	0.935797	1.176812	1.204203	1.204928	1.244203	1.181449	1.240145	0.927536	1.252174	1.147246	1.101159	0.951594	1.198116	1.079420	1.114638	1.256088	1.162899	1.173188	1.298551	1.088986	1.190725	1.139710	0.967971	1.200000	1.073333	0.915797	1.185797	0.922319	1.221159	1.217391	1.222319	1.240580	1.135507	1.191884	1.310145	1.107971	1.159420	1.258116	1.182609	1.182609	1.203768	1.281594	0.931449	1.405797	1.009420	0.929711	0.916377	1.182029	0.902029	0.892754	1.062464	1.136232	1.155942	1.237681	0.916377	1.252174	1.082609	1.336377	1.252174	1.129710	1.159420	1.217391	1.265942	0.931594	1.177681	0.930580	1.083768	1.100000	1.176667	1.252174	1.373913	1.286957	1.101449	1.345072	1.211884	1.182609	0.931594	1.416377	1.008841	1.240580	1.299420	1.078261	1.240145	0.997101	1.205797	1.089855	0.952029	1.186377	1.130435	1.344058	1.274493	1.265798	0.967971	0.964638	1.081015	1.159420	1.345942	1.034058	1.131449	1.062029	1.009420	1.203768	1.081594	1.171015	1.205797
%%%	Left Pupil Profile (1st row -> 1 == valid tracking, 0 == invalid tracking; 2nd row -> time; 3rd row -> diameter (mm))
%%%	0	0	0	0	0	0	0	0	0	0	0	0	0	0	0	0	0	0	0	0	0	0	0	0	0	0	0	0	0	0	0	0	0	0	0	0	0	0	0	0	0	0	0	0	0	0	0	0	0	0	0	0	0	0	0	0	0	0	0	0	0	0	0	0	0	0	0	0	0	0	0	0	0	0	0	0	0	0	0	0	0	0	0	0	0	0	0	0	0	0	0	0	0	0	0	0	0	0	0	0	0	0	0	0	0	0	0	0	0	0	0	0	0	0	0	0	0	0	0	0	0	0	0	0	0	0	0	0	0	0	0	0	0	0	0	0	0	0	0	0	0	0	0	0	0	0	0	0	0	0	0	0	0	0	0	0	0	0	0	0	0	0	0	0	0	0	0	0	0	0	0	0	0	0	0	0	0	0	0	0	0	0	0	0	0	0	0	0	0	0	0	0	0	0	0	0	0	0	0	0	0	0	0	0	0	0	0	0	0	0	0	0	0	0	0	0	0	0	0	0	0	0	0	0	0	0	0	0	0	0	0	0	0	0	0	0	0	0	0	0	0	0	0	0	0	0	0	0	0	0	0	0	0	0	0	0	0	0	0	0	0	0	0	0	0	0	0	0	0	0	0	0	0	0	0	0	0	0	0	0	0	0	0	0	0	0	0	0	0	0	0	0	0	0	0	0	0	0	0	0	0	0	0	0	0	0	0	0	0	0	0	0	0	0	0	0	0	0	0	0	0	0	0	0	0	0	0	0	0	0	0	0	0	0	0	0	0	0	0	0	0	0	0	0	0	0	0	0	0	0	0	0	0	0	0	0	0	0	0	0	0	0	0	0	0	0	0	0	0	0	0	0	0	0	0	0	0	0	0	0	0	0	0	0	0	0	0	0	0	0	0	0	0	0	0	0	0	0	0	0	0	0	0	0	0	0	0	0	0	0	0	0	0	0	0	0	0	0	0	0	0	0	0	0	0	0	0	0	0	0	0	0	0	0	0	0	0	0	0	0	0	0	0	0	0	0	0	0	0	0	0	0	0	0	0	0	0	0	0	0	0	0	0	0	0	0	0	0	0	0	0	0	0	0	0	0	0	0	0	0	0	0	0	0	0	0	0	0	0	0	0	0	0	0	0	0	0	0	0	0	0	0	0	0	0	0	0	0	0	0	0	0	0	0	0	0	0	0	0	0	0	0	0	0	0	0	0	0	0	0	0	0	0	0	0	0	0	0	0	0	0	0
%%%	-0.067000	-0.020000	0.011000	0.043000	0.074000	0.105000	0.136000	0.167000	0.199000	0.245000	0.277000	0.308000	0.339000	0.370000	0.401000	0.433000	0.479000	0.511000	0.542000	0.573000	0.604000	0.635000	0.667000	0.713000	0.745000	0.776000	0.807000	0.838000	0.869000	0.901000	0.932000	0.979000	1.010000	1.041000	1.072000	1.103000	1.135000	1.166000	1.213000	1.244000	1.275000	1.306000	1.337000	1.369000	1.400000	1.447000	1.478000	1.509000	1.540000	1.571000	1.603000	1.634000	1.665000	1.712000	1.743000	1.774000	1.805000	1.837000	1.868000	1.899000	1.946000	1.977000	2.008000	2.039000	2.071000	2.102000	2.133000	2.164000	2.211000	2.242000	2.273000	2.305000	2.336000	2.367000	2.398000	2.445000	2.476000	2.507000	2.539000	2.570000	2.601000	2.632000	2.679000	2.710000	2.741000	2.773000	2.804000	2.835000	2.866000	2.897000	2.944000	2.975000	3.007000	3.038000	3.069000	3.100000	3.131000	3.178000	3.209000	3.241000	3.272000	3.303000	3.334000	3.365000	3.397000	3.443000	3.475000	3.506000	3.537000	3.568000	3.599000	3.631000	3.677000	3.709000	3.740000	3.771000	3.802000	3.833000	3.865000	3.911000	3.943000	3.974000	4.005000	4.036000	4.067000	4.099000	4.130000	4.177000	4.208000	4.239000	4.270000	4.301000	4.333000	4.364000	4.411000	4.442000	4.473000	4.504000	4.535000	4.567000	4.598000	4.645000	4.676000	4.707000	4.738000	4.769000	4.801000	4.832000	4.863000	4.910000	4.941000	4.972000	5.003000	5.035000	5.066000	5.097000	5.144000	5.175000	5.206000	5.238000	5.269000	5.300000	5.331000	5.378000	5.409000	5.440000	5.472000	5.503000	5.534000	5.565000	5.596000	5.643000	5.674000	5.706000	5.737000	5.768000	5.799000	5.830000	5.877000	5.908000	5.940000	5.971000	6.002000	6.033000	6.064000	6.111000	6.142000	6.174000	6.205000	6.236000	6.267000	6.298000	6.330000	6.376000	6.408000	6.439000	6.470000	6.501000	6.532000	6.564000	6.610000	6.642000	6.673000	6.704000	6.735000	6.766000	6.798000	6.844000	6.876000	6.907000	6.938000	6.969000	7.000000	7.032000	7.063000	7.110000	7.141000	7.172000	7.203000	7.234000	7.266000	7.297000	7.328000	7.375000	7.406000	7.437000	7.468000	7.500000	7.531000	7.562000	7.609000	7.640000	7.671000	7.702000	7.734000	7.765000	7.796000	7.843000	7.874000	7.905000	7.936000	7.968000	7.999000	8.030000	8.061000	8.108000	8.139000	8.170000	8.202000	8.233000	8.264000	8.295000	8.342000	8.373000	8.404000	8.436000	8.467000	8.498000	8.529000	8.576000	8.607000	8.638000	8.670000	8.701000	8.732000	8.763000	8.794000	8.841000	8.872000	8.904000	8.935000	8.966000	8.997000	9.028000	9.075000	9.106000	9.138000	9.169000	9.200000	9.231000	9.262000	9.309000	9.340000	9.372000	9.403000	9.434000	9.465000	9.496000	9.528000	9.574000	9.606000	9.637000	9.668000	9.699000	9.730000	9.762000	9.808000	9.840000	9.871000	9.902000	9.933000	9.964000	9.996000	10.042000	10.074000	10.105000	10.136000	10.167000	10.198000	10.230000	10.261000	10.308000	10.339000	10.370000	10.401000	10.432000	10.464000	10.495000	10.542000	10.573000	10.604000	10.635000	10.666000	10.698000	10.729000	10.776000	10.807000	10.838000	10.869000	10.900000	10.932000	10.963000	10.994000	11.041000	11.072000	11.103000	11.134000	11.166000	11.197000	11.228000	11.259000	11.306000	11.337000	11.368000	11.400000	11.431000	11.462000	11.493000	11.540000	11.571000	11.602000	11.634000	11.665000	11.696000	11.727000	11.774000	11.805000	11.836000	11.868000	11.899000	11.930000	11.961000	11.992000	12.039000	12.070000	12.102000	12.133000	12.164000	12.195000	12.226000	12.273000	12.304000	12.336000	12.367000	12.398000	12.429000	12.460000	12.507000	12.538000	12.570000	12.601000	12.632000	12.663000	12.694000	12.726000	12.772000	12.804000	12.835000	12.866000	12.897000	12.928000	12.960000	13.006000	13.038000	13.069000	13.100000	13.131000	13.162000	13.194000	13.240000	13.272000	13.303000	13.334000	13.365000	13.396000	13.428000	13.459000	13.506000	13.537000	13.568000	13.599000	13.630000	13.662000	13.693000	13.740000	13.771000	13.802000	13.833000	13.864000	13.896000	13.927000	13.974000	14.005000	14.036000	14.067000	14.098000	14.130000	14.161000	14.192000	14.239000	14.270000	14.301000	14.332000	14.364000	14.395000	14.426000	14.473000	14.504000	14.535000	14.566000	14.598000	14.629000	14.660000	14.707000	14.738000	14.769000	14.800000	14.832000	14.863000	14.894000	14.925000	14.972000	15.003000	15.034000	15.066000	15.097000	15.128000	15.159000	15.190000	15.237000	15.268000	15.300000	15.331000	15.362000	15.393000	15.424000	15.471000	15.502000	15.534000	15.565000	15.596000	15.627000	15.658000	15.705000	15.736000	15.768000	15.799000	15.830000	15.861000	15.892000	15.924000	15.970000	16.002000	16.033000	16.064000	16.095000	16.126000	16.158000	16.204000	16.236000	16.267000	16.298000	16.329000	16.360000	16.392000	16.438000	16.470000	16.501000	16.532000	16.563000	16.594000	16.626000	16.657000	16.704000	16.735000	16.766000	16.797000	16.828000	16.860000	16.891000	16.938000	16.969000	17.000000	17.031000	17.062000	17.094000	17.125000	17.172000	17.203000	17.234000	17.265000	17.296000	17.328000	17.359000	17.390000	17.437000	17.468000	17.499000	17.530000	17.562000	17.593000	17.624000	17.671000	17.702000	17.733000	17.764000	17.796000	17.827000	17.858000	17.905000	17.936000	17.967000
%%%	13.913043	13.913043	13.913043	13.913043	13.913043	13.913043	13.913043	13.913043	13.913043	13.913043	13.913043	13.913043	13.913043	13.913043	13.913043	13.913043	13.913043	13.913043	13.913043	13.913043	13.913043	13.913043	13.913043	13.913043	13.913043	13.913043	13.913043	13.913043	13.913043	13.913043	13.913043	13.913043	13.913043	13.913043	13.913043	13.913043	13.913043	13.913043	13.913043	13.913043	13.913043	13.913043	13.913043	13.913043	13.913043	13.913043	13.913043	13.913043	13.913043	13.913043	13.913043	13.913043	13.913043	13.913043	13.913043	13.913043	13.913043	13.913043	13.913043	13.913043	13.913043	13.913043	13.913043	13.913043	13.913043	13.913043	13.913043	13.913043	13.913043	13.913043	13.913043	13.913043	13.913043	13.913043	13.913043	13.913043	13.913043	13.913043	13.913043	13.913043	13.913043	13.913043	13.913043	13.913043	13.913043	13.913043	13.913043	13.913043	13.913043	13.913043	13.913043	13.913043	13.913043	13.913043	13.913043	13.913043	13.913043	13.913043	13.913043	13.913043	13.913043	13.913043	13.913043	13.913043	13.913043	13.913043	13.913043	13.913043	13.913043	13.913043	13.913043	13.913043	13.913043	13.913043	13.913043	13.913043	13.913043	13.913043	13.913043	13.913043	13.913043	13.913043	13.913043	13.913043	13.913043	13.913043	13.913043	13.913043	13.913043	13.913043	13.913043	13.913043	13.913043	13.913043	13.913043	13.913043	13.913043	13.913043	13.913043	13.913043	13.913043	13.913043	13.913043	13.913043	13.913043	13.913043	13.913043	13.913043	13.913043	13.913043	13.913043	13.913043	13.913043	13.913043	13.913043	13.913043	13.913043	13.913043	13.913043	13.913043	13.913043	13.913043	13.913043	13.913043	13.913043	13.913043	13.913043	13.913043	13.913043	13.913043	13.913043	13.913043	13.913043	13.913043	13.913043	13.913043	13.913043	13.913043	13.913043	13.913043	13.913043	13.913043	13.913043	13.913043	13.913043	13.913043	13.913043	13.913043	13.913043	13.913043	13.913043	13.913043	13.913043	13.913043	13.913043	13.913043	13.913043	13.913043	13.913043	13.913043	13.913043	13.913043	13.913043	13.913043	13.913043	13.913043	13.913043	13.913043	13.913043	13.913043	13.913043	13.913043	13.913043	13.913043	13.913043	13.913043	13.913043	13.913043	13.913043	13.913043	13.913043	13.913043	13.913043	13.913043	13.913043	13.913043	13.913043	13.913043	13.913043	13.913043	13.913043	13.913043	13.913043	13.913043	13.913043	13.913043	13.913043	13.913043	13.913043	13.913043	13.913043	13.913043	13.913043	13.913043	13.913043	13.913043	13.913043	13.913043	13.913043	13.913043	13.913043	13.913043	13.913043	13.913043	13.913043	13.913043	13.913043	13.913043	13.913043	13.913043	13.913043	13.913043	13.913043	13.913043	13.913043	13.913043	13.913043	13.913043	13.913043	13.913043	13.913043	13.913043	13.913043	13.913043	13.913043	13.913043	13.913043	13.913043	13.913043	13.913043	13.913043	13.913043	13.913043	13.913043	13.913043	13.913043	13.913043	13.913043	13.913043	13.913043	13.913043	13.913043	13.913043	13.913043	13.913043	13.913043	13.913043	13.913043	13.913043	13.913043	13.913043	13.913043	13.913043	13.913043	13.913043	13.913043	13.913043	13.913043	13.913043	13.913043	13.913043	13.913043	13.913043	13.913043	13.913043	13.913043	13.913043	13.913043	13.913043	13.913043	13.913043	13.913043	13.913043	13.913043	13.913043	13.913043	13.913043	13.913043	13.913043	13.913043	13.913043	13.913043	13.913043	13.913043	13.913043	13.913043	13.913043	13.913043	13.913043	13.913043	13.913043	13.913043	13.913043	13.913043	13.913043	13.913043	13.913043	13.913043	13.913043	13.913043	13.913043	13.913043	13.913043	13.913043	13.913043	13.913043	13.913043	13.913043	13.913043	13.913043	13.913043	13.913043	13.913043	13.913043	13.913043	13.913043	13.913043	13.913043	13.913043	13.913043	13.913043	13.913043	13.913043	13.913043	13.913043	13.913043	13.913043	13.913043	13.913043	13.913043	13.913043	13.913043	13.913043	13.913043	13.913043	13.913043	13.913043	13.913043	13.913043	13.913043	13.913043	13.913043	13.913043	13.913043	13.913043	13.913043	13.913043	13.913043	13.913043	13.913043	13.913043	13.913043	13.913043	13.913043	13.913043	13.913043	13.913043	13.913043	13.913043	13.913043	13.913043	13.913043	13.913043	13.913043	13.913043	13.913043	13.913043	13.913043	13.913043	13.913043	13.913043	13.913043	13.913043	13.913043	13.913043	13.913043	13.913043	13.913043	13.913043	13.913043	13.913043	13.913043	13.913043	13.913043	13.913043	13.913043	13.913043	13.913043	13.913043	13.913043	13.913043	13.913043	13.913043	13.913043	13.913043	13.913043	13.913043	13.913043	13.913043	13.913043	13.913043	13.913043	13.913043	13.913043	13.913043	13.913043	13.913043	13.913043	13.913043	13.913043	13.913043	13.913043	13.913043	13.913043	13.913043	13.913043	13.913043	13.913043	13.913043	13.913043	13.913043	13.913043	13.913043	13.913043	13.913043	13.913043	13.913043	13.913043	13.913043	13.913043	13.913043	13.913043	13.913043	13.913043	13.913043	13.913043	13.913043	13.913043	13.913043	13.913043	13.913043	13.913043	13.913043	13.913043	13.913043	13.913043	13.913043	13.913043	13.913043	13.913043	13.913043	13.913043	13.913043	13.913043	13.913043	13.913043	13.913043	13.913043	13.913043	13.913043	13.913043	13.913043	13.913043	13.913043	13.913043	13.913043	13.913043	13.913043	13.913043	13.913043	13.913043	13.913043	13.913043	13.913043	13.913043	13.913043	13.913043	13.913043	13.913043	13.913043	13.913043	13.913043	13.913043	13.913043	13.913043	13.913043	13.913043	13.913043	13.913043	13.913043	13.913043	13.913043
%%%	Pulse Index	Stimulus Section Index	Stimulus Section Start Index	Stimulus Section End Index	Pupil Stimulated: 0 = Right, 1 = Left, 2 = Both	Light Metric: 0 = Photopic, 1 = Scopotic, 2 = Radiometric	Stimulus Start Time	Stimulus Duration	Stimulus Pulse Duration	Right Pulse Max Level	Right Pulse Max Color (0123 = WRGB)	Right Pulse Min Level	Right Pulse Min Color (0123 = WRGB)	Left Pulse Max Level	Left Pulse Max Color (0123 = WRGB)	Left Pulse Min Level	Left Pulse Min Color (0123 = WRGB)	Right Data Input Type (0 == RAW DATA, 1 == FITTED DATA, 2 == M. OVERRIDED)	Right ANALYSIS STATE (0 == ABNORMAL, 1 == NORMAL)	Right MAX (mm) (EMPTY if INVALID)	Right MIN (mm) (EMPTY if INVALID)	Right DELTA (mm) (EMPTY if INVALID)	Right CH (%) (EMPTY if INVALID)	Right LAT (sec) (EMPTY if INVALID)	Right CV (mm/s) (EMPTY if INVALID)	Right MCV (mm/s) (EMPTY if INVALID)	Right DV (mm/s) (EMPTY if INVALID)	Left Data Input Type (0 == RAW DATA, 1 == FITTED DATA, 2 == M. OVERRIDED)	Left ANALYSIS STATE (0 == ABNORMAL, 1 == NORMAL)	Left MAX (mm) (EMPTY if INVALID)	Left MIN (mm) (EMPTY if INVALID)	Left DELTA (mm) (EMPTY if INVALID)	Left CH (%) (EMPTY if INVALID)	Left LAT (sec) (EMPTY if INVALID)	Left CV (mm/s) (EMPTY if INVALID)	Left MCV (mm/s) (EMPTY if INVALID)	Left DV (mm/s) (EMPTY if INVALID)
%%%	0	0	18	542	0	0	0.51	17.52	0.51	31625.17	1	0.00	1	0.00	1	0.00	1	0	0	0.00	0.00			0.00	0.00	0.00	0.00	0	0	0.00	0.00			0.00	0.00	0.00	0.00
%%%%%%%%%
%%%%%%%%%
%%%%%%%%%
<\SESSION>
