<SESSION>
<VERSION>
2
<\VERSION>
<DATE>
2017-10-31 12:19:45
<\DATE>
<SUBJECT-ID>
C57BL6-28.09.17-DA-1mois-M3-4.5r
<\SUBJECT-ID>
<NOTE>

<\NOTE>
<MIN-MAX-PLOT>
0.100000 51880.761719
<\MIN-MAX-PLOT>
<STIMULUS-DEFINED>
Default
Default Human Relative Spectral Sensitivity
1	0
1	0.500000	0.500000	17.000000	1	1	4.500000	-100.000000	0.100000	-100.000000	0
<\STIMULUS-DEFINED>
<STIMULUS-GENERATED>
4
0	0	0.000000	1	0.000000	0.000000	1	0.000000	0.000000
0	1	0.509000	1	129.044220	31625.173828	1	0.000000	0.000000
0	4	1.018000	1	0.000000	0.000000	1	0.000000	0.000000
-1	5	18.027000	0	0.000000	0.000000	0	0.000000	0.000000
<\STIMULUS-GENERATED>
<RIGHT-PUPIL-DATA>
543	1
1	-0.067000	1.101449	318.500000	210.500000
1	-0.035000	1.101449	318.500000	210.500000
1	-0.004000	1.159855	316.318756	211.631256
1	0.027000	1.098551	315.862488	211.737488
1	0.058000	1.147826	317.000000	212.000000
1	0.105000	1.094493	316.850006	211.212494
1	0.136000	1.098841	317.787506	210.725006
1	0.167000	1.124638	316.500000	210.500000
1	0.199000	1.132754	317.225006	210.274994
1	0.230000	1.101449	317.000000	210.000000
1	0.261000	1.138406	316.393738	211.156250
1	0.292000	1.082029	317.437500	212.000000
1	0.339000	1.135797	316.806244	212.193756
1	0.370000	1.113623	318.000000	211.000000
1	0.401000	1.095652	317.000000	210.000000
1	0.433000	1.151449	317.018707	210.018768
1	0.464000	1.111014	316.712494	210.012482
1	0.495000	1.090290	316.318756	210.806244
1	0.526000	1.062029	318.274994	211.712494
1	0.573000	1.079855	317.031250	211.968750
1	0.604000	1.114058	317.493744	210.493744
1	0.635000	1.105942	317.781250	210.656250
1	0.667000	1.121739	317.437500	210.437500
1	0.698000	1.124638	320.500000	210.500000
1	0.729000	1.129710	317.481262	211.718750
1	0.760000	1.150580	316.968750	211.343750
1	0.791000	1.098985	316.868744	212.243744
1	0.838000	1.070145	318.125000	211.875000
1	0.869000	0.985507	317.250000	209.750000
1	0.901000	1.009420	318.018738	211.018738
1	0.932000	0.927101	317.443756	209.431244
1	0.963000	0.940725	318.518738	210.031250
1	0.994000	0.922754	318.193756	210.493744
1	1.025000	0.874638	317.106262	210.856262
1	1.072000	0.834638	317.993744	209.993744
1	1.103000	0.848406	318.562500	209.187500
1	1.135000	0.801449	318.137543	207.837616
1	1.166000	0.801594	319.031250	207.518738
1	1.197000	0.811594	319.500000	207.500000
0	1.228000	0.846377	320.500000	206.500000
1	1.259000	0.755362	318.712494	208.524994
1	1.306000	0.745072	319.281250	209.331238
1	1.337000	0.739130	319.250000	207.750000
1	1.369000	0.753623	319.375000	207.875000
1	1.400000	0.723333	318.981262	207.968750
1	1.431000	0.730435	319.000000	207.000000
1	1.462000	0.722899	319.649994	207.212494
1	1.493000	0.728986	319.125000	207.750000
1	1.525000	0.722754	318.993744	208.943756
1	1.571000	0.755942	319.500000	208.500000
1	1.603000	0.742464	319.318756	207.731232
1	1.634000	0.733188	319.843750	207.531250
1	1.665000	0.731159	319.518738	207.156250
1	1.696000	0.730435	319.000000	208.000000
1	1.727000	0.742898	319.312500	207.687500
1	1.759000	0.690290	319.568756	208.568756
1	1.805000	0.708116	319.812500	208.862488
1	1.837000	0.730435	319.750000	208.250000
1	1.868000	0.721884	320.943756	207.618744
0	1.899000	0.660870	320.500000	206.500000
1	1.930000	0.696812	319.975006	206.975006
1	1.961000	0.707971	320.206238	206.906250
1	1.993000	0.708841	320.868744	207.818756
1	2.039000	0.703188	320.774994	208.850006
1	2.071000	0.725072	320.068756	208.068756
1	2.102000	0.720725	320.243744	206.993744
1	2.133000	0.725072	320.606232	206.931244
1	2.164000	0.707101	320.781250	206.843750
1	2.195000	0.730435	321.000000	207.000000
1	2.227000	0.660870	320.500000	206.500000
1	2.258000	0.707246	321.500000	207.500000
1	2.305000	0.744928	320.375000	208.737488
0	2.336000	0.660870	320.500000	206.500000
1	2.367000	0.722754	320.356232	207.068817
1	2.398000	0.737971	320.637482	207.725006
1	2.429000	0.742029	320.200012	207.674988
1	2.461000	0.747971	320.243744	207.618744
1	2.492000	0.742898	320.187500	207.687500
1	2.539000	0.765217	320.125000	208.875000
1	2.570000	0.765217	319.875000	209.125000
1	2.601000	0.787536	320.312500	207.937500
1	2.632000	0.774638	320.543823	208.143738
1	2.663000	0.742898	320.687500	207.312500
1	2.695000	0.759275	321.456238	208.281250
1	2.726000	0.776812	321.000000	208.000000
1	2.773000	0.788551	320.968750	207.343750
1	2.804000	0.791304	321.031250	207.968750
1	2.835000	0.733623	320.787506	208.412506
1	2.866000	0.779420	321.662506	207.212494
1	2.897000	0.753188	321.181244	207.318756
1	2.929000	0.764638	321.000000	206.500000
1	2.960000	0.752174	321.375000	206.500000
1	2.991000	0.764058	322.012482	206.649994
1	3.038000	0.755942	321.500000	207.500000
1	3.069000	0.765797	321.000000	207.875000
1	3.100000	0.757246	321.481262	207.481262
1	3.131000	0.753623	322.125000	207.125000
1	3.163000	0.764638	322.000000	206.625000
1	3.194000	0.759275	322.281250	206.456238
1	3.225000	0.796232	322.487427	206.912476
1	3.272000	0.781884	321.881226	207.106262
1	3.303000	0.771594	321.087494	207.850006
1	3.334000	0.846377	320.500000	206.500000
1	3.365000	0.760290	321.437500	207.562500
1	3.397000	0.776667	322.093750	207.406250
1	3.428000	0.781884	322.268738	206.231262
1	3.459000	0.782319	322.187500	207.012451
1	3.490000	0.785073	322.093750	206.906250
1	3.537000	0.814638	322.281250	207.281250
1	3.568000	0.778116	322.181244	208.193756
1	3.599000	0.778116	321.568756	207.806244
1	3.631000	0.814638	322.718750	206.718750
1	3.662000	0.781884	322.231262	206.768738
1	3.693000	0.782754	321.743744	206.868744
1	3.724000	0.800580	322.000000	207.000000
1	3.771000	0.749275	321.337494	205.412506
1	3.802000	0.778841	321.687500	206.812500
1	3.833000	0.788406	321.375000	206.875000
1	3.865000	0.796232	322.750000	206.937500
1	3.896000	0.805797	322.500000	205.500000
0	3.927000	0.846377	320.500000	202.500000
1	3.958000	0.745797	322.212494	205.287506
1	4.005000	0.814638	322.331238	204.718750
0	4.036000	0.753623	320.500000	206.500000
1	4.067000	0.788406	321.750000	207.250000
1	4.099000	0.805362	322.068756	206.818756
0	4.130000	0.753623	320.500000	206.500000
1	4.161000	0.790290	322.631317	205.968781
1	4.192000	0.800000	321.500000	205.500000
1	4.223000	0.764638	322.500000	206.500000
1	4.270000	0.761449	322.562500	206.500000
1	4.301000	0.820145	322.781250	207.218750
1	4.333000	0.846377	320.500000	206.500000
1	4.364000	0.783768	322.149994	206.850006
1	4.395000	0.789130	322.931244	206.393707
1	4.426000	0.778841	323.812500	206.812500
1	4.457000	0.746667	322.600006	206.600006
1	4.504000	0.794493	322.912506	207.912506
1	4.535000	0.814638	322.718750	207.718750
1	4.567000	0.778841	322.812500	208.812500
1	4.598000	0.760290	323.437500	207.687500
0	4.629000	0.846377	324.500000	210.500000
1	4.660000	0.753623	322.000000	206.000000
1	4.691000	0.796812	323.962494	206.962494
1	4.723000	0.800000	323.500000	207.500000
0	4.769000	0.846377	324.500000	210.500000
0	4.801000	0.753623	324.500000	206.500000
1	4.832000	0.814058	323.256256	208.306244
1	4.863000	0.800000	323.500000	207.500000
1	4.894000	0.774058	323.381256	207.368744
1	4.925000	0.796667	322.881256	207.931244
1	4.957000	0.799420	323.275024	207.062500
0	5.003000	0.846377	324.500000	210.500000
1	5.035000	0.815362	322.862457	208.662506
0	5.066000	0.753623	324.500000	206.500000
0	5.097000	0.753623	324.500000	206.500000
1	5.128000	0.823188	322.500000	206.500000
0	5.159000	0.846377	320.500000	206.500000
1	5.191000	0.800000	323.500000	207.500000
1	5.237000	0.800580	323.000000	207.000000
1	5.269000	0.846377	320.500000	206.500000
1	5.300000	0.783768	322.725006	208.274994
1	5.331000	0.778841	322.812500	207.187500
1	5.362000	0.796232	322.937500	207.062500
1	5.393000	0.809855	322.774994	207.787506
1	5.425000	0.823188	322.500000	206.500000
0	5.456000	0.753623	324.500000	206.500000
0	5.503000	0.846377	320.500000	206.500000
1	5.534000	0.829275	322.225006	208.475006
0	5.565000	0.753623	320.500000	210.500000
1	5.596000	0.814638	322.281250	207.281250
1	5.627000	0.828550	322.518799	206.931091
1	5.659000	0.846377	320.500000	206.500000
1	5.690000	0.834928	323.043732	207.431244
0	5.737000	0.846377	324.500000	210.500000
1	5.768000	0.822319	322.812500	208.437500
0	5.799000	0.753623	320.500000	210.500000
1	5.830000	0.846377	324.500000	210.500000
1	5.861000	0.800000	323.500000	209.500000
1	5.893000	0.801159	324.774994	208.975006
1	5.924000	0.835362	324.500000	209.000000
1	5.971000	0.800000	323.500000	209.500000
1	6.002000	0.835362	324.000000	210.000000
1	6.033000	0.833188	324.406250	211.593750
1	6.064000	0.842754	324.143738	210.593750
1	6.095000	0.831594	325.462494	210.462494
1	6.127000	0.831015	324.562500	210.437500
1	6.158000	0.834203	325.000000	210.500000
1	6.189000	0.847246	325.237488	210.512512
1	6.236000	0.825507	325.562500	210.250000
1	6.267000	0.828986	324.875000	210.625000
1	6.298000	0.829420	325.443756	211.506256
1	6.329000	0.798406	325.093750	209.956238
1	6.361000	0.814638	325.718750	209.281250
1	6.392000	0.782464	326.131256	209.243744
1	6.423000	0.816232	326.225006	209.337494
1	6.470000	0.846377	328.500000	210.500000
1	6.501000	0.834783	326.750000	210.250000
1	6.532000	0.846377	328.500000	210.500000
1	6.563000	0.801594	327.131287	209.968750
1	6.595000	0.805362	327.568756	208.818756
0	6.626000	0.753623	324.500000	210.500000
1	6.657000	0.808841	327.368744	210.668732
1	6.704000	0.765362	326.631256	210.556244
1	6.735000	0.840725	328.093750	211.343750
0	6.766000	0.846377	324.500000	210.500000
1	6.797000	0.846377	328.500000	214.500000
1	6.829000	0.842898	327.875000	212.312500
1	6.860000	0.788116	327.287506	210.912506
1	6.891000	0.814638	327.718750	210.281250
1	6.922000	0.828986	328.000000	211.500000
1	6.969000	0.775072	326.725006	210.725006
0	7.000000	0.753623	328.500000	210.500000
1	7.031000	0.805942	327.843750	212.593750
1	7.063000	0.846377	328.500000	214.500000
1	7.094000	0.776812	328.500000	210.500000
1	7.125000	0.814638	327.718750	210.718750
1	7.156000	0.823333	327.831238	210.406250
1	7.203000	0.805507	328.162506	211.162506
1	7.234000	0.805362	328.181244	212.181244
1	7.265000	0.811014	328.274994	213.100006
1	7.297000	0.813623	328.312500	213.312500
1	7.328000	0.774638	328.143738	210.856262
1	7.359000	0.798406	328.218750	210.968750
1	7.390000	0.814638	328.706238	210.281250
1	7.421000	0.813623	328.687500	210.312500
1	7.468000	0.829710	327.956268	210.543732
1	7.499000	0.797101	328.187500	212.937500
1	7.531000	0.849420	327.831238	212.218750
1	7.562000	0.800000	327.500000	213.500000
1	7.593000	0.825072	328.556244	211.256256
1	7.624000	0.801015	327.881256	210.993744
1	7.655000	0.793333	327.987518	210.012482
1	7.702000	0.801594	328.968750	210.906250
1	7.733000	0.814203	328.662506	210.287506
1	7.765000	0.839855	328.418762	211.518738
1	7.796000	0.835362	328.987488	212.000000
1	7.827000	0.834203	329.000000	212.000000
1	7.858000	0.827681	329.093750	210.468750
1	7.889000	0.829275	329.137482	210.912506
1	7.936000	0.826087	328.250000	210.500000
1	7.967000	0.831449	329.443756	210.368744
1	7.999000	0.817391	328.843750	211.156250
1	8.030000	0.805942	328.581238	211.156250
1	8.061000	0.831449	328.443756	211.443756
1	8.092000	0.818116	329.668579	211.318665
1	8.123000	0.801594	329.031250	210.968750
1	8.155000	0.821159	329.187500	211.187500
1	8.201000	0.798841	329.475006	210.912506
0	8.233000	0.753623	332.500000	210.500000
1	8.264000	0.825072	329.068756	211.506256
1	8.295000	0.831449	329.556244	212.443756
1	8.326000	0.834058	329.868774	212.593750
0	8.357000	0.753623	332.500000	210.500000
0	8.389000	0.753623	332.500000	210.500000
1	8.435000	0.822754	329.756256	211.431244
0	8.467000	0.753623	332.500000	210.500000
0	8.498000	0.753623	332.500000	210.500000
1	8.529000	0.857971	330.750000	211.750000
0	8.560000	0.753623	328.500000	214.500000
1	8.591000	0.848406	330.187500	212.812500
1	8.623000	0.870580	330.881256	211.881256
1	8.669000	0.857102	331.674988	211.687500
0	8.701000	0.753623	332.500000	210.500000
1	8.732000	0.800000	331.500000	211.500000
1	8.763000	0.835362	330.987488	212.125000
0	8.794000	0.753623	332.500000	210.500000
1	8.825000	0.814058	331.293732	213.131256
1	8.857000	0.822319	331.562500	212.562500
0	8.888000	0.753623	332.500000	210.500000
1	8.935000	0.857681	332.337494	213.087494
1	8.966000	0.858116	332.343750	211.906250
1	8.997000	0.829275	332.337494	211.912506
1	9.028000	0.852754	332.625000	212.750000
1	9.059000	0.848841	332.193756	213.193756
1	9.091000	0.831449	331.981232	213.556244
1	9.122000	0.821159	333.187500	213.187500
1	9.169000	0.813768	332.843750	212.331238
1	9.200000	0.788551	332.656250	212.656250
1	9.231000	0.848406	334.437500	212.187500
1	9.262000	0.829855	334.312500	212.500000
1	9.293000	0.846377	333.500000	213.500000
1	9.325000	0.823188	334.000000	214.000000
0	9.356000	0.753623	336.500000	210.500000
1	9.403000	0.836377	334.968750	212.406250
1	9.434000	0.846377	332.500000	210.500000
1	9.465000	0.858116	334.093750	211.656250
1	9.496000	0.846377	332.500000	210.500000
1	9.527000	0.866812	334.031250	213.031250
1	9.559000	0.869710	333.543732	212.256256
1	9.590000	0.834783	333.500000	213.500000
1	9.621000	0.846377	335.500000	211.500000
0	9.668000	0.347826	197.856903	301.000000
1	9.699000	0.859710	336.225006	211.600006
0	9.730000	0.347826	209.856903	293.143097
1	9.761000	0.866812	334.031250	211.781250
1	9.793000	0.846377	332.500000	210.500000
1	9.824000	0.846377	335.500000	211.500000
1	9.855000	0.832029	334.531250	212.531250
1	9.902000	0.814638	333.281250	210.718750
1	9.933000	0.872899	334.906158	210.868744
0	9.964000	0.753623	336.500000	210.500000
1	9.995000	0.857536	334.681244	210.693756
1	10.027000	0.834783	334.500000	210.500000
1	10.058000	0.817971	333.750000	211.187500
1	10.089000	0.865797	334.437500	210.812500
0	10.120000	0.753623	336.500000	210.500000
1	10.167000	0.862029	334.274994	211.024994
1	10.198000	0.855362	334.324982	209.712494
1	10.229000	0.857536	334.318756	209.681244
1	10.261000	0.846377	336.500000	210.500000
1	10.292000	0.857681	334.912506	209.912506
0	10.323000	0.753623	336.500000	206.500000
1	10.354000	0.837536	334.031250	209.468750
0	10.401000	0.347826	197.856903	301.000000
1	10.432000	0.833188	334.406250	209.406250
1	10.463000	0.855362	334.337494	209.587494
1	10.495000	0.829275	334.524994	208.962494
0	10.526000	0.753623	336.500000	206.500000
1	10.557000	0.857681	335.087494	209.662506
1	10.588000	0.855072	335.250000	210.000000
1	10.635000	0.838551	335.437500	210.312500
1	10.666000	0.834928	334.993744	211.431244
1	10.697000	0.871884	335.475006	210.100006
1	10.729000	0.874058	336.118744	209.868744
1	10.760000	0.892754	335.500000	209.500000
1	10.791000	0.851594	336.375000	210.187500
1	10.822000	0.859855	336.318756	210.181244
0	10.853000	0.347826	205.856903	293.143097
1	10.900000	0.859710	336.287506	210.774994
1	10.931000	0.884203	336.031250	211.031250
1	10.963000	0.870725	336.024994	210.225006
1	10.994000	0.857681	336.662506	209.662506
1	11.025000	0.869565	336.250000	210.250000
1	11.056000	0.866377	336.574982	210.037506
1	11.087000	0.846377	337.500000	209.500000
1	11.134000	0.868841	336.518738	210.518738
1	11.165000	0.892754	335.500000	209.500000
1	11.197000	0.863768	336.500000	210.500000
1	11.228000	0.861884	336.993744	210.993744
1	11.259000	0.883768	337.287506	209.762482
1	11.290000	0.839275	336.556244	210.443756
1	11.321000	0.857102	337.187500	211.187500
1	11.353000	0.834928	336.993744	211.756256
1	11.399000	0.846377	336.750000	211.750000
1	11.431000	0.850580	336.593750	212.156250
1	11.462000	0.816232	336.675018	211.649994
0	11.493000	0.347826	209.856903	297.143097
1	11.524000	0.814638	337.281250	210.468750
0	11.555000	0.347826	209.856903	297.143097
1	11.587000	0.861884	337.568756	210.743744
1	11.633000	0.814203	336.287506	210.662506
1	11.665000	0.853623	336.725006	211.850006
1	11.696000	0.843623	336.743744	212.506256
1	11.727000	0.861449	336.375000	212.000000
1	11.758000	0.869565	337.000000	212.000000
1	11.789000	0.857971	337.500000	211.500000
1	11.821000	0.883623	336.693756	211.306244
1	11.867000	0.884058	336.750000	210.500000
1	11.899000	0.884058	336.500000	211.500000
1	11.930000	0.874928	336.818756	212.818756
1	11.961000	0.892754	337.500000	211.500000
1	11.992000	0.871884	337.899994	211.899994
1	12.023000	0.876232	337.912506	211.337494
1	12.055000	0.857681	337.912506	211.837494
1	12.086000	0.848985	338.212494	211.774994
1	12.133000	0.846377	336.500000	210.500000
1	12.164000	0.897101	338.512512	212.487488
1	12.195000	0.846667	338.412506	212.087494
1	12.226000	0.834638	338.993744	212.068756
1	12.257000	0.843478	338.500000	211.750000
1	12.289000	0.853623	338.887360	210.737396
1	12.320000	0.866812	339.031250	211.968750
1	12.367000	0.883623	339.693756	211.368744
1	12.398000	0.857681	339.287506	210.912506
0	12.429000	0.753623	340.500000	210.500000
1	12.460000	0.840290	338.337494	211.662506
1	12.491000	0.851159	338.806244	211.806244
1	12.523000	0.856377	340.368744	212.181244
1	12.554000	0.880725	340.368744	210.256256
1	12.601000	0.883623	340.693756	210.693756
1	12.632000	0.871159	340.156250	210.906250
1	12.663000	0.884203	340.718750	210.718750
1	12.694000	0.866232	340.481232	210.806244
1	12.725000	0.858116	340.656250	211.093750
0	12.757000	0.347826	201.856903	301.000000
1	12.788000	0.858116	341.906250	211.156250
0	12.819000	0.347826	193.856903	301.000000
1	12.866000	0.885942	342.006256	211.306244
0	12.897000	0.347826	189.856903	301.000000
1	12.928000	0.848841	342.193756	211.806244
0	12.959000	0.347826	201.856903	301.000000
1	12.991000	0.892754	342.250000	212.250000
1	13.022000	0.857971	344.500000	210.500000
1	13.053000	0.848841	343.193756	211.806244
0	13.100000	0.347826	189.856903	301.000000
1	13.131000	0.858116	343.093750	211.906250
1	13.162000	0.866812	343.456238	212.031250
1	13.193000	0.858116	342.906250	211.843750
1	13.225000	0.857681	343.087494	212.912506
0	13.256000	0.347826	205.856903	293.143097
1	13.287000	0.859275	343.293762	213.156250
1	13.334000	0.883188	343.737488	212.737488
1	13.365000	0.893623	343.887451	212.412476
1	13.396000	0.866377	343.412506	212.037506
1	13.427000	0.850580	343.218750	212.156250
1	13.459000	0.883768	343.762482	212.762482
0	13.490000	0.347826	193.856903	301.000000
1	13.521000	0.883333	343.231262	213.656250
1	13.552000	0.862029	343.725006	213.975006
1	13.599000	0.863623	343.406250	213.218750
1	13.630000	0.870580	344.131256	212.881256
1	13.661000	0.838551	343.437500	212.562500
1	13.693000	0.844058	344.250000	213.125000
1	13.724000	0.854928	344.281250	212.718750
1	13.755000	0.884493	344.281250	212.968750
1	13.786000	0.855362	343.324982	212.712494
1	13.833000	0.927536	342.500000	212.500000
1	13.864000	0.872754	344.887451	212.112610
1	13.895000	0.909275	344.312500	212.312500
1	13.927000	0.871449	344.468750	211.843750
0	13.958000	0.347826	217.856903	281.143097
0	13.989000	0.347826	209.856903	289.143097
1	14.020000	0.857681	343.912506	211.912506
1	14.067000	0.865797	344.062500	211.937500
1	14.098000	0.863623	344.218750	212.593750
1	14.129000	0.866812	344.531250	211.968750
1	14.161000	0.859855	344.681244	211.818756
0	14.192000	0.347826	327.006256	190.543732
1	14.223000	0.834783	344.500000	212.500000
1	14.254000	0.902754	344.531250	211.468750
1	14.285000	0.868406	344.475006	212.912506
1	14.332000	0.883768	344.237518	212.762604
0	14.363000	0.347826	209.856903	297.143097
1	14.395000	0.869565	344.500000	212.500000
1	14.426000	0.909855	344.399994	211.287506
1	14.457000	0.834783	344.500000	210.500000
1	14.488000	0.895072	345.125000	210.575012
0	14.519000	0.347826	185.856903	301.000000
1	14.566000	0.874638	343.856262	211.856262
1	14.597000	0.887246	344.274994	212.287506
1	14.629000	0.893333	344.600006	213.399994
1	14.660000	0.872754	345.149994	213.100006
1	14.691000	0.904348	345.500000	211.500000
1	14.722000	0.801015	343.993744	211.006256
1	14.753000	0.927536	344.500000	210.500000
0	14.800000	0.347826	193.856903	301.000000
1	14.831000	0.865797	344.437500	212.062500
1	14.863000	0.864203	344.756256	211.243744
1	14.894000	0.883623	343.693756	211.306244
0	14.925000	0.347826	201.856903	297.143097
1	14.956000	0.886667	343.312500	210.562500
1	14.987000	0.904348	343.000000	210.000000
1	15.019000	0.903333	342.506256	210.493744
0	15.065000	0.347826	193.856903	301.000000
0	15.097000	0.347826	201.856903	297.143097
1	15.128000	0.883623	341.693756	210.731232
1	15.159000	0.877536	340.956238	210.356262
1	15.190000	0.870580	341.993744	209.756256
1	15.221000	0.886377	341.750000	209.000000
1	15.253000	0.881159	341.500000	209.500000
1	15.284000	0.883623	340.693756	210.731232
1	15.331000	0.886377	340.625000	210.250000
1	15.362000	0.866812	340.968750	211.031250
1	15.393000	0.878986	340.393738	211.393738
1	15.424000	0.887971	339.943756	211.631256
1	15.455000	0.846377	339.500000	211.500000
0	15.487000	0.347826	193.856903	301.000000
0	15.518000	0.347826	185.856903	301.000000
1	15.565000	0.903188	340.425018	210.274994
1	15.596000	0.874638	339.856262	209.893738
1	15.627000	0.866812	339.031250	209.468750
1	15.658000	0.885507	338.262512	210.262512
1	15.689000	0.907681	339.431244	210.981232
1	15.721000	0.875507	338.093750	211.093750
1	15.752000	0.895072	338.862488	209.125000
1	15.799000	0.883623	338.693756	208.306244
1	15.830000	0.910145	338.675049	209.324951
1	15.861000	0.877536	339.643738	209.781250
1	15.892000	0.878116	338.931244	209.381256
1	15.923000	0.907246	338.250000	210.250000
1	15.955000	0.903188	338.975006	210.574982
1	15.986000	0.898551	339.000000	210.500000
1	16.017000	0.883623	338.693756	209.306244
0	16.064000	0.347826	189.856903	301.000000
0	16.095000	0.347826	205.856903	293.143097
1	16.126000	0.866377	337.212494	208.037506
1	16.157000	0.903333	337.506256	207.493744
1	16.189000	0.884203	337.281250	207.781250
1	16.220000	0.911884	337.850006	207.699982
1	16.251000	0.912899	337.631256	206.368744
1	16.298000	0.920580	338.225006	206.225006
1	16.329000	0.897101	337.924988	205.512512
1	16.360000	0.908696	337.375000	205.375000
1	16.391000	0.883623	337.693756	205.693756
1	16.423000	0.846377	337.500000	205.500000
1	16.454000	0.903623	336.981262	206.018738
1	16.485000	0.902029	336.524994	206.475006
1	16.532000	0.904348	336.750000	206.750000
1	16.563000	0.885942	337.993744	206.731232
1	16.594000	0.921159	337.250000	206.437500
1	16.625000	0.888116	336.325104	207.025055
1	16.657000	0.920725	337.243744	207.243744
1	16.688000	0.878261	336.000000	207.250000
1	16.719000	0.920580	336.225006	208.225006
1	16.750000	0.916812	335.812500	208.312500
1	16.797000	0.892464	336.412506	206.712494
1	16.828000	0.886957	336.500000	206.000000
1	16.859000	0.895652	336.149994	205.499969
1	16.891000	0.913768	335.893738	204.343750
1	16.922000	0.920580	335.774994	203.774994
1	16.953000	0.853333	336.225006	203.762482
1	16.984000	0.902754	335.531250	203.218750
1	17.031000	0.894493	336.149994	204.449982
1	17.062000	0.875362	336.125000	203.375000
1	17.093000	0.912029	337.318756	202.631256
1	17.125000	0.916667	336.731232	202.768768
1	17.156000	0.903188	335.975006	203.425018
1	17.187000	0.920580	336.225006	204.225006
1	17.218000	0.895072	336.125000	204.174988
1	17.265000	0.887246	335.712494	205.287506
1	17.296000	0.920145	335.768738	203.781250
1	17.327000	0.904348	335.500000	203.500000
1	17.359000	0.921159	336.250000	203.237488
1	17.390000	0.903768	336.000000	202.187500
1	17.421000	0.920580	335.725006	202.774994
1	17.452000	0.894638	335.618744	202.381256
1	17.483000	0.899420	335.937500	202.562500
1	17.530000	0.903188	334.975006	203.024994
1	17.561000	0.927536	335.375000	202.125000
1	17.593000	0.907246	336.300049	201.599976
1	17.624000	0.903188	335.975006	201.074982
1	17.655000	0.938551	336.000000	201.000000
1	17.686000	0.922754	335.506256	201.493744
1	17.717000	0.883623	334.693756	201.306244
1	17.764000	0.937536	335.518738	201.668762
1	17.795000	0.939855	335.518738	202.031250
1	17.827000	0.938116	335.006256	201.743744
1	17.858000	0.924493	335.531250	201.393738
1	17.889000	0.864203	335.193756	201.068756
1	17.920000	0.920580	335.774994	200.274994
1	17.951000	0.906377	335.587494	200.725128
1	17.998000	0.903333	335.493744	201.506256
<\RIGHT-PUPIL-DATA>
<LEFT-PUPIL-DATA>
542	0
0	-0.067000	13.913043	240.000000	320.000000
0	-0.035000	13.913043	240.000000	320.000000
0	-0.004000	13.913043	240.000000	320.000000
0	0.027000	13.913043	240.000000	320.000000
0	0.074000	13.913043	240.000000	320.000000
0	0.105000	13.913043	240.000000	320.000000
0	0.136000	13.913043	240.000000	320.000000
0	0.167000	13.913043	240.000000	320.000000
0	0.199000	13.913043	240.000000	320.000000
0	0.230000	13.913043	240.000000	320.000000
0	0.261000	13.913043	240.000000	320.000000
0	0.308000	13.913043	240.000000	320.000000
0	0.339000	13.913043	240.000000	320.000000
0	0.370000	13.913043	240.000000	320.000000
0	0.401000	13.913043	240.000000	320.000000
0	0.433000	13.913043	240.000000	320.000000
0	0.464000	13.913043	240.000000	320.000000
0	0.495000	13.913043	240.000000	320.000000
0	0.526000	13.913043	240.000000	320.000000
0	0.573000	13.913043	240.000000	320.000000
0	0.604000	13.913043	240.000000	320.000000
0	0.635000	13.913043	240.000000	320.000000
0	0.667000	13.913043	240.000000	320.000000
0	0.698000	13.913043	240.000000	320.000000
0	0.729000	13.913043	240.000000	320.000000
0	0.760000	13.913043	240.000000	320.000000
0	0.807000	13.913043	240.000000	320.000000
0	0.838000	13.913043	240.000000	320.000000
0	0.869000	13.913043	240.000000	320.000000
0	0.901000	13.913043	240.000000	320.000000
0	0.932000	13.913043	240.000000	320.000000
0	0.963000	13.913043	240.000000	320.000000
0	0.994000	13.913043	240.000000	320.000000
0	1.025000	13.913043	240.000000	320.000000
0	1.072000	13.913043	240.000000	320.000000
0	1.103000	13.913043	240.000000	320.000000
0	1.135000	13.913043	240.000000	320.000000
0	1.166000	13.913043	240.000000	320.000000
0	1.197000	13.913043	240.000000	320.000000
0	1.228000	13.913043	240.000000	320.000000
0	1.259000	13.913043	240.000000	320.000000
0	1.306000	13.913043	240.000000	320.000000
0	1.337000	13.913043	240.000000	320.000000
0	1.369000	13.913043	240.000000	320.000000
0	1.400000	13.913043	240.000000	320.000000
0	1.431000	13.913043	240.000000	320.000000
0	1.462000	13.913043	240.000000	320.000000
0	1.493000	13.913043	240.000000	320.000000
0	1.540000	13.913043	240.000000	320.000000
0	1.571000	13.913043	240.000000	320.000000
0	1.603000	13.913043	240.000000	320.000000
0	1.634000	13.913043	240.000000	320.000000
0	1.665000	13.913043	240.000000	320.000000
0	1.696000	13.913043	240.000000	320.000000
0	1.727000	13.913043	240.000000	320.000000
0	1.759000	13.913043	240.000000	320.000000
0	1.805000	13.913043	240.000000	320.000000
0	1.837000	13.913043	240.000000	320.000000
0	1.868000	13.913043	240.000000	320.000000
0	1.899000	13.913043	240.000000	320.000000
0	1.930000	13.913043	240.000000	320.000000
0	1.961000	13.913043	240.000000	320.000000
0	1.993000	13.913043	240.000000	320.000000
0	2.039000	13.913043	240.000000	320.000000
0	2.071000	13.913043	240.000000	320.000000
0	2.102000	13.913043	240.000000	320.000000
0	2.133000	13.913043	240.000000	320.000000
0	2.164000	13.913043	240.000000	320.000000
0	2.195000	13.913043	240.000000	320.000000
0	2.227000	13.913043	240.000000	320.000000
0	2.273000	13.913043	240.000000	320.000000
0	2.305000	13.913043	240.000000	320.000000
0	2.336000	13.913043	240.000000	320.000000
0	2.367000	13.913043	240.000000	320.000000
0	2.398000	13.913043	240.000000	320.000000
0	2.429000	13.913043	240.000000	320.000000
0	2.461000	13.913043	240.000000	320.000000
0	2.492000	13.913043	240.000000	320.000000
0	2.539000	13.913043	240.000000	320.000000
0	2.570000	13.913043	240.000000	320.000000
0	2.601000	13.913043	240.000000	320.000000
0	2.632000	13.913043	240.000000	320.000000
0	2.663000	13.913043	240.000000	320.000000
0	2.695000	13.913043	240.000000	320.000000
0	2.726000	13.913043	240.000000	320.000000
0	2.773000	13.913043	240.000000	320.000000
0	2.804000	13.913043	240.000000	320.000000
0	2.835000	13.913043	240.000000	320.000000
0	2.866000	13.913043	240.000000	320.000000
0	2.897000	13.913043	240.000000	320.000000
0	2.929000	13.913043	240.000000	320.000000
0	2.960000	13.913043	240.000000	320.000000
0	3.007000	13.913043	240.000000	320.000000
0	3.038000	13.913043	240.000000	320.000000
0	3.069000	13.913043	240.000000	320.000000
0	3.100000	13.913043	240.000000	320.000000
0	3.131000	13.913043	240.000000	320.000000
0	3.163000	13.913043	240.000000	320.000000
0	3.194000	13.913043	240.000000	320.000000
0	3.225000	13.913043	240.000000	320.000000
0	3.272000	13.913043	240.000000	320.000000
0	3.303000	13.913043	240.000000	320.000000
0	3.334000	13.913043	240.000000	320.000000
0	3.365000	13.913043	240.000000	320.000000
0	3.397000	13.913043	240.000000	320.000000
0	3.428000	13.913043	240.000000	320.000000
0	3.459000	13.913043	240.000000	320.000000
0	3.506000	13.913043	240.000000	320.000000
0	3.537000	13.913043	240.000000	320.000000
0	3.568000	13.913043	240.000000	320.000000
0	3.599000	13.913043	240.000000	320.000000
0	3.631000	13.913043	240.000000	320.000000
0	3.662000	13.913043	240.000000	320.000000
0	3.693000	13.913043	240.000000	320.000000
0	3.724000	13.913043	240.000000	320.000000
0	3.771000	13.913043	240.000000	320.000000
0	3.802000	13.913043	240.000000	320.000000
0	3.833000	13.913043	240.000000	320.000000
0	3.865000	13.913043	240.000000	320.000000
0	3.896000	13.913043	240.000000	320.000000
0	3.927000	13.913043	240.000000	320.000000
0	3.958000	13.913043	240.000000	320.000000
0	4.005000	13.913043	240.000000	320.000000
0	4.036000	13.913043	240.000000	320.000000
0	4.067000	13.913043	240.000000	320.000000
0	4.099000	13.913043	240.000000	320.000000
0	4.130000	13.913043	240.000000	320.000000
0	4.161000	13.913043	240.000000	320.000000
0	4.192000	13.913043	240.000000	320.000000
0	4.239000	13.913043	240.000000	320.000000
0	4.270000	13.913043	240.000000	320.000000
0	4.301000	13.913043	240.000000	320.000000
0	4.333000	13.913043	240.000000	320.000000
0	4.364000	13.913043	240.000000	320.000000
0	4.395000	13.913043	240.000000	320.000000
0	4.426000	13.913043	240.000000	320.000000
0	4.457000	13.913043	240.000000	320.000000
0	4.504000	13.913043	240.000000	320.000000
0	4.535000	13.913043	240.000000	320.000000
0	4.567000	13.913043	240.000000	320.000000
0	4.598000	13.913043	240.000000	320.000000
0	4.629000	13.913043	240.000000	320.000000
0	4.660000	13.913043	240.000000	320.000000
0	4.691000	13.913043	240.000000	320.000000
0	4.738000	13.913043	240.000000	320.000000
0	4.769000	13.913043	240.000000	320.000000
0	4.801000	13.913043	240.000000	320.000000
0	4.832000	13.913043	240.000000	320.000000
0	4.863000	13.913043	240.000000	320.000000
0	4.894000	13.913043	240.000000	320.000000
0	4.925000	13.913043	240.000000	320.000000
0	4.972000	13.913043	240.000000	320.000000
0	5.003000	13.913043	240.000000	320.000000
0	5.035000	13.913043	240.000000	320.000000
0	5.066000	13.913043	240.000000	320.000000
0	5.097000	13.913043	240.000000	320.000000
0	5.128000	13.913043	240.000000	320.000000
0	5.159000	13.913043	240.000000	320.000000
0	5.191000	13.913043	240.000000	320.000000
0	5.237000	13.913043	240.000000	320.000000
0	5.269000	13.913043	240.000000	320.000000
0	5.300000	13.913043	240.000000	320.000000
0	5.331000	13.913043	240.000000	320.000000
0	5.362000	13.913043	240.000000	320.000000
0	5.393000	13.913043	240.000000	320.000000
0	5.425000	13.913043	240.000000	320.000000
0	5.471000	13.913043	240.000000	320.000000
0	5.503000	13.913043	240.000000	320.000000
0	5.534000	13.913043	240.000000	320.000000
0	5.565000	13.913043	240.000000	320.000000
0	5.596000	13.913043	240.000000	320.000000
0	5.627000	13.913043	240.000000	320.000000
0	5.659000	13.913043	240.000000	320.000000
0	5.705000	13.913043	240.000000	320.000000
0	5.737000	13.913043	240.000000	320.000000
0	5.768000	13.913043	240.000000	320.000000
0	5.799000	13.913043	240.000000	320.000000
0	5.830000	13.913043	240.000000	320.000000
0	5.861000	13.913043	240.000000	320.000000
0	5.893000	13.913043	240.000000	320.000000
0	5.924000	13.913043	240.000000	320.000000
0	5.971000	13.913043	240.000000	320.000000
0	6.002000	13.913043	240.000000	320.000000
0	6.033000	13.913043	240.000000	320.000000
0	6.064000	13.913043	240.000000	320.000000
0	6.095000	13.913043	240.000000	320.000000
0	6.127000	13.913043	240.000000	320.000000
0	6.158000	13.913043	240.000000	320.000000
0	6.205000	13.913043	240.000000	320.000000
0	6.236000	13.913043	240.000000	320.000000
0	6.267000	13.913043	240.000000	320.000000
0	6.298000	13.913043	240.000000	320.000000
0	6.329000	13.913043	240.000000	320.000000
0	6.361000	13.913043	240.000000	320.000000
0	6.392000	13.913043	240.000000	320.000000
0	6.423000	13.913043	240.000000	320.000000
0	6.470000	13.913043	240.000000	320.000000
0	6.501000	13.913043	240.000000	320.000000
0	6.532000	13.913043	240.000000	320.000000
0	6.563000	13.913043	240.000000	320.000000
0	6.595000	13.913043	240.000000	320.000000
0	6.626000	13.913043	240.000000	320.000000
0	6.657000	13.913043	240.000000	320.000000
0	6.704000	13.913043	240.000000	320.000000
0	6.735000	13.913043	240.000000	320.000000
0	6.766000	13.913043	240.000000	320.000000
0	6.797000	13.913043	240.000000	320.000000
0	6.829000	13.913043	240.000000	320.000000
0	6.860000	13.913043	240.000000	320.000000
0	6.891000	13.913043	240.000000	320.000000
0	6.938000	13.913043	240.000000	320.000000
0	6.969000	13.913043	240.000000	320.000000
0	7.000000	13.913043	240.000000	320.000000
0	7.031000	13.913043	240.000000	320.000000
0	7.063000	13.913043	240.000000	320.000000
0	7.094000	13.913043	240.000000	320.000000
0	7.125000	13.913043	240.000000	320.000000
0	7.156000	13.913043	240.000000	320.000000
0	7.203000	13.913043	240.000000	320.000000
0	7.234000	13.913043	240.000000	320.000000
0	7.265000	13.913043	240.000000	320.000000
0	7.297000	13.913043	240.000000	320.000000
0	7.328000	13.913043	240.000000	320.000000
0	7.359000	13.913043	240.000000	320.000000
0	7.390000	13.913043	240.000000	320.000000
0	7.437000	13.913043	240.000000	320.000000
0	7.468000	13.913043	240.000000	320.000000
0	7.499000	13.913043	240.000000	320.000000
0	7.531000	13.913043	240.000000	320.000000
0	7.562000	13.913043	240.000000	320.000000
0	7.593000	13.913043	240.000000	320.000000
0	7.624000	13.913043	240.000000	320.000000
0	7.655000	13.913043	240.000000	320.000000
0	7.702000	13.913043	240.000000	320.000000
0	7.733000	13.913043	240.000000	320.000000
0	7.765000	13.913043	240.000000	320.000000
0	7.796000	13.913043	240.000000	320.000000
0	7.827000	13.913043	240.000000	320.000000
0	7.858000	13.913043	240.000000	320.000000
0	7.889000	13.913043	240.000000	320.000000
0	7.936000	13.913043	240.000000	320.000000
0	7.967000	13.913043	240.000000	320.000000
0	7.999000	13.913043	240.000000	320.000000
0	8.030000	13.913043	240.000000	320.000000
0	8.061000	13.913043	240.000000	320.000000
0	8.092000	13.913043	240.000000	320.000000
0	8.123000	13.913043	240.000000	320.000000
0	8.170000	13.913043	240.000000	320.000000
0	8.201000	13.913043	240.000000	320.000000
0	8.233000	13.913043	240.000000	320.000000
0	8.264000	13.913043	240.000000	320.000000
0	8.295000	13.913043	240.000000	320.000000
0	8.326000	13.913043	240.000000	320.000000
0	8.357000	13.913043	240.000000	320.000000
0	8.389000	13.913043	240.000000	320.000000
0	8.435000	13.913043	240.000000	320.000000
0	8.467000	13.913043	240.000000	320.000000
0	8.498000	13.913043	240.000000	320.000000
0	8.529000	13.913043	240.000000	320.000000
0	8.560000	13.913043	240.000000	320.000000
0	8.591000	13.913043	240.000000	320.000000
0	8.623000	13.913043	240.000000	320.000000
0	8.669000	13.913043	240.000000	320.000000
0	8.701000	13.913043	240.000000	320.000000
0	8.732000	13.913043	240.000000	320.000000
0	8.763000	13.913043	240.000000	320.000000
0	8.794000	13.913043	240.000000	320.000000
0	8.825000	13.913043	240.000000	320.000000
0	8.857000	13.913043	240.000000	320.000000
0	8.903000	13.913043	240.000000	320.000000
0	8.935000	13.913043	240.000000	320.000000
0	8.966000	13.913043	240.000000	320.000000
0	8.997000	13.913043	240.000000	320.000000
0	9.028000	13.913043	240.000000	320.000000
0	9.059000	13.913043	240.000000	320.000000
0	9.091000	13.913043	240.000000	320.000000
0	9.122000	13.913043	240.000000	320.000000
0	9.169000	13.913043	240.000000	320.000000
0	9.200000	13.913043	240.000000	320.000000
0	9.231000	13.913043	240.000000	320.000000
0	9.262000	13.913043	240.000000	320.000000
0	9.293000	13.913043	240.000000	320.000000
0	9.325000	13.913043	240.000000	320.000000
0	9.356000	13.913043	240.000000	320.000000
0	9.403000	13.913043	240.000000	320.000000
0	9.434000	13.913043	240.000000	320.000000
0	9.465000	13.913043	240.000000	320.000000
0	9.496000	13.913043	240.000000	320.000000
0	9.527000	13.913043	240.000000	320.000000
0	9.559000	13.913043	240.000000	320.000000
0	9.590000	13.913043	240.000000	320.000000
0	9.637000	13.913043	240.000000	320.000000
0	9.668000	13.913043	240.000000	320.000000
0	9.699000	13.913043	240.000000	320.000000
0	9.730000	13.913043	240.000000	320.000000
0	9.761000	13.913043	240.000000	320.000000
0	9.793000	13.913043	240.000000	320.000000
0	9.824000	13.913043	240.000000	320.000000
0	9.855000	13.913043	240.000000	320.000000
0	9.902000	13.913043	240.000000	320.000000
0	9.933000	13.913043	240.000000	320.000000
0	9.964000	13.913043	240.000000	320.000000
0	9.995000	13.913043	240.000000	320.000000
0	10.027000	13.913043	240.000000	320.000000
0	10.058000	13.913043	240.000000	320.000000
0	10.089000	13.913043	240.000000	320.000000
0	10.136000	13.913043	240.000000	320.000000
0	10.167000	13.913043	240.000000	320.000000
0	10.198000	13.913043	240.000000	320.000000
0	10.229000	13.913043	240.000000	320.000000
0	10.261000	13.913043	240.000000	320.000000
0	10.292000	13.913043	240.000000	320.000000
0	10.323000	13.913043	240.000000	320.000000
0	10.370000	13.913043	240.000000	320.000000
0	10.401000	13.913043	240.000000	320.000000
0	10.432000	13.913043	240.000000	320.000000
0	10.463000	13.913043	240.000000	320.000000
0	10.495000	13.913043	240.000000	320.000000
0	10.526000	13.913043	240.000000	320.000000
0	10.557000	13.913043	240.000000	320.000000
0	10.588000	13.913043	240.000000	320.000000
0	10.635000	13.913043	240.000000	320.000000
0	10.666000	13.913043	240.000000	320.000000
0	10.697000	13.913043	240.000000	320.000000
0	10.729000	13.913043	240.000000	320.000000
0	10.760000	13.913043	240.000000	320.000000
0	10.791000	13.913043	240.000000	320.000000
0	10.822000	13.913043	240.000000	320.000000
0	10.869000	13.913043	240.000000	320.000000
0	10.900000	13.913043	240.000000	320.000000
0	10.931000	13.913043	240.000000	320.000000
0	10.963000	13.913043	240.000000	320.000000
0	10.994000	13.913043	240.000000	320.000000
0	11.025000	13.913043	240.000000	320.000000
0	11.056000	13.913043	240.000000	320.000000
0	11.103000	13.913043	240.000000	320.000000
0	11.134000	13.913043	240.000000	320.000000
0	11.165000	13.913043	240.000000	320.000000
0	11.197000	13.913043	240.000000	320.000000
0	11.228000	13.913043	240.000000	320.000000
0	11.259000	13.913043	240.000000	320.000000
0	11.290000	13.913043	240.000000	320.000000
0	11.321000	13.913043	240.000000	320.000000
0	11.368000	13.913043	240.000000	320.000000
0	11.399000	13.913043	240.000000	320.000000
0	11.431000	13.913043	240.000000	320.000000
0	11.462000	13.913043	240.000000	320.000000
0	11.493000	13.913043	240.000000	320.000000
0	11.524000	13.913043	240.000000	320.000000
0	11.555000	13.913043	240.000000	320.000000
0	11.587000	13.913043	240.000000	320.000000
0	11.633000	13.913043	240.000000	320.000000
0	11.665000	13.913043	240.000000	320.000000
0	11.696000	13.913043	240.000000	320.000000
0	11.727000	13.913043	240.000000	320.000000
0	11.758000	13.913043	240.000000	320.000000
0	11.789000	13.913043	240.000000	320.000000
0	11.821000	13.913043	240.000000	320.000000
0	11.867000	13.913043	240.000000	320.000000
0	11.899000	13.913043	240.000000	320.000000
0	11.930000	13.913043	240.000000	320.000000
0	11.961000	13.913043	240.000000	320.000000
0	11.992000	13.913043	240.000000	320.000000
0	12.023000	13.913043	240.000000	320.000000
0	12.055000	13.913043	240.000000	320.000000
0	12.101000	13.913043	240.000000	320.000000
0	12.133000	13.913043	240.000000	320.000000
0	12.164000	13.913043	240.000000	320.000000
0	12.195000	13.913043	240.000000	320.000000
0	12.226000	13.913043	240.000000	320.000000
0	12.257000	13.913043	240.000000	320.000000
0	12.289000	13.913043	240.000000	320.000000
0	12.320000	13.913043	240.000000	320.000000
0	12.367000	13.913043	240.000000	320.000000
0	12.398000	13.913043	240.000000	320.000000
0	12.429000	13.913043	240.000000	320.000000
0	12.460000	13.913043	240.000000	320.000000
0	12.491000	13.913043	240.000000	320.000000
0	12.523000	13.913043	240.000000	320.000000
0	12.554000	13.913043	240.000000	320.000000
0	12.601000	13.913043	240.000000	320.000000
0	12.632000	13.913043	240.000000	320.000000
0	12.663000	13.913043	240.000000	320.000000
0	12.694000	13.913043	240.000000	320.000000
0	12.725000	13.913043	240.000000	320.000000
0	12.757000	13.913043	240.000000	320.000000
0	12.788000	13.913043	240.000000	320.000000
0	12.835000	13.913043	240.000000	320.000000
0	12.866000	13.913043	240.000000	320.000000
0	12.897000	13.913043	240.000000	320.000000
0	12.928000	13.913043	240.000000	320.000000
0	12.959000	13.913043	240.000000	320.000000
0	12.991000	13.913043	240.000000	320.000000
0	13.022000	13.913043	240.000000	320.000000
0	13.053000	13.913043	240.000000	320.000000
0	13.100000	13.913043	240.000000	320.000000
0	13.131000	13.913043	240.000000	320.000000
0	13.162000	13.913043	240.000000	320.000000
0	13.193000	13.913043	240.000000	320.000000
0	13.225000	13.913043	240.000000	320.000000
0	13.256000	13.913043	240.000000	320.000000
0	13.287000	13.913043	240.000000	320.000000
0	13.334000	13.913043	240.000000	320.000000
0	13.365000	13.913043	240.000000	320.000000
0	13.396000	13.913043	240.000000	320.000000
0	13.427000	13.913043	240.000000	320.000000
0	13.459000	13.913043	240.000000	320.000000
0	13.490000	13.913043	240.000000	320.000000
0	13.521000	13.913043	240.000000	320.000000
0	13.568000	13.913043	240.000000	320.000000
0	13.599000	13.913043	240.000000	320.000000
0	13.630000	13.913043	240.000000	320.000000
0	13.661000	13.913043	240.000000	320.000000
0	13.693000	13.913043	240.000000	320.000000
0	13.724000	13.913043	240.000000	320.000000
0	13.755000	13.913043	240.000000	320.000000
0	13.786000	13.913043	240.000000	320.000000
0	13.833000	13.913043	240.000000	320.000000
0	13.864000	13.913043	240.000000	320.000000
0	13.895000	13.913043	240.000000	320.000000
0	13.927000	13.913043	240.000000	320.000000
0	13.958000	13.913043	240.000000	320.000000
0	13.989000	13.913043	240.000000	320.000000
0	14.020000	13.913043	240.000000	320.000000
0	14.067000	13.913043	240.000000	320.000000
0	14.098000	13.913043	240.000000	320.000000
0	14.129000	13.913043	240.000000	320.000000
0	14.161000	13.913043	240.000000	320.000000
0	14.192000	13.913043	240.000000	320.000000
0	14.223000	13.913043	240.000000	320.000000
0	14.254000	13.913043	240.000000	320.000000
0	14.301000	13.913043	240.000000	320.000000
0	14.332000	13.913043	240.000000	320.000000
0	14.363000	13.913043	240.000000	320.000000
0	14.395000	13.913043	240.000000	320.000000
0	14.426000	13.913043	240.000000	320.000000
0	14.457000	13.913043	240.000000	320.000000
0	14.488000	13.913043	240.000000	320.000000
0	14.519000	13.913043	240.000000	320.000000
0	14.566000	13.913043	240.000000	320.000000
0	14.597000	13.913043	240.000000	320.000000
0	14.629000	13.913043	240.000000	320.000000
0	14.660000	13.913043	240.000000	320.000000
0	14.691000	13.913043	240.000000	320.000000
0	14.722000	13.913043	240.000000	320.000000
0	14.753000	13.913043	240.000000	320.000000
0	14.800000	13.913043	240.000000	320.000000
0	14.831000	13.913043	240.000000	320.000000
0	14.863000	13.913043	240.000000	320.000000
0	14.894000	13.913043	240.000000	320.000000
0	14.925000	13.913043	240.000000	320.000000
0	14.956000	13.913043	240.000000	320.000000
0	14.987000	13.913043	240.000000	320.000000
0	15.034000	13.913043	240.000000	320.000000
0	15.065000	13.913043	240.000000	320.000000
0	15.097000	13.913043	240.000000	320.000000
0	15.128000	13.913043	240.000000	320.000000
0	15.159000	13.913043	240.000000	320.000000
0	15.190000	13.913043	240.000000	320.000000
0	15.221000	13.913043	240.000000	320.000000
0	15.253000	13.913043	240.000000	320.000000
0	15.299000	13.913043	240.000000	320.000000
0	15.331000	13.913043	240.000000	320.000000
0	15.362000	13.913043	240.000000	320.000000
0	15.393000	13.913043	240.000000	320.000000
0	15.424000	13.913043	240.000000	320.000000
0	15.455000	13.913043	240.000000	320.000000
0	15.487000	13.913043	240.000000	320.000000
0	15.518000	13.913043	240.000000	320.000000
0	15.565000	13.913043	240.000000	320.000000
0	15.596000	13.913043	240.000000	320.000000
0	15.627000	13.913043	240.000000	320.000000
0	15.658000	13.913043	240.000000	320.000000
0	15.689000	13.913043	240.000000	320.000000
0	15.721000	13.913043	240.000000	320.000000
0	15.752000	13.913043	240.000000	320.000000
0	15.799000	13.913043	240.000000	320.000000
0	15.830000	13.913043	240.000000	320.000000
0	15.861000	13.913043	240.000000	320.000000
0	15.892000	13.913043	240.000000	320.000000
0	15.923000	13.913043	240.000000	320.000000
0	15.955000	13.913043	240.000000	320.000000
0	15.986000	13.913043	240.000000	320.000000
0	16.033000	13.913043	240.000000	320.000000
0	16.064000	13.913043	240.000000	320.000000
0	16.095000	13.913043	240.000000	320.000000
0	16.126000	13.913043	240.000000	320.000000
0	16.157000	13.913043	240.000000	320.000000
0	16.189000	13.913043	240.000000	320.000000
0	16.220000	13.913043	240.000000	320.000000
0	16.251000	13.913043	240.000000	320.000000
0	16.298000	13.913043	240.000000	320.000000
0	16.329000	13.913043	240.000000	320.000000
0	16.360000	13.913043	240.000000	320.000000
0	16.391000	13.913043	240.000000	320.000000
0	16.423000	13.913043	240.000000	320.000000
0	16.454000	13.913043	240.000000	320.000000
0	16.485000	13.913043	240.000000	320.000000
0	16.532000	13.913043	240.000000	320.000000
0	16.563000	13.913043	240.000000	320.000000
0	16.594000	13.913043	240.000000	320.000000
0	16.625000	13.913043	240.000000	320.000000
0	16.657000	13.913043	240.000000	320.000000
0	16.688000	13.913043	240.000000	320.000000
0	16.719000	13.913043	240.000000	320.000000
0	16.766000	13.913043	240.000000	320.000000
0	16.797000	13.913043	240.000000	320.000000
0	16.828000	13.913043	240.000000	320.000000
0	16.859000	13.913043	240.000000	320.000000
0	16.891000	13.913043	240.000000	320.000000
0	16.922000	13.913043	240.000000	320.000000
0	16.953000	13.913043	240.000000	320.000000
0	16.984000	13.913043	240.000000	320.000000
0	17.031000	13.913043	240.000000	320.000000
0	17.062000	13.913043	240.000000	320.000000
0	17.093000	13.913043	240.000000	320.000000
0	17.125000	13.913043	240.000000	320.000000
0	17.156000	13.913043	240.000000	320.000000
0	17.187000	13.913043	240.000000	320.000000
0	17.218000	13.913043	240.000000	320.000000
0	17.265000	13.913043	240.000000	320.000000
0	17.296000	13.913043	240.000000	320.000000
0	17.327000	13.913043	240.000000	320.000000
0	17.359000	13.913043	240.000000	320.000000
0	17.390000	13.913043	240.000000	320.000000
0	17.421000	13.913043	240.000000	320.000000
0	17.452000	13.913043	240.000000	320.000000
0	17.499000	13.913043	240.000000	320.000000
0	17.530000	13.913043	240.000000	320.000000
0	17.561000	13.913043	240.000000	320.000000
0	17.593000	13.913043	240.000000	320.000000
0	17.624000	13.913043	240.000000	320.000000
0	17.655000	13.913043	240.000000	320.000000
0	17.686000	13.913043	240.000000	320.000000
0	17.717000	13.913043	240.000000	320.000000
0	17.764000	13.913043	240.000000	320.000000
0	17.795000	13.913043	240.000000	320.000000
0	17.827000	13.913043	240.000000	320.000000
0	17.858000	13.913043	240.000000	320.000000
0	17.889000	13.913043	240.000000	320.000000
0	17.920000	13.913043	240.000000	320.000000
0	17.951000	13.913043	240.000000	320.000000
<\LEFT-PUPIL-DATA>
<RIGHT-PUPIL-ANALYSIS>
1
0	0	18	542	0	0	0.509000	17.518000	0.509000	31625.173828	0.000000	0.000000	0.000000	0	1	1	1	1	0	0	0	0.000000	0.000000	0.000000	0.000000	0.000000	0.000000	0.000000	-1.000000	0.000000	0	1.126522	0.704643	0.996873	0.390400	0.220000	-0.275918	-1.441792	-1.000000	0.042690	1	1.126522	0.704643	0.996873	0.390400	0.220000	-0.280101	-1.441797	-1.000000	0.046085
<\RIGHT-PUPIL-ANALYSIS>
<LEFT-PUPIL-ANALYSIS>
1
0	0	18	541	0	0	0.509000	17.518000	0.509000	31625.173828	0.000000	0.000000	0.000000	0	1	1	1	1	0	0	0	0.000000	0.000000	0.000000	0.000000	0.000000	0.000000	0.000000	-1.000000	0.000000	0	-0.034783	-0.034783	0.000950	0.000950	0.017000	0.000000	0.000000	-1.000000	0.000000	1	-0.034783	-0.034783	0.000950	0.000950	0.017000	-1000000.000000	-1000000.000000	-1.000000	0.000000
<\LEFT-PUPIL-ANALYSIS>
%%%%%%%%%
%%%%%%%%%
%%%%%%%%%
%%%	Measurement Tiime is: 2017-10-31 12:19:45
%%%	Subject ID is: C57BL6-28.09.17-DA-1mois-M3-4.5r
%%%	Note: 
%%%	RSS: Default Human Relative Spectral Sensitivity
%%%	Pupil Analysis:
%%%
%%%
%%%
%%%	Pulse Index:	0
%%%	Stimulus Session Index:	0
%%%	Right Pupil Stimulated
%%%	Light Metric is Photopic
%%%	Stimulus Start Time(sec):	0.51
%%%	Stimulus Duration(sec):	17.52
%%%	Stimulus Pulse Duration(sec):	0.51
%%%	Right Pulse:	31625.17	(Red  )	-	0.00	(Red  )	[Lux ]
%%%	Left Pulse:	0.00	(Red  )	-	0.00	(Red  )	[Lux ]
%%%
%%%		RIGHT	LEFT	R.Pupil Mean	L.Pupil Mean	R.Stim Mean	R.Stim Mean
%%%	INPUT:	RAW DATA	RAW DATA
%%%	STATE:	ABNORMAL	ABNORMAL	ABNORMAL	ABNORMAL	ABNORMAL	ABNORMAL
%%%	MAX(mm):	0.00	0.00	0.00	0.00	0.00	0.00
%%%	MIN(mm):	0.00	0.00	0.00	0.00	0.00	0.00
%%%	DELTA(mm):						
%%%	CH(%):						
%%%	LAT(sec):	0.00	0.00	0.00	0.00	0.00	0.00
%%%	CV(mm/s):	0.00	0.00	0.00	0.00	0.00	0.00
%%%	MCV(mm/s):	0.00	0.00	0.00	0.00	0.00	0.00
%%%	DV(mm/s):	0.00	0.00	0.00	0.00	0.00	0.00
%%%%%%%%%
%%%%%%%%%
%%%%%%%%%
%%%	Right Pupil Profile (1st row -> 1 == valid tracking, 0 == invalid tracking; 2nd row -> time; 3rd row -> diameter (mm))
%%%	1	1	1	1	1	1	1	1	1	1	1	1	1	1	1	1	1	1	1	1	1	1	1	1	1	1	1	1	1	1	1	1	1	1	1	1	1	1	1	0	1	1	1	1	1	1	1	1	1	1	1	1	1	1	1	1	1	1	1	0	1	1	1	1	1	1	1	1	1	1	1	1	0	1	1	1	1	1	1	1	1	1	1	1	1	1	1	1	1	1	1	1	1	1	1	1	1	1	1	1	1	1	1	1	1	1	1	1	1	1	1	1	1	1	1	1	1	1	1	1	0	1	1	0	1	1	0	1	1	1	1	1	1	1	1	1	1	1	1	1	1	0	1	1	1	0	0	1	1	1	1	1	0	1	0	0	1	0	1	1	1	1	1	1	1	1	0	0	1	0	1	1	1	1	0	1	0	1	1	1	1	1	1	1	1	1	1	1	1	1	1	1	1	1	1	1	1	1	1	1	1	0	1	1	1	0	1	1	1	1	1	1	0	1	1	1	1	1	1	1	1	1	1	1	1	1	1	1	1	1	1	1	1	1	1	1	1	1	1	1	1	1	1	1	1	1	1	1	1	0	1	1	1	0	0	1	0	0	1	0	1	1	1	0	1	1	0	1	1	0	1	1	1	1	1	1	1	1	1	1	1	1	1	0	1	1	1	1	1	1	1	1	0	1	0	1	1	1	1	1	1	0	1	1	1	1	0	1	1	1	1	1	0	1	0	1	1	1	0	1	1	1	1	1	1	1	1	1	0	1	1	1	1	1	1	1	1	1	1	1	1	1	1	1	1	1	1	0	1	0	1	1	1	1	1	1	1	1	1	1	1	1	1	1	1	1	1	1	1	1	1	1	1	1	1	0	1	1	1	1	1	1	1	1	1	0	1	0	1	0	1	0	1	1	1	0	1	1	1	1	0	1	1	1	1	1	1	0	1	1	1	1	1	1	1	1	1	1	1	1	1	0	0	1	1	1	1	1	0	1	1	1	1	0	1	1	1	1	0	1	1	1	1	1	1	1	0	1	1	1	0	1	1	1	0	0	1	1	1	1	1	1	1	1	1	1	1	0	0	1	1	1	1	1	1	1	1	1	1	1	1	1	1	1	0	0	1	1	1	1	1	1	1	1	1	1	1	1	1	1	1	1	1	1	1	1	1	1	1	1	1	1	1	1	1	1	1	1	1	1	1	1	1	1	1	1	1	1	1	1	1	1	1	1	1	1	1	1	1	1	1	1	1
%%%	-0.067000	-0.035000	-0.004000	0.027000	0.058000	0.105000	0.136000	0.167000	0.199000	0.230000	0.261000	0.292000	0.339000	0.370000	0.401000	0.433000	0.464000	0.495000	0.526000	0.573000	0.604000	0.635000	0.667000	0.698000	0.729000	0.760000	0.791000	0.838000	0.869000	0.901000	0.932000	0.963000	0.994000	1.025000	1.072000	1.103000	1.135000	1.166000	1.197000	1.228000	1.259000	1.306000	1.337000	1.369000	1.400000	1.431000	1.462000	1.493000	1.525000	1.571000	1.603000	1.634000	1.665000	1.696000	1.727000	1.759000	1.805000	1.837000	1.868000	1.899000	1.930000	1.961000	1.993000	2.039000	2.071000	2.102000	2.133000	2.164000	2.195000	2.227000	2.258000	2.305000	2.336000	2.367000	2.398000	2.429000	2.461000	2.492000	2.539000	2.570000	2.601000	2.632000	2.663000	2.695000	2.726000	2.773000	2.804000	2.835000	2.866000	2.897000	2.929000	2.960000	2.991000	3.038000	3.069000	3.100000	3.131000	3.163000	3.194000	3.225000	3.272000	3.303000	3.334000	3.365000	3.397000	3.428000	3.459000	3.490000	3.537000	3.568000	3.599000	3.631000	3.662000	3.693000	3.724000	3.771000	3.802000	3.833000	3.865000	3.896000	3.927000	3.958000	4.005000	4.036000	4.067000	4.099000	4.130000	4.161000	4.192000	4.223000	4.270000	4.301000	4.333000	4.364000	4.395000	4.426000	4.457000	4.504000	4.535000	4.567000	4.598000	4.629000	4.660000	4.691000	4.723000	4.769000	4.801000	4.832000	4.863000	4.894000	4.925000	4.957000	5.003000	5.035000	5.066000	5.097000	5.128000	5.159000	5.191000	5.237000	5.269000	5.300000	5.331000	5.362000	5.393000	5.425000	5.456000	5.503000	5.534000	5.565000	5.596000	5.627000	5.659000	5.690000	5.737000	5.768000	5.799000	5.830000	5.861000	5.893000	5.924000	5.971000	6.002000	6.033000	6.064000	6.095000	6.127000	6.158000	6.189000	6.236000	6.267000	6.298000	6.329000	6.361000	6.392000	6.423000	6.470000	6.501000	6.532000	6.563000	6.595000	6.626000	6.657000	6.704000	6.735000	6.766000	6.797000	6.829000	6.860000	6.891000	6.922000	6.969000	7.000000	7.031000	7.063000	7.094000	7.125000	7.156000	7.203000	7.234000	7.265000	7.297000	7.328000	7.359000	7.390000	7.421000	7.468000	7.499000	7.531000	7.562000	7.593000	7.624000	7.655000	7.702000	7.733000	7.765000	7.796000	7.827000	7.858000	7.889000	7.936000	7.967000	7.999000	8.030000	8.061000	8.092000	8.123000	8.155000	8.201000	8.233000	8.264000	8.295000	8.326000	8.357000	8.389000	8.435000	8.467000	8.498000	8.529000	8.560000	8.591000	8.623000	8.669000	8.701000	8.732000	8.763000	8.794000	8.825000	8.857000	8.888000	8.935000	8.966000	8.997000	9.028000	9.059000	9.091000	9.122000	9.169000	9.200000	9.231000	9.262000	9.293000	9.325000	9.356000	9.403000	9.434000	9.465000	9.496000	9.527000	9.559000	9.590000	9.621000	9.668000	9.699000	9.730000	9.761000	9.793000	9.824000	9.855000	9.902000	9.933000	9.964000	9.995000	10.027000	10.058000	10.089000	10.120000	10.167000	10.198000	10.229000	10.261000	10.292000	10.323000	10.354000	10.401000	10.432000	10.463000	10.495000	10.526000	10.557000	10.588000	10.635000	10.666000	10.697000	10.729000	10.760000	10.791000	10.822000	10.853000	10.900000	10.931000	10.963000	10.994000	11.025000	11.056000	11.087000	11.134000	11.165000	11.197000	11.228000	11.259000	11.290000	11.321000	11.353000	11.399000	11.431000	11.462000	11.493000	11.524000	11.555000	11.587000	11.633000	11.665000	11.696000	11.727000	11.758000	11.789000	11.821000	11.867000	11.899000	11.930000	11.961000	11.992000	12.023000	12.055000	12.086000	12.133000	12.164000	12.195000	12.226000	12.257000	12.289000	12.320000	12.367000	12.398000	12.429000	12.460000	12.491000	12.523000	12.554000	12.601000	12.632000	12.663000	12.694000	12.725000	12.757000	12.788000	12.819000	12.866000	12.897000	12.928000	12.959000	12.991000	13.022000	13.053000	13.100000	13.131000	13.162000	13.193000	13.225000	13.256000	13.287000	13.334000	13.365000	13.396000	13.427000	13.459000	13.490000	13.521000	13.552000	13.599000	13.630000	13.661000	13.693000	13.724000	13.755000	13.786000	13.833000	13.864000	13.895000	13.927000	13.958000	13.989000	14.020000	14.067000	14.098000	14.129000	14.161000	14.192000	14.223000	14.254000	14.285000	14.332000	14.363000	14.395000	14.426000	14.457000	14.488000	14.519000	14.566000	14.597000	14.629000	14.660000	14.691000	14.722000	14.753000	14.800000	14.831000	14.863000	14.894000	14.925000	14.956000	14.987000	15.019000	15.065000	15.097000	15.128000	15.159000	15.190000	15.221000	15.253000	15.284000	15.331000	15.362000	15.393000	15.424000	15.455000	15.487000	15.518000	15.565000	15.596000	15.627000	15.658000	15.689000	15.721000	15.752000	15.799000	15.830000	15.861000	15.892000	15.923000	15.955000	15.986000	16.017000	16.064000	16.095000	16.126000	16.157000	16.189000	16.220000	16.251000	16.298000	16.329000	16.360000	16.391000	16.423000	16.454000	16.485000	16.532000	16.563000	16.594000	16.625000	16.657000	16.688000	16.719000	16.750000	16.797000	16.828000	16.859000	16.891000	16.922000	16.953000	16.984000	17.031000	17.062000	17.093000	17.125000	17.156000	17.187000	17.218000	17.265000	17.296000	17.327000	17.359000	17.390000	17.421000	17.452000	17.483000	17.530000	17.561000	17.593000	17.624000	17.655000	17.686000	17.717000	17.764000	17.795000	17.827000	17.858000	17.889000	17.920000	17.951000	17.998000
%%%	1.101449	1.101449	1.159855	1.098551	1.147826	1.094493	1.098841	1.124638	1.132754	1.101449	1.138406	1.082029	1.135797	1.113623	1.095652	1.151449	1.111014	1.090290	1.062029	1.079855	1.114058	1.105942	1.121739	1.124638	1.129710	1.150580	1.098985	1.070145	0.985507	1.009420	0.927101	0.940725	0.922754	0.874638	0.834638	0.848406	0.801449	0.801594	0.811594	0.846377	0.755362	0.745072	0.739130	0.753623	0.723333	0.730435	0.722899	0.728986	0.722754	0.755942	0.742464	0.733188	0.731159	0.730435	0.742898	0.690290	0.708116	0.730435	0.721884	0.660870	0.696812	0.707971	0.708841	0.703188	0.725072	0.720725	0.725072	0.707101	0.730435	0.660870	0.707246	0.744928	0.660870	0.722754	0.737971	0.742029	0.747971	0.742898	0.765217	0.765217	0.787536	0.774638	0.742898	0.759275	0.776812	0.788551	0.791304	0.733623	0.779420	0.753188	0.764638	0.752174	0.764058	0.755942	0.765797	0.757246	0.753623	0.764638	0.759275	0.796232	0.781884	0.771594	0.846377	0.760290	0.776667	0.781884	0.782319	0.785073	0.814638	0.778116	0.778116	0.814638	0.781884	0.782754	0.800580	0.749275	0.778841	0.788406	0.796232	0.805797	0.846377	0.745797	0.814638	0.753623	0.788406	0.805362	0.753623	0.790290	0.800000	0.764638	0.761449	0.820145	0.846377	0.783768	0.789130	0.778841	0.746667	0.794493	0.814638	0.778841	0.760290	0.846377	0.753623	0.796812	0.800000	0.846377	0.753623	0.814058	0.800000	0.774058	0.796667	0.799420	0.846377	0.815362	0.753623	0.753623	0.823188	0.846377	0.800000	0.800580	0.846377	0.783768	0.778841	0.796232	0.809855	0.823188	0.753623	0.846377	0.829275	0.753623	0.814638	0.828550	0.846377	0.834928	0.846377	0.822319	0.753623	0.846377	0.800000	0.801159	0.835362	0.800000	0.835362	0.833188	0.842754	0.831594	0.831015	0.834203	0.847246	0.825507	0.828986	0.829420	0.798406	0.814638	0.782464	0.816232	0.846377	0.834783	0.846377	0.801594	0.805362	0.753623	0.808841	0.765362	0.840725	0.846377	0.846377	0.842898	0.788116	0.814638	0.828986	0.775072	0.753623	0.805942	0.846377	0.776812	0.814638	0.823333	0.805507	0.805362	0.811014	0.813623	0.774638	0.798406	0.814638	0.813623	0.829710	0.797101	0.849420	0.800000	0.825072	0.801015	0.793333	0.801594	0.814203	0.839855	0.835362	0.834203	0.827681	0.829275	0.826087	0.831449	0.817391	0.805942	0.831449	0.818116	0.801594	0.821159	0.798841	0.753623	0.825072	0.831449	0.834058	0.753623	0.753623	0.822754	0.753623	0.753623	0.857971	0.753623	0.848406	0.870580	0.857102	0.753623	0.800000	0.835362	0.753623	0.814058	0.822319	0.753623	0.857681	0.858116	0.829275	0.852754	0.848841	0.831449	0.821159	0.813768	0.788551	0.848406	0.829855	0.846377	0.823188	0.753623	0.836377	0.846377	0.858116	0.846377	0.866812	0.869710	0.834783	0.846377	0.347826	0.859710	0.347826	0.866812	0.846377	0.846377	0.832029	0.814638	0.872899	0.753623	0.857536	0.834783	0.817971	0.865797	0.753623	0.862029	0.855362	0.857536	0.846377	0.857681	0.753623	0.837536	0.347826	0.833188	0.855362	0.829275	0.753623	0.857681	0.855072	0.838551	0.834928	0.871884	0.874058	0.892754	0.851594	0.859855	0.347826	0.859710	0.884203	0.870725	0.857681	0.869565	0.866377	0.846377	0.868841	0.892754	0.863768	0.861884	0.883768	0.839275	0.857102	0.834928	0.846377	0.850580	0.816232	0.347826	0.814638	0.347826	0.861884	0.814203	0.853623	0.843623	0.861449	0.869565	0.857971	0.883623	0.884058	0.884058	0.874928	0.892754	0.871884	0.876232	0.857681	0.848985	0.846377	0.897101	0.846667	0.834638	0.843478	0.853623	0.866812	0.883623	0.857681	0.753623	0.840290	0.851159	0.856377	0.880725	0.883623	0.871159	0.884203	0.866232	0.858116	0.347826	0.858116	0.347826	0.885942	0.347826	0.848841	0.347826	0.892754	0.857971	0.848841	0.347826	0.858116	0.866812	0.858116	0.857681	0.347826	0.859275	0.883188	0.893623	0.866377	0.850580	0.883768	0.347826	0.883333	0.862029	0.863623	0.870580	0.838551	0.844058	0.854928	0.884493	0.855362	0.927536	0.872754	0.909275	0.871449	0.347826	0.347826	0.857681	0.865797	0.863623	0.866812	0.859855	0.347826	0.834783	0.902754	0.868406	0.883768	0.347826	0.869565	0.909855	0.834783	0.895072	0.347826	0.874638	0.887246	0.893333	0.872754	0.904348	0.801015	0.927536	0.347826	0.865797	0.864203	0.883623	0.347826	0.886667	0.904348	0.903333	0.347826	0.347826	0.883623	0.877536	0.870580	0.886377	0.881159	0.883623	0.886377	0.866812	0.878986	0.887971	0.846377	0.347826	0.347826	0.903188	0.874638	0.866812	0.885507	0.907681	0.875507	0.895072	0.883623	0.910145	0.877536	0.878116	0.907246	0.903188	0.898551	0.883623	0.347826	0.347826	0.866377	0.903333	0.884203	0.911884	0.912899	0.920580	0.897101	0.908696	0.883623	0.846377	0.903623	0.902029	0.904348	0.885942	0.921159	0.888116	0.920725	0.878261	0.920580	0.916812	0.892464	0.886957	0.895652	0.913768	0.920580	0.853333	0.902754	0.894493	0.875362	0.912029	0.916667	0.903188	0.920580	0.895072	0.887246	0.920145	0.904348	0.921159	0.903768	0.920580	0.894638	0.899420	0.903188	0.927536	0.907246	0.903188	0.938551	0.922754	0.883623	0.937536	0.939855	0.938116	0.924493	0.864203	0.920580	0.906377	0.903333
%%%	Left Pupil Profile (1st row -> 1 == valid tracking, 0 == invalid tracking; 2nd row -> time; 3rd row -> diameter (mm))
%%%	0	0	0	0	0	0	0	0	0	0	0	0	0	0	0	0	0	0	0	0	0	0	0	0	0	0	0	0	0	0	0	0	0	0	0	0	0	0	0	0	0	0	0	0	0	0	0	0	0	0	0	0	0	0	0	0	0	0	0	0	0	0	0	0	0	0	0	0	0	0	0	0	0	0	0	0	0	0	0	0	0	0	0	0	0	0	0	0	0	0	0	0	0	0	0	0	0	0	0	0	0	0	0	0	0	0	0	0	0	0	0	0	0	0	0	0	0	0	0	0	0	0	0	0	0	0	0	0	0	0	0	0	0	0	0	0	0	0	0	0	0	0	0	0	0	0	0	0	0	0	0	0	0	0	0	0	0	0	0	0	0	0	0	0	0	0	0	0	0	0	0	0	0	0	0	0	0	0	0	0	0	0	0	0	0	0	0	0	0	0	0	0	0	0	0	0	0	0	0	0	0	0	0	0	0	0	0	0	0	0	0	0	0	0	0	0	0	0	0	0	0	0	0	0	0	0	0	0	0	0	0	0	0	0	0	0	0	0	0	0	0	0	0	0	0	0	0	0	0	0	0	0	0	0	0	0	0	0	0	0	0	0	0	0	0	0	0	0	0	0	0	0	0	0	0	0	0	0	0	0	0	0	0	0	0	0	0	0	0	0	0	0	0	0	0	0	0	0	0	0	0	0	0	0	0	0	0	0	0	0	0	0	0	0	0	0	0	0	0	0	0	0	0	0	0	0	0	0	0	0	0	0	0	0	0	0	0	0	0	0	0	0	0	0	0	0	0	0	0	0	0	0	0	0	0	0	0	0	0	0	0	0	0	0	0	0	0	0	0	0	0	0	0	0	0	0	0	0	0	0	0	0	0	0	0	0	0	0	0	0	0	0	0	0	0	0	0	0	0	0	0	0	0	0	0	0	0	0	0	0	0	0	0	0	0	0	0	0	0	0	0	0	0	0	0	0	0	0	0	0	0	0	0	0	0	0	0	0	0	0	0	0	0	0	0	0	0	0	0	0	0	0	0	0	0	0	0	0	0	0	0	0	0	0	0	0	0	0	0	0	0	0	0	0	0	0	0	0	0	0	0	0	0	0	0	0	0	0	0	0	0	0	0	0	0	0	0	0	0	0	0	0	0	0	0	0	0	0	0	0	0	0	0	0	0	0	0	0	0	0	0	0	0	0	0	0	0	0	0	0	0	0	0	0	0	0	0	0	0	0	0	0
%%%	-0.067000	-0.035000	-0.004000	0.027000	0.074000	0.105000	0.136000	0.167000	0.199000	0.230000	0.261000	0.308000	0.339000	0.370000	0.401000	0.433000	0.464000	0.495000	0.526000	0.573000	0.604000	0.635000	0.667000	0.698000	0.729000	0.760000	0.807000	0.838000	0.869000	0.901000	0.932000	0.963000	0.994000	1.025000	1.072000	1.103000	1.135000	1.166000	1.197000	1.228000	1.259000	1.306000	1.337000	1.369000	1.400000	1.431000	1.462000	1.493000	1.540000	1.571000	1.603000	1.634000	1.665000	1.696000	1.727000	1.759000	1.805000	1.837000	1.868000	1.899000	1.930000	1.961000	1.993000	2.039000	2.071000	2.102000	2.133000	2.164000	2.195000	2.227000	2.273000	2.305000	2.336000	2.367000	2.398000	2.429000	2.461000	2.492000	2.539000	2.570000	2.601000	2.632000	2.663000	2.695000	2.726000	2.773000	2.804000	2.835000	2.866000	2.897000	2.929000	2.960000	3.007000	3.038000	3.069000	3.100000	3.131000	3.163000	3.194000	3.225000	3.272000	3.303000	3.334000	3.365000	3.397000	3.428000	3.459000	3.506000	3.537000	3.568000	3.599000	3.631000	3.662000	3.693000	3.724000	3.771000	3.802000	3.833000	3.865000	3.896000	3.927000	3.958000	4.005000	4.036000	4.067000	4.099000	4.130000	4.161000	4.192000	4.239000	4.270000	4.301000	4.333000	4.364000	4.395000	4.426000	4.457000	4.504000	4.535000	4.567000	4.598000	4.629000	4.660000	4.691000	4.738000	4.769000	4.801000	4.832000	4.863000	4.894000	4.925000	4.972000	5.003000	5.035000	5.066000	5.097000	5.128000	5.159000	5.191000	5.237000	5.269000	5.300000	5.331000	5.362000	5.393000	5.425000	5.471000	5.503000	5.534000	5.565000	5.596000	5.627000	5.659000	5.705000	5.737000	5.768000	5.799000	5.830000	5.861000	5.893000	5.924000	5.971000	6.002000	6.033000	6.064000	6.095000	6.127000	6.158000	6.205000	6.236000	6.267000	6.298000	6.329000	6.361000	6.392000	6.423000	6.470000	6.501000	6.532000	6.563000	6.595000	6.626000	6.657000	6.704000	6.735000	6.766000	6.797000	6.829000	6.860000	6.891000	6.938000	6.969000	7.000000	7.031000	7.063000	7.094000	7.125000	7.156000	7.203000	7.234000	7.265000	7.297000	7.328000	7.359000	7.390000	7.437000	7.468000	7.499000	7.531000	7.562000	7.593000	7.624000	7.655000	7.702000	7.733000	7.765000	7.796000	7.827000	7.858000	7.889000	7.936000	7.967000	7.999000	8.030000	8.061000	8.092000	8.123000	8.170000	8.201000	8.233000	8.264000	8.295000	8.326000	8.357000	8.389000	8.435000	8.467000	8.498000	8.529000	8.560000	8.591000	8.623000	8.669000	8.701000	8.732000	8.763000	8.794000	8.825000	8.857000	8.903000	8.935000	8.966000	8.997000	9.028000	9.059000	9.091000	9.122000	9.169000	9.200000	9.231000	9.262000	9.293000	9.325000	9.356000	9.403000	9.434000	9.465000	9.496000	9.527000	9.559000	9.590000	9.637000	9.668000	9.699000	9.730000	9.761000	9.793000	9.824000	9.855000	9.902000	9.933000	9.964000	9.995000	10.027000	10.058000	10.089000	10.136000	10.167000	10.198000	10.229000	10.261000	10.292000	10.323000	10.370000	10.401000	10.432000	10.463000	10.495000	10.526000	10.557000	10.588000	10.635000	10.666000	10.697000	10.729000	10.760000	10.791000	10.822000	10.869000	10.900000	10.931000	10.963000	10.994000	11.025000	11.056000	11.103000	11.134000	11.165000	11.197000	11.228000	11.259000	11.290000	11.321000	11.368000	11.399000	11.431000	11.462000	11.493000	11.524000	11.555000	11.587000	11.633000	11.665000	11.696000	11.727000	11.758000	11.789000	11.821000	11.867000	11.899000	11.930000	11.961000	11.992000	12.023000	12.055000	12.101000	12.133000	12.164000	12.195000	12.226000	12.257000	12.289000	12.320000	12.367000	12.398000	12.429000	12.460000	12.491000	12.523000	12.554000	12.601000	12.632000	12.663000	12.694000	12.725000	12.757000	12.788000	12.835000	12.866000	12.897000	12.928000	12.959000	12.991000	13.022000	13.053000	13.100000	13.131000	13.162000	13.193000	13.225000	13.256000	13.287000	13.334000	13.365000	13.396000	13.427000	13.459000	13.490000	13.521000	13.568000	13.599000	13.630000	13.661000	13.693000	13.724000	13.755000	13.786000	13.833000	13.864000	13.895000	13.927000	13.958000	13.989000	14.020000	14.067000	14.098000	14.129000	14.161000	14.192000	14.223000	14.254000	14.301000	14.332000	14.363000	14.395000	14.426000	14.457000	14.488000	14.519000	14.566000	14.597000	14.629000	14.660000	14.691000	14.722000	14.753000	14.800000	14.831000	14.863000	14.894000	14.925000	14.956000	14.987000	15.034000	15.065000	15.097000	15.128000	15.159000	15.190000	15.221000	15.253000	15.299000	15.331000	15.362000	15.393000	15.424000	15.455000	15.487000	15.518000	15.565000	15.596000	15.627000	15.658000	15.689000	15.721000	15.752000	15.799000	15.830000	15.861000	15.892000	15.923000	15.955000	15.986000	16.033000	16.064000	16.095000	16.126000	16.157000	16.189000	16.220000	16.251000	16.298000	16.329000	16.360000	16.391000	16.423000	16.454000	16.485000	16.532000	16.563000	16.594000	16.625000	16.657000	16.688000	16.719000	16.766000	16.797000	16.828000	16.859000	16.891000	16.922000	16.953000	16.984000	17.031000	17.062000	17.093000	17.125000	17.156000	17.187000	17.218000	17.265000	17.296000	17.327000	17.359000	17.390000	17.421000	17.452000	17.499000	17.530000	17.561000	17.593000	17.624000	17.655000	17.686000	17.717000	17.764000	17.795000	17.827000	17.858000	17.889000	17.920000	17.951000
%%%	13.913043	13.913043	13.913043	13.913043	13.913043	13.913043	13.913043	13.913043	13.913043	13.913043	13.913043	13.913043	13.913043	13.913043	13.913043	13.913043	13.913043	13.913043	13.913043	13.913043	13.913043	13.913043	13.913043	13.913043	13.913043	13.913043	13.913043	13.913043	13.913043	13.913043	13.913043	13.913043	13.913043	13.913043	13.913043	13.913043	13.913043	13.913043	13.913043	13.913043	13.913043	13.913043	13.913043	13.913043	13.913043	13.913043	13.913043	13.913043	13.913043	13.913043	13.913043	13.913043	13.913043	13.913043	13.913043	13.913043	13.913043	13.913043	13.913043	13.913043	13.913043	13.913043	13.913043	13.913043	13.913043	13.913043	13.913043	13.913043	13.913043	13.913043	13.913043	13.913043	13.913043	13.913043	13.913043	13.913043	13.913043	13.913043	13.913043	13.913043	13.913043	13.913043	13.913043	13.913043	13.913043	13.913043	13.913043	13.913043	13.913043	13.913043	13.913043	13.913043	13.913043	13.913043	13.913043	13.913043	13.913043	13.913043	13.913043	13.913043	13.913043	13.913043	13.913043	13.913043	13.913043	13.913043	13.913043	13.913043	13.913043	13.913043	13.913043	13.913043	13.913043	13.913043	13.913043	13.913043	13.913043	13.913043	13.913043	13.913043	13.913043	13.913043	13.913043	13.913043	13.913043	13.913043	13.913043	13.913043	13.913043	13.913043	13.913043	13.913043	13.913043	13.913043	13.913043	13.913043	13.913043	13.913043	13.913043	13.913043	13.913043	13.913043	13.913043	13.913043	13.913043	13.913043	13.913043	13.913043	13.913043	13.913043	13.913043	13.913043	13.913043	13.913043	13.913043	13.913043	13.913043	13.913043	13.913043	13.913043	13.913043	13.913043	13.913043	13.913043	13.913043	13.913043	13.913043	13.913043	13.913043	13.913043	13.913043	13.913043	13.913043	13.913043	13.913043	13.913043	13.913043	13.913043	13.913043	13.913043	13.913043	13.913043	13.913043	13.913043	13.913043	13.913043	13.913043	13.913043	13.913043	13.913043	13.913043	13.913043	13.913043	13.913043	13.913043	13.913043	13.913043	13.913043	13.913043	13.913043	13.913043	13.913043	13.913043	13.913043	13.913043	13.913043	13.913043	13.913043	13.913043	13.913043	13.913043	13.913043	13.913043	13.913043	13.913043	13.913043	13.913043	13.913043	13.913043	13.913043	13.913043	13.913043	13.913043	13.913043	13.913043	13.913043	13.913043	13.913043	13.913043	13.913043	13.913043	13.913043	13.913043	13.913043	13.913043	13.913043	13.913043	13.913043	13.913043	13.913043	13.913043	13.913043	13.913043	13.913043	13.913043	13.913043	13.913043	13.913043	13.913043	13.913043	13.913043	13.913043	13.913043	13.913043	13.913043	13.913043	13.913043	13.913043	13.913043	13.913043	13.913043	13.913043	13.913043	13.913043	13.913043	13.913043	13.913043	13.913043	13.913043	13.913043	13.913043	13.913043	13.913043	13.913043	13.913043	13.913043	13.913043	13.913043	13.913043	13.913043	13.913043	13.913043	13.913043	13.913043	13.913043	13.913043	13.913043	13.913043	13.913043	13.913043	13.913043	13.913043	13.913043	13.913043	13.913043	13.913043	13.913043	13.913043	13.913043	13.913043	13.913043	13.913043	13.913043	13.913043	13.913043	13.913043	13.913043	13.913043	13.913043	13.913043	13.913043	13.913043	13.913043	13.913043	13.913043	13.913043	13.913043	13.913043	13.913043	13.913043	13.913043	13.913043	13.913043	13.913043	13.913043	13.913043	13.913043	13.913043	13.913043	13.913043	13.913043	13.913043	13.913043	13.913043	13.913043	13.913043	13.913043	13.913043	13.913043	13.913043	13.913043	13.913043	13.913043	13.913043	13.913043	13.913043	13.913043	13.913043	13.913043	13.913043	13.913043	13.913043	13.913043	13.913043	13.913043	13.913043	13.913043	13.913043	13.913043	13.913043	13.913043	13.913043	13.913043	13.913043	13.913043	13.913043	13.913043	13.913043	13.913043	13.913043	13.913043	13.913043	13.913043	13.913043	13.913043	13.913043	13.913043	13.913043	13.913043	13.913043	13.913043	13.913043	13.913043	13.913043	13.913043	13.913043	13.913043	13.913043	13.913043	13.913043	13.913043	13.913043	13.913043	13.913043	13.913043	13.913043	13.913043	13.913043	13.913043	13.913043	13.913043	13.913043	13.913043	13.913043	13.913043	13.913043	13.913043	13.913043	13.913043	13.913043	13.913043	13.913043	13.913043	13.913043	13.913043	13.913043	13.913043	13.913043	13.913043	13.913043	13.913043	13.913043	13.913043	13.913043	13.913043	13.913043	13.913043	13.913043	13.913043	13.913043	13.913043	13.913043	13.913043	13.913043	13.913043	13.913043	13.913043	13.913043	13.913043	13.913043	13.913043	13.913043	13.913043	13.913043	13.913043	13.913043	13.913043	13.913043	13.913043	13.913043	13.913043	13.913043	13.913043	13.913043	13.913043	13.913043	13.913043	13.913043	13.913043	13.913043	13.913043	13.913043	13.913043	13.913043	13.913043	13.913043	13.913043	13.913043	13.913043	13.913043	13.913043	13.913043	13.913043	13.913043	13.913043	13.913043	13.913043	13.913043	13.913043	13.913043	13.913043	13.913043	13.913043	13.913043	13.913043	13.913043	13.913043	13.913043	13.913043	13.913043	13.913043	13.913043	13.913043	13.913043	13.913043	13.913043	13.913043	13.913043	13.913043	13.913043	13.913043	13.913043	13.913043	13.913043	13.913043	13.913043	13.913043	13.913043	13.913043	13.913043	13.913043	13.913043	13.913043	13.913043	13.913043	13.913043	13.913043	13.913043	13.913043	13.913043	13.913043	13.913043	13.913043	13.913043	13.913043	13.913043	13.913043	13.913043	13.913043	13.913043	13.913043	13.913043	13.913043	13.913043	13.913043	13.913043	13.913043	13.913043	13.913043	13.913043	13.913043	13.913043
%%%	Pulse Index	Stimulus Section Index	Stimulus Section Start Index	Stimulus Section End Index	Pupil Stimulated: 0 = Right, 1 = Left, 2 = Both	Light Metric: 0 = Photopic, 1 = Scopotic, 2 = Radiometric	Stimulus Start Time	Stimulus Duration	Stimulus Pulse Duration	Right Pulse Max Level	Right Pulse Max Color (0123 = WRGB)	Right Pulse Min Level	Right Pulse Min Color (0123 = WRGB)	Left Pulse Max Level	Left Pulse Max Color (0123 = WRGB)	Left Pulse Min Level	Left Pulse Min Color (0123 = WRGB)	Right Data Input Type (0 == RAW DATA, 1 == FITTED DATA, 2 == M. OVERRIDED)	Right ANALYSIS STATE (0 == ABNORMAL, 1 == NORMAL)	Right MAX (mm) (EMPTY if INVALID)	Right MIN (mm) (EMPTY if INVALID)	Right DELTA (mm) (EMPTY if INVALID)	Right CH (%) (EMPTY if INVALID)	Right LAT (sec) (EMPTY if INVALID)	Right CV (mm/s) (EMPTY if INVALID)	Right MCV (mm/s) (EMPTY if INVALID)	Right DV (mm/s) (EMPTY if INVALID)	Left Data Input Type (0 == RAW DATA, 1 == FITTED DATA, 2 == M. OVERRIDED)	Left ANALYSIS STATE (0 == ABNORMAL, 1 == NORMAL)	Left MAX (mm) (EMPTY if INVALID)	Left MIN (mm) (EMPTY if INVALID)	Left DELTA (mm) (EMPTY if INVALID)	Left CH (%) (EMPTY if INVALID)	Left LAT (sec) (EMPTY if INVALID)	Left CV (mm/s) (EMPTY if INVALID)	Left MCV (mm/s) (EMPTY if INVALID)	Left DV (mm/s) (EMPTY if INVALID)
%%%	0	0	18	542	0	0	0.51	17.52	0.51	31625.17	1	0.00	1	0.00	1	0.00	1	0	0	0.00	0.00			0.00	0.00	0.00	0.00	0	0	0.00	0.00			0.00	0.00	0.00	0.00
%%%%%%%%%
%%%%%%%%%
%%%%%%%%%
<\SESSION>
