<SESSION>
<VERSION>
2
<\VERSION>
<DATE>
2017-10-31 12:04:08
<\DATE>
<SUBJECT-ID>
C57BL6-28.09.17-DA-1mois-M2-1.2r
<\SUBJECT-ID>
<NOTE>

<\NOTE>
<MIN-MAX-PLOT>
0.100000 51880.761719
<\MIN-MAX-PLOT>
<STIMULUS-DEFINED>
Default
Default Human Relative Spectral Sensitivity
1	0
1	0.500000	0.500000	17.000000	1	1	1.200000	-100.000000	0.100000	-100.000000	0
<\STIMULUS-DEFINED>
<STIMULUS-GENERATED>
4
0	0	0.000000	1	0.000000	0.000000	1	0.000000	0.000000
0	1	0.509000	1	0.065221	15.983889	1	0.000000	0.000000
0	4	1.018000	1	0.000000	0.000000	1	0.000000	0.000000
-1	5	18.027000	0	0.000000	0.000000	0	0.000000	0.000000
<\STIMULUS-GENERATED>
<RIGHT-PUPIL-DATA>
542	1
1	-0.051000	1.321739	216.000000	245.500000
1	-0.020000	1.257102	218.912506	244.449554
1	0.011000	1.292464	219.087494	245.912506
1	0.043000	1.260145	219.156250	246.268738
1	0.074000	1.252174	218.000000	243.500000
1	0.121000	1.296377	217.343842	246.006256
1	0.152000	1.252174	216.000000	245.500000
1	0.183000	1.255942	217.562500	244.562500
1	0.214000	1.252174	216.000000	245.500000
1	0.245000	1.272754	216.837494	244.037506
1	0.277000	1.269710	216.743744	244.193756
1	0.308000	1.275942	217.287506	245.287506
1	0.355000	1.300580	218.187500	244.375000
1	0.386000	1.287536	218.200012	247.950012
1	0.417000	1.263623	217.456238	248.156250
1	0.448000	1.252174	216.000000	247.500000
1	0.479000	1.252029	218.006256	251.506256
1	0.511000	1.255942	217.562500	248.562500
1	0.542000	1.238116	217.806244	249.806244
1	0.573000	1.275362	218.250000	250.250000
1	0.620000	1.274638	217.718750	248.668762
1	0.651000	1.263768	218.000000	252.500000
1	0.682000	1.283768	219.962494	249.537506
1	0.713000	1.256667	217.556244	250.443756
1	0.745000	1.257536	218.818756	249.681244
1	0.776000	1.252174	220.000000	249.500000
1	0.807000	1.257681	219.662506	250.949982
1	0.854000	1.228841	219.093750	249.406250
1	0.885000	1.211884	218.912506	250.412506
1	0.916000	1.212464	218.312500	251.812500
1	0.947000	1.159420	218.000000	247.500000
0	0.979000	1.136232	220.000000	249.500000
1	1.010000	1.228985	216.000000	249.500000
1	1.041000	1.094493	217.225006	249.662506
1	1.088000	1.132029	217.281250	250.906250
1	1.119000	1.089710	217.843750	249.156250
1	1.150000	1.101449	216.000000	247.500000
1	1.181000	1.089710	217.406250	250.843750
1	1.213000	1.128116	217.337494	247.462494
1	1.244000	1.092464	217.212494	247.962494
1	1.275000	1.083188	217.424988	248.500000
1	1.306000	1.095072	217.799988	247.362488
1	1.353000	1.086377	219.500000	250.375000
1	1.384000	1.091304	217.875000	249.375000
1	1.415000	1.089855	219.000000	248.500000
1	1.447000	1.124638	218.000000	250.500000
1	1.478000	1.065797	217.312500	250.262512
1	1.509000	1.111884	218.475006	249.975006
1	1.540000	1.144058	219.437500	250.549988
1	1.587000	1.113043	218.500000	248.000000
1	1.618000	1.089855	221.000000	248.500000
1	1.649000	1.118841	219.000000	248.500000
0	1.681000	1.136232	220.000000	245.500000
1	1.712000	1.146812	218.743744	249.543732
1	1.743000	1.182609	218.500000	249.000000
1	1.774000	1.189855	218.500000	248.375000
1	1.821000	1.117971	220.937500	249.187500
1	1.852000	1.182609	220.500000	249.000000
1	1.883000	1.205797	220.000000	247.500000
1	1.915000	1.204493	220.256256	248.681244
1	1.946000	1.179275	220.318756	249.006256
1	1.977000	1.161449	219.187500	247.187500
1	2.008000	1.213623	220.062500	247.875000
1	2.039000	1.183333	220.518738	246.018738
1	2.086000	1.167536	221.199982	244.537567
1	2.117000	1.197246	222.093750	243.593750
1	2.149000	1.223188	222.000000	242.500000
1	2.180000	1.225073	222.006256	240.256256
0	2.211000	1.136232	224.000000	241.500000
1	2.242000	1.183768	222.274994	241.587494
1	2.273000	1.209275	222.375000	242.812500
1	2.320000	1.181594	222.381256	245.006256
0	2.351000	1.275362	223.000000	242.500000
0	2.383000	1.192319	222.131256	241.918732
1	2.414000	1.148840	221.893738	241.693726
0	2.445000	1.136232	224.000000	237.500000
1	2.476000	1.149275	223.012512	242.987488
1	2.507000	1.228985	220.000000	241.500000
1	2.539000	1.233623	221.850006	241.225006
1	2.585000	1.200580	222.962463	245.687500
0	2.617000	1.136232	224.000000	241.500000
1	2.648000	1.182609	223.000000	244.500000
1	2.679000	1.181014	224.581299	246.031250
1	2.710000	1.183623	223.943756	244.743744
1	2.741000	1.220145	223.031250	243.968750
1	2.773000	1.237971	221.787506	243.550018
1	2.819000	1.194203	223.000000	242.500000
1	2.851000	1.217391	223.375000	243.875000
1	2.882000	1.182754	222.493744	242.493744
1	2.913000	1.268551	221.881256	240.756256
1	2.944000	1.173333	222.700012	243.125000
1	2.975000	1.251449	222.018738	240.518738
1	3.007000	1.257246	221.581238	240.581238
1	3.053000	1.216812	221.250000	241.500000
1	3.085000	1.200725	220.768738	238.768738
1	3.116000	1.228985	221.500000	241.000000
1	3.147000	1.222754	221.993744	239.381256
0	3.178000	1.136232	224.000000	237.500000
0	3.209000	1.212464	220.312500	242.812500
1	3.241000	1.248406	221.562500	240.562500
1	3.272000	1.200000	220.950012	241.400024
1	3.319000	1.253768	220.281250	242.593750
1	3.350000	1.189710	220.218750	240.843750
1	3.381000	1.238406	220.812500	241.625000
1	3.412000	1.177101	219.712494	240.537506
1	3.443000	1.194638	220.131256	238.868744
0	3.475000	1.228985	224.000000	241.500000
1	3.506000	1.159275	220.406250	239.343750
0	3.553000	1.203768	220.737488	238.312500
1	3.584000	1.194058	218.743835	240.156311
1	3.615000	1.196377	220.143738	239.731262
1	3.646000	1.139855	221.125000	239.187500
0	3.677000	1.089855	221.000000	238.500000
1	3.709000	1.142754	220.456238	238.906250
1	3.740000	1.155797	219.643738	240.643738
1	3.787000	1.194058	220.406250	241.843750
1	3.818000	1.146812	219.743744	241.631256
1	3.849000	1.148986	218.712494	243.512482
1	3.880000	1.182029	220.250000	243.375000
1	3.911000	1.131594	220.050018	241.725006
1	3.943000	1.161304	219.906250	241.656250
0	3.974000	1.228985	216.000000	241.500000
1	4.005000	1.207681	220.418732	241.243744
0	4.052000	1.192464	222.149994	243.649994
1	4.083000	1.177101	221.037506	245.649994
1	4.114000	1.184638	220.587494	246.587494
1	4.145000	1.162899	221.475006	246.199982
1	4.177000	1.182609	221.000000	246.500000
1	4.208000	1.182609	220.750000	245.750000
1	4.239000	1.158116	220.706238	244.206238
1	4.286000	1.138551	220.437500	243.625000
1	4.317000	1.228985	220.000000	245.500000
1	4.348000	1.140145	218.868744	244.381256
1	4.379000	1.171015	218.750000	242.750000
1	4.411000	1.145362	218.918671	244.743805
1	4.442000	1.136232	220.000000	245.500000
1	4.473000	1.180435	218.368744	242.993744
1	4.504000	1.159420	217.500000	246.000000
1	4.551000	1.167246	218.462494	243.862518
1	4.582000	1.131594	217.024994	244.100006
1	4.613000	1.188406	218.000000	244.500000
1	4.645000	1.147246	218.250000	243.625000
1	4.676000	1.136232	218.500000	243.000000
1	4.707000	1.228985	216.000000	245.500000
1	4.738000	1.174493	217.875000	244.625000
1	4.785000	1.167971	218.218750	245.218750
1	4.816000	1.155797	218.643738	243.668762
1	4.847000	1.200000	218.875000	243.875000
1	4.879000	1.182609	218.500000	245.000000
1	4.910000	1.173913	220.000000	239.500000
1	4.941000	1.101015	221.068756	243.131256
1	4.972000	1.180145	220.693756	242.993744
1	5.019000	1.161594	221.331238	241.906250
1	5.050000	1.182609	223.000000	244.500000
1	5.081000	1.150580	220.656250	241.968750
1	5.113000	1.182609	221.000000	240.500000
1	5.144000	1.136232	221.500000	245.000000
1	5.175000	1.161884	220.631256	244.506256
1	5.206000	1.156667	220.368744	243.368744
1	5.237000	1.144203	221.406281	246.193756
1	5.284000	1.120145	221.593750	243.418762
1	5.315000	1.168841	220.793762	243.418762
1	5.347000	1.128551	221.331238	244.056274
1	5.378000	1.140725	220.393738	242.406250
1	5.409000	1.131449	219.743744	243.743744
1	5.440000	1.114203	221.475006	244.399994
1	5.471000	1.136232	220.000000	241.500000
1	5.518000	1.118986	222.093750	243.093750
1	5.549000	1.138406	220.206238	242.793762
1	5.581000	1.115217	220.000000	239.625000
1	5.612000	1.157246	220.593750	241.731262
1	5.643000	1.182609	220.750000	241.750000
0	5.674000	1.228985	224.000000	241.500000
1	5.705000	1.122899	219.600006	243.962494
1	5.752000	1.168116	218.750000	241.750000
1	5.783000	1.113043	219.500000	242.000000
1	5.815000	1.165362	219.868744	243.243744
1	5.846000	1.146812	220.256256	240.743744
1	5.877000	1.147826	221.250000	241.750000
1	5.908000	1.124058	219.399994	242.399994
1	5.939000	1.117971	219.562500	239.062500
1	5.971000	1.132029	219.268738	239.056274
1	6.017000	1.151160	218.606232	241.056244
1	6.049000	1.131014	219.700012	237.500000
1	6.080000	1.131594	218.725006	240.475006
1	6.111000	1.173623	218.562500	238.062500
1	6.142000	1.138841	219.399994	236.787506
1	6.173000	1.131014	219.250000	237.700012
1	6.205000	1.228985	220.000000	237.500000
1	6.251000	1.146812	219.106232	236.443756
1	6.283000	1.136232	216.000000	237.500000
1	6.314000	1.178985	218.643738	234.643738
1	6.345000	1.198840	220.350006	236.649994
1	6.376000	1.141449	220.149994	236.449982
1	6.407000	1.165217	220.000000	235.000000
1	6.439000	1.197246	221.718750	237.906250
1	6.470000	1.157681	220.587494	234.712494
1	6.517000	1.202029	219.274994	233.962494
1	6.548000	1.178406	220.556244	237.556244
1	6.579000	1.159420	219.500000	235.000000
1	6.610000	1.182609	219.500000	237.000000
1	6.641000	1.228985	220.000000	241.500000
1	6.673000	1.154203	217.975006	236.725006
1	6.704000	1.171015	220.424988	237.700012
1	6.751000	1.151160	219.318756	236.943756
1	6.782000	1.159420	218.250000	236.250000
1	6.813000	1.183768	220.024994	237.712494
1	6.844000	1.222319	219.750000	238.562500
1	6.875000	1.182609	219.500000	240.000000
1	6.907000	1.182609	220.500000	240.000000
1	6.938000	1.205797	218.000000	237.500000
1	6.985000	1.194058	218.406250	238.206238
1	7.016000	1.205507	218.037506	235.712494
1	7.047000	1.181449	217.712494	237.024994
1	7.078000	1.211594	218.000000	237.500000
1	7.109000	1.203333	218.431244	233.968781
1	7.141000	1.194493	218.587494	235.412506
1	7.172000	1.182609	219.000000	236.500000
1	7.203000	1.200145	218.743744	231.743744
1	7.250000	1.159420	218.000000	235.500000
1	7.281000	1.200000	219.000000	234.500000
1	7.312000	1.215797	218.093750	232.406250
1	7.343000	1.220290	218.562500	234.437500
1	7.375000	1.195507	219.856323	231.581238
1	7.406000	1.231159	219.706238	231.043762
1	7.437000	1.200580	220.312500	233.799988
1	7.484000	1.204203	219.993744	232.068756
1	7.515000	1.194058	219.593750	229.843750
1	7.546000	1.194058	218.406250	233.406250
0	7.577000	1.182609	219.375000	229.625000
1	7.609000	1.197101	219.799988	230.637512
1	7.640000	1.194638	219.868744	231.118744
1	7.671000	1.185942	220.556244	228.756256
1	7.718000	1.173768	221.381256	227.618744
1	7.749000	1.182609	221.000000	228.500000
1	7.780000	1.252174	220.250000	226.750000
1	7.811000	1.229855	219.812500	226.062500
1	7.843000	1.194203	220.625000	228.625000
1	7.874000	1.207971	219.706238	227.768738
1	7.905000	1.205797	220.000000	227.500000
1	7.936000	1.207681	222.256256	229.256256
1	7.983000	1.205797	222.000000	227.500000
1	8.014000	1.204203	222.693756	228.306244
1	8.045000	1.136232	224.000000	229.500000
1	8.077000	1.178841	222.625000	228.949951
1	8.108000	1.144203	223.106262	230.206238
1	8.139000	1.182609	223.000000	230.500000
1	8.170000	1.192899	222.543762	229.581238
0	8.217000	1.166377	224.350006	229.850006
1	8.248000	1.195072	224.812500	230.437500
0	8.279000	1.185942	224.493744	229.556244
1	8.311000	1.199855	224.368744	229.243744
1	8.342000	1.173768	224.068756	231.618744
1	8.373000	1.159420	224.000000	229.500000
1	8.404000	1.155072	222.750000	229.375000
1	8.451000	1.182609	225.000000	230.500000
1	8.482000	1.173188	222.356262	229.893738
1	8.513000	1.228985	224.000000	229.500000
1	8.545000	1.171449	224.381256	230.793732
1	8.576000	1.153768	224.643768	228.993744
1	8.607000	1.205797	224.000000	231.500000
1	8.638000	1.177246	224.681244	232.681244
1	8.669000	1.131449	225.256256	231.743744
1	8.716000	1.205797	226.000000	233.500000
1	8.747000	1.192464	224.149994	231.850006
1	8.779000	1.182609	225.000000	230.500000
1	8.810000	1.168551	224.756256	232.806244
0	8.841000	1.159275	224.856262	231.343750
1	8.872000	1.138986	225.368744	232.368744
1	8.903000	1.174203	224.400024	235.162476
0	8.950000	1.228985	228.000000	233.500000
1	8.981000	1.185797	224.537506	232.524994
1	9.013000	1.152754	224.687500	234.375000
1	9.044000	1.148551	227.081238	232.656250
1	9.075000	1.132029	225.281250	235.718750
1	9.106000	1.154203	225.024994	234.350006
1	9.137000	1.169420	225.556244	233.818756
1	9.169000	1.152464	225.674988	234.000000
1	9.215000	1.173913	224.500000	233.000000
1	9.247000	1.183768	223.587494	232.725006
1	9.278000	1.115797	223.481262	234.968750
1	9.309000	1.124638	224.250000	232.250000
1	9.340000	1.151594	223.987488	231.687500
1	9.371000	1.118986	225.781250	233.031250
1	9.403000	1.132029	225.093750	233.156250
1	9.449000	1.170725	226.774994	234.412506
1	9.481000	1.124638	226.250000	235.250000
1	9.512000	1.089855	225.000000	234.500000
1	9.543000	1.126232	228.693756	235.443756
1	9.574000	1.109275	227.812500	233.812500
1	9.605000	1.228985	228.000000	229.500000
0	9.637000	1.133333	231.299988	236.075012
0	9.683000	1.170145	230.562500	231.437500
1	9.715000	1.146812	231.506256	231.256256
1	9.746000	1.111160	231.193665	236.031311
1	9.777000	1.124638	231.093750	232.968750
1	9.808000	1.166377	230.162506	235.725006
1	9.839000	1.153768	230.343750	237.018738
1	9.871000	1.154928	229.593750	234.031250
1	9.902000	1.099420	229.799988	237.687500
1	9.949000	1.114203	229.475006	233.149994
1	9.980000	1.142029	228.500000	233.000000
1	10.011000	1.111160	228.893738	238.868591
1	10.042000	1.083188	229.487488	236.487488
1	10.073000	1.113043	227.500000	236.000000
1	10.105000	1.132029	228.906250	236.406250
1	10.136000	1.079275	228.006256	234.443756
1	10.183000	1.090290	229.318756	235.181244
1	10.214000	1.114203	227.975006	234.475006
1	10.245000	1.113043	227.500000	233.000000
1	10.276000	1.064203	228.243744	234.743744
1	10.307000	1.014638	229.718750	235.906250
1	10.339000	1.101884	227.743744	233.318756
1	10.370000	1.133333	228.700012	235.737488
0	10.401000	1.043478	228.000000	233.500000
1	10.448000	1.098841	227.287506	231.824982
1	10.479000	1.095072	229.625000	233.250000
1	10.510000	1.148406	227.687500	231.000000
1	10.541000	1.134058	227.793762	231.231262
1	10.573000	1.164638	228.500000	231.812500
1	10.604000	1.160290	228.674988	229.687500
1	10.635000	1.161449	227.875000	231.299988
0	10.682000	1.089855	229.000000	232.500000
1	10.713000	1.142464	227.431244	232.193756
1	10.744000	1.138551	227.424988	232.662476
1	10.775000	1.138841	226.787537	232.024902
1	10.807000	1.129710	227.506226	229.268738
1	10.838000	1.141449	227.600006	230.100006
1	10.869000	1.114493	227.487488	231.125000
1	10.916000	1.152029	227.993744	228.943756
1	10.947000	1.182609	227.000000	230.500000
1	10.978000	1.175362	227.625000	229.625000
1	11.009000	1.141449	228.149994	229.600006
1	11.041000	1.098841	227.287506	233.712494
1	11.072000	1.141449	227.399994	232.449982
1	11.103000	1.094493	228.212494	232.649994
1	11.134000	1.151160	228.506256	233.306244
1	11.181000	1.117971	229.062500	233.375000
1	11.212000	1.166667	229.762512	234.262512
1	11.243000	1.136232	229.000000	234.500000
1	11.275000	1.181449	228.475006	232.975006
1	11.306000	1.119856	230.143707	235.918549
1	11.337000	1.124638	229.250000	234.250000
1	11.368000	1.089855	231.000000	234.500000
1	11.415000	1.153768	229.406250	234.581238
0	11.446000	1.228985	228.000000	233.500000
1	11.477000	1.136377	230.468750	234.218750
1	11.509000	1.228985	232.000000	233.500000
1	11.540000	1.147681	228.756256	233.543732
1	11.571000	1.151160	229.306244	232.056244
0	11.602000	1.089855	229.000000	230.500000
1	11.649000	1.089855	229.000000	234.500000
1	11.680000	1.205797	230.000000	233.500000
1	11.711000	1.114203	229.524994	233.149994
1	11.743000	1.146812	230.743744	233.006256
1	11.774000	1.138406	229.293762	232.206238
1	11.805000	1.089855	229.000000	232.500000
1	11.836000	1.163623	229.156219	232.193695
1	11.867000	1.149275	227.656250	232.656250
1	11.914000	1.151594	227.687500	232.312500
1	11.945000	1.119276	229.443604	233.956299
1	11.977000	1.150290	228.206268	233.306244
1	12.008000	1.182609	227.000000	232.500000
1	12.039000	1.139710	228.812500	233.174988
1	12.070000	1.122754	229.006256	232.818756
1	12.101000	1.131014	229.500000	232.500000
1	12.148000	1.101449	229.750000	234.750000
1	12.179000	1.114058	229.006256	234.506256
1	12.211000	1.100725	229.331238	234.668762
1	12.242000	1.118986	228.956238	234.906250
1	12.273000	1.136232	229.000000	232.500000
1	12.304000	1.136232	230.750000	232.250000
1	12.335000	1.089855	229.000000	232.500000
1	12.382000	1.105507	227.850006	230.725006
1	12.413000	1.089855	229.000000	232.500000
1	12.445000	1.137101	227.212494	230.362518
1	12.476000	1.148551	228.268768	228.943756
1	12.507000	1.062029	228.725006	233.274994
1	12.538000	1.133768	226.806244	230.806244
1	12.569000	1.090290	227.631256	229.068756
1	12.601000	1.133768	227.506256	229.193756
1	12.647000	1.114638	227.531250	229.843750
1	12.679000	1.064203	229.193756	229.743744
1	12.710000	1.101594	229.718750	232.906250
1	12.741000	1.083623	229.056244	233.943756
1	12.772000	1.108116	227.750000	234.062500
1	12.803000	1.098985	227.743744	232.743744
1	12.835000	1.077536	228.018738	233.256226
1	12.881000	1.118406	229.068756	232.056244
1	12.913000	1.131014	227.299988	229.875000
1	12.944000	1.101159	229.162506	232.287506
1	12.975000	1.123333	228.593750	230.968750
1	13.006000	1.114058	228.506256	231.506256
1	13.037000	1.078841	228.000000	232.000000
1	13.069000	1.120580	227.037506	229.412506
1	13.115000	1.124638	228.000000	232.500000
1	13.147000	1.136232	229.000000	232.500000
1	13.178000	1.090725	227.312500	230.812500
1	13.209000	1.153623	228.500000	232.000000
0	13.240000	1.762319	236.000000	239.500000
1	13.271000	1.146232	226.718750	229.718750
1	13.303000	1.114203	228.524994	232.149994
1	13.334000	1.129710	226.268738	230.281250
1	13.381000	1.082029	227.562500	229.487488
1	13.412000	1.081015	227.468750	229.531250
1	13.443000	1.107246	227.000000	228.500000
1	13.474000	1.111884	226.975006	227.899994
1	13.505000	1.168406	227.087494	227.774994
1	13.537000	1.124638	227.000000	226.500000
1	13.568000	1.104928	224.625000	229.250000
1	13.615000	1.089855	225.000000	226.500000
1	13.646000	1.067536	223.837494	229.287506
1	13.677000	1.124638	225.000000	230.500000
1	13.708000	1.078841	224.000000	229.500000
1	13.739000	1.118841	225.062500	230.437500
1	13.771000	1.078261	226.000000	231.500000
1	13.802000	1.081594	225.556244	229.443756
1	13.849000	1.068841	224.893738	232.843750
1	13.880000	1.147826	226.375000	229.875000
1	13.911000	1.078261	224.000000	232.500000
1	13.942000	1.118841	223.500000	233.000000
0	13.973000	1.089855	227.000000	230.500000
1	14.005000	1.078261	226.000000	234.500000
1	14.036000	1.092464	227.324982	234.837494
1	14.067000	1.089855	227.125000	232.875000
1	14.114000	1.089855	227.000000	234.500000
1	14.145000	1.085942	226.931244	233.568756
1	14.176000	1.101449	226.000000	234.500000
1	14.207000	1.228985	224.000000	233.500000
1	14.239000	1.081595	225.543854	231.543732
1	14.270000	1.133333	226.299988	230.700012
1	14.301000	1.104203	225.806244	234.256256
0	14.332000	1.065363	227.743805	230.806183
1	14.379000	1.124638	227.000000	231.500000
1	14.410000	1.114493	226.637512	234.487488
1	14.441000	1.136232	224.000000	233.500000
0	14.473000	1.043478	228.000000	233.500000
1	14.504000	1.156522	228.250000	233.250000
1	14.535000	1.159420	227.500000	232.000000
1	14.566000	1.159420	225.750000	235.250000
1	14.613000	1.043478	228.000000	233.500000
1	14.644000	1.211884	225.662506	234.087494
1	14.675000	1.122754	225.818756	238.618744
1	14.707000	1.184637	224.487640	234.987457
1	14.738000	1.151594	226.312500	236.312500
1	14.769000	1.105507	225.725006	236.100006
1	14.800000	1.113623	225.500000	236.500000
1	14.847000	1.136232	224.000000	237.500000
1	14.878000	1.136232	225.000000	236.500000
1	14.909000	1.101449	226.000000	239.500000
1	14.941000	1.114058	225.493744	238.493744
1	14.972000	1.100145	225.693756	236.693756
0	15.003000	1.089855	225.500000	237.000000
1	15.034000	1.118841	225.000000	235.500000
1	15.065000	1.155942	224.375000	235.049988
1	15.112000	1.142029	224.500000	237.500000
1	15.143000	1.165217	224.625000	233.125000
0	15.175000	1.043478	224.000000	237.500000
1	15.206000	1.089855	225.000000	234.500000
1	15.237000	1.113768	225.018738	233.431274
0	15.268000	1.089855	226.375000	236.375000
1	15.299000	1.072319	226.343750	234.656250
1	15.346000	1.159420	226.500000	234.000000
0	15.377000	1.101594	225.781250	236.906250
1	15.409000	1.091884	226.937500	236.299988
0	15.440000	1.043478	224.000000	237.500000
1	15.471000	1.101594	225.281250	237.156250
1	15.502000	1.113623	225.500000	235.500000
0	15.533000	1.048841	227.943756	238.943756
0	15.580000	1.043478	225.000000	236.500000
1	15.611000	1.113043	226.500000	238.000000
1	15.643000	1.118406	226.368744	239.943756
1	15.674000	1.129855	226.200012	239.700012
1	15.705000	1.113043	226.500000	240.000000
1	15.736000	1.113043	227.500000	239.000000
1	15.767000	1.118841	226.000000	237.500000
1	15.799000	1.079855	227.031250	240.981262
1	15.845000	1.131594	228.324982	238.475006
1	15.877000	1.088551	227.906250	239.093750
1	15.908000	1.119420	227.062622	239.525085
1	15.939000	1.135942	227.462494	238.699982
1	15.970000	1.147826	226.000000	239.500000
1	16.001000	1.131014	226.737488	238.250000
1	16.033000	1.137536	226.343750	237.156250
0	16.079000	1.170145	226.750000	237.437500
0	16.111000	1.151594	226.724976	235.262512
0	16.142000	1.008696	228.000000	236.500000
1	16.173000	1.228985	228.000000	237.500000
1	16.204000	1.113043	225.500000	238.000000
1	16.235000	1.130290	225.306244	238.493744
1	16.267000	1.123333	225.406250	238.418762
1	16.313000	1.162464	224.468750	236.281250
1	16.345000	1.158696	224.318756	236.693756
1	16.376000	1.144204	225.356415	237.743683
1	16.407000	1.182609	227.000000	236.500000
1	16.438000	1.172464	225.887512	237.700012
1	16.469000	1.209275	227.312500	235.812500
1	16.501000	1.154928	226.593750	238.593750
1	16.532000	1.192464	226.149994	237.837494
1	16.579000	1.171159	227.406250	237.906250
1	16.610000	1.228985	224.000000	241.500000
1	16.641000	1.089855	229.000000	240.500000
1	16.672000	1.148551	227.718811	239.768677
1	16.703000	1.162609	228.812500	241.312500
1	16.735000	1.153623	228.375000	241.125000
1	16.766000	1.159855	227.643768	241.318756
1	16.813000	1.168986	228.625000	243.799988
1	16.844000	1.162029	226.462494	241.337494
1	16.875000	1.151160	227.681244	242.693756
0	16.906000	1.043478	228.000000	241.500000
1	16.937000	1.122319	227.562500	241.000000
0	16.969000	1.177246	228.056244	241.631256
0	17.000000	1.228985	228.000000	237.500000
0	17.047000	1.228985	224.000000	237.500000
0	17.078000	1.347246	229.250000	236.000000
1	17.109000	1.176812	227.125000	242.125000
1	17.140000	1.139855	227.643738	242.206238
1	17.171000	1.140290	227.849976	243.174927
1	17.203000	1.231159	227.293762	240.331238
1	17.234000	1.216377	227.543732	242.131256
1	17.265000	1.202754	228.331238	243.968750
1	17.312000	1.228985	228.000000	241.500000
1	17.343000	1.172464	228.593750	245.093750
1	17.374000	1.151449	230.018738	242.918762
1	17.405000	1.116812	229.875000	243.875000
0	17.437000	1.159275	230.531250	243.706238
1	17.468000	1.142754	232.456238	240.093750
1	17.499000	1.185362	230.468750	242.468750
0	17.546000	1.192464	232.587494	243.149994
1	17.577000	1.117971	229.937500	242.562500
1	17.608000	1.167971	231.656250	245.906250
1	17.639000	1.190145	230.837494	244.837494
1	17.671000	1.104203	229.256256	243.868744
1	17.702000	1.201160	230.337494	246.175018
1	17.733000	1.086957	228.906250	242.968750
1	17.780000	1.100725	229.806244	242.693756
1	17.811000	1.136232	230.500000	244.000000
1	17.842000	1.141304	230.281219	241.243744
1	17.873000	1.118986	231.093750	241.906250
1	17.905000	1.136232	233.000000	242.500000
1	17.936000	1.121594	232.043701	242.418701
1	17.967000	1.228985	232.000000	241.500000
<\RIGHT-PUPIL-DATA>
<LEFT-PUPIL-DATA>
543	0
0	-0.066000	13.913043	240.000000	320.000000
0	-0.019000	13.913043	240.000000	320.000000
0	0.012000	13.913043	240.000000	320.000000
0	0.043000	13.913043	240.000000	320.000000
0	0.074000	13.913043	240.000000	320.000000
0	0.105000	13.913043	240.000000	320.000000
0	0.137000	13.913043	240.000000	320.000000
0	0.168000	13.913043	240.000000	320.000000
0	0.215000	13.913043	240.000000	320.000000
0	0.246000	13.913043	240.000000	320.000000
0	0.277000	13.913043	240.000000	320.000000
0	0.308000	13.913043	240.000000	320.000000
0	0.339000	13.913043	240.000000	320.000000
0	0.371000	13.913043	240.000000	320.000000
0	0.402000	13.913043	240.000000	320.000000
0	0.433000	13.913043	240.000000	320.000000
0	0.480000	13.913043	240.000000	320.000000
0	0.511000	13.913043	240.000000	320.000000
0	0.542000	13.913043	240.000000	320.000000
0	0.573000	13.913043	240.000000	320.000000
0	0.605000	13.913043	240.000000	320.000000
0	0.636000	13.913043	240.000000	320.000000
0	0.667000	13.913043	240.000000	320.000000
0	0.714000	13.913043	240.000000	320.000000
0	0.745000	13.913043	240.000000	320.000000
0	0.776000	13.913043	240.000000	320.000000
0	0.807000	13.913043	240.000000	320.000000
0	0.839000	13.913043	240.000000	320.000000
0	0.870000	13.913043	240.000000	320.000000
0	0.901000	13.913043	240.000000	320.000000
0	0.948000	13.913043	240.000000	320.000000
0	0.979000	13.913043	240.000000	320.000000
0	1.010000	13.913043	240.000000	320.000000
0	1.041000	13.913043	240.000000	320.000000
0	1.073000	13.913043	240.000000	320.000000
0	1.104000	13.913043	240.000000	320.000000
0	1.135000	13.913043	240.000000	320.000000
0	1.166000	13.913043	240.000000	320.000000
0	1.213000	13.913043	240.000000	320.000000
0	1.244000	13.913043	240.000000	320.000000
0	1.275000	13.913043	240.000000	320.000000
0	1.307000	13.913043	240.000000	320.000000
0	1.338000	13.913043	240.000000	320.000000
0	1.369000	13.913043	240.000000	320.000000
0	1.400000	13.913043	240.000000	320.000000
0	1.447000	13.913043	240.000000	320.000000
0	1.478000	13.913043	240.000000	320.000000
0	1.509000	13.913043	240.000000	320.000000
0	1.541000	13.913043	240.000000	320.000000
0	1.572000	13.913043	240.000000	320.000000
0	1.603000	13.913043	240.000000	320.000000
0	1.634000	13.913043	240.000000	320.000000
0	1.681000	13.913043	240.000000	320.000000
0	1.712000	13.913043	240.000000	320.000000
0	1.743000	13.913043	240.000000	320.000000
0	1.775000	13.913043	240.000000	320.000000
0	1.806000	13.913043	240.000000	320.000000
0	1.837000	13.913043	240.000000	320.000000
0	1.868000	13.913043	240.000000	320.000000
0	1.899000	13.913043	240.000000	320.000000
0	1.946000	13.913043	240.000000	320.000000
0	1.977000	13.913043	240.000000	320.000000
0	2.009000	13.913043	240.000000	320.000000
0	2.040000	13.913043	240.000000	320.000000
0	2.071000	13.913043	240.000000	320.000000
0	2.102000	13.913043	240.000000	320.000000
0	2.133000	13.913043	240.000000	320.000000
0	2.165000	13.913043	240.000000	320.000000
0	2.211000	13.913043	240.000000	320.000000
0	2.243000	13.913043	240.000000	320.000000
0	2.274000	13.913043	240.000000	320.000000
0	2.305000	13.913043	240.000000	320.000000
0	2.336000	13.913043	240.000000	320.000000
0	2.367000	13.913043	240.000000	320.000000
0	2.399000	13.913043	240.000000	320.000000
0	2.445000	13.913043	240.000000	320.000000
0	2.477000	13.913043	240.000000	320.000000
0	2.508000	13.913043	240.000000	320.000000
0	2.539000	13.913043	240.000000	320.000000
0	2.570000	13.913043	240.000000	320.000000
0	2.601000	13.913043	240.000000	320.000000
0	2.633000	13.913043	240.000000	320.000000
0	2.679000	13.913043	240.000000	320.000000
0	2.711000	13.913043	240.000000	320.000000
0	2.742000	13.913043	240.000000	320.000000
0	2.773000	13.913043	240.000000	320.000000
0	2.804000	13.913043	240.000000	320.000000
0	2.835000	13.913043	240.000000	320.000000
0	2.867000	13.913043	240.000000	320.000000
0	2.898000	13.913043	240.000000	320.000000
0	2.945000	13.913043	240.000000	320.000000
0	2.976000	13.913043	240.000000	320.000000
0	3.007000	13.913043	240.000000	320.000000
0	3.038000	13.913043	240.000000	320.000000
0	3.069000	13.913043	240.000000	320.000000
0	3.101000	13.913043	240.000000	320.000000
0	3.132000	13.913043	240.000000	320.000000
0	3.179000	13.913043	240.000000	320.000000
0	3.210000	13.913043	240.000000	320.000000
0	3.241000	13.913043	240.000000	320.000000
0	3.272000	13.913043	240.000000	320.000000
0	3.303000	13.913043	240.000000	320.000000
0	3.335000	13.913043	240.000000	320.000000
0	3.366000	13.913043	240.000000	320.000000
0	3.413000	13.913043	240.000000	320.000000
0	3.444000	13.913043	240.000000	320.000000
0	3.475000	13.913043	240.000000	320.000000
0	3.506000	13.913043	240.000000	320.000000
0	3.537000	13.913043	240.000000	320.000000
0	3.569000	13.913043	240.000000	320.000000
0	3.600000	13.913043	240.000000	320.000000
0	3.631000	13.913043	240.000000	320.000000
0	3.678000	13.913043	240.000000	320.000000
0	3.709000	13.913043	240.000000	320.000000
0	3.740000	13.913043	240.000000	320.000000
0	3.771000	13.913043	240.000000	320.000000
0	3.803000	13.913043	240.000000	320.000000
0	3.834000	13.913043	240.000000	320.000000
0	3.865000	13.913043	240.000000	320.000000
0	3.912000	13.913043	240.000000	320.000000
0	3.943000	13.913043	240.000000	320.000000
0	3.974000	13.913043	240.000000	320.000000
0	4.005000	13.913043	240.000000	320.000000
0	4.037000	13.913043	240.000000	320.000000
0	4.068000	13.913043	240.000000	320.000000
0	4.099000	13.913043	240.000000	320.000000
0	4.146000	13.913043	240.000000	320.000000
0	4.177000	13.913043	240.000000	320.000000
0	4.208000	13.913043	240.000000	320.000000
0	4.239000	13.913043	240.000000	320.000000
0	4.271000	13.913043	240.000000	320.000000
0	4.302000	13.913043	240.000000	320.000000
0	4.333000	13.913043	240.000000	320.000000
0	4.364000	13.913043	240.000000	320.000000
0	4.411000	13.913043	240.000000	320.000000
0	4.442000	13.913043	240.000000	320.000000
0	4.473000	13.913043	240.000000	320.000000
0	4.505000	13.913043	240.000000	320.000000
0	4.536000	13.913043	240.000000	320.000000
0	4.567000	13.913043	240.000000	320.000000
0	4.598000	13.913043	240.000000	320.000000
0	4.645000	13.913043	240.000000	320.000000
0	4.676000	13.913043	240.000000	320.000000
0	4.707000	13.913043	240.000000	320.000000
0	4.739000	13.913043	240.000000	320.000000
0	4.770000	13.913043	240.000000	320.000000
0	4.801000	13.913043	240.000000	320.000000
0	4.832000	13.913043	240.000000	320.000000
0	4.879000	13.913043	240.000000	320.000000
0	4.910000	13.913043	240.000000	320.000000
0	4.941000	13.913043	240.000000	320.000000
0	4.973000	13.913043	240.000000	320.000000
0	5.004000	13.913043	240.000000	320.000000
0	5.035000	13.913043	240.000000	320.000000
0	5.066000	13.913043	240.000000	320.000000
0	5.097000	13.913043	240.000000	320.000000
0	5.144000	13.913043	240.000000	320.000000
0	5.175000	13.913043	240.000000	320.000000
0	5.207000	13.913043	240.000000	320.000000
0	5.238000	13.913043	240.000000	320.000000
0	5.269000	13.913043	240.000000	320.000000
0	5.300000	13.913043	240.000000	320.000000
0	5.331000	13.913043	240.000000	320.000000
0	5.378000	13.913043	240.000000	320.000000
0	5.409000	13.913043	240.000000	320.000000
0	5.441000	13.913043	240.000000	320.000000
0	5.472000	13.913043	240.000000	320.000000
0	5.503000	13.913043	240.000000	320.000000
0	5.534000	13.913043	240.000000	320.000000
0	5.565000	13.913043	240.000000	320.000000
0	5.612000	13.913043	240.000000	320.000000
0	5.643000	13.913043	240.000000	320.000000
0	5.675000	13.913043	240.000000	320.000000
0	5.706000	13.913043	240.000000	320.000000
0	5.737000	13.913043	240.000000	320.000000
0	5.768000	13.913043	240.000000	320.000000
0	5.799000	13.913043	240.000000	320.000000
0	5.831000	13.913043	240.000000	320.000000
0	5.877000	13.913043	240.000000	320.000000
0	5.909000	13.913043	240.000000	320.000000
0	5.940000	13.913043	240.000000	320.000000
0	5.971000	13.913043	240.000000	320.000000
0	6.002000	13.913043	240.000000	320.000000
0	6.033000	13.913043	240.000000	320.000000
0	6.065000	13.913043	240.000000	320.000000
0	6.096000	13.913043	240.000000	320.000000
0	6.143000	13.913043	240.000000	320.000000
0	6.174000	13.913043	240.000000	320.000000
0	6.205000	13.913043	240.000000	320.000000
0	6.236000	13.913043	240.000000	320.000000
0	6.267000	13.913043	240.000000	320.000000
0	6.299000	13.913043	240.000000	320.000000
0	6.330000	13.913043	240.000000	320.000000
0	6.377000	13.913043	240.000000	320.000000
0	6.408000	13.913043	240.000000	320.000000
0	6.439000	13.913043	240.000000	320.000000
0	6.470000	13.913043	240.000000	320.000000
0	6.501000	13.913043	240.000000	320.000000
0	6.533000	13.913043	240.000000	320.000000
0	6.564000	13.913043	240.000000	320.000000
0	6.611000	13.913043	240.000000	320.000000
0	6.642000	13.913043	240.000000	320.000000
0	6.673000	13.913043	240.000000	320.000000
0	6.704000	13.913043	240.000000	320.000000
0	6.735000	13.913043	240.000000	320.000000
0	6.767000	13.913043	240.000000	320.000000
0	6.798000	13.913043	240.000000	320.000000
0	6.829000	13.913043	240.000000	320.000000
0	6.876000	13.913043	240.000000	320.000000
0	6.907000	13.913043	240.000000	320.000000
0	6.938000	13.913043	240.000000	320.000000
0	6.969000	13.913043	240.000000	320.000000
0	7.001000	13.913043	240.000000	320.000000
0	7.032000	13.913043	240.000000	320.000000
0	7.063000	13.913043	240.000000	320.000000
0	7.110000	13.913043	240.000000	320.000000
0	7.141000	13.913043	240.000000	320.000000
0	7.172000	13.913043	240.000000	320.000000
0	7.203000	13.913043	240.000000	320.000000
0	7.235000	13.913043	240.000000	320.000000
0	7.266000	13.913043	240.000000	320.000000
0	7.297000	13.913043	240.000000	320.000000
0	7.344000	13.913043	240.000000	320.000000
0	7.375000	13.913043	240.000000	320.000000
0	7.406000	13.913043	240.000000	320.000000
0	7.437000	13.913043	240.000000	320.000000
0	7.469000	13.913043	240.000000	320.000000
0	7.500000	13.913043	240.000000	320.000000
0	7.531000	13.913043	240.000000	320.000000
0	7.562000	13.913043	240.000000	320.000000
0	7.609000	13.913043	240.000000	320.000000
0	7.640000	13.913043	240.000000	320.000000
0	7.671000	13.913043	240.000000	320.000000
0	7.703000	13.913043	240.000000	320.000000
0	7.734000	13.913043	240.000000	320.000000
0	7.765000	13.913043	240.000000	320.000000
0	7.796000	13.913043	240.000000	320.000000
0	7.843000	13.913043	240.000000	320.000000
0	7.874000	13.913043	240.000000	320.000000
0	7.905000	13.913043	240.000000	320.000000
0	7.937000	13.913043	240.000000	320.000000
0	7.968000	13.913043	240.000000	320.000000
0	7.999000	13.913043	240.000000	320.000000
0	8.030000	13.913043	240.000000	320.000000
0	8.077000	13.913043	240.000000	320.000000
0	8.108000	13.913043	240.000000	320.000000
0	8.139000	13.913043	240.000000	320.000000
0	8.171000	13.913043	240.000000	320.000000
0	8.202000	13.913043	240.000000	320.000000
0	8.233000	13.913043	240.000000	320.000000
0	8.264000	13.913043	240.000000	320.000000
0	8.295000	13.913043	240.000000	320.000000
0	8.342000	13.913043	240.000000	320.000000
0	8.373000	13.913043	240.000000	320.000000
0	8.405000	13.913043	240.000000	320.000000
0	8.436000	13.913043	240.000000	320.000000
0	8.467000	13.913043	240.000000	320.000000
0	8.498000	13.913043	240.000000	320.000000
0	8.529000	13.913043	240.000000	320.000000
0	8.576000	13.913043	240.000000	320.000000
0	8.607000	13.913043	240.000000	320.000000
0	8.639000	13.913043	240.000000	320.000000
0	8.670000	13.913043	240.000000	320.000000
0	8.701000	13.913043	240.000000	320.000000
0	8.732000	13.913043	240.000000	320.000000
0	8.763000	13.913043	240.000000	320.000000
0	8.810000	13.913043	240.000000	320.000000
0	8.841000	13.913043	240.000000	320.000000
0	8.873000	13.913043	240.000000	320.000000
0	8.904000	13.913043	240.000000	320.000000
0	8.935000	13.913043	240.000000	320.000000
0	8.966000	13.913043	240.000000	320.000000
0	8.997000	13.913043	240.000000	320.000000
0	9.029000	13.913043	240.000000	320.000000
0	9.075000	13.913043	240.000000	320.000000
0	9.107000	13.913043	240.000000	320.000000
0	9.138000	13.913043	240.000000	320.000000
0	9.169000	13.913043	240.000000	320.000000
0	9.200000	13.913043	240.000000	320.000000
0	9.231000	13.913043	240.000000	320.000000
0	9.263000	13.913043	240.000000	320.000000
0	9.309000	13.913043	240.000000	320.000000
0	9.341000	13.913043	240.000000	320.000000
0	9.372000	13.913043	240.000000	320.000000
0	9.403000	13.913043	240.000000	320.000000
0	9.434000	13.913043	240.000000	320.000000
0	9.465000	13.913043	240.000000	320.000000
0	9.497000	13.913043	240.000000	320.000000
0	9.543000	13.913043	240.000000	320.000000
0	9.575000	13.913043	240.000000	320.000000
0	9.606000	13.913043	240.000000	320.000000
0	9.637000	13.913043	240.000000	320.000000
0	9.668000	13.913043	240.000000	320.000000
0	9.699000	13.913043	240.000000	320.000000
0	9.731000	13.913043	240.000000	320.000000
0	9.762000	13.913043	240.000000	320.000000
0	9.809000	13.913043	240.000000	320.000000
0	9.840000	13.913043	240.000000	320.000000
0	9.871000	13.913043	240.000000	320.000000
0	9.902000	13.913043	240.000000	320.000000
0	9.933000	13.913043	240.000000	320.000000
0	9.965000	13.913043	240.000000	320.000000
0	9.996000	13.913043	240.000000	320.000000
0	10.043000	13.913043	240.000000	320.000000
0	10.074000	13.913043	240.000000	320.000000
0	10.105000	13.913043	240.000000	320.000000
0	10.136000	13.913043	240.000000	320.000000
0	10.167000	13.913043	240.000000	320.000000
0	10.199000	13.913043	240.000000	320.000000
0	10.230000	13.913043	240.000000	320.000000
0	10.261000	13.913043	240.000000	320.000000
0	10.308000	13.913043	240.000000	320.000000
0	10.339000	13.913043	240.000000	320.000000
0	10.370000	13.913043	240.000000	320.000000
0	10.401000	13.913043	240.000000	320.000000
0	10.433000	13.913043	240.000000	320.000000
0	10.464000	13.913043	240.000000	320.000000
0	10.495000	13.913043	240.000000	320.000000
0	10.542000	13.913043	240.000000	320.000000
0	10.573000	13.913043	240.000000	320.000000
0	10.604000	13.913043	240.000000	320.000000
0	10.635000	13.913043	240.000000	320.000000
0	10.667000	13.913043	240.000000	320.000000
0	10.698000	13.913043	240.000000	320.000000
0	10.729000	13.913043	240.000000	320.000000
0	10.776000	13.913043	240.000000	320.000000
0	10.807000	13.913043	240.000000	320.000000
0	10.838000	13.913043	240.000000	320.000000
0	10.869000	13.913043	240.000000	320.000000
0	10.901000	13.913043	240.000000	320.000000
0	10.932000	13.913043	240.000000	320.000000
0	10.963000	13.913043	240.000000	320.000000
0	10.994000	13.913043	240.000000	320.000000
0	11.041000	13.913043	240.000000	320.000000
0	11.072000	13.913043	240.000000	320.000000
0	11.103000	13.913043	240.000000	320.000000
0	11.135000	13.913043	240.000000	320.000000
0	11.166000	13.913043	240.000000	320.000000
0	11.197000	13.913043	240.000000	320.000000
0	11.228000	13.913043	240.000000	320.000000
0	11.275000	13.913043	240.000000	320.000000
0	11.306000	13.913043	240.000000	320.000000
0	11.337000	13.913043	240.000000	320.000000
0	11.369000	13.913043	240.000000	320.000000
0	11.400000	13.913043	240.000000	320.000000
0	11.431000	13.913043	240.000000	320.000000
0	11.462000	13.913043	240.000000	320.000000
0	11.493000	13.913043	240.000000	320.000000
0	11.540000	13.913043	240.000000	320.000000
0	11.571000	13.913043	240.000000	320.000000
0	11.603000	13.913043	240.000000	320.000000
0	11.634000	13.913043	240.000000	320.000000
0	11.665000	13.913043	240.000000	320.000000
0	11.696000	13.913043	240.000000	320.000000
0	11.727000	13.913043	240.000000	320.000000
0	11.774000	13.913043	240.000000	320.000000
0	11.805000	13.913043	240.000000	320.000000
0	11.837000	13.913043	240.000000	320.000000
0	11.868000	13.913043	240.000000	320.000000
0	11.899000	13.913043	240.000000	320.000000
0	11.930000	13.913043	240.000000	320.000000
0	11.961000	13.913043	240.000000	320.000000
0	12.008000	13.913043	240.000000	320.000000
0	12.039000	13.913043	240.000000	320.000000
0	12.071000	13.913043	240.000000	320.000000
0	12.102000	13.913043	240.000000	320.000000
0	12.133000	13.913043	240.000000	320.000000
0	12.164000	13.913043	240.000000	320.000000
0	12.195000	13.913043	240.000000	320.000000
0	12.227000	13.913043	240.000000	320.000000
0	12.273000	13.913043	240.000000	320.000000
0	12.305000	13.913043	240.000000	320.000000
0	12.336000	13.913043	240.000000	320.000000
0	12.367000	13.913043	240.000000	320.000000
0	12.398000	13.913043	240.000000	320.000000
0	12.429000	13.913043	240.000000	320.000000
0	12.461000	13.913043	240.000000	320.000000
0	12.507000	13.913043	240.000000	320.000000
0	12.539000	13.913043	240.000000	320.000000
0	12.570000	13.913043	240.000000	320.000000
0	12.601000	13.913043	240.000000	320.000000
0	12.632000	13.913043	240.000000	320.000000
0	12.663000	13.913043	240.000000	320.000000
0	12.695000	13.913043	240.000000	320.000000
0	12.741000	13.913043	240.000000	320.000000
0	12.773000	13.913043	240.000000	320.000000
0	12.804000	13.913043	240.000000	320.000000
0	12.835000	13.913043	240.000000	320.000000
0	12.866000	13.913043	240.000000	320.000000
0	12.897000	13.913043	240.000000	320.000000
0	12.929000	13.913043	240.000000	320.000000
0	12.960000	13.913043	240.000000	320.000000
0	13.007000	13.913043	240.000000	320.000000
0	13.038000	13.913043	240.000000	320.000000
0	13.069000	13.913043	240.000000	320.000000
0	13.100000	13.913043	240.000000	320.000000
0	13.131000	13.913043	240.000000	320.000000
0	13.163000	13.913043	240.000000	320.000000
0	13.194000	13.913043	240.000000	320.000000
0	13.241000	13.913043	240.000000	320.000000
0	13.272000	13.913043	240.000000	320.000000
0	13.303000	13.913043	240.000000	320.000000
0	13.334000	13.913043	240.000000	320.000000
0	13.365000	13.913043	240.000000	320.000000
0	13.397000	13.913043	240.000000	320.000000
0	13.428000	13.913043	240.000000	320.000000
0	13.475000	13.913043	240.000000	320.000000
0	13.506000	13.913043	240.000000	320.000000
0	13.537000	13.913043	240.000000	320.000000
0	13.568000	13.913043	240.000000	320.000000
0	13.599000	13.913043	240.000000	320.000000
0	13.631000	13.913043	240.000000	320.000000
0	13.662000	13.913043	240.000000	320.000000
0	13.693000	13.913043	240.000000	320.000000
0	13.740000	13.913043	240.000000	320.000000
0	13.771000	13.913043	240.000000	320.000000
0	13.802000	13.913043	240.000000	320.000000
0	13.833000	13.913043	240.000000	320.000000
0	13.865000	13.913043	240.000000	320.000000
0	13.896000	13.913043	240.000000	320.000000
0	13.927000	13.913043	240.000000	320.000000
0	13.974000	13.913043	240.000000	320.000000
0	14.005000	13.913043	240.000000	320.000000
0	14.036000	13.913043	240.000000	320.000000
0	14.067000	13.913043	240.000000	320.000000
0	14.099000	13.913043	240.000000	320.000000
0	14.130000	13.913043	240.000000	320.000000
0	14.161000	13.913043	240.000000	320.000000
0	14.192000	13.913043	240.000000	320.000000
0	14.239000	13.913043	240.000000	320.000000
0	14.270000	13.913043	240.000000	320.000000
0	14.301000	13.913043	240.000000	320.000000
0	14.333000	13.913043	240.000000	320.000000
0	14.364000	13.913043	240.000000	320.000000
0	14.395000	13.913043	240.000000	320.000000
0	14.426000	13.913043	240.000000	320.000000
0	14.473000	13.913043	240.000000	320.000000
0	14.504000	13.913043	240.000000	320.000000
0	14.535000	13.913043	240.000000	320.000000
0	14.567000	13.913043	240.000000	320.000000
0	14.598000	13.913043	240.000000	320.000000
0	14.629000	13.913043	240.000000	320.000000
0	14.660000	13.913043	240.000000	320.000000
0	14.707000	13.913043	240.000000	320.000000
0	14.738000	13.913043	240.000000	320.000000
0	14.769000	13.913043	240.000000	320.000000
0	14.801000	13.913043	240.000000	320.000000
0	14.832000	13.913043	240.000000	320.000000
0	14.863000	13.913043	240.000000	320.000000
0	14.894000	13.913043	240.000000	320.000000
0	14.925000	13.913043	240.000000	320.000000
0	14.972000	13.913043	240.000000	320.000000
0	15.003000	13.913043	240.000000	320.000000
0	15.035000	13.913043	240.000000	320.000000
0	15.066000	13.913043	240.000000	320.000000
0	15.097000	13.913043	240.000000	320.000000
0	15.128000	13.913043	240.000000	320.000000
0	15.159000	13.913043	240.000000	320.000000
0	15.206000	13.913043	240.000000	320.000000
0	15.237000	13.913043	240.000000	320.000000
0	15.269000	13.913043	240.000000	320.000000
0	15.300000	13.913043	240.000000	320.000000
0	15.331000	13.913043	240.000000	320.000000
0	15.362000	13.913043	240.000000	320.000000
0	15.393000	13.913043	240.000000	320.000000
0	15.440000	13.913043	240.000000	320.000000
0	15.471000	13.913043	240.000000	320.000000
0	15.503000	13.913043	240.000000	320.000000
0	15.534000	13.913043	240.000000	320.000000
0	15.565000	13.913043	240.000000	320.000000
0	15.596000	13.913043	240.000000	320.000000
0	15.627000	13.913043	240.000000	320.000000
0	15.659000	13.913043	240.000000	320.000000
0	15.705000	13.913043	240.000000	320.000000
0	15.737000	13.913043	240.000000	320.000000
0	15.768000	13.913043	240.000000	320.000000
0	15.799000	13.913043	240.000000	320.000000
0	15.830000	13.913043	240.000000	320.000000
0	15.861000	13.913043	240.000000	320.000000
0	15.893000	13.913043	240.000000	320.000000
0	15.939000	13.913043	240.000000	320.000000
0	15.971000	13.913043	240.000000	320.000000
0	16.002000	13.913043	240.000000	320.000000
0	16.033000	13.913043	240.000000	320.000000
0	16.064000	13.913043	240.000000	320.000000
0	16.095000	13.913043	240.000000	320.000000
0	16.127000	13.913043	240.000000	320.000000
0	16.173000	13.913043	240.000000	320.000000
0	16.205000	13.913043	240.000000	320.000000
0	16.236000	13.913043	240.000000	320.000000
0	16.267000	13.913043	240.000000	320.000000
0	16.298000	13.913043	240.000000	320.000000
0	16.329000	13.913043	240.000000	320.000000
0	16.361000	13.913043	240.000000	320.000000
0	16.392000	13.913043	240.000000	320.000000
0	16.439000	13.913043	240.000000	320.000000
0	16.470000	13.913043	240.000000	320.000000
0	16.501000	13.913043	240.000000	320.000000
0	16.532000	13.913043	240.000000	320.000000
0	16.563000	13.913043	240.000000	320.000000
0	16.595000	13.913043	240.000000	320.000000
0	16.626000	13.913043	240.000000	320.000000
0	16.673000	13.913043	240.000000	320.000000
0	16.704000	13.913043	240.000000	320.000000
0	16.735000	13.913043	240.000000	320.000000
0	16.766000	13.913043	240.000000	320.000000
0	16.797000	13.913043	240.000000	320.000000
0	16.829000	13.913043	240.000000	320.000000
0	16.860000	13.913043	240.000000	320.000000
0	16.891000	13.913043	240.000000	320.000000
0	16.938000	13.913043	240.000000	320.000000
0	16.969000	13.913043	240.000000	320.000000
0	17.000000	13.913043	240.000000	320.000000
0	17.031000	13.913043	240.000000	320.000000
0	17.063000	13.913043	240.000000	320.000000
0	17.094000	13.913043	240.000000	320.000000
0	17.125000	13.913043	240.000000	320.000000
0	17.172000	13.913043	240.000000	320.000000
0	17.203000	13.913043	240.000000	320.000000
0	17.234000	13.913043	240.000000	320.000000
0	17.265000	13.913043	240.000000	320.000000
0	17.297000	13.913043	240.000000	320.000000
0	17.328000	13.913043	240.000000	320.000000
0	17.359000	13.913043	240.000000	320.000000
0	17.406000	13.913043	240.000000	320.000000
0	17.437000	13.913043	240.000000	320.000000
0	17.468000	13.913043	240.000000	320.000000
0	17.499000	13.913043	240.000000	320.000000
0	17.531000	13.913043	240.000000	320.000000
0	17.562000	13.913043	240.000000	320.000000
0	17.593000	13.913043	240.000000	320.000000
0	17.624000	13.913043	240.000000	320.000000
0	17.671000	13.913043	240.000000	320.000000
0	17.702000	13.913043	240.000000	320.000000
0	17.733000	13.913043	240.000000	320.000000
0	17.765000	13.913043	240.000000	320.000000
0	17.796000	13.913043	240.000000	320.000000
0	17.827000	13.913043	240.000000	320.000000
0	17.858000	13.913043	240.000000	320.000000
0	17.905000	13.913043	240.000000	320.000000
0	17.936000	13.913043	240.000000	320.000000
0	17.967000	13.913043	240.000000	320.000000
0	17.999000	13.913043	240.000000	320.000000
<\LEFT-PUPIL-DATA>
<RIGHT-PUPIL-ANALYSIS>
1
0	0	17	541	0	0	0.509000	17.518000	0.509000	15.983889	0.000000	0.000000	0.000000	0	1	1	1	1	0	0	0	0.000000	0.000000	0.000000	0.000000	0.000000	0.000000	0.000000	-1.000000	0.000000	1	1.270841	1.075994	1.268516	0.910198	0.267000	-0.020112	-0.733700	-1.000000	0.325528	1	1.270841	1.075994	1.268516	0.910198	0.267000	-0.018200	-0.733697	-1.000000	0.197964
<\RIGHT-PUPIL-ANALYSIS>
<LEFT-PUPIL-ANALYSIS>
1
0	0	17	542	0	0	0.509000	17.518000	0.509000	15.983889	0.000000	0.000000	0.000000	0	1	1	1	1	0	0	0	0.000000	0.000000	0.000000	0.000000	0.000000	0.000000	0.000000	-1.000000	0.000000	0	-0.034783	-0.034783	0.000950	0.000950	0.002000	0.000000	0.000000	-1.000000	0.000000	1	-0.034783	-0.034783	0.000950	0.000950	0.002000	-1000000.000000	-1000000.000000	-1.000000	0.000000
<\LEFT-PUPIL-ANALYSIS>
%%%%%%%%%
%%%%%%%%%
%%%%%%%%%
%%%	Measurement Tiime is: 2017-10-31 12:04:08
%%%	Subject ID is: C57BL6-28.09.17-DA-1mois-M2-1.2r
%%%	Note: 
%%%	RSS: Default Human Relative Spectral Sensitivity
%%%	Pupil Analysis:
%%%
%%%
%%%
%%%	Pulse Index:	0
%%%	Stimulus Session Index:	0
%%%	Right Pupil Stimulated
%%%	Light Metric is Photopic
%%%	Stimulus Start Time(sec):	0.51
%%%	Stimulus Duration(sec):	17.52
%%%	Stimulus Pulse Duration(sec):	0.51
%%%	Right Pulse:	15.98	(Red  )	-	0.00	(Red  )	[Lux ]
%%%	Left Pulse:	0.00	(Red  )	-	0.00	(Red  )	[Lux ]
%%%
%%%		RIGHT	LEFT	R.Pupil Mean	L.Pupil Mean	R.Stim Mean	R.Stim Mean
%%%	INPUT:	RAW DATA	RAW DATA
%%%	STATE:	ABNORMAL	ABNORMAL	ABNORMAL	ABNORMAL	ABNORMAL	ABNORMAL
%%%	MAX(mm):	0.00	0.00	0.00	0.00	0.00	0.00
%%%	MIN(mm):	0.00	0.00	0.00	0.00	0.00	0.00
%%%	DELTA(mm):						
%%%	CH(%):						
%%%	LAT(sec):	0.00	0.00	0.00	0.00	0.00	0.00
%%%	CV(mm/s):	0.00	0.00	0.00	0.00	0.00	0.00
%%%	MCV(mm/s):	0.00	0.00	0.00	0.00	0.00	0.00
%%%	DV(mm/s):	0.00	0.00	0.00	0.00	0.00	0.00
%%%%%%%%%
%%%%%%%%%
%%%%%%%%%
%%%	Right Pupil Profile (1st row -> 1 == valid tracking, 0 == invalid tracking; 2nd row -> time; 3rd row -> diameter (mm))
%%%	1	1	1	1	1	1	1	1	1	1	1	1	1	1	1	1	1	1	1	1	1	1	1	1	1	1	1	1	1	1	1	0	1	1	1	1	1	1	1	1	1	1	1	1	1	1	1	1	1	1	1	1	0	1	1	1	1	1	1	1	1	1	1	1	1	1	1	1	0	1	1	1	0	0	1	0	1	1	1	1	0	1	1	1	1	1	1	1	1	1	1	1	1	1	1	1	1	0	0	1	1	1	1	1	1	1	0	1	0	1	1	1	0	1	1	1	1	1	1	1	1	0	1	0	1	1	1	1	1	1	1	1	1	1	1	1	1	1	1	1	1	1	1	1	1	1	1	1	1	1	1	1	1	1	1	1	1	1	1	1	1	1	1	1	1	1	1	1	1	1	1	1	0	1	1	1	1	1	1	1	1	1	1	1	1	1	1	1	1	1	1	1	1	1	1	1	1	1	1	1	1	1	1	1	1	1	1	1	1	1	1	1	1	1	1	1	1	1	1	1	1	1	1	1	1	1	1	1	1	0	1	1	1	1	1	1	1	1	1	1	1	1	1	1	1	1	1	1	0	1	0	1	1	1	1	1	1	1	1	1	1	1	1	1	1	1	1	0	1	1	0	1	1	1	1	1	1	1	1	1	1	1	1	1	1	1	1	1	1	1	1	0	0	1	1	1	1	1	1	1	1	1	1	1	1	1	1	1	1	1	1	1	1	1	0	1	1	1	1	1	1	1	0	1	1	1	1	1	1	1	1	1	1	1	1	1	1	1	1	1	1	1	1	1	1	0	1	1	1	1	0	1	1	1	1	1	1	1	1	1	1	1	1	1	1	1	1	1	1	1	1	1	1	1	1	1	1	1	1	1	1	1	1	1	1	1	1	1	1	1	1	1	1	1	1	1	1	1	1	0	1	1	1	1	1	1	1	1	1	1	1	1	1	1	1	1	1	1	1	1	1	0	1	1	1	1	1	1	1	1	1	1	0	1	1	1	0	1	1	1	1	1	1	1	1	1	1	1	1	1	1	1	0	1	1	1	1	0	1	1	0	1	1	0	1	0	1	1	0	0	1	1	1	1	1	1	1	1	1	1	1	1	1	1	0	0	0	1	1	1	1	1	1	1	1	1	1	1	1	1	1	1	1	1	1	1	1	1	1	0	1	0	0	0	0	1	1	1	1	1	1	1	1	1	1	0	1	1	0	1	1	1	1	1	1	1	1	1	1	1	1	1
%%%	-0.051000	-0.020000	0.011000	0.043000	0.074000	0.121000	0.152000	0.183000	0.214000	0.245000	0.277000	0.308000	0.355000	0.386000	0.417000	0.448000	0.479000	0.511000	0.542000	0.573000	0.620000	0.651000	0.682000	0.713000	0.745000	0.776000	0.807000	0.854000	0.885000	0.916000	0.947000	0.979000	1.010000	1.041000	1.088000	1.119000	1.150000	1.181000	1.213000	1.244000	1.275000	1.306000	1.353000	1.384000	1.415000	1.447000	1.478000	1.509000	1.540000	1.587000	1.618000	1.649000	1.681000	1.712000	1.743000	1.774000	1.821000	1.852000	1.883000	1.915000	1.946000	1.977000	2.008000	2.039000	2.086000	2.117000	2.149000	2.180000	2.211000	2.242000	2.273000	2.320000	2.351000	2.383000	2.414000	2.445000	2.476000	2.507000	2.539000	2.585000	2.617000	2.648000	2.679000	2.710000	2.741000	2.773000	2.819000	2.851000	2.882000	2.913000	2.944000	2.975000	3.007000	3.053000	3.085000	3.116000	3.147000	3.178000	3.209000	3.241000	3.272000	3.319000	3.350000	3.381000	3.412000	3.443000	3.475000	3.506000	3.553000	3.584000	3.615000	3.646000	3.677000	3.709000	3.740000	3.787000	3.818000	3.849000	3.880000	3.911000	3.943000	3.974000	4.005000	4.052000	4.083000	4.114000	4.145000	4.177000	4.208000	4.239000	4.286000	4.317000	4.348000	4.379000	4.411000	4.442000	4.473000	4.504000	4.551000	4.582000	4.613000	4.645000	4.676000	4.707000	4.738000	4.785000	4.816000	4.847000	4.879000	4.910000	4.941000	4.972000	5.019000	5.050000	5.081000	5.113000	5.144000	5.175000	5.206000	5.237000	5.284000	5.315000	5.347000	5.378000	5.409000	5.440000	5.471000	5.518000	5.549000	5.581000	5.612000	5.643000	5.674000	5.705000	5.752000	5.783000	5.815000	5.846000	5.877000	5.908000	5.939000	5.971000	6.017000	6.049000	6.080000	6.111000	6.142000	6.173000	6.205000	6.251000	6.283000	6.314000	6.345000	6.376000	6.407000	6.439000	6.470000	6.517000	6.548000	6.579000	6.610000	6.641000	6.673000	6.704000	6.751000	6.782000	6.813000	6.844000	6.875000	6.907000	6.938000	6.985000	7.016000	7.047000	7.078000	7.109000	7.141000	7.172000	7.203000	7.250000	7.281000	7.312000	7.343000	7.375000	7.406000	7.437000	7.484000	7.515000	7.546000	7.577000	7.609000	7.640000	7.671000	7.718000	7.749000	7.780000	7.811000	7.843000	7.874000	7.905000	7.936000	7.983000	8.014000	8.045000	8.077000	8.108000	8.139000	8.170000	8.217000	8.248000	8.279000	8.311000	8.342000	8.373000	8.404000	8.451000	8.482000	8.513000	8.545000	8.576000	8.607000	8.638000	8.669000	8.716000	8.747000	8.779000	8.810000	8.841000	8.872000	8.903000	8.950000	8.981000	9.013000	9.044000	9.075000	9.106000	9.137000	9.169000	9.215000	9.247000	9.278000	9.309000	9.340000	9.371000	9.403000	9.449000	9.481000	9.512000	9.543000	9.574000	9.605000	9.637000	9.683000	9.715000	9.746000	9.777000	9.808000	9.839000	9.871000	9.902000	9.949000	9.980000	10.011000	10.042000	10.073000	10.105000	10.136000	10.183000	10.214000	10.245000	10.276000	10.307000	10.339000	10.370000	10.401000	10.448000	10.479000	10.510000	10.541000	10.573000	10.604000	10.635000	10.682000	10.713000	10.744000	10.775000	10.807000	10.838000	10.869000	10.916000	10.947000	10.978000	11.009000	11.041000	11.072000	11.103000	11.134000	11.181000	11.212000	11.243000	11.275000	11.306000	11.337000	11.368000	11.415000	11.446000	11.477000	11.509000	11.540000	11.571000	11.602000	11.649000	11.680000	11.711000	11.743000	11.774000	11.805000	11.836000	11.867000	11.914000	11.945000	11.977000	12.008000	12.039000	12.070000	12.101000	12.148000	12.179000	12.211000	12.242000	12.273000	12.304000	12.335000	12.382000	12.413000	12.445000	12.476000	12.507000	12.538000	12.569000	12.601000	12.647000	12.679000	12.710000	12.741000	12.772000	12.803000	12.835000	12.881000	12.913000	12.944000	12.975000	13.006000	13.037000	13.069000	13.115000	13.147000	13.178000	13.209000	13.240000	13.271000	13.303000	13.334000	13.381000	13.412000	13.443000	13.474000	13.505000	13.537000	13.568000	13.615000	13.646000	13.677000	13.708000	13.739000	13.771000	13.802000	13.849000	13.880000	13.911000	13.942000	13.973000	14.005000	14.036000	14.067000	14.114000	14.145000	14.176000	14.207000	14.239000	14.270000	14.301000	14.332000	14.379000	14.410000	14.441000	14.473000	14.504000	14.535000	14.566000	14.613000	14.644000	14.675000	14.707000	14.738000	14.769000	14.800000	14.847000	14.878000	14.909000	14.941000	14.972000	15.003000	15.034000	15.065000	15.112000	15.143000	15.175000	15.206000	15.237000	15.268000	15.299000	15.346000	15.377000	15.409000	15.440000	15.471000	15.502000	15.533000	15.580000	15.611000	15.643000	15.674000	15.705000	15.736000	15.767000	15.799000	15.845000	15.877000	15.908000	15.939000	15.970000	16.001000	16.033000	16.079000	16.111000	16.142000	16.173000	16.204000	16.235000	16.267000	16.313000	16.345000	16.376000	16.407000	16.438000	16.469000	16.501000	16.532000	16.579000	16.610000	16.641000	16.672000	16.703000	16.735000	16.766000	16.813000	16.844000	16.875000	16.906000	16.937000	16.969000	17.000000	17.047000	17.078000	17.109000	17.140000	17.171000	17.203000	17.234000	17.265000	17.312000	17.343000	17.374000	17.405000	17.437000	17.468000	17.499000	17.546000	17.577000	17.608000	17.639000	17.671000	17.702000	17.733000	17.780000	17.811000	17.842000	17.873000	17.905000	17.936000	17.967000
%%%	1.321739	1.257102	1.292464	1.260145	1.252174	1.296377	1.252174	1.255942	1.252174	1.272754	1.269710	1.275942	1.300580	1.287536	1.263623	1.252174	1.252029	1.255942	1.238116	1.275362	1.274638	1.263768	1.283768	1.256667	1.257536	1.252174	1.257681	1.228841	1.211884	1.212464	1.159420	1.136232	1.228985	1.094493	1.132029	1.089710	1.101449	1.089710	1.128116	1.092464	1.083188	1.095072	1.086377	1.091304	1.089855	1.124638	1.065797	1.111884	1.144058	1.113043	1.089855	1.118841	1.136232	1.146812	1.182609	1.189855	1.117971	1.182609	1.205797	1.204493	1.179275	1.161449	1.213623	1.183333	1.167536	1.197246	1.223188	1.225073	1.136232	1.183768	1.209275	1.181594	1.275362	1.192319	1.148840	1.136232	1.149275	1.228985	1.233623	1.200580	1.136232	1.182609	1.181014	1.183623	1.220145	1.237971	1.194203	1.217391	1.182754	1.268551	1.173333	1.251449	1.257246	1.216812	1.200725	1.228985	1.222754	1.136232	1.212464	1.248406	1.200000	1.253768	1.189710	1.238406	1.177101	1.194638	1.228985	1.159275	1.203768	1.194058	1.196377	1.139855	1.089855	1.142754	1.155797	1.194058	1.146812	1.148986	1.182029	1.131594	1.161304	1.228985	1.207681	1.192464	1.177101	1.184638	1.162899	1.182609	1.182609	1.158116	1.138551	1.228985	1.140145	1.171015	1.145362	1.136232	1.180435	1.159420	1.167246	1.131594	1.188406	1.147246	1.136232	1.228985	1.174493	1.167971	1.155797	1.200000	1.182609	1.173913	1.101015	1.180145	1.161594	1.182609	1.150580	1.182609	1.136232	1.161884	1.156667	1.144203	1.120145	1.168841	1.128551	1.140725	1.131449	1.114203	1.136232	1.118986	1.138406	1.115217	1.157246	1.182609	1.228985	1.122899	1.168116	1.113043	1.165362	1.146812	1.147826	1.124058	1.117971	1.132029	1.151160	1.131014	1.131594	1.173623	1.138841	1.131014	1.228985	1.146812	1.136232	1.178985	1.198840	1.141449	1.165217	1.197246	1.157681	1.202029	1.178406	1.159420	1.182609	1.228985	1.154203	1.171015	1.151160	1.159420	1.183768	1.222319	1.182609	1.182609	1.205797	1.194058	1.205507	1.181449	1.211594	1.203333	1.194493	1.182609	1.200145	1.159420	1.200000	1.215797	1.220290	1.195507	1.231159	1.200580	1.204203	1.194058	1.194058	1.182609	1.197101	1.194638	1.185942	1.173768	1.182609	1.252174	1.229855	1.194203	1.207971	1.205797	1.207681	1.205797	1.204203	1.136232	1.178841	1.144203	1.182609	1.192899	1.166377	1.195072	1.185942	1.199855	1.173768	1.159420	1.155072	1.182609	1.173188	1.228985	1.171449	1.153768	1.205797	1.177246	1.131449	1.205797	1.192464	1.182609	1.168551	1.159275	1.138986	1.174203	1.228985	1.185797	1.152754	1.148551	1.132029	1.154203	1.169420	1.152464	1.173913	1.183768	1.115797	1.124638	1.151594	1.118986	1.132029	1.170725	1.124638	1.089855	1.126232	1.109275	1.228985	1.133333	1.170145	1.146812	1.111160	1.124638	1.166377	1.153768	1.154928	1.099420	1.114203	1.142029	1.111160	1.083188	1.113043	1.132029	1.079275	1.090290	1.114203	1.113043	1.064203	1.014638	1.101884	1.133333	1.043478	1.098841	1.095072	1.148406	1.134058	1.164638	1.160290	1.161449	1.089855	1.142464	1.138551	1.138841	1.129710	1.141449	1.114493	1.152029	1.182609	1.175362	1.141449	1.098841	1.141449	1.094493	1.151160	1.117971	1.166667	1.136232	1.181449	1.119856	1.124638	1.089855	1.153768	1.228985	1.136377	1.228985	1.147681	1.151160	1.089855	1.089855	1.205797	1.114203	1.146812	1.138406	1.089855	1.163623	1.149275	1.151594	1.119276	1.150290	1.182609	1.139710	1.122754	1.131014	1.101449	1.114058	1.100725	1.118986	1.136232	1.136232	1.089855	1.105507	1.089855	1.137101	1.148551	1.062029	1.133768	1.090290	1.133768	1.114638	1.064203	1.101594	1.083623	1.108116	1.098985	1.077536	1.118406	1.131014	1.101159	1.123333	1.114058	1.078841	1.120580	1.124638	1.136232	1.090725	1.153623	1.762319	1.146232	1.114203	1.129710	1.082029	1.081015	1.107246	1.111884	1.168406	1.124638	1.104928	1.089855	1.067536	1.124638	1.078841	1.118841	1.078261	1.081594	1.068841	1.147826	1.078261	1.118841	1.089855	1.078261	1.092464	1.089855	1.089855	1.085942	1.101449	1.228985	1.081595	1.133333	1.104203	1.065363	1.124638	1.114493	1.136232	1.043478	1.156522	1.159420	1.159420	1.043478	1.211884	1.122754	1.184637	1.151594	1.105507	1.113623	1.136232	1.136232	1.101449	1.114058	1.100145	1.089855	1.118841	1.155942	1.142029	1.165217	1.043478	1.089855	1.113768	1.089855	1.072319	1.159420	1.101594	1.091884	1.043478	1.101594	1.113623	1.048841	1.043478	1.113043	1.118406	1.129855	1.113043	1.113043	1.118841	1.079855	1.131594	1.088551	1.119420	1.135942	1.147826	1.131014	1.137536	1.170145	1.151594	1.008696	1.228985	1.113043	1.130290	1.123333	1.162464	1.158696	1.144204	1.182609	1.172464	1.209275	1.154928	1.192464	1.171159	1.228985	1.089855	1.148551	1.162609	1.153623	1.159855	1.168986	1.162029	1.151160	1.043478	1.122319	1.177246	1.228985	1.228985	1.347246	1.176812	1.139855	1.140290	1.231159	1.216377	1.202754	1.228985	1.172464	1.151449	1.116812	1.159275	1.142754	1.185362	1.192464	1.117971	1.167971	1.190145	1.104203	1.201160	1.086957	1.100725	1.136232	1.141304	1.118986	1.136232	1.121594	1.228985
%%%	Left Pupil Profile (1st row -> 1 == valid tracking, 0 == invalid tracking; 2nd row -> time; 3rd row -> diameter (mm))
%%%	0	0	0	0	0	0	0	0	0	0	0	0	0	0	0	0	0	0	0	0	0	0	0	0	0	0	0	0	0	0	0	0	0	0	0	0	0	0	0	0	0	0	0	0	0	0	0	0	0	0	0	0	0	0	0	0	0	0	0	0	0	0	0	0	0	0	0	0	0	0	0	0	0	0	0	0	0	0	0	0	0	0	0	0	0	0	0	0	0	0	0	0	0	0	0	0	0	0	0	0	0	0	0	0	0	0	0	0	0	0	0	0	0	0	0	0	0	0	0	0	0	0	0	0	0	0	0	0	0	0	0	0	0	0	0	0	0	0	0	0	0	0	0	0	0	0	0	0	0	0	0	0	0	0	0	0	0	0	0	0	0	0	0	0	0	0	0	0	0	0	0	0	0	0	0	0	0	0	0	0	0	0	0	0	0	0	0	0	0	0	0	0	0	0	0	0	0	0	0	0	0	0	0	0	0	0	0	0	0	0	0	0	0	0	0	0	0	0	0	0	0	0	0	0	0	0	0	0	0	0	0	0	0	0	0	0	0	0	0	0	0	0	0	0	0	0	0	0	0	0	0	0	0	0	0	0	0	0	0	0	0	0	0	0	0	0	0	0	0	0	0	0	0	0	0	0	0	0	0	0	0	0	0	0	0	0	0	0	0	0	0	0	0	0	0	0	0	0	0	0	0	0	0	0	0	0	0	0	0	0	0	0	0	0	0	0	0	0	0	0	0	0	0	0	0	0	0	0	0	0	0	0	0	0	0	0	0	0	0	0	0	0	0	0	0	0	0	0	0	0	0	0	0	0	0	0	0	0	0	0	0	0	0	0	0	0	0	0	0	0	0	0	0	0	0	0	0	0	0	0	0	0	0	0	0	0	0	0	0	0	0	0	0	0	0	0	0	0	0	0	0	0	0	0	0	0	0	0	0	0	0	0	0	0	0	0	0	0	0	0	0	0	0	0	0	0	0	0	0	0	0	0	0	0	0	0	0	0	0	0	0	0	0	0	0	0	0	0	0	0	0	0	0	0	0	0	0	0	0	0	0	0	0	0	0	0	0	0	0	0	0	0	0	0	0	0	0	0	0	0	0	0	0	0	0	0	0	0	0	0	0	0	0	0	0	0	0	0	0	0	0	0	0	0	0	0	0	0	0	0	0	0	0	0	0	0	0	0	0	0	0	0	0	0	0	0	0	0	0	0	0	0	0	0	0	0	0	0	0	0	0	0	0
%%%	-0.066000	-0.019000	0.012000	0.043000	0.074000	0.105000	0.137000	0.168000	0.215000	0.246000	0.277000	0.308000	0.339000	0.371000	0.402000	0.433000	0.480000	0.511000	0.542000	0.573000	0.605000	0.636000	0.667000	0.714000	0.745000	0.776000	0.807000	0.839000	0.870000	0.901000	0.948000	0.979000	1.010000	1.041000	1.073000	1.104000	1.135000	1.166000	1.213000	1.244000	1.275000	1.307000	1.338000	1.369000	1.400000	1.447000	1.478000	1.509000	1.541000	1.572000	1.603000	1.634000	1.681000	1.712000	1.743000	1.775000	1.806000	1.837000	1.868000	1.899000	1.946000	1.977000	2.009000	2.040000	2.071000	2.102000	2.133000	2.165000	2.211000	2.243000	2.274000	2.305000	2.336000	2.367000	2.399000	2.445000	2.477000	2.508000	2.539000	2.570000	2.601000	2.633000	2.679000	2.711000	2.742000	2.773000	2.804000	2.835000	2.867000	2.898000	2.945000	2.976000	3.007000	3.038000	3.069000	3.101000	3.132000	3.179000	3.210000	3.241000	3.272000	3.303000	3.335000	3.366000	3.413000	3.444000	3.475000	3.506000	3.537000	3.569000	3.600000	3.631000	3.678000	3.709000	3.740000	3.771000	3.803000	3.834000	3.865000	3.912000	3.943000	3.974000	4.005000	4.037000	4.068000	4.099000	4.146000	4.177000	4.208000	4.239000	4.271000	4.302000	4.333000	4.364000	4.411000	4.442000	4.473000	4.505000	4.536000	4.567000	4.598000	4.645000	4.676000	4.707000	4.739000	4.770000	4.801000	4.832000	4.879000	4.910000	4.941000	4.973000	5.004000	5.035000	5.066000	5.097000	5.144000	5.175000	5.207000	5.238000	5.269000	5.300000	5.331000	5.378000	5.409000	5.441000	5.472000	5.503000	5.534000	5.565000	5.612000	5.643000	5.675000	5.706000	5.737000	5.768000	5.799000	5.831000	5.877000	5.909000	5.940000	5.971000	6.002000	6.033000	6.065000	6.096000	6.143000	6.174000	6.205000	6.236000	6.267000	6.299000	6.330000	6.377000	6.408000	6.439000	6.470000	6.501000	6.533000	6.564000	6.611000	6.642000	6.673000	6.704000	6.735000	6.767000	6.798000	6.829000	6.876000	6.907000	6.938000	6.969000	7.001000	7.032000	7.063000	7.110000	7.141000	7.172000	7.203000	7.235000	7.266000	7.297000	7.344000	7.375000	7.406000	7.437000	7.469000	7.500000	7.531000	7.562000	7.609000	7.640000	7.671000	7.703000	7.734000	7.765000	7.796000	7.843000	7.874000	7.905000	7.937000	7.968000	7.999000	8.030000	8.077000	8.108000	8.139000	8.171000	8.202000	8.233000	8.264000	8.295000	8.342000	8.373000	8.405000	8.436000	8.467000	8.498000	8.529000	8.576000	8.607000	8.639000	8.670000	8.701000	8.732000	8.763000	8.810000	8.841000	8.873000	8.904000	8.935000	8.966000	8.997000	9.029000	9.075000	9.107000	9.138000	9.169000	9.200000	9.231000	9.263000	9.309000	9.341000	9.372000	9.403000	9.434000	9.465000	9.497000	9.543000	9.575000	9.606000	9.637000	9.668000	9.699000	9.731000	9.762000	9.809000	9.840000	9.871000	9.902000	9.933000	9.965000	9.996000	10.043000	10.074000	10.105000	10.136000	10.167000	10.199000	10.230000	10.261000	10.308000	10.339000	10.370000	10.401000	10.433000	10.464000	10.495000	10.542000	10.573000	10.604000	10.635000	10.667000	10.698000	10.729000	10.776000	10.807000	10.838000	10.869000	10.901000	10.932000	10.963000	10.994000	11.041000	11.072000	11.103000	11.135000	11.166000	11.197000	11.228000	11.275000	11.306000	11.337000	11.369000	11.400000	11.431000	11.462000	11.493000	11.540000	11.571000	11.603000	11.634000	11.665000	11.696000	11.727000	11.774000	11.805000	11.837000	11.868000	11.899000	11.930000	11.961000	12.008000	12.039000	12.071000	12.102000	12.133000	12.164000	12.195000	12.227000	12.273000	12.305000	12.336000	12.367000	12.398000	12.429000	12.461000	12.507000	12.539000	12.570000	12.601000	12.632000	12.663000	12.695000	12.741000	12.773000	12.804000	12.835000	12.866000	12.897000	12.929000	12.960000	13.007000	13.038000	13.069000	13.100000	13.131000	13.163000	13.194000	13.241000	13.272000	13.303000	13.334000	13.365000	13.397000	13.428000	13.475000	13.506000	13.537000	13.568000	13.599000	13.631000	13.662000	13.693000	13.740000	13.771000	13.802000	13.833000	13.865000	13.896000	13.927000	13.974000	14.005000	14.036000	14.067000	14.099000	14.130000	14.161000	14.192000	14.239000	14.270000	14.301000	14.333000	14.364000	14.395000	14.426000	14.473000	14.504000	14.535000	14.567000	14.598000	14.629000	14.660000	14.707000	14.738000	14.769000	14.801000	14.832000	14.863000	14.894000	14.925000	14.972000	15.003000	15.035000	15.066000	15.097000	15.128000	15.159000	15.206000	15.237000	15.269000	15.300000	15.331000	15.362000	15.393000	15.440000	15.471000	15.503000	15.534000	15.565000	15.596000	15.627000	15.659000	15.705000	15.737000	15.768000	15.799000	15.830000	15.861000	15.893000	15.939000	15.971000	16.002000	16.033000	16.064000	16.095000	16.127000	16.173000	16.205000	16.236000	16.267000	16.298000	16.329000	16.361000	16.392000	16.439000	16.470000	16.501000	16.532000	16.563000	16.595000	16.626000	16.673000	16.704000	16.735000	16.766000	16.797000	16.829000	16.860000	16.891000	16.938000	16.969000	17.000000	17.031000	17.063000	17.094000	17.125000	17.172000	17.203000	17.234000	17.265000	17.297000	17.328000	17.359000	17.406000	17.437000	17.468000	17.499000	17.531000	17.562000	17.593000	17.624000	17.671000	17.702000	17.733000	17.765000	17.796000	17.827000	17.858000	17.905000	17.936000	17.967000	17.999000
%%%	13.913043	13.913043	13.913043	13.913043	13.913043	13.913043	13.913043	13.913043	13.913043	13.913043	13.913043	13.913043	13.913043	13.913043	13.913043	13.913043	13.913043	13.913043	13.913043	13.913043	13.913043	13.913043	13.913043	13.913043	13.913043	13.913043	13.913043	13.913043	13.913043	13.913043	13.913043	13.913043	13.913043	13.913043	13.913043	13.913043	13.913043	13.913043	13.913043	13.913043	13.913043	13.913043	13.913043	13.913043	13.913043	13.913043	13.913043	13.913043	13.913043	13.913043	13.913043	13.913043	13.913043	13.913043	13.913043	13.913043	13.913043	13.913043	13.913043	13.913043	13.913043	13.913043	13.913043	13.913043	13.913043	13.913043	13.913043	13.913043	13.913043	13.913043	13.913043	13.913043	13.913043	13.913043	13.913043	13.913043	13.913043	13.913043	13.913043	13.913043	13.913043	13.913043	13.913043	13.913043	13.913043	13.913043	13.913043	13.913043	13.913043	13.913043	13.913043	13.913043	13.913043	13.913043	13.913043	13.913043	13.913043	13.913043	13.913043	13.913043	13.913043	13.913043	13.913043	13.913043	13.913043	13.913043	13.913043	13.913043	13.913043	13.913043	13.913043	13.913043	13.913043	13.913043	13.913043	13.913043	13.913043	13.913043	13.913043	13.913043	13.913043	13.913043	13.913043	13.913043	13.913043	13.913043	13.913043	13.913043	13.913043	13.913043	13.913043	13.913043	13.913043	13.913043	13.913043	13.913043	13.913043	13.913043	13.913043	13.913043	13.913043	13.913043	13.913043	13.913043	13.913043	13.913043	13.913043	13.913043	13.913043	13.913043	13.913043	13.913043	13.913043	13.913043	13.913043	13.913043	13.913043	13.913043	13.913043	13.913043	13.913043	13.913043	13.913043	13.913043	13.913043	13.913043	13.913043	13.913043	13.913043	13.913043	13.913043	13.913043	13.913043	13.913043	13.913043	13.913043	13.913043	13.913043	13.913043	13.913043	13.913043	13.913043	13.913043	13.913043	13.913043	13.913043	13.913043	13.913043	13.913043	13.913043	13.913043	13.913043	13.913043	13.913043	13.913043	13.913043	13.913043	13.913043	13.913043	13.913043	13.913043	13.913043	13.913043	13.913043	13.913043	13.913043	13.913043	13.913043	13.913043	13.913043	13.913043	13.913043	13.913043	13.913043	13.913043	13.913043	13.913043	13.913043	13.913043	13.913043	13.913043	13.913043	13.913043	13.913043	13.913043	13.913043	13.913043	13.913043	13.913043	13.913043	13.913043	13.913043	13.913043	13.913043	13.913043	13.913043	13.913043	13.913043	13.913043	13.913043	13.913043	13.913043	13.913043	13.913043	13.913043	13.913043	13.913043	13.913043	13.913043	13.913043	13.913043	13.913043	13.913043	13.913043	13.913043	13.913043	13.913043	13.913043	13.913043	13.913043	13.913043	13.913043	13.913043	13.913043	13.913043	13.913043	13.913043	13.913043	13.913043	13.913043	13.913043	13.913043	13.913043	13.913043	13.913043	13.913043	13.913043	13.913043	13.913043	13.913043	13.913043	13.913043	13.913043	13.913043	13.913043	13.913043	13.913043	13.913043	13.913043	13.913043	13.913043	13.913043	13.913043	13.913043	13.913043	13.913043	13.913043	13.913043	13.913043	13.913043	13.913043	13.913043	13.913043	13.913043	13.913043	13.913043	13.913043	13.913043	13.913043	13.913043	13.913043	13.913043	13.913043	13.913043	13.913043	13.913043	13.913043	13.913043	13.913043	13.913043	13.913043	13.913043	13.913043	13.913043	13.913043	13.913043	13.913043	13.913043	13.913043	13.913043	13.913043	13.913043	13.913043	13.913043	13.913043	13.913043	13.913043	13.913043	13.913043	13.913043	13.913043	13.913043	13.913043	13.913043	13.913043	13.913043	13.913043	13.913043	13.913043	13.913043	13.913043	13.913043	13.913043	13.913043	13.913043	13.913043	13.913043	13.913043	13.913043	13.913043	13.913043	13.913043	13.913043	13.913043	13.913043	13.913043	13.913043	13.913043	13.913043	13.913043	13.913043	13.913043	13.913043	13.913043	13.913043	13.913043	13.913043	13.913043	13.913043	13.913043	13.913043	13.913043	13.913043	13.913043	13.913043	13.913043	13.913043	13.913043	13.913043	13.913043	13.913043	13.913043	13.913043	13.913043	13.913043	13.913043	13.913043	13.913043	13.913043	13.913043	13.913043	13.913043	13.913043	13.913043	13.913043	13.913043	13.913043	13.913043	13.913043	13.913043	13.913043	13.913043	13.913043	13.913043	13.913043	13.913043	13.913043	13.913043	13.913043	13.913043	13.913043	13.913043	13.913043	13.913043	13.913043	13.913043	13.913043	13.913043	13.913043	13.913043	13.913043	13.913043	13.913043	13.913043	13.913043	13.913043	13.913043	13.913043	13.913043	13.913043	13.913043	13.913043	13.913043	13.913043	13.913043	13.913043	13.913043	13.913043	13.913043	13.913043	13.913043	13.913043	13.913043	13.913043	13.913043	13.913043	13.913043	13.913043	13.913043	13.913043	13.913043	13.913043	13.913043	13.913043	13.913043	13.913043	13.913043	13.913043	13.913043	13.913043	13.913043	13.913043	13.913043	13.913043	13.913043	13.913043	13.913043	13.913043	13.913043	13.913043	13.913043	13.913043	13.913043	13.913043	13.913043	13.913043	13.913043	13.913043	13.913043	13.913043	13.913043	13.913043	13.913043	13.913043	13.913043	13.913043	13.913043	13.913043	13.913043	13.913043	13.913043	13.913043	13.913043	13.913043	13.913043	13.913043	13.913043	13.913043	13.913043	13.913043	13.913043	13.913043	13.913043	13.913043	13.913043	13.913043	13.913043	13.913043	13.913043	13.913043	13.913043	13.913043	13.913043	13.913043	13.913043	13.913043	13.913043	13.913043	13.913043	13.913043	13.913043	13.913043	13.913043	13.913043	13.913043	13.913043	13.913043	13.913043	13.913043	13.913043	13.913043	13.913043	13.913043
%%%	Pulse Index	Stimulus Section Index	Stimulus Section Start Index	Stimulus Section End Index	Pupil Stimulated: 0 = Right, 1 = Left, 2 = Both	Light Metric: 0 = Photopic, 1 = Scopotic, 2 = Radiometric	Stimulus Start Time	Stimulus Duration	Stimulus Pulse Duration	Right Pulse Max Level	Right Pulse Max Color (0123 = WRGB)	Right Pulse Min Level	Right Pulse Min Color (0123 = WRGB)	Left Pulse Max Level	Left Pulse Max Color (0123 = WRGB)	Left Pulse Min Level	Left Pulse Min Color (0123 = WRGB)	Right Data Input Type (0 == RAW DATA, 1 == FITTED DATA, 2 == M. OVERRIDED)	Right ANALYSIS STATE (0 == ABNORMAL, 1 == NORMAL)	Right MAX (mm) (EMPTY if INVALID)	Right MIN (mm) (EMPTY if INVALID)	Right DELTA (mm) (EMPTY if INVALID)	Right CH (%) (EMPTY if INVALID)	Right LAT (sec) (EMPTY if INVALID)	Right CV (mm/s) (EMPTY if INVALID)	Right MCV (mm/s) (EMPTY if INVALID)	Right DV (mm/s) (EMPTY if INVALID)	Left Data Input Type (0 == RAW DATA, 1 == FITTED DATA, 2 == M. OVERRIDED)	Left ANALYSIS STATE (0 == ABNORMAL, 1 == NORMAL)	Left MAX (mm) (EMPTY if INVALID)	Left MIN (mm) (EMPTY if INVALID)	Left DELTA (mm) (EMPTY if INVALID)	Left CH (%) (EMPTY if INVALID)	Left LAT (sec) (EMPTY if INVALID)	Left CV (mm/s) (EMPTY if INVALID)	Left MCV (mm/s) (EMPTY if INVALID)	Left DV (mm/s) (EMPTY if INVALID)
%%%	0	0	17	541	0	0	0.51	17.52	0.51	15.98	1	0.00	1	0.00	1	0.00	1	0	0	0.00	0.00			0.00	0.00	0.00	0.00	0	0	0.00	0.00			0.00	0.00	0.00	0.00
%%%%%%%%%
%%%%%%%%%
%%%%%%%%%
<\SESSION>
