<SESSION>
<VERSION>
2
<\VERSION>
<DATE>
2017-10-31 12:48:10
<\DATE>
<SUBJECT-ID>
C57BL6-28.09.17-DA-1mois-F2-2r
<\SUBJECT-ID>
<NOTE>

<\NOTE>
<MIN-MAX-PLOT>
0.100000 51880.761719
<\MIN-MAX-PLOT>
<STIMULUS-DEFINED>
Default
Default Human Relative Spectral Sensitivity
1	0
1	0.500000	0.500000	17.000000	1	1	2.000000	-100.000000	0.100000	-100.000000	0
<\STIMULUS-DEFINED>
<STIMULUS-GENERATED>
4
0	0	0.000000	1	0.000000	0.000000	1	0.000000	0.000000
0	1	0.509000	1	0.406861	99.710426	1	0.000000	0.000000
0	4	1.019000	1	0.000000	0.000000	1	0.000000	0.000000
-1	5	18.028000	0	0.000000	0.000000	0	0.000000	0.000000
<\STIMULUS-GENERATED>
<RIGHT-PUPIL-DATA>
542	1
1	-0.020000	0.883188	260.700012	231.974976
1	0.012000	0.852174	262.125000	231.875000
1	0.043000	0.874058	261.881256	231.693756
1	0.074000	0.910725	260.649994	231.350006
1	0.121000	0.915507	261.418732	230.843781
1	0.152000	0.885797	259.975006	232.225006
1	0.183000	0.898406	260.343750	233.156250
1	0.214000	0.884058	260.750000	233.000000
1	0.246000	0.884928	260.712494	233.287506
1	0.277000	0.913043	261.062500	232.687500
1	0.308000	0.915797	261.406250	232.718750
1	0.355000	0.890725	260.662506	232.337494
1	0.386000	0.894058	261.843750	233.156250
1	0.417000	0.934203	261.375000	234.062500
1	0.448000	0.910725	261.350006	234.087494
1	0.480000	0.912464	261.750000	234.362488
1	0.511000	0.904493	261.993744	233.993744
1	0.542000	0.953333	261.324982	233.662506
1	0.573000	0.881884	262.018738	234.281189
1	0.620000	0.916377	261.681244	233.693756
1	0.651000	0.913478	262.531250	233.693726
1	0.682000	0.884203	262.718750	233.718750
1	0.714000	0.915072	262.287506	234.712494
1	0.745000	0.948406	261.799988	234.825012
1	0.776000	0.910145	261.750000	234.362488
1	0.807000	0.914493	261.687500	234.262512
1	0.854000	0.904348	261.750000	234.250000
1	0.885000	0.865797	261.187500	233.937500
1	0.916000	0.779420	262.087494	232.787506
1	0.948000	0.777681	261.812500	233.875000
1	0.979000	0.770145	261.687500	234.437500
1	1.010000	0.727101	261.931244	234.056244
1	1.041000	0.716377	262.056244	233.943756
1	1.088000	0.684058	263.012512	233.450012
1	1.119000	0.661884	262.756256	233.256256
1	1.150000	0.672464	262.674988	233.312500
1	1.182000	0.634203	262.450012	233.224976
1	1.213000	0.611450	262.218689	233.518799
1	1.244000	0.624928	262.287506	233.774994
1	1.275000	0.619710	262.600006	233.712494
0	1.306000	0.347826	153.456879	307.543121
1	1.353000	0.614203	262.787506	233.587494
1	1.384000	0.574493	263.875000	234.125000
1	1.416000	0.582754	263.743744	234.068756
1	1.447000	0.566377	263.837494	233.850006
1	1.478000	0.572319	263.156250	234.843750
1	1.509000	0.618841	263.262512	234.312500
1	1.540000	0.556522	264.000000	235.000000
0	1.587000	0.347826	185.456879	283.543121
1	1.618000	0.608841	263.243683	234.793793
1	1.650000	0.609855	263.725006	234.912506
1	1.681000	0.639710	263.125000	234.187500
1	1.712000	0.664203	263.756256	234.493744
1	1.743000	0.626087	265.000000	234.000000
1	1.774000	0.672464	265.000000	234.000000
1	1.806000	0.708116	262.862488	234.812500
1	1.852000	0.695652	262.750000	234.750000
1	1.884000	0.636377	264.156250	234.893738
1	1.915000	0.678261	263.500000	233.500000
1	1.946000	0.681884	263.468750	234.531250
1	1.977000	0.703188	263.850006	233.899994
1	2.008000	0.705797	264.000000	234.500000
1	2.040000	0.672899	263.818756	233.681244
1	2.086000	0.703768	263.250000	234.250000
1	2.118000	0.703188	263.850006	234.850006
1	2.149000	0.690145	263.912506	234.587494
1	2.180000	0.704348	264.062500	233.812500
1	2.211000	0.698985	264.006256	234.106232
1	2.242000	0.750000	263.556274	233.606262
1	2.274000	0.694638	264.043732	234.056244
1	2.320000	0.695508	264.006134	233.993805
1	2.352000	0.741884	263.443726	234.706238
1	2.383000	0.716812	263.687500	235.062500
1	2.414000	0.718841	263.000000	234.000000
1	2.445000	0.684638	264.524994	234.475006
1	2.476000	0.666377	264.737518	235.024994
1	2.508000	0.713043	264.125000	233.875000
1	2.539000	0.737971	263.600006	234.225006
1	2.586000	0.726667	264.549988	233.937500
1	2.617000	0.713623	264.250000	234.250000
1	2.648000	0.722899	264.037506	234.350006
1	2.679000	0.712464	264.125000	233.875000
1	2.710000	0.698841	264.712494	233.712494
1	2.742000	0.672464	263.000000	234.000000
0	2.773000	0.626087	264.000000	233.000000
1	2.820000	0.695652	264.000000	233.000000
1	2.851000	0.690145	264.587494	233.662506
1	2.882000	0.712899	264.781219	233.893768
1	2.913000	0.684203	265.481262	233.481262
1	2.944000	0.708841	265.231232	233.868744
1	2.976000	0.730290	264.506256	233.243744
1	3.007000	0.722463	264.993744	232.956268
1	3.054000	0.672899	265.681244	232.818756
1	3.085000	0.730435	264.000000	233.000000
1	3.116000	0.742319	264.337494	233.587494
1	3.147000	0.741884	264.331238	233.681213
1	3.178000	0.741884	264.668762	233.293762
1	3.210000	0.743478	264.781250	233.656250
1	3.241000	0.745652	264.556244	232.693756
1	3.272000	0.741884	264.706238	233.343750
1	3.319000	0.738551	264.750000	233.250000
0	3.350000	0.672464	265.000000	232.000000
1	3.381000	0.747246	265.375000	234.625000
1	3.412000	0.698841	264.912506	235.287506
1	3.444000	0.672899	265.681244	235.318756
1	3.475000	0.694203	265.637421	235.024994
1	3.506000	0.717681	265.962494	235.712372
1	3.553000	0.725942	265.431244	234.931244
1	3.584000	0.722319	265.125000	234.375000
1	3.615000	0.695652	265.750000	234.750000
1	3.646000	0.718841	265.000000	234.000000
1	3.678000	0.672899	265.318756	235.318756
1	3.709000	0.730435	266.000000	235.000000
1	3.740000	0.765217	265.000000	234.000000
1	3.787000	0.759275	265.531250	235.456238
1	3.818000	0.662029	267.162506	235.725006
1	3.849000	0.671159	267.281250	235.531250
1	3.880000	0.690290	266.568756	235.568756
1	3.912000	0.709855	266.262482	235.837494
1	3.943000	0.698985	265.993744	236.693756
1	3.974000	0.708841	266.281281	236.831085
1	4.005000	0.707536	266.162506	236.149994
1	4.052000	0.716812	266.299988	236.062500
1	4.083000	0.684058	266.000000	236.000000
1	4.114000	0.729855	266.125000	236.062500
1	4.146000	0.717246	266.068756	236.306244
1	4.177000	0.707536	266.087494	236.162506
1	4.208000	0.741884	265.656250	236.343750
1	4.239000	0.722319	265.375000	236.375000
1	4.286000	0.695652	266.500000	236.500000
1	4.317000	0.726667	266.437500	237.062500
1	4.348000	0.724928	266.600006	238.087494
1	4.380000	0.746812	266.293732	239.568756
1	4.411000	0.720580	266.475006	240.024994
1	4.442000	0.683188	266.500000	240.125000
0	4.473000	0.486377	261.750000	237.062500
0	4.520000	0.672464	267.000000	240.000000
1	4.551000	0.724493	266.018738	241.356262
1	4.582000	0.710724	267.074982	241.224945
1	4.614000	0.690725	265.437500	240.924988
1	4.645000	0.707536	265.837494	241.162506
1	4.676000	0.678406	266.243744	241.243744
1	4.707000	0.740145	265.668732	242.318756
1	4.738000	0.742754	266.293762	243.581238
1	4.785000	0.722899	266.024994	244.337494
1	4.816000	0.718986	265.718750	243.843750
1	4.848000	0.689710	266.406250	243.593750
1	4.879000	0.753188	265.568756	243.318756
1	4.910000	0.735797	265.818756	243.181244
1	4.941000	0.708116	266.187500	243.812500
1	4.972000	0.716812	265.750000	243.062500
1	5.019000	0.718406	266.306244	243.631256
1	5.050000	0.707536	266.162506	243.837494
1	5.082000	0.725362	266.768799	243.418640
1	5.113000	0.747971	265.381256	242.618744
1	5.144000	0.725942	266.431244	243.068756
1	5.175000	0.721015	264.993835	243.593689
1	5.206000	0.755362	265.287506	243.399994
1	5.238000	0.717246	266.068756	243.681244
0	5.284000	0.487536	261.950012	239.799927
1	5.316000	0.717971	266.687500	243.962341
1	5.347000	0.744058	266.437500	243.312500
1	5.378000	0.730435	265.750000	242.750000
1	5.409000	0.742898	266.312500	243.312500
1	5.440000	0.733623	265.787506	242.899994
1	5.472000	0.746377	265.737488	242.737488
1	5.518000	0.742898	265.687500	243.562500
1	5.550000	0.742898	265.687500	243.687500
1	5.581000	0.753623	266.000000	243.000000
1	5.612000	0.716812	266.750000	244.062500
1	5.643000	0.735797	266.256256	243.506256
1	5.674000	0.752029	265.631256	243.593719
1	5.706000	0.747826	266.000000	243.500000
1	5.737000	0.752899	266.206238	244.343750
1	5.784000	0.729855	265.937500	244.125000
1	5.815000	0.742898	265.450012	243.325012
1	5.846000	0.733188	266.718750	243.418762
1	5.877000	0.695797	265.993744	243.681244
1	5.908000	0.744203	266.343750	243.706238
0	5.940000	0.347826	161.456879	299.543121
1	5.971000	0.717246	266.068756	243.931244
1	6.018000	0.752899	265.706238	243.418762
1	6.049000	0.741304	265.681244	244.318756
1	6.080000	0.740145	266.243744	243.756256
1	6.111000	0.692029	266.081238	243.568726
1	6.142000	0.717246	266.431244	243.068756
1	6.174000	0.724493	265.968750	243.093750
1	6.205000	0.755362	265.600006	243.475006
1	6.252000	0.718986	266.156250	243.343750
1	6.283000	0.748841	265.643768	243.431244
1	6.314000	0.765217	265.000000	244.000000
1	6.345000	0.747681	265.693756	243.743744
1	6.376000	0.737971	266.600006	243.475006
1	6.408000	0.707681	267.181244	243.818756
1	6.439000	0.755362	266.100006	243.524994
1	6.470000	0.778841	266.187500	243.187500
1	6.517000	0.744203	266.293762	243.693726
1	6.548000	0.753188	266.431244	243.506256
1	6.579000	0.707536	267.162506	243.162506
1	6.610000	0.753623	266.000000	243.000000
1	6.642000	0.741304	266.312500	243.437500
1	6.673000	0.747971	265.381256	243.368744
1	6.704000	0.765217	266.125000	242.875000
1	6.751000	0.718841	267.000000	242.000000
1	6.782000	0.740725	266.468750	243.281250
1	6.813000	0.751449	266.206238	243.393738
1	6.844000	0.750725	265.750000	243.250000
1	6.876000	0.742029	266.500000	242.500000
1	6.907000	0.695652	266.000000	243.000000
1	6.938000	0.759275	265.543793	242.806305
1	6.985000	0.793188	265.931274	243.018738
1	7.016000	0.793768	266.418732	243.018768
1	7.047000	0.759710	266.537506	242.537506
1	7.078000	0.778841	266.187500	243.187500
1	7.110000	0.746377	266.737488	243.262512
1	7.141000	0.818551	266.225006	243.350006
1	7.172000	0.800000	266.000000	243.000000
0	7.203000	0.718841	268.000000	241.000000
1	7.250000	0.788406	266.500000	243.500000
0	7.281000	0.718841	268.000000	241.000000
1	7.312000	0.830580	266.056244	243.556244
1	7.344000	0.808116	266.125000	244.000000
1	7.375000	0.811594	265.924988	243.924988
1	7.406000	0.781884	266.518738	244.231262
1	7.437000	0.805507	266.837494	244.149994
1	7.484000	0.813188	266.306244	243.868744
1	7.515000	0.792899	266.956268	243.993744
1	7.547000	0.794638	267.381256	244.006256
1	7.578000	0.792028	267.143860	243.981201
0	7.609000	0.718841	268.000000	241.000000
1	7.640000	0.759855	267.556244	244.556244
1	7.671000	0.773333	267.375000	244.737488
1	7.718000	0.765217	267.500000	244.500000
0	7.749000	0.347826	161.456879	299.543121
1	7.781000	0.756667	267.493744	244.493744
1	7.812000	0.759275	267.468750	244.456238
1	7.843000	0.748985	267.399994	244.350006
1	7.874000	0.753768	267.406250	244.531250
1	7.905000	0.773768	266.256256	244.631256
1	7.937000	0.750580	267.406250	244.418762
1	7.983000	0.755507	266.631256	244.493744
1	8.015000	0.788986	266.975006	244.137604
1	8.046000	0.777681	267.237488	244.237488
1	8.077000	0.762319	266.987488	244.450012
1	8.108000	0.765217	267.000000	244.000000
1	8.139000	0.753623	266.875000	244.375000
1	8.171000	0.796667	267.506256	244.943756
1	8.217000	0.751594	267.562500	244.437500
1	8.249000	0.787101	266.956207	244.643768
1	8.280000	0.765217	267.000000	244.000000
1	8.311000	0.718986	268.281250	245.031250
1	8.342000	0.783623	266.993744	244.206268
1	8.373000	0.753768	267.593750	244.468750
1	8.405000	0.777246	267.131256	243.868744
1	8.451000	0.729855	268.500000	245.125000
1	8.483000	0.756667	267.631256	245.493744
1	8.514000	0.765217	267.000000	244.000000
1	8.545000	0.742029	267.375000	245.125000
1	8.576000	0.753768	267.593750	245.343750
0	8.607000	0.672464	269.000000	244.000000
1	8.639000	0.753768	268.343750	245.531250
1	8.670000	0.751159	267.681244	245.393768
1	8.717000	0.744493	267.306244	244.756256
1	8.748000	0.752754	267.687500	245.625000
1	8.779000	0.749855	267.662506	245.662506
1	8.810000	0.790145	267.712494	244.975006
1	8.841000	0.718841	268.000000	245.000000
1	8.873000	0.792464	268.024994	245.024994
0	8.904000	0.811594	264.000000	245.000000
1	8.951000	0.759710	267.662506	245.412506
1	8.982000	0.755942	267.625000	245.500000
1	9.013000	0.788406	268.250000	245.250000
1	9.044000	0.759710	268.412506	245.462494
1	9.075000	0.786232	268.218750	245.956238
1	9.107000	0.764638	269.000000	245.500000
1	9.138000	0.777681	268.437500	245.812500
1	9.185000	0.773768	268.256256	246.443756
1	9.216000	0.814058	267.693756	246.693756
1	9.247000	0.774058	269.193756	246.368744
1	9.278000	0.788551	268.906250	246.656250
1	9.309000	0.792754	269.125000	246.625000
1	9.341000	0.794203	268.937500	245.937500
1	9.372000	0.761449	269.424988	246.500000
1	9.403000	0.777536	269.168762	246.831238
1	9.450000	0.768985	268.812500	246.562500
1	9.481000	0.788551	269.043762	247.218750
1	9.512000	0.695072	270.375000	247.375000
1	9.543000	0.817971	268.812500	247.625000
1	9.575000	0.818551	268.725006	246.837494
1	9.606000	0.814058	268.693756	247.306244
1	9.637000	0.815362	268.712494	247.337494
1	9.668000	0.812029	269.181244	247.256256
1	9.715000	0.840145	268.068756	246.931244
1	9.746000	0.814058	268.693756	247.306244
1	9.777000	0.815942	268.262512	247.687500
1	9.809000	0.833188	268.406250	247.406250
1	9.840000	0.855362	268.225006	247.100006
1	9.871000	0.842898	268.500000	247.087524
1	9.902000	0.834783	268.500000	246.500000
1	9.949000	0.837971	267.912506	246.537506
1	9.980000	0.810290	267.906250	247.218750
1	10.011000	0.793042	268.700439	247.387573
0	10.043000	0.347826	169.456879	295.543121
1	10.074000	0.812464	267.987488	246.737488
0	10.105000	0.709710	269.756256	246.131256
1	10.136000	0.801159	267.899994	246.487518
1	10.183000	0.777536	268.168762	246.281250
1	10.214000	0.791884	268.000000	246.000000
0	10.245000	0.811594	268.000000	249.000000
1	10.277000	0.783768	267.725006	246.225006
1	10.308000	0.749420	268.218750	246.418762
1	10.339000	0.663623	270.231262	246.781311
1	10.370000	0.742754	269.168762	246.581238
1	10.401000	0.746667	268.649994	246.587494
1	10.448000	0.724493	269.906250	247.093750
0	10.479000	0.655507	270.931244	247.068756
1	10.511000	0.761594	269.456238	247.531250
1	10.542000	0.690725	270.437500	248.062500
1	10.573000	0.704348	269.562500	248.812500
0	10.604000	0.637681	270.825012	248.075012
0	10.635000	0.612029	270.581268	247.193756
1	10.682000	0.724493	269.318604	247.931274
1	10.713000	0.690145	269.412506	248.412506
0	10.745000	0.505072	272.768738	247.106262
1	10.776000	0.738551	269.500000	249.250000
0	10.807000	0.347826	173.456879	303.543121
1	10.838000	0.665217	269.250000	252.500000
0	10.869000	0.497971	269.899811	256.125031
1	10.916000	0.688985	268.924988	253.012512
0	10.947000	0.347826	177.456879	307.543121
1	10.979000	0.677101	269.225006	252.462494
1	11.010000	0.653623	269.887512	251.887512
1	11.041000	0.672319	269.843750	251.706238
1	11.072000	0.692319	270.043732	251.631256
1	11.103000	0.652174	270.250000	252.500000
1	11.135000	0.648406	270.375000	252.687500
0	11.181000	0.582029	271.250000	251.075012
1	11.213000	0.730435	270.000000	252.000000
0	11.244000	0.347826	169.456879	303.543121
0	11.275000	0.633623	271.100006	251.850006
1	11.306000	0.660870	270.000000	250.000000
1	11.337000	0.670145	270.375000	251.875000
1	11.369000	0.681449	270.037506	252.462494
1	11.415000	0.679275	270.493744	250.443756
0	11.447000	0.347826	205.456879	287.543121
1	11.478000	0.660870	270.000000	252.000000
1	11.509000	0.707536	270.162506	251.162506
1	11.540000	0.763623	269.406250	250.781250
1	11.571000	0.637536	270.843750	251.593750
1	11.603000	0.740725	270.281250	251.368835
1	11.649000	0.690725	271.437500	252.562500
0	11.681000	0.620725	272.306244	254.443756
0	11.712000	0.347826	165.456879	319.000000
1	11.743000	0.684058	271.250000	255.750000
1	11.774000	0.707681	271.181244	255.818756
1	11.805000	0.652319	272.618744	257.368744
0	11.837000	0.347826	173.456879	319.000000
1	11.868000	0.704348	272.562500	258.812500
1	11.915000	0.679855	273.531250	259.531250
1	11.946000	0.646232	272.906250	260.406250
1	11.977000	0.707536	271.212494	260.162506
1	12.008000	0.694638	272.368744	260.631256
1	12.039000	0.713623	272.062500	261.750000
1	12.071000	0.705942	272.218750	261.206238
0	12.102000	0.347826	157.456879	319.000000
1	12.149000	0.683623	272.506256	261.506256
0	12.180000	0.347826	169.456879	319.000000
0	12.211000	0.347826	149.456879	319.000000
1	12.242000	0.689710	272.593750	261.906250
0	12.273000	0.347826	137.456879	319.000000
0	12.305000	0.384928	266.462494	262.462494
0	12.336000	0.347826	193.456879	307.543121
0	12.383000	0.347826	157.456879	319.000000
0	12.414000	0.347826	153.456879	319.000000
1	12.445000	0.714493	272.075012	265.062500
0	12.476000	0.348841	265.350006	263.524994
0	12.507000	0.347826	157.456879	319.000000
0	12.539000	0.347826	149.456879	319.000000
0	12.570000	0.411449	267.706238	262.043762
0	12.601000	0.347826	157.456879	319.000000
1	12.648000	0.672464	271.000000	266.000000
1	12.679000	0.708116	272.187500	265.812500
1	12.710000	0.695652	272.500000	266.500000
0	12.741000	0.347826	149.456879	319.000000
0	12.773000	0.347826	145.456879	319.000000
1	12.804000	0.705362	273.231232	265.818756
1	12.835000	0.721739	273.000000	266.000000
0	12.882000	0.347826	181.456879	315.543121
0	12.913000	0.347826	169.456879	319.000000
0	12.944000	0.362029	266.012482	264.662506
1	12.975000	0.360580	265.999939	264.475220
1	13.007000	0.708116	273.187500	268.187500
1	13.038000	0.723333	273.031250	268.031250
0	13.069000	0.347826	145.456879	319.000000
1	13.116000	0.752754	273.437500	268.450012
0	13.147000	0.374493	266.325012	266.200012
0	13.178000	0.347826	193.456879	311.543121
0	13.209000	0.353188	266.618744	266.931244
1	13.241000	0.707536	274.162506	270.787506
0	13.272000	0.347826	181.456879	319.000000
1	13.303000	0.715797	274.031250	270.281250
1	13.334000	0.725072	274.006256	270.118744
1	13.381000	0.685797	273.850006	270.524994
1	13.412000	0.694058	274.343750	270.656250
1	13.443000	0.724493	273.406250	271.093750
1	13.475000	0.690145	273.037506	271.587494
0	13.506000	0.347826	267.818756	268.506256
1	13.537000	0.687536	274.000000	273.437500
0	13.568000	0.352754	267.937500	270.562500
0	13.615000	0.404928	272.062500	277.375000
1	13.646000	0.708116	274.174988	272.812500
0	13.677000	0.347826	133.456879	319.000000
0	13.709000	0.347826	270.543121	277.543121
1	13.740000	0.689710	274.656250	272.593750
1	13.771000	0.690145	274.412506	273.412506
0	13.802000	0.555507	275.943756	275.993744
0	13.833000	0.600580	275.625000	275.625000
1	13.880000	0.652899	274.643738	275.393738
1	13.911000	0.707101	274.793762	274.156250
1	13.943000	0.637971	275.912506	276.412506
1	13.974000	0.652174	276.000000	277.250000
1	14.005000	0.602899	276.000000	281.000000
0	14.036000	0.626087	276.000000	281.000000
0	14.067000	0.428985	270.000000	282.000000
0	14.114000	0.596667	271.706390	287.418732
0	14.145000	0.494493	273.137482	292.149994
0	14.177000	0.347826	145.456879	319.000000
0	14.208000	0.347826	129.456879	319.000000
0	14.239000	0.347826	129.456879	319.000000
0	14.270000	0.347826	129.456879	319.000000
0	14.301000	0.347826	129.456879	319.000000
0	14.333000	0.347826	129.456879	319.000000
0	14.379000	0.347826	129.456879	319.000000
0	14.411000	0.347826	129.456879	319.000000
0	14.442000	0.347826	129.456879	319.000000
0	14.473000	0.347826	129.456879	319.000000
0	14.504000	0.347826	129.456879	319.000000
0	14.535000	0.347826	129.456879	319.000000
0	14.567000	0.347826	129.456879	319.000000
0	14.613000	0.347826	129.456879	319.000000
0	14.645000	0.347826	129.456879	319.000000
0	14.676000	0.347826	129.456879	319.000000
0	14.707000	0.347826	129.456879	319.000000
0	14.738000	0.347826	129.456879	319.000000
0	14.769000	0.347826	149.456879	319.000000
0	14.801000	0.347826	133.456879	319.000000
0	14.847000	0.347826	145.456879	319.000000
0	14.879000	0.347826	145.456879	319.000000
0	14.910000	0.347826	145.456879	319.000000
0	14.941000	0.347826	149.456879	319.000000
0	14.972000	0.347826	129.456879	319.000000
0	15.003000	0.347826	129.456879	319.000000
0	15.035000	0.347826	137.456879	319.000000
0	15.066000	0.347826	141.456879	319.000000
1	15.113000	0.352899	254.893707	286.056244
0	15.144000	0.398551	254.500000	285.500000
1	15.175000	0.409710	255.068756	283.881256
0	15.206000	0.347826	161.456879	319.000000
1	15.237000	0.447826	253.500000	280.750000
0	15.269000	0.407681	254.881256	278.131256
0	15.300000	0.347826	157.456879	319.000000
1	15.347000	0.602899	260.937500	270.562500
0	15.378000	0.347826	137.456879	319.000000
0	15.409000	0.378985	253.831238	259.768738
0	15.440000	0.400580	255.000000	257.875000
1	15.471000	0.378841	255.375000	257.250000
0	15.503000	0.371449	257.643738	257.806213
1	15.534000	0.556522	267.937500	254.937500
0	15.581000	0.407101	257.343750	252.093750
0	15.612000	0.347826	221.456879	271.543121
1	15.643000	0.653333	268.962494	254.100006
0	15.674000	0.347826	153.456879	319.000000
0	15.705000	0.347826	149.456879	319.000000
0	15.737000	0.347826	256.293671	252.143707
0	15.768000	0.814058	265.693756	253.881256
1	15.799000	0.347826	265.993744	262.181244
0	15.846000	0.347826	161.456879	319.000000
1	15.877000	0.711449	269.718750	255.343750
0	15.908000	0.347826	157.456879	319.000000
0	15.939000	0.347826	149.456879	319.000000
1	15.971000	0.698985	271.306244	256.693756
0	16.002000	0.646667	271.287506	256.912506
1	16.033000	0.738406	269.706238	256.218628
0	16.080000	0.718841	269.000000	256.000000
0	16.111000	0.681014	270.518738	255.456238
1	16.142000	0.670145	270.375000	255.187500
1	16.173000	0.347826	265.556244	263.006256
1	16.205000	0.731449	269.881256	253.743744
0	16.236000	0.652029	269.943756	250.368744
1	16.267000	0.779420	269.337494	253.162506
0	16.314000	0.587248	273.712280	252.949829
0	16.345000	0.504348	274.000000	251.500000
1	16.376000	0.711884	270.100006	252.899994
0	16.407000	0.347826	265.818756	262.156342
0	16.439000	0.386957	257.500000	257.500000
0	16.470000	0.651449	271.856262	259.856262
0	16.501000	0.553333	273.024994	259.850006
0	16.532000	0.415797	275.218750	258.718750
1	16.579000	0.636377	270.843750	259.156250
0	16.610000	0.652754	269.875000	256.937500
1	16.641000	0.347826	254.318634	256.543732
1	16.673000	0.666232	266.806244	256.481232
1	16.704000	0.885507	262.637512	253.299988
1	16.735000	0.814638	263.281250	253.281250
0	16.766000	0.777536	268.168762	249.906250
0	16.813000	0.642319	269.725006	246.949982
0	16.844000	0.679855	270.468811	248.768677
0	16.875000	0.800580	267.875000	250.000000
1	16.907000	0.869855	264.962585	251.162537
0	16.938000	0.347826	173.456879	319.000000
1	16.969000	0.653623	271.887512	260.674988
0	17.000000	0.672319	270.156250	266.343750
1	17.047000	0.800000	273.000000	275.000000
0	17.078000	0.744058	275.737488	277.437500
1	17.109000	0.590725	275.875000	285.000000
0	17.141000	0.576667	277.031250	286.143738
1	17.172000	0.630580	274.868744	286.756256
0	17.203000	0.648406	274.625000	287.362488
0	17.234000	0.652029	278.668793	284.368744
1	17.265000	0.708116	279.187500	285.174988
1	17.312000	0.744058	278.637512	282.362488
1	17.343000	0.716667	279.043762	278.343750
1	17.375000	0.752899	277.581238	277.581238
1	17.406000	0.672464	277.000000	278.000000
0	17.437000	0.347826	145.456879	319.000000
1	17.468000	0.751594	276.362488	279.437500
1	17.499000	0.770580	275.818756	277.868744
0	17.546000	0.583623	278.881256	277.118744
1	17.577000	0.690290	278.318756	278.568756
1	17.609000	0.707101	278.656311	276.206299
0	17.640000	0.732899	276.881226	276.718750
1	17.671000	0.748551	277.418671	277.281158
0	17.702000	0.689710	280.406250	275.593750
1	17.733000	0.751594	280.562500	277.437500
1	17.765000	0.721884	280.618744	277.993744
1	17.811000	0.765217	280.500000	280.500000
1	17.843000	0.781449	280.725006	283.887482
1	17.874000	0.814058	279.693756	284.306244
1	17.905000	0.764203	279.943756	285.943756
0	17.936000	0.672464	281.000000	284.000000
1	17.967000	0.750580	281.156250	286.343750
1	17.999000	0.826667	282.500000	287.500000
<\RIGHT-PUPIL-DATA>
<LEFT-PUPIL-DATA>
543	0
0	-0.066000	13.913043	240.000000	320.000000
0	-0.035000	13.913043	240.000000	320.000000
0	-0.004000	13.913043	240.000000	320.000000
0	0.027000	13.913043	240.000000	320.000000
0	0.074000	13.913043	240.000000	320.000000
0	0.105000	13.913043	240.000000	320.000000
0	0.137000	13.913043	240.000000	320.000000
0	0.168000	13.913043	240.000000	320.000000
0	0.199000	13.913043	240.000000	320.000000
0	0.230000	13.913043	240.000000	320.000000
0	0.261000	13.913043	240.000000	320.000000
0	0.293000	13.913043	240.000000	320.000000
0	0.339000	13.913043	240.000000	320.000000
0	0.371000	13.913043	240.000000	320.000000
0	0.402000	13.913043	240.000000	320.000000
0	0.433000	13.913043	240.000000	320.000000
0	0.464000	13.913043	240.000000	320.000000
0	0.495000	13.913043	240.000000	320.000000
0	0.527000	13.913043	240.000000	320.000000
0	0.573000	13.913043	240.000000	320.000000
0	0.605000	13.913043	240.000000	320.000000
0	0.636000	13.913043	240.000000	320.000000
0	0.667000	13.913043	240.000000	320.000000
0	0.698000	13.913043	240.000000	320.000000
0	0.729000	13.913043	240.000000	320.000000
0	0.761000	13.913043	240.000000	320.000000
0	0.807000	13.913043	240.000000	320.000000
0	0.839000	13.913043	240.000000	320.000000
0	0.870000	13.913043	240.000000	320.000000
0	0.901000	13.913043	240.000000	320.000000
0	0.932000	13.913043	240.000000	320.000000
0	0.963000	13.913043	240.000000	320.000000
0	0.995000	13.913043	240.000000	320.000000
0	1.026000	13.913043	240.000000	320.000000
0	1.073000	13.913043	240.000000	320.000000
0	1.104000	13.913043	240.000000	320.000000
0	1.135000	13.913043	240.000000	320.000000
0	1.166000	13.913043	240.000000	320.000000
0	1.197000	13.913043	240.000000	320.000000
0	1.229000	13.913043	240.000000	320.000000
0	1.260000	13.913043	240.000000	320.000000
0	1.307000	13.913043	240.000000	320.000000
0	1.338000	13.913043	240.000000	320.000000
0	1.369000	13.913043	240.000000	320.000000
0	1.400000	13.913043	240.000000	320.000000
0	1.431000	13.913043	240.000000	320.000000
0	1.463000	13.913043	240.000000	320.000000
0	1.494000	13.913043	240.000000	320.000000
0	1.541000	13.913043	240.000000	320.000000
0	1.572000	13.913043	240.000000	320.000000
0	1.603000	13.913043	240.000000	320.000000
0	1.634000	13.913043	240.000000	320.000000
0	1.665000	13.913043	240.000000	320.000000
0	1.697000	13.913043	240.000000	320.000000
0	1.728000	13.913043	240.000000	320.000000
0	1.759000	13.913043	240.000000	320.000000
0	1.806000	13.913043	240.000000	320.000000
0	1.837000	13.913043	240.000000	320.000000
0	1.868000	13.913043	240.000000	320.000000
0	1.899000	13.913043	240.000000	320.000000
0	1.931000	13.913043	240.000000	320.000000
0	1.962000	13.913043	240.000000	320.000000
0	1.993000	13.913043	240.000000	320.000000
0	2.040000	13.913043	240.000000	320.000000
0	2.071000	13.913043	240.000000	320.000000
0	2.102000	13.913043	240.000000	320.000000
0	2.133000	13.913043	240.000000	320.000000
0	2.165000	13.913043	240.000000	320.000000
0	2.196000	13.913043	240.000000	320.000000
0	2.227000	13.913043	240.000000	320.000000
0	2.274000	13.913043	240.000000	320.000000
0	2.305000	13.913043	240.000000	320.000000
0	2.336000	13.913043	240.000000	320.000000
0	2.367000	13.913043	240.000000	320.000000
0	2.399000	13.913043	240.000000	320.000000
0	2.430000	13.913043	240.000000	320.000000
0	2.461000	13.913043	240.000000	320.000000
0	2.492000	13.913043	240.000000	320.000000
0	2.539000	13.913043	240.000000	320.000000
0	2.570000	13.913043	240.000000	320.000000
0	2.601000	13.913043	240.000000	320.000000
0	2.633000	13.913043	240.000000	320.000000
0	2.664000	13.913043	240.000000	320.000000
0	2.695000	13.913043	240.000000	320.000000
0	2.726000	13.913043	240.000000	320.000000
0	2.773000	13.913043	240.000000	320.000000
0	2.804000	13.913043	240.000000	320.000000
0	2.835000	13.913043	240.000000	320.000000
0	2.867000	13.913043	240.000000	320.000000
0	2.898000	13.913043	240.000000	320.000000
0	2.929000	13.913043	240.000000	320.000000
0	2.960000	13.913043	240.000000	320.000000
0	3.007000	13.913043	240.000000	320.000000
0	3.038000	13.913043	240.000000	320.000000
0	3.069000	13.913043	240.000000	320.000000
0	3.101000	13.913043	240.000000	320.000000
0	3.132000	13.913043	240.000000	320.000000
0	3.163000	13.913043	240.000000	320.000000
0	3.194000	13.913043	240.000000	320.000000
0	3.225000	13.913043	240.000000	320.000000
0	3.272000	13.913043	240.000000	320.000000
0	3.303000	13.913043	240.000000	320.000000
0	3.335000	13.913043	240.000000	320.000000
0	3.366000	13.913043	240.000000	320.000000
0	3.397000	13.913043	240.000000	320.000000
0	3.428000	13.913043	240.000000	320.000000
0	3.459000	13.913043	240.000000	320.000000
0	3.491000	13.913043	240.000000	320.000000
0	3.537000	13.913043	240.000000	320.000000
0	3.569000	13.913043	240.000000	320.000000
0	3.600000	13.913043	240.000000	320.000000
0	3.631000	13.913043	240.000000	320.000000
0	3.662000	13.913043	240.000000	320.000000
0	3.693000	13.913043	240.000000	320.000000
0	3.725000	13.913043	240.000000	320.000000
0	3.771000	13.913043	240.000000	320.000000
0	3.803000	13.913043	240.000000	320.000000
0	3.834000	13.913043	240.000000	320.000000
0	3.865000	13.913043	240.000000	320.000000
0	3.896000	13.913043	240.000000	320.000000
0	3.927000	13.913043	240.000000	320.000000
0	3.959000	13.913043	240.000000	320.000000
0	4.005000	13.913043	240.000000	320.000000
0	4.037000	13.913043	240.000000	320.000000
0	4.068000	13.913043	240.000000	320.000000
0	4.099000	13.913043	240.000000	320.000000
0	4.130000	13.913043	240.000000	320.000000
0	4.161000	13.913043	240.000000	320.000000
0	4.193000	13.913043	240.000000	320.000000
0	4.224000	13.913043	240.000000	320.000000
0	4.271000	13.913043	240.000000	320.000000
0	4.302000	13.913043	240.000000	320.000000
0	4.333000	13.913043	240.000000	320.000000
0	4.364000	13.913043	240.000000	320.000000
0	4.395000	13.913043	240.000000	320.000000
0	4.427000	13.913043	240.000000	320.000000
0	4.458000	13.913043	240.000000	320.000000
0	4.505000	13.913043	240.000000	320.000000
0	4.536000	13.913043	240.000000	320.000000
0	4.567000	13.913043	240.000000	320.000000
0	4.598000	13.913043	240.000000	320.000000
0	4.629000	13.913043	240.000000	320.000000
0	4.661000	13.913043	240.000000	320.000000
0	4.692000	13.913043	240.000000	320.000000
0	4.739000	13.913043	240.000000	320.000000
0	4.770000	13.913043	240.000000	320.000000
0	4.801000	13.913043	240.000000	320.000000
0	4.832000	13.913043	240.000000	320.000000
0	4.863000	13.913043	240.000000	320.000000
0	4.895000	13.913043	240.000000	320.000000
0	4.926000	13.913043	240.000000	320.000000
0	4.957000	13.913043	240.000000	320.000000
0	5.004000	13.913043	240.000000	320.000000
0	5.035000	13.913043	240.000000	320.000000
0	5.066000	13.913043	240.000000	320.000000
0	5.097000	13.913043	240.000000	320.000000
0	5.129000	13.913043	240.000000	320.000000
0	5.160000	13.913043	240.000000	320.000000
0	5.191000	13.913043	240.000000	320.000000
0	5.238000	13.913043	240.000000	320.000000
0	5.269000	13.913043	240.000000	320.000000
0	5.300000	13.913043	240.000000	320.000000
0	5.331000	13.913043	240.000000	320.000000
0	5.363000	13.913043	240.000000	320.000000
0	5.394000	13.913043	240.000000	320.000000
0	5.425000	13.913043	240.000000	320.000000
0	5.472000	13.913043	240.000000	320.000000
0	5.503000	13.913043	240.000000	320.000000
0	5.534000	13.913043	240.000000	320.000000
0	5.565000	13.913043	240.000000	320.000000
0	5.597000	13.913043	240.000000	320.000000
0	5.628000	13.913043	240.000000	320.000000
0	5.659000	13.913043	240.000000	320.000000
0	5.690000	13.913043	240.000000	320.000000
0	5.737000	13.913043	240.000000	320.000000
0	5.768000	13.913043	240.000000	320.000000
0	5.799000	13.913043	240.000000	320.000000
0	5.831000	13.913043	240.000000	320.000000
0	5.862000	13.913043	240.000000	320.000000
0	5.893000	13.913043	240.000000	320.000000
0	5.924000	13.913043	240.000000	320.000000
0	5.971000	13.913043	240.000000	320.000000
0	6.002000	13.913043	240.000000	320.000000
0	6.033000	13.913043	240.000000	320.000000
0	6.065000	13.913043	240.000000	320.000000
0	6.096000	13.913043	240.000000	320.000000
0	6.127000	13.913043	240.000000	320.000000
0	6.158000	13.913043	240.000000	320.000000
0	6.205000	13.913043	240.000000	320.000000
0	6.236000	13.913043	240.000000	320.000000
0	6.267000	13.913043	240.000000	320.000000
0	6.299000	13.913043	240.000000	320.000000
0	6.330000	13.913043	240.000000	320.000000
0	6.361000	13.913043	240.000000	320.000000
0	6.392000	13.913043	240.000000	320.000000
0	6.423000	13.913043	240.000000	320.000000
0	6.470000	13.913043	240.000000	320.000000
0	6.501000	13.913043	240.000000	320.000000
0	6.533000	13.913043	240.000000	320.000000
0	6.564000	13.913043	240.000000	320.000000
0	6.595000	13.913043	240.000000	320.000000
0	6.626000	13.913043	240.000000	320.000000
0	6.657000	13.913043	240.000000	320.000000
0	6.704000	13.913043	240.000000	320.000000
0	6.735000	13.913043	240.000000	320.000000
0	6.767000	13.913043	240.000000	320.000000
0	6.798000	13.913043	240.000000	320.000000
0	6.829000	13.913043	240.000000	320.000000
0	6.860000	13.913043	240.000000	320.000000
0	6.891000	13.913043	240.000000	320.000000
0	6.938000	13.913043	240.000000	320.000000
0	6.969000	13.913043	240.000000	320.000000
0	7.001000	13.913043	240.000000	320.000000
0	7.032000	13.913043	240.000000	320.000000
0	7.063000	13.913043	240.000000	320.000000
0	7.094000	13.913043	240.000000	320.000000
0	7.125000	13.913043	240.000000	320.000000
0	7.157000	13.913043	240.000000	320.000000
0	7.203000	13.913043	240.000000	320.000000
0	7.235000	13.913043	240.000000	320.000000
0	7.266000	13.913043	240.000000	320.000000
0	7.297000	13.913043	240.000000	320.000000
0	7.328000	13.913043	240.000000	320.000000
0	7.359000	13.913043	240.000000	320.000000
0	7.391000	13.913043	240.000000	320.000000
0	7.422000	13.913043	240.000000	320.000000
0	7.469000	13.913043	240.000000	320.000000
0	7.500000	13.913043	240.000000	320.000000
0	7.531000	13.913043	240.000000	320.000000
0	7.562000	13.913043	240.000000	320.000000
0	7.594000	13.913043	240.000000	320.000000
0	7.625000	13.913043	240.000000	320.000000
0	7.656000	13.913043	240.000000	320.000000
0	7.703000	13.913043	240.000000	320.000000
0	7.734000	13.913043	240.000000	320.000000
0	7.765000	13.913043	240.000000	320.000000
0	7.796000	13.913043	240.000000	320.000000
0	7.828000	13.913043	240.000000	320.000000
0	7.859000	13.913043	240.000000	320.000000
0	7.890000	13.913043	240.000000	320.000000
0	7.937000	13.913043	240.000000	320.000000
0	7.968000	13.913043	240.000000	320.000000
0	7.999000	13.913043	240.000000	320.000000
0	8.030000	13.913043	240.000000	320.000000
0	8.062000	13.913043	240.000000	320.000000
0	8.093000	13.913043	240.000000	320.000000
0	8.124000	13.913043	240.000000	320.000000
0	8.155000	13.913043	240.000000	320.000000
0	8.202000	13.913043	240.000000	320.000000
0	8.233000	13.913043	240.000000	320.000000
0	8.264000	13.913043	240.000000	320.000000
0	8.296000	13.913043	240.000000	320.000000
0	8.327000	13.913043	240.000000	320.000000
0	8.358000	13.913043	240.000000	320.000000
0	8.389000	13.913043	240.000000	320.000000
0	8.436000	13.913043	240.000000	320.000000
0	8.467000	13.913043	240.000000	320.000000
0	8.498000	13.913043	240.000000	320.000000
0	8.530000	13.913043	240.000000	320.000000
0	8.561000	13.913043	240.000000	320.000000
0	8.592000	13.913043	240.000000	320.000000
0	8.623000	13.913043	240.000000	320.000000
0	8.670000	13.913043	240.000000	320.000000
0	8.701000	13.913043	240.000000	320.000000
0	8.732000	13.913043	240.000000	320.000000
0	8.764000	13.913043	240.000000	320.000000
0	8.795000	13.913043	240.000000	320.000000
0	8.826000	13.913043	240.000000	320.000000
0	8.857000	13.913043	240.000000	320.000000
0	8.888000	13.913043	240.000000	320.000000
0	8.935000	13.913043	240.000000	320.000000
0	8.966000	13.913043	240.000000	320.000000
0	8.998000	13.913043	240.000000	320.000000
0	9.029000	13.913043	240.000000	320.000000
0	9.060000	13.913043	240.000000	320.000000
0	9.091000	13.913043	240.000000	320.000000
0	9.122000	13.913043	240.000000	320.000000
0	9.169000	13.913043	240.000000	320.000000
0	9.200000	13.913043	240.000000	320.000000
0	9.232000	13.913043	240.000000	320.000000
0	9.263000	13.913043	240.000000	320.000000
0	9.294000	13.913043	240.000000	320.000000
0	9.325000	13.913043	240.000000	320.000000
0	9.356000	13.913043	240.000000	320.000000
0	9.403000	13.913043	240.000000	320.000000
0	9.434000	13.913043	240.000000	320.000000
0	9.466000	13.913043	240.000000	320.000000
0	9.497000	13.913043	240.000000	320.000000
0	9.528000	13.913043	240.000000	320.000000
0	9.559000	13.913043	240.000000	320.000000
0	9.590000	13.913043	240.000000	320.000000
0	9.622000	13.913043	240.000000	320.000000
0	9.668000	13.913043	240.000000	320.000000
0	9.700000	13.913043	240.000000	320.000000
0	9.731000	13.913043	240.000000	320.000000
0	9.762000	13.913043	240.000000	320.000000
0	9.793000	13.913043	240.000000	320.000000
0	9.824000	13.913043	240.000000	320.000000
0	9.856000	13.913043	240.000000	320.000000
0	9.902000	13.913043	240.000000	320.000000
0	9.934000	13.913043	240.000000	320.000000
0	9.965000	13.913043	240.000000	320.000000
0	9.996000	13.913043	240.000000	320.000000
0	10.027000	13.913043	240.000000	320.000000
0	10.058000	13.913043	240.000000	320.000000
0	10.090000	13.913043	240.000000	320.000000
0	10.136000	13.913043	240.000000	320.000000
0	10.168000	13.913043	240.000000	320.000000
0	10.199000	13.913043	240.000000	320.000000
0	10.230000	13.913043	240.000000	320.000000
0	10.261000	13.913043	240.000000	320.000000
0	10.292000	13.913043	240.000000	320.000000
0	10.324000	13.913043	240.000000	320.000000
0	10.355000	13.913043	240.000000	320.000000
0	10.402000	13.913043	240.000000	320.000000
0	10.433000	13.913043	240.000000	320.000000
0	10.464000	13.913043	240.000000	320.000000
0	10.495000	13.913043	240.000000	320.000000
0	10.526000	13.913043	240.000000	320.000000
0	10.558000	13.913043	240.000000	320.000000
0	10.589000	13.913043	240.000000	320.000000
0	10.636000	13.913043	240.000000	320.000000
0	10.667000	13.913043	240.000000	320.000000
0	10.698000	13.913043	240.000000	320.000000
0	10.729000	13.913043	240.000000	320.000000
0	10.760000	13.913043	240.000000	320.000000
0	10.792000	13.913043	240.000000	320.000000
0	10.823000	13.913043	240.000000	320.000000
0	10.870000	13.913043	240.000000	320.000000
0	10.901000	13.913043	240.000000	320.000000
0	10.932000	13.913043	240.000000	320.000000
0	10.963000	13.913043	240.000000	320.000000
0	10.994000	13.913043	240.000000	320.000000
0	11.026000	13.913043	240.000000	320.000000
0	11.057000	13.913043	240.000000	320.000000
0	11.088000	13.913043	240.000000	320.000000
0	11.135000	13.913043	240.000000	320.000000
0	11.166000	13.913043	240.000000	320.000000
0	11.197000	13.913043	240.000000	320.000000
0	11.228000	13.913043	240.000000	320.000000
0	11.260000	13.913043	240.000000	320.000000
0	11.291000	13.913043	240.000000	320.000000
0	11.322000	13.913043	240.000000	320.000000
0	11.369000	13.913043	240.000000	320.000000
0	11.400000	13.913043	240.000000	320.000000
0	11.431000	13.913043	240.000000	320.000000
0	11.462000	13.913043	240.000000	320.000000
0	11.494000	13.913043	240.000000	320.000000
0	11.525000	13.913043	240.000000	320.000000
0	11.556000	13.913043	240.000000	320.000000
0	11.587000	13.913043	240.000000	320.000000
0	11.634000	13.913043	240.000000	320.000000
0	11.665000	13.913043	240.000000	320.000000
0	11.696000	13.913043	240.000000	320.000000
0	11.728000	13.913043	240.000000	320.000000
0	11.759000	13.913043	240.000000	320.000000
0	11.790000	13.913043	240.000000	320.000000
0	11.821000	13.913043	240.000000	320.000000
0	11.868000	13.913043	240.000000	320.000000
0	11.899000	13.913043	240.000000	320.000000
0	11.930000	13.913043	240.000000	320.000000
0	11.962000	13.913043	240.000000	320.000000
0	11.993000	13.913043	240.000000	320.000000
0	12.024000	13.913043	240.000000	320.000000
0	12.055000	13.913043	240.000000	320.000000
0	12.086000	13.913043	240.000000	320.000000
0	12.133000	13.913043	240.000000	320.000000
0	12.164000	13.913043	240.000000	320.000000
0	12.196000	13.913043	240.000000	320.000000
0	12.227000	13.913043	240.000000	320.000000
0	12.258000	13.913043	240.000000	320.000000
0	12.289000	13.913043	240.000000	320.000000
0	12.320000	13.913043	240.000000	320.000000
0	12.367000	13.913043	240.000000	320.000000
0	12.398000	13.913043	240.000000	320.000000
0	12.430000	13.913043	240.000000	320.000000
0	12.461000	13.913043	240.000000	320.000000
0	12.492000	13.913043	240.000000	320.000000
0	12.523000	13.913043	240.000000	320.000000
0	12.554000	13.913043	240.000000	320.000000
0	12.601000	13.913043	240.000000	320.000000
0	12.632000	13.913043	240.000000	320.000000
0	12.664000	13.913043	240.000000	320.000000
0	12.695000	13.913043	240.000000	320.000000
0	12.726000	13.913043	240.000000	320.000000
0	12.757000	13.913043	240.000000	320.000000
0	12.788000	13.913043	240.000000	320.000000
0	12.820000	13.913043	240.000000	320.000000
0	12.866000	13.913043	240.000000	320.000000
0	12.898000	13.913043	240.000000	320.000000
0	12.929000	13.913043	240.000000	320.000000
0	12.960000	13.913043	240.000000	320.000000
0	12.991000	13.913043	240.000000	320.000000
0	13.022000	13.913043	240.000000	320.000000
0	13.054000	13.913043	240.000000	320.000000
0	13.100000	13.913043	240.000000	320.000000
0	13.132000	13.913043	240.000000	320.000000
0	13.163000	13.913043	240.000000	320.000000
0	13.194000	13.913043	240.000000	320.000000
0	13.225000	13.913043	240.000000	320.000000
0	13.256000	13.913043	240.000000	320.000000
0	13.288000	13.913043	240.000000	320.000000
0	13.334000	13.913043	240.000000	320.000000
0	13.366000	13.913043	240.000000	320.000000
0	13.397000	13.913043	240.000000	320.000000
0	13.428000	13.913043	240.000000	320.000000
0	13.459000	13.913043	240.000000	320.000000
0	13.490000	13.913043	240.000000	320.000000
0	13.522000	13.913043	240.000000	320.000000
0	13.553000	13.913043	240.000000	320.000000
0	13.600000	13.913043	240.000000	320.000000
0	13.631000	13.913043	240.000000	320.000000
0	13.662000	13.913043	240.000000	320.000000
0	13.693000	13.913043	240.000000	320.000000
0	13.724000	13.913043	240.000000	320.000000
0	13.756000	13.913043	240.000000	320.000000
0	13.787000	13.913043	240.000000	320.000000
0	13.834000	13.913043	240.000000	320.000000
0	13.865000	13.913043	240.000000	320.000000
0	13.896000	13.913043	240.000000	320.000000
0	13.927000	13.913043	240.000000	320.000000
0	13.958000	13.913043	240.000000	320.000000
0	13.990000	13.913043	240.000000	320.000000
0	14.021000	13.913043	240.000000	320.000000
0	14.068000	13.913043	240.000000	320.000000
0	14.099000	13.913043	240.000000	320.000000
0	14.130000	13.913043	240.000000	320.000000
0	14.161000	13.913043	240.000000	320.000000
0	14.192000	13.913043	240.000000	320.000000
0	14.224000	13.913043	240.000000	320.000000
0	14.255000	13.913043	240.000000	320.000000
0	14.286000	13.913043	240.000000	320.000000
0	14.333000	13.913043	240.000000	320.000000
0	14.364000	13.913043	240.000000	320.000000
0	14.395000	13.913043	240.000000	320.000000
0	14.426000	13.913043	240.000000	320.000000
0	14.458000	13.913043	240.000000	320.000000
0	14.489000	13.913043	240.000000	320.000000
0	14.520000	13.913043	240.000000	320.000000
0	14.567000	13.913043	240.000000	320.000000
0	14.598000	13.913043	240.000000	320.000000
0	14.629000	13.913043	240.000000	320.000000
0	14.660000	13.913043	240.000000	320.000000
0	14.692000	13.913043	240.000000	320.000000
0	14.723000	13.913043	240.000000	320.000000
0	14.754000	13.913043	240.000000	320.000000
0	14.801000	13.913043	240.000000	320.000000
0	14.832000	13.913043	240.000000	320.000000
0	14.863000	13.913043	240.000000	320.000000
0	14.894000	13.913043	240.000000	320.000000
0	14.926000	13.913043	240.000000	320.000000
0	14.957000	13.913043	240.000000	320.000000
0	14.988000	13.913043	240.000000	320.000000
0	15.019000	13.913043	240.000000	320.000000
0	15.066000	13.913043	240.000000	320.000000
0	15.097000	13.913043	240.000000	320.000000
0	15.128000	13.913043	240.000000	320.000000
0	15.160000	13.913043	240.000000	320.000000
0	15.191000	13.913043	240.000000	320.000000
0	15.222000	13.913043	240.000000	320.000000
0	15.253000	13.913043	240.000000	320.000000
0	15.300000	13.913043	240.000000	320.000000
0	15.331000	13.913043	240.000000	320.000000
0	15.362000	13.913043	240.000000	320.000000
0	15.394000	13.913043	240.000000	320.000000
0	15.425000	13.913043	240.000000	320.000000
0	15.456000	13.913043	240.000000	320.000000
0	15.487000	13.913043	240.000000	320.000000
0	15.518000	13.913043	240.000000	320.000000
0	15.565000	13.913043	240.000000	320.000000
0	15.596000	13.913043	240.000000	320.000000
0	15.628000	13.913043	240.000000	320.000000
0	15.659000	13.913043	240.000000	320.000000
0	15.690000	13.913043	240.000000	320.000000
0	15.721000	13.913043	240.000000	320.000000
0	15.752000	13.913043	240.000000	320.000000
0	15.799000	13.913043	240.000000	320.000000
0	15.830000	13.913043	240.000000	320.000000
0	15.862000	13.913043	240.000000	320.000000
0	15.893000	13.913043	240.000000	320.000000
0	15.924000	13.913043	240.000000	320.000000
0	15.955000	13.913043	240.000000	320.000000
0	15.986000	13.913043	240.000000	320.000000
0	16.033000	13.913043	240.000000	320.000000
0	16.064000	13.913043	240.000000	320.000000
0	16.096000	13.913043	240.000000	320.000000
0	16.127000	13.913043	240.000000	320.000000
0	16.158000	13.913043	240.000000	320.000000
0	16.189000	13.913043	240.000000	320.000000
0	16.220000	13.913043	240.000000	320.000000
0	16.252000	13.913043	240.000000	320.000000
0	16.298000	13.913043	240.000000	320.000000
0	16.330000	13.913043	240.000000	320.000000
0	16.361000	13.913043	240.000000	320.000000
0	16.392000	13.913043	240.000000	320.000000
0	16.423000	13.913043	240.000000	320.000000
0	16.454000	13.913043	240.000000	320.000000
0	16.486000	13.913043	240.000000	320.000000
0	16.532000	13.913043	240.000000	320.000000
0	16.564000	13.913043	240.000000	320.000000
0	16.595000	13.913043	240.000000	320.000000
0	16.626000	13.913043	240.000000	320.000000
0	16.657000	13.913043	240.000000	320.000000
0	16.688000	13.913043	240.000000	320.000000
0	16.720000	13.913043	240.000000	320.000000
0	16.766000	13.913043	240.000000	320.000000
0	16.798000	13.913043	240.000000	320.000000
0	16.829000	13.913043	240.000000	320.000000
0	16.860000	13.913043	240.000000	320.000000
0	16.891000	13.913043	240.000000	320.000000
0	16.922000	13.913043	240.000000	320.000000
0	16.954000	13.913043	240.000000	320.000000
0	16.985000	13.913043	240.000000	320.000000
0	17.032000	13.913043	240.000000	320.000000
0	17.063000	13.913043	240.000000	320.000000
0	17.094000	13.913043	240.000000	320.000000
0	17.125000	13.913043	240.000000	320.000000
0	17.156000	13.913043	240.000000	320.000000
0	17.188000	13.913043	240.000000	320.000000
0	17.219000	13.913043	240.000000	320.000000
0	17.266000	13.913043	240.000000	320.000000
0	17.297000	13.913043	240.000000	320.000000
0	17.328000	13.913043	240.000000	320.000000
0	17.359000	13.913043	240.000000	320.000000
0	17.390000	13.913043	240.000000	320.000000
0	17.422000	13.913043	240.000000	320.000000
0	17.453000	13.913043	240.000000	320.000000
0	17.500000	13.913043	240.000000	320.000000
0	17.531000	13.913043	240.000000	320.000000
0	17.562000	13.913043	240.000000	320.000000
0	17.593000	13.913043	240.000000	320.000000
0	17.624000	13.913043	240.000000	320.000000
0	17.656000	13.913043	240.000000	320.000000
0	17.687000	13.913043	240.000000	320.000000
0	17.718000	13.913043	240.000000	320.000000
0	17.765000	13.913043	240.000000	320.000000
0	17.796000	13.913043	240.000000	320.000000
0	17.827000	13.913043	240.000000	320.000000
0	17.858000	13.913043	240.000000	320.000000
0	17.890000	13.913043	240.000000	320.000000
0	17.921000	13.913043	240.000000	320.000000
0	17.952000	13.913043	240.000000	320.000000
0	17.999000	13.913043	240.000000	320.000000
<\LEFT-PUPIL-DATA>
<RIGHT-PUPIL-ANALYSIS>
1
0	0	16	541	0	0	0.509000	17.518999	0.510000	99.710426	0.000000	0.000000	0.000000	0	1	1	1	1	0	0	0	0.000000	0.000000	0.000000	0.000000	0.000000	0.000000	0.000000	-1.000000	0.000000	0	0.918493	0.356850	0.662771	0.100050	0.298000	-0.036625	-1.107790	-1.000000	0.864147	1	0.918493	0.356850	0.662771	0.100050	0.298000	-0.035966	-1.107789	-1.000000	0.864147
<\RIGHT-PUPIL-ANALYSIS>
<LEFT-PUPIL-ANALYSIS>
1
0	0	18	542	0	0	0.509000	17.518999	0.510000	99.710426	0.000000	0.000000	0.000000	0	1	1	1	1	0	0	0	0.000000	0.000000	0.000000	0.000000	0.000000	0.000000	0.000000	-1.000000	0.000000	0	-0.034783	-0.034783	0.000950	0.000950	0.018000	0.000000	0.000000	-1.000000	0.000000	1	-0.034783	-0.034783	0.000950	0.000950	0.018000	-1000000.000000	-1000000.000000	-1.000000	0.000000
<\LEFT-PUPIL-ANALYSIS>
%%%%%%%%%
%%%%%%%%%
%%%%%%%%%
%%%	Measurement Tiime is: 2017-10-31 12:48:10
%%%	Subject ID is: C57BL6-28.09.17-DA-1mois-F2-2r
%%%	Note: 
%%%	RSS: Default Human Relative Spectral Sensitivity
%%%	Pupil Analysis:
%%%
%%%
%%%
%%%	Pulse Index:	0
%%%	Stimulus Session Index:	0
%%%	Right Pupil Stimulated
%%%	Light Metric is Photopic
%%%	Stimulus Start Time(sec):	0.51
%%%	Stimulus Duration(sec):	17.52
%%%	Stimulus Pulse Duration(sec):	0.51
%%%	Right Pulse:	99.71	(Red  )	-	0.00	(Red  )	[Lux ]
%%%	Left Pulse:	0.00	(Red  )	-	0.00	(Red  )	[Lux ]
%%%
%%%		RIGHT	LEFT	R.Pupil Mean	L.Pupil Mean	R.Stim Mean	R.Stim Mean
%%%	INPUT:	RAW DATA	RAW DATA
%%%	STATE:	ABNORMAL	ABNORMAL	ABNORMAL	ABNORMAL	ABNORMAL	ABNORMAL
%%%	MAX(mm):	0.00	0.00	0.00	0.00	0.00	0.00
%%%	MIN(mm):	0.00	0.00	0.00	0.00	0.00	0.00
%%%	DELTA(mm):						
%%%	CH(%):						
%%%	LAT(sec):	0.00	0.00	0.00	0.00	0.00	0.00
%%%	CV(mm/s):	0.00	0.00	0.00	0.00	0.00	0.00
%%%	MCV(mm/s):	0.00	0.00	0.00	0.00	0.00	0.00
%%%	DV(mm/s):	0.00	0.00	0.00	0.00	0.00	0.00
%%%%%%%%%
%%%%%%%%%
%%%%%%%%%
%%%	Right Pupil Profile (1st row -> 1 == valid tracking, 0 == invalid tracking; 2nd row -> time; 3rd row -> diameter (mm))
%%%	1	1	1	1	1	1	1	1	1	1	1	1	1	1	1	1	1	1	1	1	1	1	1	1	1	1	1	1	1	1	1	1	1	1	1	1	1	1	1	1	0	1	1	1	1	1	1	1	0	1	1	1	1	1	1	1	1	1	1	1	1	1	1	1	1	1	1	1	1	1	1	1	1	1	1	1	1	1	1	1	1	1	1	1	0	1	1	1	1	1	1	1	1	1	1	1	1	1	1	1	1	0	1	1	1	1	1	1	1	1	1	1	1	1	1	1	1	1	1	1	1	1	1	1	1	1	1	1	1	1	1	1	1	1	1	0	0	1	1	1	1	1	1	1	1	1	1	1	1	1	1	1	1	1	1	1	1	1	1	0	1	1	1	1	1	1	1	1	1	1	1	1	1	1	1	1	1	1	1	0	1	1	1	1	1	1	1	1	1	1	1	1	1	1	1	1	1	1	1	1	1	1	1	1	1	1	1	1	1	1	1	1	1	1	1	1	1	0	1	0	1	1	1	1	1	1	1	1	1	0	1	1	1	0	1	1	1	1	1	1	1	1	1	1	1	1	1	1	1	1	1	1	1	1	1	1	1	1	1	0	1	1	1	1	1	1	1	1	0	1	1	1	1	1	1	1	1	1	1	1	1	1	1	1	1	1	1	1	1	1	1	1	1	1	1	1	1	1	1	1	1	1	0	1	0	1	1	1	0	1	1	1	1	1	1	0	1	1	1	0	0	1	1	0	1	0	1	0	1	0	1	1	1	1	1	1	0	1	0	0	1	1	1	1	0	1	1	1	1	1	1	0	0	1	1	1	0	1	1	1	1	1	1	1	0	1	0	0	1	0	0	0	0	0	1	0	0	0	0	0	1	1	1	0	0	1	1	0	0	0	1	1	1	0	1	0	0	0	1	0	1	1	1	1	1	1	0	1	0	0	1	0	0	1	1	0	0	1	1	1	1	1	0	0	0	0	0	0	0	0	0	0	0	0	0	0	0	0	0	0	0	0	0	0	0	0	0	0	0	0	0	0	0	0	1	0	1	0	1	0	0	1	0	0	0	1	0	1	0	0	1	0	0	0	0	1	0	1	0	0	1	0	1	0	0	1	1	1	0	1	0	0	1	0	0	0	0	0	1	0	1	1	1	1	0	0	0	0	1	0	1	0	1	0	1	0	1	0	0	1	1	1	1	1	0	1	1	0	1	1	0	1	0	1	1	1	1	1	1	0	1	1
%%%	-0.020000	0.012000	0.043000	0.074000	0.121000	0.152000	0.183000	0.214000	0.246000	0.277000	0.308000	0.355000	0.386000	0.417000	0.448000	0.480000	0.511000	0.542000	0.573000	0.620000	0.651000	0.682000	0.714000	0.745000	0.776000	0.807000	0.854000	0.885000	0.916000	0.948000	0.979000	1.010000	1.041000	1.088000	1.119000	1.150000	1.182000	1.213000	1.244000	1.275000	1.306000	1.353000	1.384000	1.416000	1.447000	1.478000	1.509000	1.540000	1.587000	1.618000	1.650000	1.681000	1.712000	1.743000	1.774000	1.806000	1.852000	1.884000	1.915000	1.946000	1.977000	2.008000	2.040000	2.086000	2.118000	2.149000	2.180000	2.211000	2.242000	2.274000	2.320000	2.352000	2.383000	2.414000	2.445000	2.476000	2.508000	2.539000	2.586000	2.617000	2.648000	2.679000	2.710000	2.742000	2.773000	2.820000	2.851000	2.882000	2.913000	2.944000	2.976000	3.007000	3.054000	3.085000	3.116000	3.147000	3.178000	3.210000	3.241000	3.272000	3.319000	3.350000	3.381000	3.412000	3.444000	3.475000	3.506000	3.553000	3.584000	3.615000	3.646000	3.678000	3.709000	3.740000	3.787000	3.818000	3.849000	3.880000	3.912000	3.943000	3.974000	4.005000	4.052000	4.083000	4.114000	4.146000	4.177000	4.208000	4.239000	4.286000	4.317000	4.348000	4.380000	4.411000	4.442000	4.473000	4.520000	4.551000	4.582000	4.614000	4.645000	4.676000	4.707000	4.738000	4.785000	4.816000	4.848000	4.879000	4.910000	4.941000	4.972000	5.019000	5.050000	5.082000	5.113000	5.144000	5.175000	5.206000	5.238000	5.284000	5.316000	5.347000	5.378000	5.409000	5.440000	5.472000	5.518000	5.550000	5.581000	5.612000	5.643000	5.674000	5.706000	5.737000	5.784000	5.815000	5.846000	5.877000	5.908000	5.940000	5.971000	6.018000	6.049000	6.080000	6.111000	6.142000	6.174000	6.205000	6.252000	6.283000	6.314000	6.345000	6.376000	6.408000	6.439000	6.470000	6.517000	6.548000	6.579000	6.610000	6.642000	6.673000	6.704000	6.751000	6.782000	6.813000	6.844000	6.876000	6.907000	6.938000	6.985000	7.016000	7.047000	7.078000	7.110000	7.141000	7.172000	7.203000	7.250000	7.281000	7.312000	7.344000	7.375000	7.406000	7.437000	7.484000	7.515000	7.547000	7.578000	7.609000	7.640000	7.671000	7.718000	7.749000	7.781000	7.812000	7.843000	7.874000	7.905000	7.937000	7.983000	8.015000	8.046000	8.077000	8.108000	8.139000	8.171000	8.217000	8.249000	8.280000	8.311000	8.342000	8.373000	8.405000	8.451000	8.483000	8.514000	8.545000	8.576000	8.607000	8.639000	8.670000	8.717000	8.748000	8.779000	8.810000	8.841000	8.873000	8.904000	8.951000	8.982000	9.013000	9.044000	9.075000	9.107000	9.138000	9.185000	9.216000	9.247000	9.278000	9.309000	9.341000	9.372000	9.403000	9.450000	9.481000	9.512000	9.543000	9.575000	9.606000	9.637000	9.668000	9.715000	9.746000	9.777000	9.809000	9.840000	9.871000	9.902000	9.949000	9.980000	10.011000	10.043000	10.074000	10.105000	10.136000	10.183000	10.214000	10.245000	10.277000	10.308000	10.339000	10.370000	10.401000	10.448000	10.479000	10.511000	10.542000	10.573000	10.604000	10.635000	10.682000	10.713000	10.745000	10.776000	10.807000	10.838000	10.869000	10.916000	10.947000	10.979000	11.010000	11.041000	11.072000	11.103000	11.135000	11.181000	11.213000	11.244000	11.275000	11.306000	11.337000	11.369000	11.415000	11.447000	11.478000	11.509000	11.540000	11.571000	11.603000	11.649000	11.681000	11.712000	11.743000	11.774000	11.805000	11.837000	11.868000	11.915000	11.946000	11.977000	12.008000	12.039000	12.071000	12.102000	12.149000	12.180000	12.211000	12.242000	12.273000	12.305000	12.336000	12.383000	12.414000	12.445000	12.476000	12.507000	12.539000	12.570000	12.601000	12.648000	12.679000	12.710000	12.741000	12.773000	12.804000	12.835000	12.882000	12.913000	12.944000	12.975000	13.007000	13.038000	13.069000	13.116000	13.147000	13.178000	13.209000	13.241000	13.272000	13.303000	13.334000	13.381000	13.412000	13.443000	13.475000	13.506000	13.537000	13.568000	13.615000	13.646000	13.677000	13.709000	13.740000	13.771000	13.802000	13.833000	13.880000	13.911000	13.943000	13.974000	14.005000	14.036000	14.067000	14.114000	14.145000	14.177000	14.208000	14.239000	14.270000	14.301000	14.333000	14.379000	14.411000	14.442000	14.473000	14.504000	14.535000	14.567000	14.613000	14.645000	14.676000	14.707000	14.738000	14.769000	14.801000	14.847000	14.879000	14.910000	14.941000	14.972000	15.003000	15.035000	15.066000	15.113000	15.144000	15.175000	15.206000	15.237000	15.269000	15.300000	15.347000	15.378000	15.409000	15.440000	15.471000	15.503000	15.534000	15.581000	15.612000	15.643000	15.674000	15.705000	15.737000	15.768000	15.799000	15.846000	15.877000	15.908000	15.939000	15.971000	16.002000	16.033000	16.080000	16.111000	16.142000	16.173000	16.205000	16.236000	16.267000	16.314000	16.345000	16.376000	16.407000	16.439000	16.470000	16.501000	16.532000	16.579000	16.610000	16.641000	16.673000	16.704000	16.735000	16.766000	16.813000	16.844000	16.875000	16.907000	16.938000	16.969000	17.000000	17.047000	17.078000	17.109000	17.141000	17.172000	17.203000	17.234000	17.265000	17.312000	17.343000	17.375000	17.406000	17.437000	17.468000	17.499000	17.546000	17.577000	17.609000	17.640000	17.671000	17.702000	17.733000	17.765000	17.811000	17.843000	17.874000	17.905000	17.936000	17.967000	17.999000
%%%	0.883188	0.852174	0.874058	0.910725	0.915507	0.885797	0.898406	0.884058	0.884928	0.913043	0.915797	0.890725	0.894058	0.934203	0.910725	0.912464	0.904493	0.953333	0.881884	0.916377	0.913478	0.884203	0.915072	0.948406	0.910145	0.914493	0.904348	0.865797	0.779420	0.777681	0.770145	0.727101	0.716377	0.684058	0.661884	0.672464	0.634203	0.611450	0.624928	0.619710	0.347826	0.614203	0.574493	0.582754	0.566377	0.572319	0.618841	0.556522	0.347826	0.608841	0.609855	0.639710	0.664203	0.626087	0.672464	0.708116	0.695652	0.636377	0.678261	0.681884	0.703188	0.705797	0.672899	0.703768	0.703188	0.690145	0.704348	0.698985	0.750000	0.694638	0.695508	0.741884	0.716812	0.718841	0.684638	0.666377	0.713043	0.737971	0.726667	0.713623	0.722899	0.712464	0.698841	0.672464	0.626087	0.695652	0.690145	0.712899	0.684203	0.708841	0.730290	0.722463	0.672899	0.730435	0.742319	0.741884	0.741884	0.743478	0.745652	0.741884	0.738551	0.672464	0.747246	0.698841	0.672899	0.694203	0.717681	0.725942	0.722319	0.695652	0.718841	0.672899	0.730435	0.765217	0.759275	0.662029	0.671159	0.690290	0.709855	0.698985	0.708841	0.707536	0.716812	0.684058	0.729855	0.717246	0.707536	0.741884	0.722319	0.695652	0.726667	0.724928	0.746812	0.720580	0.683188	0.486377	0.672464	0.724493	0.710724	0.690725	0.707536	0.678406	0.740145	0.742754	0.722899	0.718986	0.689710	0.753188	0.735797	0.708116	0.716812	0.718406	0.707536	0.725362	0.747971	0.725942	0.721015	0.755362	0.717246	0.487536	0.717971	0.744058	0.730435	0.742898	0.733623	0.746377	0.742898	0.742898	0.753623	0.716812	0.735797	0.752029	0.747826	0.752899	0.729855	0.742898	0.733188	0.695797	0.744203	0.347826	0.717246	0.752899	0.741304	0.740145	0.692029	0.717246	0.724493	0.755362	0.718986	0.748841	0.765217	0.747681	0.737971	0.707681	0.755362	0.778841	0.744203	0.753188	0.707536	0.753623	0.741304	0.747971	0.765217	0.718841	0.740725	0.751449	0.750725	0.742029	0.695652	0.759275	0.793188	0.793768	0.759710	0.778841	0.746377	0.818551	0.800000	0.718841	0.788406	0.718841	0.830580	0.808116	0.811594	0.781884	0.805507	0.813188	0.792899	0.794638	0.792028	0.718841	0.759855	0.773333	0.765217	0.347826	0.756667	0.759275	0.748985	0.753768	0.773768	0.750580	0.755507	0.788986	0.777681	0.762319	0.765217	0.753623	0.796667	0.751594	0.787101	0.765217	0.718986	0.783623	0.753768	0.777246	0.729855	0.756667	0.765217	0.742029	0.753768	0.672464	0.753768	0.751159	0.744493	0.752754	0.749855	0.790145	0.718841	0.792464	0.811594	0.759710	0.755942	0.788406	0.759710	0.786232	0.764638	0.777681	0.773768	0.814058	0.774058	0.788551	0.792754	0.794203	0.761449	0.777536	0.768985	0.788551	0.695072	0.817971	0.818551	0.814058	0.815362	0.812029	0.840145	0.814058	0.815942	0.833188	0.855362	0.842898	0.834783	0.837971	0.810290	0.793042	0.347826	0.812464	0.709710	0.801159	0.777536	0.791884	0.811594	0.783768	0.749420	0.663623	0.742754	0.746667	0.724493	0.655507	0.761594	0.690725	0.704348	0.637681	0.612029	0.724493	0.690145	0.505072	0.738551	0.347826	0.665217	0.497971	0.688985	0.347826	0.677101	0.653623	0.672319	0.692319	0.652174	0.648406	0.582029	0.730435	0.347826	0.633623	0.660870	0.670145	0.681449	0.679275	0.347826	0.660870	0.707536	0.763623	0.637536	0.740725	0.690725	0.620725	0.347826	0.684058	0.707681	0.652319	0.347826	0.704348	0.679855	0.646232	0.707536	0.694638	0.713623	0.705942	0.347826	0.683623	0.347826	0.347826	0.689710	0.347826	0.384928	0.347826	0.347826	0.347826	0.714493	0.348841	0.347826	0.347826	0.411449	0.347826	0.672464	0.708116	0.695652	0.347826	0.347826	0.705362	0.721739	0.347826	0.347826	0.362029	0.360580	0.708116	0.723333	0.347826	0.752754	0.374493	0.347826	0.353188	0.707536	0.347826	0.715797	0.725072	0.685797	0.694058	0.724493	0.690145	0.347826	0.687536	0.352754	0.404928	0.708116	0.347826	0.347826	0.689710	0.690145	0.555507	0.600580	0.652899	0.707101	0.637971	0.652174	0.602899	0.626087	0.428985	0.596667	0.494493	0.347826	0.347826	0.347826	0.347826	0.347826	0.347826	0.347826	0.347826	0.347826	0.347826	0.347826	0.347826	0.347826	0.347826	0.347826	0.347826	0.347826	0.347826	0.347826	0.347826	0.347826	0.347826	0.347826	0.347826	0.347826	0.347826	0.347826	0.347826	0.352899	0.398551	0.409710	0.347826	0.447826	0.407681	0.347826	0.602899	0.347826	0.378985	0.400580	0.378841	0.371449	0.556522	0.407101	0.347826	0.653333	0.347826	0.347826	0.347826	0.814058	0.347826	0.347826	0.711449	0.347826	0.347826	0.698985	0.646667	0.738406	0.718841	0.681014	0.670145	0.347826	0.731449	0.652029	0.779420	0.587248	0.504348	0.711884	0.347826	0.386957	0.651449	0.553333	0.415797	0.636377	0.652754	0.347826	0.666232	0.885507	0.814638	0.777536	0.642319	0.679855	0.800580	0.869855	0.347826	0.653623	0.672319	0.800000	0.744058	0.590725	0.576667	0.630580	0.648406	0.652029	0.708116	0.744058	0.716667	0.752899	0.672464	0.347826	0.751594	0.770580	0.583623	0.690290	0.707101	0.732899	0.748551	0.689710	0.751594	0.721884	0.765217	0.781449	0.814058	0.764203	0.672464	0.750580	0.826667
%%%	Left Pupil Profile (1st row -> 1 == valid tracking, 0 == invalid tracking; 2nd row -> time; 3rd row -> diameter (mm))
%%%	0	0	0	0	0	0	0	0	0	0	0	0	0	0	0	0	0	0	0	0	0	0	0	0	0	0	0	0	0	0	0	0	0	0	0	0	0	0	0	0	0	0	0	0	0	0	0	0	0	0	0	0	0	0	0	0	0	0	0	0	0	0	0	0	0	0	0	0	0	0	0	0	0	0	0	0	0	0	0	0	0	0	0	0	0	0	0	0	0	0	0	0	0	0	0	0	0	0	0	0	0	0	0	0	0	0	0	0	0	0	0	0	0	0	0	0	0	0	0	0	0	0	0	0	0	0	0	0	0	0	0	0	0	0	0	0	0	0	0	0	0	0	0	0	0	0	0	0	0	0	0	0	0	0	0	0	0	0	0	0	0	0	0	0	0	0	0	0	0	0	0	0	0	0	0	0	0	0	0	0	0	0	0	0	0	0	0	0	0	0	0	0	0	0	0	0	0	0	0	0	0	0	0	0	0	0	0	0	0	0	0	0	0	0	0	0	0	0	0	0	0	0	0	0	0	0	0	0	0	0	0	0	0	0	0	0	0	0	0	0	0	0	0	0	0	0	0	0	0	0	0	0	0	0	0	0	0	0	0	0	0	0	0	0	0	0	0	0	0	0	0	0	0	0	0	0	0	0	0	0	0	0	0	0	0	0	0	0	0	0	0	0	0	0	0	0	0	0	0	0	0	0	0	0	0	0	0	0	0	0	0	0	0	0	0	0	0	0	0	0	0	0	0	0	0	0	0	0	0	0	0	0	0	0	0	0	0	0	0	0	0	0	0	0	0	0	0	0	0	0	0	0	0	0	0	0	0	0	0	0	0	0	0	0	0	0	0	0	0	0	0	0	0	0	0	0	0	0	0	0	0	0	0	0	0	0	0	0	0	0	0	0	0	0	0	0	0	0	0	0	0	0	0	0	0	0	0	0	0	0	0	0	0	0	0	0	0	0	0	0	0	0	0	0	0	0	0	0	0	0	0	0	0	0	0	0	0	0	0	0	0	0	0	0	0	0	0	0	0	0	0	0	0	0	0	0	0	0	0	0	0	0	0	0	0	0	0	0	0	0	0	0	0	0	0	0	0	0	0	0	0	0	0	0	0	0	0	0	0	0	0	0	0	0	0	0	0	0	0	0	0	0	0	0	0	0	0	0	0	0	0	0	0	0	0	0	0	0	0	0	0	0	0	0	0	0	0	0	0	0	0	0	0	0	0	0	0	0	0	0	0	0	0
%%%	-0.066000	-0.035000	-0.004000	0.027000	0.074000	0.105000	0.137000	0.168000	0.199000	0.230000	0.261000	0.293000	0.339000	0.371000	0.402000	0.433000	0.464000	0.495000	0.527000	0.573000	0.605000	0.636000	0.667000	0.698000	0.729000	0.761000	0.807000	0.839000	0.870000	0.901000	0.932000	0.963000	0.995000	1.026000	1.073000	1.104000	1.135000	1.166000	1.197000	1.229000	1.260000	1.307000	1.338000	1.369000	1.400000	1.431000	1.463000	1.494000	1.541000	1.572000	1.603000	1.634000	1.665000	1.697000	1.728000	1.759000	1.806000	1.837000	1.868000	1.899000	1.931000	1.962000	1.993000	2.040000	2.071000	2.102000	2.133000	2.165000	2.196000	2.227000	2.274000	2.305000	2.336000	2.367000	2.399000	2.430000	2.461000	2.492000	2.539000	2.570000	2.601000	2.633000	2.664000	2.695000	2.726000	2.773000	2.804000	2.835000	2.867000	2.898000	2.929000	2.960000	3.007000	3.038000	3.069000	3.101000	3.132000	3.163000	3.194000	3.225000	3.272000	3.303000	3.335000	3.366000	3.397000	3.428000	3.459000	3.491000	3.537000	3.569000	3.600000	3.631000	3.662000	3.693000	3.725000	3.771000	3.803000	3.834000	3.865000	3.896000	3.927000	3.959000	4.005000	4.037000	4.068000	4.099000	4.130000	4.161000	4.193000	4.224000	4.271000	4.302000	4.333000	4.364000	4.395000	4.427000	4.458000	4.505000	4.536000	4.567000	4.598000	4.629000	4.661000	4.692000	4.739000	4.770000	4.801000	4.832000	4.863000	4.895000	4.926000	4.957000	5.004000	5.035000	5.066000	5.097000	5.129000	5.160000	5.191000	5.238000	5.269000	5.300000	5.331000	5.363000	5.394000	5.425000	5.472000	5.503000	5.534000	5.565000	5.597000	5.628000	5.659000	5.690000	5.737000	5.768000	5.799000	5.831000	5.862000	5.893000	5.924000	5.971000	6.002000	6.033000	6.065000	6.096000	6.127000	6.158000	6.205000	6.236000	6.267000	6.299000	6.330000	6.361000	6.392000	6.423000	6.470000	6.501000	6.533000	6.564000	6.595000	6.626000	6.657000	6.704000	6.735000	6.767000	6.798000	6.829000	6.860000	6.891000	6.938000	6.969000	7.001000	7.032000	7.063000	7.094000	7.125000	7.157000	7.203000	7.235000	7.266000	7.297000	7.328000	7.359000	7.391000	7.422000	7.469000	7.500000	7.531000	7.562000	7.594000	7.625000	7.656000	7.703000	7.734000	7.765000	7.796000	7.828000	7.859000	7.890000	7.937000	7.968000	7.999000	8.030000	8.062000	8.093000	8.124000	8.155000	8.202000	8.233000	8.264000	8.296000	8.327000	8.358000	8.389000	8.436000	8.467000	8.498000	8.530000	8.561000	8.592000	8.623000	8.670000	8.701000	8.732000	8.764000	8.795000	8.826000	8.857000	8.888000	8.935000	8.966000	8.998000	9.029000	9.060000	9.091000	9.122000	9.169000	9.200000	9.232000	9.263000	9.294000	9.325000	9.356000	9.403000	9.434000	9.466000	9.497000	9.528000	9.559000	9.590000	9.622000	9.668000	9.700000	9.731000	9.762000	9.793000	9.824000	9.856000	9.902000	9.934000	9.965000	9.996000	10.027000	10.058000	10.090000	10.136000	10.168000	10.199000	10.230000	10.261000	10.292000	10.324000	10.355000	10.402000	10.433000	10.464000	10.495000	10.526000	10.558000	10.589000	10.636000	10.667000	10.698000	10.729000	10.760000	10.792000	10.823000	10.870000	10.901000	10.932000	10.963000	10.994000	11.026000	11.057000	11.088000	11.135000	11.166000	11.197000	11.228000	11.260000	11.291000	11.322000	11.369000	11.400000	11.431000	11.462000	11.494000	11.525000	11.556000	11.587000	11.634000	11.665000	11.696000	11.728000	11.759000	11.790000	11.821000	11.868000	11.899000	11.930000	11.962000	11.993000	12.024000	12.055000	12.086000	12.133000	12.164000	12.196000	12.227000	12.258000	12.289000	12.320000	12.367000	12.398000	12.430000	12.461000	12.492000	12.523000	12.554000	12.601000	12.632000	12.664000	12.695000	12.726000	12.757000	12.788000	12.820000	12.866000	12.898000	12.929000	12.960000	12.991000	13.022000	13.054000	13.100000	13.132000	13.163000	13.194000	13.225000	13.256000	13.288000	13.334000	13.366000	13.397000	13.428000	13.459000	13.490000	13.522000	13.553000	13.600000	13.631000	13.662000	13.693000	13.724000	13.756000	13.787000	13.834000	13.865000	13.896000	13.927000	13.958000	13.990000	14.021000	14.068000	14.099000	14.130000	14.161000	14.192000	14.224000	14.255000	14.286000	14.333000	14.364000	14.395000	14.426000	14.458000	14.489000	14.520000	14.567000	14.598000	14.629000	14.660000	14.692000	14.723000	14.754000	14.801000	14.832000	14.863000	14.894000	14.926000	14.957000	14.988000	15.019000	15.066000	15.097000	15.128000	15.160000	15.191000	15.222000	15.253000	15.300000	15.331000	15.362000	15.394000	15.425000	15.456000	15.487000	15.518000	15.565000	15.596000	15.628000	15.659000	15.690000	15.721000	15.752000	15.799000	15.830000	15.862000	15.893000	15.924000	15.955000	15.986000	16.033000	16.064000	16.096000	16.127000	16.158000	16.189000	16.220000	16.252000	16.298000	16.330000	16.361000	16.392000	16.423000	16.454000	16.486000	16.532000	16.564000	16.595000	16.626000	16.657000	16.688000	16.720000	16.766000	16.798000	16.829000	16.860000	16.891000	16.922000	16.954000	16.985000	17.032000	17.063000	17.094000	17.125000	17.156000	17.188000	17.219000	17.266000	17.297000	17.328000	17.359000	17.390000	17.422000	17.453000	17.500000	17.531000	17.562000	17.593000	17.624000	17.656000	17.687000	17.718000	17.765000	17.796000	17.827000	17.858000	17.890000	17.921000	17.952000	17.999000
%%%	13.913043	13.913043	13.913043	13.913043	13.913043	13.913043	13.913043	13.913043	13.913043	13.913043	13.913043	13.913043	13.913043	13.913043	13.913043	13.913043	13.913043	13.913043	13.913043	13.913043	13.913043	13.913043	13.913043	13.913043	13.913043	13.913043	13.913043	13.913043	13.913043	13.913043	13.913043	13.913043	13.913043	13.913043	13.913043	13.913043	13.913043	13.913043	13.913043	13.913043	13.913043	13.913043	13.913043	13.913043	13.913043	13.913043	13.913043	13.913043	13.913043	13.913043	13.913043	13.913043	13.913043	13.913043	13.913043	13.913043	13.913043	13.913043	13.913043	13.913043	13.913043	13.913043	13.913043	13.913043	13.913043	13.913043	13.913043	13.913043	13.913043	13.913043	13.913043	13.913043	13.913043	13.913043	13.913043	13.913043	13.913043	13.913043	13.913043	13.913043	13.913043	13.913043	13.913043	13.913043	13.913043	13.913043	13.913043	13.913043	13.913043	13.913043	13.913043	13.913043	13.913043	13.913043	13.913043	13.913043	13.913043	13.913043	13.913043	13.913043	13.913043	13.913043	13.913043	13.913043	13.913043	13.913043	13.913043	13.913043	13.913043	13.913043	13.913043	13.913043	13.913043	13.913043	13.913043	13.913043	13.913043	13.913043	13.913043	13.913043	13.913043	13.913043	13.913043	13.913043	13.913043	13.913043	13.913043	13.913043	13.913043	13.913043	13.913043	13.913043	13.913043	13.913043	13.913043	13.913043	13.913043	13.913043	13.913043	13.913043	13.913043	13.913043	13.913043	13.913043	13.913043	13.913043	13.913043	13.913043	13.913043	13.913043	13.913043	13.913043	13.913043	13.913043	13.913043	13.913043	13.913043	13.913043	13.913043	13.913043	13.913043	13.913043	13.913043	13.913043	13.913043	13.913043	13.913043	13.913043	13.913043	13.913043	13.913043	13.913043	13.913043	13.913043	13.913043	13.913043	13.913043	13.913043	13.913043	13.913043	13.913043	13.913043	13.913043	13.913043	13.913043	13.913043	13.913043	13.913043	13.913043	13.913043	13.913043	13.913043	13.913043	13.913043	13.913043	13.913043	13.913043	13.913043	13.913043	13.913043	13.913043	13.913043	13.913043	13.913043	13.913043	13.913043	13.913043	13.913043	13.913043	13.913043	13.913043	13.913043	13.913043	13.913043	13.913043	13.913043	13.913043	13.913043	13.913043	13.913043	13.913043	13.913043	13.913043	13.913043	13.913043	13.913043	13.913043	13.913043	13.913043	13.913043	13.913043	13.913043	13.913043	13.913043	13.913043	13.913043	13.913043	13.913043	13.913043	13.913043	13.913043	13.913043	13.913043	13.913043	13.913043	13.913043	13.913043	13.913043	13.913043	13.913043	13.913043	13.913043	13.913043	13.913043	13.913043	13.913043	13.913043	13.913043	13.913043	13.913043	13.913043	13.913043	13.913043	13.913043	13.913043	13.913043	13.913043	13.913043	13.913043	13.913043	13.913043	13.913043	13.913043	13.913043	13.913043	13.913043	13.913043	13.913043	13.913043	13.913043	13.913043	13.913043	13.913043	13.913043	13.913043	13.913043	13.913043	13.913043	13.913043	13.913043	13.913043	13.913043	13.913043	13.913043	13.913043	13.913043	13.913043	13.913043	13.913043	13.913043	13.913043	13.913043	13.913043	13.913043	13.913043	13.913043	13.913043	13.913043	13.913043	13.913043	13.913043	13.913043	13.913043	13.913043	13.913043	13.913043	13.913043	13.913043	13.913043	13.913043	13.913043	13.913043	13.913043	13.913043	13.913043	13.913043	13.913043	13.913043	13.913043	13.913043	13.913043	13.913043	13.913043	13.913043	13.913043	13.913043	13.913043	13.913043	13.913043	13.913043	13.913043	13.913043	13.913043	13.913043	13.913043	13.913043	13.913043	13.913043	13.913043	13.913043	13.913043	13.913043	13.913043	13.913043	13.913043	13.913043	13.913043	13.913043	13.913043	13.913043	13.913043	13.913043	13.913043	13.913043	13.913043	13.913043	13.913043	13.913043	13.913043	13.913043	13.913043	13.913043	13.913043	13.913043	13.913043	13.913043	13.913043	13.913043	13.913043	13.913043	13.913043	13.913043	13.913043	13.913043	13.913043	13.913043	13.913043	13.913043	13.913043	13.913043	13.913043	13.913043	13.913043	13.913043	13.913043	13.913043	13.913043	13.913043	13.913043	13.913043	13.913043	13.913043	13.913043	13.913043	13.913043	13.913043	13.913043	13.913043	13.913043	13.913043	13.913043	13.913043	13.913043	13.913043	13.913043	13.913043	13.913043	13.913043	13.913043	13.913043	13.913043	13.913043	13.913043	13.913043	13.913043	13.913043	13.913043	13.913043	13.913043	13.913043	13.913043	13.913043	13.913043	13.913043	13.913043	13.913043	13.913043	13.913043	13.913043	13.913043	13.913043	13.913043	13.913043	13.913043	13.913043	13.913043	13.913043	13.913043	13.913043	13.913043	13.913043	13.913043	13.913043	13.913043	13.913043	13.913043	13.913043	13.913043	13.913043	13.913043	13.913043	13.913043	13.913043	13.913043	13.913043	13.913043	13.913043	13.913043	13.913043	13.913043	13.913043	13.913043	13.913043	13.913043	13.913043	13.913043	13.913043	13.913043	13.913043	13.913043	13.913043	13.913043	13.913043	13.913043	13.913043	13.913043	13.913043	13.913043	13.913043	13.913043	13.913043	13.913043	13.913043	13.913043	13.913043	13.913043	13.913043	13.913043	13.913043	13.913043	13.913043	13.913043	13.913043	13.913043	13.913043	13.913043	13.913043	13.913043	13.913043	13.913043	13.913043	13.913043	13.913043	13.913043	13.913043	13.913043	13.913043	13.913043	13.913043	13.913043	13.913043	13.913043	13.913043	13.913043	13.913043	13.913043	13.913043	13.913043	13.913043	13.913043	13.913043	13.913043	13.913043	13.913043	13.913043	13.913043	13.913043	13.913043	13.913043	13.913043	13.913043	13.913043	13.913043
%%%	Pulse Index	Stimulus Section Index	Stimulus Section Start Index	Stimulus Section End Index	Pupil Stimulated: 0 = Right, 1 = Left, 2 = Both	Light Metric: 0 = Photopic, 1 = Scopotic, 2 = Radiometric	Stimulus Start Time	Stimulus Duration	Stimulus Pulse Duration	Right Pulse Max Level	Right Pulse Max Color (0123 = WRGB)	Right Pulse Min Level	Right Pulse Min Color (0123 = WRGB)	Left Pulse Max Level	Left Pulse Max Color (0123 = WRGB)	Left Pulse Min Level	Left Pulse Min Color (0123 = WRGB)	Right Data Input Type (0 == RAW DATA, 1 == FITTED DATA, 2 == M. OVERRIDED)	Right ANALYSIS STATE (0 == ABNORMAL, 1 == NORMAL)	Right MAX (mm) (EMPTY if INVALID)	Right MIN (mm) (EMPTY if INVALID)	Right DELTA (mm) (EMPTY if INVALID)	Right CH (%) (EMPTY if INVALID)	Right LAT (sec) (EMPTY if INVALID)	Right CV (mm/s) (EMPTY if INVALID)	Right MCV (mm/s) (EMPTY if INVALID)	Right DV (mm/s) (EMPTY if INVALID)	Left Data Input Type (0 == RAW DATA, 1 == FITTED DATA, 2 == M. OVERRIDED)	Left ANALYSIS STATE (0 == ABNORMAL, 1 == NORMAL)	Left MAX (mm) (EMPTY if INVALID)	Left MIN (mm) (EMPTY if INVALID)	Left DELTA (mm) (EMPTY if INVALID)	Left CH (%) (EMPTY if INVALID)	Left LAT (sec) (EMPTY if INVALID)	Left CV (mm/s) (EMPTY if INVALID)	Left MCV (mm/s) (EMPTY if INVALID)	Left DV (mm/s) (EMPTY if INVALID)
%%%	0	0	16	541	0	0	0.51	17.52	0.51	99.71	1	0.00	1	0.00	1	0.00	1	0	0	0.00	0.00			0.00	0.00	0.00	0.00	0	0	0.00	0.00			0.00	0.00	0.00	0.00
%%%%%%%%%
%%%%%%%%%
%%%%%%%%%
<\SESSION>
