<SESSION>
<VERSION>
2
<\VERSION>
<DATE>
2017-10-31 12:39:27
<\DATE>
<SUBJECT-ID>
C57BL6-28.09.17-DA-1mois-F1-2r
<\SUBJECT-ID>
<NOTE>

<\NOTE>
<MIN-MAX-PLOT>
0.100000 51880.761719
<\MIN-MAX-PLOT>
<STIMULUS-DEFINED>
Default
Default Human Relative Spectral Sensitivity
1	0
1	0.500000	0.500000	17.000000	1	1	2.000000	-100.000000	0.100000	-100.000000	0
<\STIMULUS-DEFINED>
<STIMULUS-GENERATED>
4
0	0	0.000000	1	0.000000	0.000000	1	0.000000	0.000000
0	1	0.509000	1	0.406861	99.710426	1	0.000000	0.000000
0	4	1.018000	1	0.000000	0.000000	1	0.000000	0.000000
-1	5	18.027000	0	0.000000	0.000000	0	0.000000	0.000000
<\STIMULUS-GENERATED>
<RIGHT-PUPIL-DATA>
542	1
1	-0.051000	0.970145	348.075012	206.500000
1	-0.019000	1.044058	349.500000	204.625000
1	0.012000	0.988116	348.962494	206.287506
1	0.043000	1.031884	349.500000	204.500000
1	0.074000	1.031884	347.500000	204.500000
1	0.105000	0.998551	348.575012	205.687500
0	0.137000	1.031884	347.500000	206.500000
1	0.168000	0.985507	349.500000	206.500000
0	0.215000	1.043333	348.993744	206.993744
1	0.246000	1.008841	348.743744	205.493744
1	0.277000	0.994203	350.250000	206.000000
1	0.308000	1.034058	348.606262	205.606262
1	0.339000	1.007681	348.506256	205.443756
1	0.371000	0.975072	349.975006	206.024994
1	0.402000	0.973913	348.750000	205.750000
1	0.449000	0.974493	349.125000	205.500000
0	0.480000	0.939130	348.500000	203.500000
1	0.511000	0.995072	349.062500	204.875000
1	0.542000	0.979710	350.012482	204.637543
1	0.573000	0.973188	350.268738	203.981262
1	0.605000	0.968985	350.062500	204.562500
0	0.636000	1.217391	356.500000	199.500000
1	0.683000	0.957102	349.750000	205.750000
1	0.714000	1.026667	349.750000	204.750000
1	0.745000	0.969710	350.068756	205.056244
1	0.776000	1.020290	350.500000	206.500000
1	0.808000	0.979420	350.962494	204.962494
1	0.839000	0.978986	351.081238	206.706238
1	0.870000	0.962319	350.500000	207.500000
1	0.901000	0.927681	353.343750	206.843750
1	0.948000	0.885362	352.706238	208.668762
1	0.979000	0.876232	352.087494	208.637482
0	1.010000	0.874928	352.118744	207.931244
1	1.042000	0.882029	350.775024	208.312500
0	1.073000	0.868406	351.512482	208.475006
1	1.104000	0.853333	352.149994	206.725006
1	1.135000	0.860870	351.250000	207.750000
1	1.182000	0.858116	352.331238	206.906250
1	1.213000	0.869565	352.125000	207.125000
1	1.244000	0.886667	351.687500	207.637512
1	1.276000	0.869565	352.500000	205.500000
1	1.307000	0.836377	351.593750	206.468750
1	1.338000	0.828986	352.000000	206.500000
1	1.369000	0.870580	352.131256	204.993744
0	1.400000	0.873333	351.875000	204.875000
1	1.447000	0.898985	353.443756	204.818756
1	1.478000	0.836957	352.500000	206.000000
1	1.510000	0.845797	352.087494	205.600006
1	1.541000	0.871159	352.156250	205.518738
1	1.572000	0.866232	352.806244	207.056244
1	1.603000	0.869565	352.500000	205.500000
1	1.634000	0.873333	352.125000	205.375000
1	1.681000	0.857681	352.087494	207.162506
0	1.712000	0.857971	352.500000	206.500000
1	1.744000	0.869565	352.000000	207.000000
1	1.775000	0.885942	352.318756	208.006256
1	1.806000	0.939130	351.500000	206.500000
1	1.837000	0.889275	352.212494	207.649994
1	1.868000	0.885942	352.993744	207.681244
1	1.915000	0.857681	352.662506	205.662506
1	1.946000	0.883623	352.693756	205.256256
1	1.978000	0.881450	352.337433	206.312531
1	2.009000	0.933623	350.962494	204.537506
1	2.040000	0.884203	351.281250	205.281250
1	2.071000	0.883188	351.262512	206.000000
1	2.102000	0.870580	350.506256	204.868744
1	2.134000	0.901449	352.450012	205.049988
1	2.180000	0.876812	352.112488	204.112488
1	2.212000	0.898406	351.906250	202.843750
1	2.243000	0.912029	351.631256	203.368744
1	2.274000	0.875362	352.075012	202.612488
1	2.305000	0.896667	351.881256	203.618744
1	2.336000	0.912029	351.631256	203.318756
1	2.368000	0.882754	351.368744	202.743744
1	2.414000	0.912319	351.393738	202.393738
1	2.446000	0.869565	350.500000	201.500000
1	2.477000	0.885797	351.225006	202.024994
1	2.508000	0.913768	351.343781	202.793793
1	2.539000	0.885362	350.968750	203.018738
1	2.570000	0.913623	352.425018	202.325043
1	2.602000	0.876667	350.843750	202.281250
1	2.633000	0.898406	351.468750	201.531250
1	2.680000	0.876232	350.837494	200.637482
1	2.711000	0.931015	351.500000	201.562500
1	2.742000	0.884203	351.718750	200.968750
1	2.773000	0.848406	351.187500	200.187500
1	2.804000	0.874493	350.562500	201.137512
0	2.836000	0.939130	348.500000	199.500000
1	2.867000	0.870725	350.225006	200.975006
1	2.914000	0.874058	350.106232	199.881256
1	2.945000	0.864928	350.774994	199.750031
1	2.976000	0.869565	350.500000	197.500000
1	3.007000	0.831015	351.562500	198.437500
1	3.038000	0.848985	351.462494	199.212494
1	3.070000	0.869565	351.000000	200.000000
1	3.101000	0.858116	350.343750	199.656250
1	3.148000	0.876232	350.912506	199.912506
1	3.179000	0.883188	351.312500	200.562500
1	3.210000	0.866232	352.056244	200.806244
1	3.241000	0.866667	351.250000	200.750000
1	3.272000	0.875507	351.406250	201.843750
1	3.304000	0.869565	352.500000	201.500000
1	3.335000	0.857102	352.312500	201.312500
1	3.366000	0.880580	352.774994	202.225006
1	3.413000	0.939130	352.500000	203.500000
1	3.444000	0.875362	355.875000	203.625000
1	3.475000	0.865797	357.187500	204.750000
1	3.506000	0.869565	358.500000	203.500000
1	3.538000	0.869565	358.500000	203.500000
0	3.569000	0.857971	358.500000	201.500000
1	3.600000	0.915942	359.625000	202.875000
0	3.647000	0.846377	356.500000	203.500000
1	3.678000	0.869565	358.125000	204.375000
1	3.709000	0.861014	358.618744	203.418732
1	3.740000	0.863623	358.781250	204.968750
1	3.772000	0.852174	357.812500	202.062500
1	3.803000	0.881159	356.500000	199.500000
1	3.834000	0.894638	357.131256	200.131256
1	3.881000	0.863188	356.800049	199.000000
1	3.912000	0.866232	358.193756	200.468719
1	3.943000	0.915942	358.500000	199.500000
1	3.974000	0.939130	356.500000	199.500000
1	4.006000	0.862029	358.100006	200.725006
1	4.037000	0.884203	357.031250	198.718750
1	4.068000	0.938116	358.493744	197.506256
1	4.099000	0.901594	358.031250	198.481262
1	4.146000	0.887101	357.243744	198.243744
1	4.177000	0.874928	358.118744	198.931244
1	4.208000	0.957102	357.750000	199.250000
1	4.240000	0.902754	357.768738	199.468750
1	4.271000	0.894058	356.843750	200.406250
1	4.302000	0.855942	357.312500	200.625000
1	4.333000	0.869565	356.500000	199.500000
1	4.380000	0.883188	356.737549	199.262512
1	4.411000	0.869565	356.500000	197.500000
1	4.442000	0.932319	357.393768	199.643707
1	4.474000	0.886957	357.000000	199.500000
1	4.505000	0.869565	356.500000	199.500000
1	4.536000	0.912899	357.318756	201.318756
1	4.567000	0.869565	356.500000	201.500000
1	4.614000	0.896232	356.550018	199.374969
1	4.645000	0.894638	356.368744	198.868744
1	4.676000	0.870290	356.768738	197.981262
1	4.708000	0.890725	356.625000	198.375000
1	4.739000	0.911449	355.656250	198.281250
1	4.770000	0.869565	356.500000	199.500000
1	4.801000	0.839855	356.581238	198.418762
1	4.832000	0.866377	356.212494	196.962494
1	4.879000	0.872029	356.743744	198.081268
0	4.910000	0.846377	356.500000	195.500000
1	4.942000	0.939130	356.500000	195.500000
1	4.973000	0.857246	356.718781	196.681244
1	5.004000	0.899855	355.506256	195.506256
1	5.035000	0.857102	356.687500	193.687500
1	5.066000	0.835942	355.600006	193.475006
1	5.113000	0.883188	356.737488	194.687500
1	5.144000	0.894638	356.168732	193.618744
1	5.176000	0.834783	357.250000	192.750000
1	5.207000	0.912899	355.631256	193.318756
1	5.238000	0.824493	357.531250	192.281250
1	5.269000	0.855942	356.674988	192.137512
1	5.300000	0.911014	357.337585	193.362488
1	5.347000	0.851159	358.306244	193.181244
1	5.378000	0.865942	359.156372	194.006409
1	5.410000	0.861594	358.268738	193.693726
1	5.441000	0.876667	357.593750	191.093750
1	5.472000	0.829275	357.524994	192.475006
1	5.503000	0.897681	356.899994	192.462494
1	5.534000	0.857102	357.187500	192.812500
1	5.566000	0.822319	357.237488	193.424988
1	5.612000	0.865797	355.250000	194.812500
1	5.644000	0.886377	356.500000	195.000000
1	5.675000	0.894058	356.168762	194.406250
1	5.706000	0.874928	357.381256	193.818756
1	5.737000	0.840145	357.443756	193.506256
1	5.768000	0.869565	356.500000	193.500000
1	5.800000	0.877246	358.118744	194.418732
1	5.846000	0.885507	357.737488	194.262512
1	5.878000	0.857102	357.062500	195.187500
1	5.909000	0.911449	357.343750	194.893738
1	5.940000	0.877536	356.668762	194.356262
1	5.971000	0.862029	358.274994	194.350006
1	6.002000	0.884203	356.968750	193.018738
1	6.034000	0.881159	356.500000	194.500000
1	6.080000	0.837681	358.000000	194.250000
1	6.112000	0.892754	357.500000	196.500000
1	6.143000	0.869565	358.500000	195.500000
1	6.174000	0.869565	356.500000	195.500000
1	6.205000	0.869565	358.000000	195.000000
1	6.236000	0.884203	358.018738	195.981262
1	6.268000	0.862029	359.600006	194.725006
1	6.299000	0.857102	358.312500	195.687500
1	6.346000	0.881594	357.818756	194.318756
1	6.377000	0.874638	358.143738	196.106262
1	6.408000	0.837971	358.537506	195.462494
1	6.439000	0.865797	358.250000	195.812500
1	6.470000	0.891884	358.312500	194.437500
1	6.502000	0.869565	358.500000	195.500000
1	6.533000	0.857971	359.437500	194.937500
1	6.564000	0.880580	360.225006	195.149994
1	6.611000	0.857102	359.937500	195.062500
1	6.642000	0.858116	360.706238	195.656250
1	6.673000	0.863623	359.968750	195.831238
1	6.704000	0.840725	359.943726	195.343750
1	6.736000	0.865797	360.187500	194.937500
1	6.767000	0.864203	360.243744	196.993744
1	6.798000	0.881159	359.500000	195.500000
1	6.845000	0.857681	359.887482	195.649994
1	6.876000	0.866377	360.962494	196.787506
1	6.907000	0.852754	359.625000	194.875000
1	6.938000	0.823333	359.831238	196.406250
1	6.970000	0.835797	359.618744	195.381256
1	7.001000	0.857536	359.068756	195.931244
1	7.032000	0.869565	360.000000	197.000000
1	7.079000	0.848406	360.799988	197.187500
1	7.110000	0.838551	360.562500	196.437500
1	7.141000	0.811594	361.250000	196.750000
1	7.172000	0.883768	360.337494	198.337494
1	7.204000	0.857246	360.318695	197.906219
1	7.235000	0.828841	360.668762	199.043762
1	7.266000	0.856957	360.331238	199.218750
1	7.297000	0.858116	360.343750	197.906250
1	7.344000	0.823188	361.000000	197.000000
1	7.375000	0.869565	360.000000	197.000000
1	7.406000	0.817391	359.875000	196.125000
1	7.438000	0.816377	359.681244	196.131256
1	7.469000	0.848551	360.093750	197.831238
1	7.500000	0.869565	358.500000	197.500000
1	7.531000	0.841884	359.093750	198.156250
1	7.578000	0.911449	359.656250	198.343750
1	7.609000	0.865797	360.062500	198.812500
1	7.640000	0.857102	359.312500	200.312500
1	7.672000	0.861884	359.006256	200.006256
1	7.703000	0.854203	360.287506	201.337494
1	7.734000	0.853768	359.718750	200.593750
1	7.765000	0.939130	356.500000	199.500000
1	7.812000	0.894638	359.868744	199.168732
1	7.843000	0.846377	360.500000	199.500000
1	7.874000	0.874058	358.118744	197.131256
1	7.906000	0.846377	359.500000	196.500000
1	7.937000	0.863768	357.000000	196.000000
1	7.968000	0.874928	356.256256	195.931244
1	7.999000	0.848841	356.806244	197.618744
1	8.030000	0.869565	356.500000	197.500000
1	8.077000	0.869565	356.500000	197.500000
1	8.108000	0.865797	356.937500	197.812500
1	8.140000	0.874928	356.818756	196.818756
1	8.171000	0.864203	358.243744	197.006256
1	8.202000	0.832029	357.531250	196.468750
1	8.233000	0.866812	358.218750	195.781250
1	8.264000	0.840145	357.506256	194.506256
1	8.311000	0.858116	357.093750	194.156250
1	8.342000	0.862029	357.024994	193.975006
1	8.374000	0.876232	357.912506	194.837494
1	8.405000	0.858116	357.343750	194.406250
1	8.436000	0.869565	358.500000	195.500000
1	8.467000	0.821014	359.081238	195.218750
0	8.498000	0.846377	360.500000	195.500000
1	8.545000	0.820290	359.000000	192.500000
1	8.576000	0.831594	358.587494	192.462494
1	8.608000	0.840290	359.337494	192.662506
0	8.639000	0.753623	360.500000	191.500000
1	8.670000	0.826087	359.000000	193.500000
1	8.701000	0.820725	358.806244	192.756256
1	8.732000	0.866232	358.306244	193.806244
0	8.764000	0.846377	356.500000	191.500000
1	8.810000	0.824928	359.100006	192.274994
1	8.842000	0.848406	359.437500	193.187500
1	8.873000	0.857102	359.187500	193.437500
1	8.904000	0.865797	359.187500	193.450012
1	8.935000	0.835362	359.562500	194.375000
1	8.966000	0.884493	359.706268	194.718719
1	8.998000	0.865797	359.937500	194.937500
1	9.044000	0.885362	358.331238	195.706177
1	9.076000	0.902464	358.468750	193.968750
1	9.107000	0.883623	360.193756	194.693756
0	9.138000	0.894638	359.868744	195.618744
1	9.169000	0.920580	358.774994	194.774994
1	9.200000	0.931594	357.399994	195.475006
1	9.232000	0.921884	358.743744	195.743744
1	9.278000	0.899275	357.706238	195.481262
1	9.310000	0.874058	358.256256	196.868744
1	9.341000	0.898985	357.868744	194.556244
1	9.372000	0.885507	357.737488	194.262512
1	9.403000	0.901594	358.518738	194.518738
1	9.434000	0.903333	358.493744	195.493744
1	9.466000	0.898406	358.468750	194.406250
1	9.497000	0.865797	358.187500	194.937500
1	9.544000	0.887101	356.681244	195.056244
1	9.575000	0.938551	357.000000	195.000000
1	9.606000	0.905072	355.768738	196.018738
1	9.637000	0.889275	355.212494	196.649994
1	9.668000	0.915797	354.656250	197.281250
1	9.700000	0.905072	353.831238	198.468750
1	9.731000	0.904348	351.312500	198.437500
1	9.778000	0.894638	351.868744	197.618744
1	9.809000	0.939130	352.500000	195.500000
0	9.840000	0.939130	348.500000	195.500000
1	9.871000	0.927536	350.500000	198.500000
1	9.902000	0.912029	351.618744	199.168732
1	9.934000	0.939130	352.500000	199.500000
1	9.965000	0.880580	351.999969	199.774994
1	10.012000	0.920580	351.350006	199.225006
1	10.043000	0.911159	351.368744	199.368744
0	10.074000	0.935072	350.050049	199.049927
1	10.105000	0.929855	349.562500	199.112488
1	10.136000	0.968985	350.937500	200.062500
1	10.168000	0.894493	350.225006	200.899994
1	10.199000	0.938986	350.993744	199.256256
0	10.230000	0.939130	348.500000	199.500000
1	10.277000	0.881159	351.250000	198.750000
1	10.308000	0.885507	351.737488	200.737488
1	10.339000	0.882609	352.000000	200.250000
1	10.370000	0.913623	351.625000	199.312500
1	10.402000	0.917536	350.418732	201.368744
1	10.433000	0.884203	351.718750	200.281250
1	10.464000	0.898551	351.500000	200.500000
1	10.511000	0.917971	351.437500	199.437500
1	10.542000	0.870580	352.543732	200.868744
1	10.573000	0.920145	353.268738	199.218750
1	10.604000	0.920145	353.218750	199.768738
1	10.636000	0.894638	354.868744	201.618744
1	10.667000	0.889275	354.399994	200.649994
1	10.698000	0.885073	355.731262	201.306274
1	10.729000	0.873333	356.125000	203.187500
1	10.776000	0.931594	355.399994	201.399994
1	10.807000	0.939130	356.500000	203.500000
1	10.838000	0.951594	355.687500	203.187500
1	10.870000	0.887101	355.243744	202.243744
1	10.901000	0.916377	354.681244	204.693756
1	10.932000	0.896232	356.550018	204.062469
1	10.963000	0.898116	355.118713	203.431152
1	11.010000	0.925507	355.375000	204.162476
1	11.041000	0.902754	355.018738	203.468750
1	11.072000	0.886377	355.000000	204.500000
1	11.104000	0.883623	355.693756	203.193756
1	11.135000	0.886957	354.500000	202.000000
1	11.166000	0.902029	353.774994	201.524994
1	11.197000	0.895652	353.750000	201.500000
1	11.228000	0.901449	353.937500	202.312500
1	11.275000	0.904348	353.500000	202.500000
1	11.306000	0.866232	352.943756	201.943756
1	11.338000	0.883188	354.000000	200.737488
1	11.369000	0.876812	353.112488	202.112488
1	11.400000	0.911449	353.593750	200.593750
1	11.431000	0.857971	353.500000	200.500000
1	11.462000	0.883768	353.024994	200.712494
1	11.509000	0.884203	352.318787	200.281250
1	11.540000	0.869565	352.500000	201.500000
1	11.572000	0.869565	352.500000	201.500000
1	11.603000	0.878116	352.618744	201.193756
1	11.634000	0.856522	353.343750	200.718750
1	11.665000	0.858116	354.343750	202.693726
1	11.696000	0.875507	353.093750	203.843750
1	11.743000	0.890145	353.637512	202.637512
1	11.774000	0.857536	354.068756	202.631256
1	11.806000	0.832029	353.531250	203.531250
1	11.837000	0.885362	353.781250	203.031250
1	11.868000	0.869565	352.500000	203.500000
1	11.899000	0.859420	352.812500	202.700012
1	11.930000	0.910145	353.625000	203.375000
1	11.962000	0.881159	353.750000	202.250000
1	12.008000	0.877536	353.043762	202.956238
1	12.040000	0.869565	352.500000	203.500000
1	12.071000	0.881159	352.500000	202.500000
1	12.102000	0.873333	352.875000	204.437500
1	12.133000	0.911449	353.331238	202.343750
1	12.164000	0.881449	352.337494	203.699982
1	12.196000	0.886667	353.687500	202.687500
1	12.242000	0.882609	352.625000	201.250000
1	12.274000	0.894638	353.131256	204.131256
1	12.305000	0.869565	352.500000	203.500000
1	12.336000	0.886957	353.500000	203.000000
1	12.367000	0.881159	354.500000	203.500000
1	12.398000	0.869565	352.500000	203.500000
1	12.430000	0.869565	352.500000	203.500000
1	12.476000	0.856667	352.681244	201.668732
1	12.508000	0.834928	352.581238	201.018738
1	12.539000	0.848406	353.187500	200.812500
1	12.570000	0.875362	350.937500	199.812500
1	12.601000	0.869420	352.493744	198.931244
1	12.632000	0.850725	352.137512	199.799988
1	12.664000	0.867681	352.218750	200.218750
1	12.695000	0.835362	351.375000	200.437500
1	12.742000	0.840580	351.125000	200.625000
1	12.773000	0.875507	352.156250	201.156250
1	12.804000	0.839855	352.581238	200.956238
1	12.835000	0.859275	352.206238	199.706238
1	12.866000	0.832754	352.024902	200.962341
1	12.898000	0.839275	351.931244	200.443756
1	12.929000	0.848406	352.375000	199.187500
1	12.976000	0.820725	351.806244	200.193756
1	13.007000	0.829275	352.462555	199.512543
1	13.038000	0.873768	352.106293	198.881256
1	13.069000	0.853768	352.268738	199.656250
1	13.100000	0.834928	352.993744	198.618744
1	13.132000	0.852319	352.743744	198.743744
1	13.163000	0.811884	353.712494	199.712494
1	13.210000	0.828841	354.031250	200.418762
1	13.241000	0.869565	353.000000	200.000000
1	13.272000	0.876667	353.656250	200.906250
1	13.303000	0.860870	353.250000	200.750000
1	13.334000	0.845362	353.843750	199.893738
1	13.366000	0.852899	352.156250	200.768738
1	13.397000	0.823188	353.000000	200.000000
1	13.428000	0.866377	353.962494	198.962494
1	13.475000	0.843623	354.756256	199.506256
1	13.506000	0.823188	354.125000	200.125000
1	13.537000	0.823333	355.093719	201.406281
1	13.568000	0.857102	354.812500	202.812500
1	13.600000	0.840580	353.812500	201.937500
1	13.631000	0.849420	354.031250	200.218750
1	13.662000	0.839855	353.581238	200.418762
1	13.709000	0.814203	353.712494	197.712494
1	13.740000	0.835797	352.506256	196.618744
1	13.771000	0.794927	353.931183	196.031219
1	13.802000	0.857536	350.931244	193.818756
1	13.834000	0.858116	352.093750	196.656250
1	13.865000	0.828841	351.143799	195.043762
1	13.896000	0.853768	352.718750	198.156250
1	13.943000	0.866232	352.193756	197.943756
1	13.974000	0.883188	354.000000	199.262512
1	14.005000	0.869565	353.250000	198.750000
1	14.036000	0.869565	354.500000	199.500000
1	14.068000	0.939130	352.500000	199.500000
1	14.099000	0.886957	354.000000	199.500000
1	14.130000	0.865362	354.681274	200.168762
1	14.161000	0.898406	354.531250	201.031250
1	14.208000	0.889710	355.406250	200.218750
1	14.239000	0.875362	354.500000	200.500000
1	14.270000	0.880000	356.037445	201.300018
1	14.302000	0.905797	355.750000	201.750000
1	14.333000	0.921739	355.375000	202.375000
1	14.364000	0.869565	356.000000	203.000000
1	14.395000	0.909420	355.643738	202.706360
1	14.442000	0.902754	354.781250	203.468750
1	14.473000	0.885507	355.987549	205.737488
1	14.504000	0.920145	356.218750	204.218750
1	14.536000	0.886377	356.500000	206.000000
1	14.567000	0.831449	356.443756	205.006256
1	14.598000	0.839275	355.556244	204.443756
1	14.629000	0.865797	356.562500	204.937500
1	14.660000	0.857971	357.500000	205.500000
1	14.707000	0.842898	356.500000	205.500000
1	14.738000	0.877246	357.118744	205.418732
1	14.770000	0.869565	356.500000	205.500000
1	14.801000	0.857681	357.087494	205.662506
1	14.832000	0.881159	356.500000	205.500000
1	14.863000	0.858116	357.018738	205.656250
1	14.894000	0.848406	356.187500	207.562500
1	14.941000	0.881159	356.500000	207.500000
1	14.972000	0.849420	357.218750	206.231262
1	15.004000	0.876232	358.087494	210.087494
1	15.035000	0.869565	357.000000	208.000000
1	15.066000	0.885362	357.968750	209.281250
1	15.097000	0.872464	358.487488	211.924988
1	15.128000	0.896232	357.625000	212.125000
1	15.175000	0.886957	358.000000	208.500000
1	15.206000	0.874638	356.143738	207.893738
1	15.238000	0.881159	354.500000	205.500000
1	15.269000	0.869565	356.500000	205.500000
1	15.300000	0.869565	356.500000	205.500000
1	15.331000	0.885362	355.031250	202.031250
1	15.362000	0.866232	354.943756	203.193756
1	15.394000	0.884203	354.656250	204.718750
1	15.440000	0.870145	353.750000	202.875000
1	15.472000	0.834783	353.937500	204.562500
0	15.503000	0.814203	354.712494	204.712494
1	15.534000	0.857102	353.312500	203.187500
1	15.565000	0.848406	353.187500	204.187500
1	15.596000	0.866232	352.756256	203.943756
1	15.628000	0.877536	352.956238	204.331238
1	15.674000	0.885507	354.262390	204.737488
1	15.706000	0.851160	354.881073	202.818756
1	15.737000	0.857681	353.912506	204.912506
1	15.768000	0.863188	354.287506	204.225006
1	15.799000	0.857102	354.362488	203.062500
1	15.830000	0.857102	355.687500	204.674988
1	15.862000	0.838551	356.437500	205.437500
1	15.893000	0.838551	356.562500	206.562500
1	15.940000	0.839855	355.581238	206.581238
1	15.971000	0.846232	356.193695	207.368744
1	16.002000	0.815797	355.781250	208.156250
1	16.033000	0.822899	355.374969	208.587494
1	16.064000	0.818840	354.787506	208.387482
1	16.096000	0.816812	356.312500	210.250000
1	16.127000	0.823188	356.000000	210.000000
1	16.174000	0.869565	356.500000	209.500000
1	16.205000	0.816377	357.131256	211.693756
1	16.236000	0.869565	356.750000	210.750000
1	16.267000	0.835797	357.506256	211.618744
1	16.298000	0.846377	357.000000	211.000000
1	16.330000	0.823188	356.750000	210.750000
1	16.361000	0.835797	356.506256	210.618744
1	16.408000	0.875507	356.093750	210.906250
1	16.439000	0.823188	356.000000	211.000000
1	16.470000	0.871449	354.531250	209.281250
1	16.501000	0.833188	355.593750	210.406250
1	16.532000	0.834783	355.968750	209.468750
1	16.564000	0.846377	356.250000	208.750000
1	16.595000	0.882029	356.687500	209.312500
1	16.626000	0.848406	356.687500	209.437500
1	16.673000	0.859420	356.674988	210.062500
1	16.704000	0.869565	356.500000	209.500000
1	16.735000	0.848406	356.437500	210.812500
0	16.766000	0.939130	356.500000	207.500000
1	16.798000	0.853333	356.600006	211.399994
1	16.829000	0.875362	356.500000	210.500000
1	16.860000	0.846232	357.093750	210.843750
1	16.907000	0.852754	356.375000	208.250000
1	16.938000	0.857681	356.287506	207.662506
1	16.969000	0.875362	356.325012	208.075012
1	17.000000	0.866812	356.531250	207.968750
1	17.032000	0.852174	356.500000	209.000000
1	17.063000	0.855507	356.693756	209.443756
1	17.094000	0.866377	356.787506	210.037506
1	17.141000	0.867391	356.250000	210.750000
1	17.172000	0.876232	356.087494	209.449982
1	17.203000	0.878261	356.250000	207.250000
1	17.234000	0.863623	356.781250	208.843750
1	17.266000	0.882754	356.731262	209.306274
1	17.297000	0.874638	356.893738	207.856262
1	17.328000	0.868985	356.187500	207.825012
1	17.359000	0.882029	356.687500	207.362488
1	17.406000	0.869565	356.500000	207.500000
1	17.437000	0.848841	356.393768	207.806244
1	17.468000	0.869565	356.000000	207.000000
1	17.500000	0.883623	356.693756	207.693756
0	17.531000	0.892754	357.500000	206.500000
1	17.562000	0.883623	357.368744	207.306244
1	17.593000	0.886377	357.250000	207.250000
1	17.640000	0.869565	357.000000	206.000000
1	17.671000	0.869565	356.500000	207.500000
1	17.702000	0.898406	357.531250	207.531250
1	17.734000	0.829710	355.931458	206.356262
1	17.765000	0.875942	356.862518	207.899994
1	17.796000	0.869565	356.500000	207.500000
1	17.827000	0.871159	357.768738	206.768738
1	17.874000	0.814638	355.718750	206.281250
1	17.905000	0.881159	356.500000	205.500000
1	17.936000	0.855942	356.687500	206.125000
1	17.968000	0.870580	357.868744	205.618744
<\RIGHT-PUPIL-DATA>
<LEFT-PUPIL-DATA>
543	0
0	-0.051000	13.913043	240.000000	320.000000
0	-0.020000	13.913043	240.000000	320.000000
0	0.011000	13.913043	240.000000	320.000000
0	0.042000	13.913043	240.000000	320.000000
0	0.074000	13.913043	240.000000	320.000000
0	0.105000	13.913043	240.000000	320.000000
0	0.152000	13.913043	240.000000	320.000000
0	0.183000	13.913043	240.000000	320.000000
0	0.214000	13.913043	240.000000	320.000000
0	0.245000	13.913043	240.000000	320.000000
0	0.276000	13.913043	240.000000	320.000000
0	0.308000	13.913043	240.000000	320.000000
0	0.339000	13.913043	240.000000	320.000000
0	0.386000	13.913043	240.000000	320.000000
0	0.417000	13.913043	240.000000	320.000000
0	0.448000	13.913043	240.000000	320.000000
0	0.479000	13.913043	240.000000	320.000000
0	0.510000	13.913043	240.000000	320.000000
0	0.542000	13.913043	240.000000	320.000000
0	0.573000	13.913043	240.000000	320.000000
0	0.620000	13.913043	240.000000	320.000000
0	0.651000	13.913043	240.000000	320.000000
0	0.682000	13.913043	240.000000	320.000000
0	0.713000	13.913043	240.000000	320.000000
0	0.744000	13.913043	240.000000	320.000000
0	0.776000	13.913043	240.000000	320.000000
0	0.807000	13.913043	240.000000	320.000000
0	0.838000	13.913043	240.000000	320.000000
0	0.885000	13.913043	240.000000	320.000000
0	0.916000	13.913043	240.000000	320.000000
0	0.947000	13.913043	240.000000	320.000000
0	0.979000	13.913043	240.000000	320.000000
0	1.010000	13.913043	240.000000	320.000000
0	1.041000	13.913043	240.000000	320.000000
0	1.072000	13.913043	240.000000	320.000000
0	1.119000	13.913043	240.000000	320.000000
0	1.150000	13.913043	240.000000	320.000000
0	1.181000	13.913043	240.000000	320.000000
0	1.213000	13.913043	240.000000	320.000000
0	1.244000	13.913043	240.000000	320.000000
0	1.275000	13.913043	240.000000	320.000000
0	1.306000	13.913043	240.000000	320.000000
0	1.353000	13.913043	240.000000	320.000000
0	1.384000	13.913043	240.000000	320.000000
0	1.415000	13.913043	240.000000	320.000000
0	1.447000	13.913043	240.000000	320.000000
0	1.478000	13.913043	240.000000	320.000000
0	1.509000	13.913043	240.000000	320.000000
0	1.540000	13.913043	240.000000	320.000000
0	1.571000	13.913043	240.000000	320.000000
0	1.618000	13.913043	240.000000	320.000000
0	1.649000	13.913043	240.000000	320.000000
0	1.681000	13.913043	240.000000	320.000000
0	1.712000	13.913043	240.000000	320.000000
0	1.743000	13.913043	240.000000	320.000000
0	1.774000	13.913043	240.000000	320.000000
0	1.805000	13.913043	240.000000	320.000000
0	1.852000	13.913043	240.000000	320.000000
0	1.883000	13.913043	240.000000	320.000000
0	1.915000	13.913043	240.000000	320.000000
0	1.946000	13.913043	240.000000	320.000000
0	1.977000	13.913043	240.000000	320.000000
0	2.008000	13.913043	240.000000	320.000000
0	2.039000	13.913043	240.000000	320.000000
0	2.086000	13.913043	240.000000	320.000000
0	2.117000	13.913043	240.000000	320.000000
0	2.149000	13.913043	240.000000	320.000000
0	2.180000	13.913043	240.000000	320.000000
0	2.211000	13.913043	240.000000	320.000000
0	2.242000	13.913043	240.000000	320.000000
0	2.273000	13.913043	240.000000	320.000000
0	2.305000	13.913043	240.000000	320.000000
0	2.351000	13.913043	240.000000	320.000000
0	2.383000	13.913043	240.000000	320.000000
0	2.414000	13.913043	240.000000	320.000000
0	2.445000	13.913043	240.000000	320.000000
0	2.476000	13.913043	240.000000	320.000000
0	2.507000	13.913043	240.000000	320.000000
0	2.539000	13.913043	240.000000	320.000000
0	2.585000	13.913043	240.000000	320.000000
0	2.617000	13.913043	240.000000	320.000000
0	2.648000	13.913043	240.000000	320.000000
0	2.679000	13.913043	240.000000	320.000000
0	2.710000	13.913043	240.000000	320.000000
0	2.741000	13.913043	240.000000	320.000000
0	2.773000	13.913043	240.000000	320.000000
0	2.804000	13.913043	240.000000	320.000000
0	2.851000	13.913043	240.000000	320.000000
0	2.882000	13.913043	240.000000	320.000000
0	2.913000	13.913043	240.000000	320.000000
0	2.944000	13.913043	240.000000	320.000000
0	2.975000	13.913043	240.000000	320.000000
0	3.007000	13.913043	240.000000	320.000000
0	3.038000	13.913043	240.000000	320.000000
0	3.085000	13.913043	240.000000	320.000000
0	3.116000	13.913043	240.000000	320.000000
0	3.147000	13.913043	240.000000	320.000000
0	3.178000	13.913043	240.000000	320.000000
0	3.209000	13.913043	240.000000	320.000000
0	3.241000	13.913043	240.000000	320.000000
0	3.272000	13.913043	240.000000	320.000000
0	3.319000	13.913043	240.000000	320.000000
0	3.350000	13.913043	240.000000	320.000000
0	3.381000	13.913043	240.000000	320.000000
0	3.412000	13.913043	240.000000	320.000000
0	3.443000	13.913043	240.000000	320.000000
0	3.475000	13.913043	240.000000	320.000000
0	3.506000	13.913043	240.000000	320.000000
0	3.537000	13.913043	240.000000	320.000000
0	3.584000	13.913043	240.000000	320.000000
0	3.615000	13.913043	240.000000	320.000000
0	3.646000	13.913043	240.000000	320.000000
0	3.677000	13.913043	240.000000	320.000000
0	3.709000	13.913043	240.000000	320.000000
0	3.740000	13.913043	240.000000	320.000000
0	3.771000	13.913043	240.000000	320.000000
0	3.818000	13.913043	240.000000	320.000000
0	3.849000	13.913043	240.000000	320.000000
0	3.880000	13.913043	240.000000	320.000000
0	3.911000	13.913043	240.000000	320.000000
0	3.943000	13.913043	240.000000	320.000000
0	3.974000	13.913043	240.000000	320.000000
0	4.005000	13.913043	240.000000	320.000000
0	4.052000	13.913043	240.000000	320.000000
0	4.083000	13.913043	240.000000	320.000000
0	4.114000	13.913043	240.000000	320.000000
0	4.145000	13.913043	240.000000	320.000000
0	4.177000	13.913043	240.000000	320.000000
0	4.208000	13.913043	240.000000	320.000000
0	4.239000	13.913043	240.000000	320.000000
0	4.270000	13.913043	240.000000	320.000000
0	4.317000	13.913043	240.000000	320.000000
0	4.348000	13.913043	240.000000	320.000000
0	4.379000	13.913043	240.000000	320.000000
0	4.411000	13.913043	240.000000	320.000000
0	4.442000	13.913043	240.000000	320.000000
0	4.473000	13.913043	240.000000	320.000000
0	4.504000	13.913043	240.000000	320.000000
0	4.551000	13.913043	240.000000	320.000000
0	4.582000	13.913043	240.000000	320.000000
0	4.613000	13.913043	240.000000	320.000000
0	4.645000	13.913043	240.000000	320.000000
0	4.676000	13.913043	240.000000	320.000000
0	4.707000	13.913043	240.000000	320.000000
0	4.738000	13.913043	240.000000	320.000000
0	4.785000	13.913043	240.000000	320.000000
0	4.816000	13.913043	240.000000	320.000000
0	4.847000	13.913043	240.000000	320.000000
0	4.879000	13.913043	240.000000	320.000000
0	4.910000	13.913043	240.000000	320.000000
0	4.941000	13.913043	240.000000	320.000000
0	4.972000	13.913043	240.000000	320.000000
0	5.003000	13.913043	240.000000	320.000000
0	5.050000	13.913043	240.000000	320.000000
0	5.081000	13.913043	240.000000	320.000000
0	5.113000	13.913043	240.000000	320.000000
0	5.144000	13.913043	240.000000	320.000000
0	5.175000	13.913043	240.000000	320.000000
0	5.206000	13.913043	240.000000	320.000000
0	5.237000	13.913043	240.000000	320.000000
0	5.284000	13.913043	240.000000	320.000000
0	5.315000	13.913043	240.000000	320.000000
0	5.347000	13.913043	240.000000	320.000000
0	5.378000	13.913043	240.000000	320.000000
0	5.409000	13.913043	240.000000	320.000000
0	5.440000	13.913043	240.000000	320.000000
0	5.471000	13.913043	240.000000	320.000000
0	5.503000	13.913043	240.000000	320.000000
0	5.549000	13.913043	240.000000	320.000000
0	5.581000	13.913043	240.000000	320.000000
0	5.612000	13.913043	240.000000	320.000000
0	5.643000	13.913043	240.000000	320.000000
0	5.674000	13.913043	240.000000	320.000000
0	5.705000	13.913043	240.000000	320.000000
0	5.737000	13.913043	240.000000	320.000000
0	5.783000	13.913043	240.000000	320.000000
0	5.815000	13.913043	240.000000	320.000000
0	5.846000	13.913043	240.000000	320.000000
0	5.877000	13.913043	240.000000	320.000000
0	5.908000	13.913043	240.000000	320.000000
0	5.939000	13.913043	240.000000	320.000000
0	5.971000	13.913043	240.000000	320.000000
0	6.017000	13.913043	240.000000	320.000000
0	6.049000	13.913043	240.000000	320.000000
0	6.080000	13.913043	240.000000	320.000000
0	6.111000	13.913043	240.000000	320.000000
0	6.142000	13.913043	240.000000	320.000000
0	6.173000	13.913043	240.000000	320.000000
0	6.205000	13.913043	240.000000	320.000000
0	6.236000	13.913043	240.000000	320.000000
0	6.283000	13.913043	240.000000	320.000000
0	6.314000	13.913043	240.000000	320.000000
0	6.345000	13.913043	240.000000	320.000000
0	6.376000	13.913043	240.000000	320.000000
0	6.407000	13.913043	240.000000	320.000000
0	6.439000	13.913043	240.000000	320.000000
0	6.470000	13.913043	240.000000	320.000000
0	6.517000	13.913043	240.000000	320.000000
0	6.548000	13.913043	240.000000	320.000000
0	6.579000	13.913043	240.000000	320.000000
0	6.610000	13.913043	240.000000	320.000000
0	6.641000	13.913043	240.000000	320.000000
0	6.673000	13.913043	240.000000	320.000000
0	6.704000	13.913043	240.000000	320.000000
0	6.735000	13.913043	240.000000	320.000000
0	6.782000	13.913043	240.000000	320.000000
0	6.813000	13.913043	240.000000	320.000000
0	6.844000	13.913043	240.000000	320.000000
0	6.875000	13.913043	240.000000	320.000000
0	6.907000	13.913043	240.000000	320.000000
0	6.938000	13.913043	240.000000	320.000000
0	6.969000	13.913043	240.000000	320.000000
0	7.016000	13.913043	240.000000	320.000000
0	7.047000	13.913043	240.000000	320.000000
0	7.078000	13.913043	240.000000	320.000000
0	7.109000	13.913043	240.000000	320.000000
0	7.141000	13.913043	240.000000	320.000000
0	7.172000	13.913043	240.000000	320.000000
0	7.203000	13.913043	240.000000	320.000000
0	7.250000	13.913043	240.000000	320.000000
0	7.281000	13.913043	240.000000	320.000000
0	7.312000	13.913043	240.000000	320.000000
0	7.343000	13.913043	240.000000	320.000000
0	7.375000	13.913043	240.000000	320.000000
0	7.406000	13.913043	240.000000	320.000000
0	7.437000	13.913043	240.000000	320.000000
0	7.468000	13.913043	240.000000	320.000000
0	7.515000	13.913043	240.000000	320.000000
0	7.546000	13.913043	240.000000	320.000000
0	7.577000	13.913043	240.000000	320.000000
0	7.609000	13.913043	240.000000	320.000000
0	7.640000	13.913043	240.000000	320.000000
0	7.671000	13.913043	240.000000	320.000000
0	7.702000	13.913043	240.000000	320.000000
0	7.749000	13.913043	240.000000	320.000000
0	7.780000	13.913043	240.000000	320.000000
0	7.811000	13.913043	240.000000	320.000000
0	7.843000	13.913043	240.000000	320.000000
0	7.874000	13.913043	240.000000	320.000000
0	7.905000	13.913043	240.000000	320.000000
0	7.936000	13.913043	240.000000	320.000000
0	7.983000	13.913043	240.000000	320.000000
0	8.014000	13.913043	240.000000	320.000000
0	8.045000	13.913043	240.000000	320.000000
0	8.077000	13.913043	240.000000	320.000000
0	8.108000	13.913043	240.000000	320.000000
0	8.139000	13.913043	240.000000	320.000000
0	8.170000	13.913043	240.000000	320.000000
0	8.201000	13.913043	240.000000	320.000000
0	8.248000	13.913043	240.000000	320.000000
0	8.279000	13.913043	240.000000	320.000000
0	8.311000	13.913043	240.000000	320.000000
0	8.342000	13.913043	240.000000	320.000000
0	8.373000	13.913043	240.000000	320.000000
0	8.404000	13.913043	240.000000	320.000000
0	8.435000	13.913043	240.000000	320.000000
0	8.482000	13.913043	240.000000	320.000000
0	8.513000	13.913043	240.000000	320.000000
0	8.545000	13.913043	240.000000	320.000000
0	8.576000	13.913043	240.000000	320.000000
0	8.607000	13.913043	240.000000	320.000000
0	8.638000	13.913043	240.000000	320.000000
0	8.669000	13.913043	240.000000	320.000000
0	8.716000	13.913043	240.000000	320.000000
0	8.747000	13.913043	240.000000	320.000000
0	8.779000	13.913043	240.000000	320.000000
0	8.810000	13.913043	240.000000	320.000000
0	8.841000	13.913043	240.000000	320.000000
0	8.872000	13.913043	240.000000	320.000000
0	8.903000	13.913043	240.000000	320.000000
0	8.935000	13.913043	240.000000	320.000000
0	8.981000	13.913043	240.000000	320.000000
0	9.013000	13.913043	240.000000	320.000000
0	9.044000	13.913043	240.000000	320.000000
0	9.075000	13.913043	240.000000	320.000000
0	9.106000	13.913043	240.000000	320.000000
0	9.137000	13.913043	240.000000	320.000000
0	9.169000	13.913043	240.000000	320.000000
0	9.215000	13.913043	240.000000	320.000000
0	9.247000	13.913043	240.000000	320.000000
0	9.278000	13.913043	240.000000	320.000000
0	9.309000	13.913043	240.000000	320.000000
0	9.340000	13.913043	240.000000	320.000000
0	9.371000	13.913043	240.000000	320.000000
0	9.403000	13.913043	240.000000	320.000000
0	9.449000	13.913043	240.000000	320.000000
0	9.481000	13.913043	240.000000	320.000000
0	9.512000	13.913043	240.000000	320.000000
0	9.543000	13.913043	240.000000	320.000000
0	9.574000	13.913043	240.000000	320.000000
0	9.605000	13.913043	240.000000	320.000000
0	9.637000	13.913043	240.000000	320.000000
0	9.668000	13.913043	240.000000	320.000000
0	9.715000	13.913043	240.000000	320.000000
0	9.746000	13.913043	240.000000	320.000000
0	9.777000	13.913043	240.000000	320.000000
0	9.808000	13.913043	240.000000	320.000000
0	9.839000	13.913043	240.000000	320.000000
0	9.871000	13.913043	240.000000	320.000000
0	9.902000	13.913043	240.000000	320.000000
0	9.949000	13.913043	240.000000	320.000000
0	9.980000	13.913043	240.000000	320.000000
0	10.011000	13.913043	240.000000	320.000000
0	10.042000	13.913043	240.000000	320.000000
0	10.073000	13.913043	240.000000	320.000000
0	10.105000	13.913043	240.000000	320.000000
0	10.136000	13.913043	240.000000	320.000000
0	10.183000	13.913043	240.000000	320.000000
0	10.214000	13.913043	240.000000	320.000000
0	10.245000	13.913043	240.000000	320.000000
0	10.276000	13.913043	240.000000	320.000000
0	10.307000	13.913043	240.000000	320.000000
0	10.339000	13.913043	240.000000	320.000000
0	10.370000	13.913043	240.000000	320.000000
0	10.401000	13.913043	240.000000	320.000000
0	10.448000	13.913043	240.000000	320.000000
0	10.479000	13.913043	240.000000	320.000000
0	10.510000	13.913043	240.000000	320.000000
0	10.541000	13.913043	240.000000	320.000000
0	10.573000	13.913043	240.000000	320.000000
0	10.604000	13.913043	240.000000	320.000000
0	10.635000	13.913043	240.000000	320.000000
0	10.666000	13.913043	240.000000	320.000000
0	10.713000	13.913043	240.000000	320.000000
0	10.744000	13.913043	240.000000	320.000000
0	10.775000	13.913043	240.000000	320.000000
0	10.807000	13.913043	240.000000	320.000000
0	10.838000	13.913043	240.000000	320.000000
0	10.869000	13.913043	240.000000	320.000000
0	10.900000	13.913043	240.000000	320.000000
0	10.947000	13.913043	240.000000	320.000000
0	10.978000	13.913043	240.000000	320.000000
0	11.009000	13.913043	240.000000	320.000000
0	11.041000	13.913043	240.000000	320.000000
0	11.072000	13.913043	240.000000	320.000000
0	11.103000	13.913043	240.000000	320.000000
0	11.134000	13.913043	240.000000	320.000000
0	11.181000	13.913043	240.000000	320.000000
0	11.212000	13.913043	240.000000	320.000000
0	11.243000	13.913043	240.000000	320.000000
0	11.275000	13.913043	240.000000	320.000000
0	11.306000	13.913043	240.000000	320.000000
0	11.337000	13.913043	240.000000	320.000000
0	11.368000	13.913043	240.000000	320.000000
0	11.399000	13.913043	240.000000	320.000000
0	11.446000	13.913043	240.000000	320.000000
0	11.477000	13.913043	240.000000	320.000000
0	11.509000	13.913043	240.000000	320.000000
0	11.540000	13.913043	240.000000	320.000000
0	11.571000	13.913043	240.000000	320.000000
0	11.602000	13.913043	240.000000	320.000000
0	11.633000	13.913043	240.000000	320.000000
0	11.680000	13.913043	240.000000	320.000000
0	11.711000	13.913043	240.000000	320.000000
0	11.743000	13.913043	240.000000	320.000000
0	11.774000	13.913043	240.000000	320.000000
0	11.805000	13.913043	240.000000	320.000000
0	11.836000	13.913043	240.000000	320.000000
0	11.867000	13.913043	240.000000	320.000000
0	11.914000	13.913043	240.000000	320.000000
0	11.945000	13.913043	240.000000	320.000000
0	11.977000	13.913043	240.000000	320.000000
0	12.008000	13.913043	240.000000	320.000000
0	12.039000	13.913043	240.000000	320.000000
0	12.070000	13.913043	240.000000	320.000000
0	12.101000	13.913043	240.000000	320.000000
0	12.133000	13.913043	240.000000	320.000000
0	12.179000	13.913043	240.000000	320.000000
0	12.211000	13.913043	240.000000	320.000000
0	12.242000	13.913043	240.000000	320.000000
0	12.273000	13.913043	240.000000	320.000000
0	12.304000	13.913043	240.000000	320.000000
0	12.335000	13.913043	240.000000	320.000000
0	12.367000	13.913043	240.000000	320.000000
0	12.413000	13.913043	240.000000	320.000000
0	12.445000	13.913043	240.000000	320.000000
0	12.476000	13.913043	240.000000	320.000000
0	12.507000	13.913043	240.000000	320.000000
0	12.538000	13.913043	240.000000	320.000000
0	12.569000	13.913043	240.000000	320.000000
0	12.601000	13.913043	240.000000	320.000000
0	12.647000	13.913043	240.000000	320.000000
0	12.679000	13.913043	240.000000	320.000000
0	12.710000	13.913043	240.000000	320.000000
0	12.741000	13.913043	240.000000	320.000000
0	12.772000	13.913043	240.000000	320.000000
0	12.803000	13.913043	240.000000	320.000000
0	12.835000	13.913043	240.000000	320.000000
0	12.866000	13.913043	240.000000	320.000000
0	12.913000	13.913043	240.000000	320.000000
0	12.944000	13.913043	240.000000	320.000000
0	12.975000	13.913043	240.000000	320.000000
0	13.006000	13.913043	240.000000	320.000000
0	13.037000	13.913043	240.000000	320.000000
0	13.069000	13.913043	240.000000	320.000000
0	13.100000	13.913043	240.000000	320.000000
0	13.147000	13.913043	240.000000	320.000000
0	13.178000	13.913043	240.000000	320.000000
0	13.209000	13.913043	240.000000	320.000000
0	13.240000	13.913043	240.000000	320.000000
0	13.271000	13.913043	240.000000	320.000000
0	13.303000	13.913043	240.000000	320.000000
0	13.334000	13.913043	240.000000	320.000000
0	13.381000	13.913043	240.000000	320.000000
0	13.412000	13.913043	240.000000	320.000000
0	13.443000	13.913043	240.000000	320.000000
0	13.474000	13.913043	240.000000	320.000000
0	13.505000	13.913043	240.000000	320.000000
0	13.537000	13.913043	240.000000	320.000000
0	13.568000	13.913043	240.000000	320.000000
0	13.599000	13.913043	240.000000	320.000000
0	13.646000	13.913043	240.000000	320.000000
0	13.677000	13.913043	240.000000	320.000000
0	13.708000	13.913043	240.000000	320.000000
0	13.739000	13.913043	240.000000	320.000000
0	13.771000	13.913043	240.000000	320.000000
0	13.802000	13.913043	240.000000	320.000000
0	13.833000	13.913043	240.000000	320.000000
0	13.880000	13.913043	240.000000	320.000000
0	13.911000	13.913043	240.000000	320.000000
0	13.942000	13.913043	240.000000	320.000000
0	13.973000	13.913043	240.000000	320.000000
0	14.005000	13.913043	240.000000	320.000000
0	14.036000	13.913043	240.000000	320.000000
0	14.067000	13.913043	240.000000	320.000000
0	14.114000	13.913043	240.000000	320.000000
0	14.145000	13.913043	240.000000	320.000000
0	14.176000	13.913043	240.000000	320.000000
0	14.207000	13.913043	240.000000	320.000000
0	14.239000	13.913043	240.000000	320.000000
0	14.270000	13.913043	240.000000	320.000000
0	14.301000	13.913043	240.000000	320.000000
0	14.332000	13.913043	240.000000	320.000000
0	14.379000	13.913043	240.000000	320.000000
0	14.410000	13.913043	240.000000	320.000000
0	14.441000	13.913043	240.000000	320.000000
0	14.473000	13.913043	240.000000	320.000000
0	14.504000	13.913043	240.000000	320.000000
0	14.535000	13.913043	240.000000	320.000000
0	14.566000	13.913043	240.000000	320.000000
0	14.597000	13.913043	240.000000	320.000000
0	14.644000	13.913043	240.000000	320.000000
0	14.675000	13.913043	240.000000	320.000000
0	14.707000	13.913043	240.000000	320.000000
0	14.738000	13.913043	240.000000	320.000000
0	14.769000	13.913043	240.000000	320.000000
0	14.800000	13.913043	240.000000	320.000000
0	14.831000	13.913043	240.000000	320.000000
0	14.878000	13.913043	240.000000	320.000000
0	14.909000	13.913043	240.000000	320.000000
0	14.941000	13.913043	240.000000	320.000000
0	14.972000	13.913043	240.000000	320.000000
0	15.003000	13.913043	240.000000	320.000000
0	15.034000	13.913043	240.000000	320.000000
0	15.065000	13.913043	240.000000	320.000000
0	15.112000	13.913043	240.000000	320.000000
0	15.143000	13.913043	240.000000	320.000000
0	15.175000	13.913043	240.000000	320.000000
0	15.206000	13.913043	240.000000	320.000000
0	15.237000	13.913043	240.000000	320.000000
0	15.268000	13.913043	240.000000	320.000000
0	15.299000	13.913043	240.000000	320.000000
0	15.331000	13.913043	240.000000	320.000000
0	15.377000	13.913043	240.000000	320.000000
0	15.409000	13.913043	240.000000	320.000000
0	15.440000	13.913043	240.000000	320.000000
0	15.471000	13.913043	240.000000	320.000000
0	15.502000	13.913043	240.000000	320.000000
0	15.533000	13.913043	240.000000	320.000000
0	15.565000	13.913043	240.000000	320.000000
0	15.611000	13.913043	240.000000	320.000000
0	15.643000	13.913043	240.000000	320.000000
0	15.674000	13.913043	240.000000	320.000000
0	15.705000	13.913043	240.000000	320.000000
0	15.736000	13.913043	240.000000	320.000000
0	15.767000	13.913043	240.000000	320.000000
0	15.799000	13.913043	240.000000	320.000000
0	15.845000	13.913043	240.000000	320.000000
0	15.877000	13.913043	240.000000	320.000000
0	15.908000	13.913043	240.000000	320.000000
0	15.939000	13.913043	240.000000	320.000000
0	15.970000	13.913043	240.000000	320.000000
0	16.001000	13.913043	240.000000	320.000000
0	16.033000	13.913043	240.000000	320.000000
0	16.064000	13.913043	240.000000	320.000000
0	16.111000	13.913043	240.000000	320.000000
0	16.142000	13.913043	240.000000	320.000000
0	16.173000	13.913043	240.000000	320.000000
0	16.204000	13.913043	240.000000	320.000000
0	16.235000	13.913043	240.000000	320.000000
0	16.267000	13.913043	240.000000	320.000000
0	16.298000	13.913043	240.000000	320.000000
0	16.345000	13.913043	240.000000	320.000000
0	16.376000	13.913043	240.000000	320.000000
0	16.407000	13.913043	240.000000	320.000000
0	16.438000	13.913043	240.000000	320.000000
0	16.469000	13.913043	240.000000	320.000000
0	16.501000	13.913043	240.000000	320.000000
0	16.532000	13.913043	240.000000	320.000000
0	16.579000	13.913043	240.000000	320.000000
0	16.610000	13.913043	240.000000	320.000000
0	16.641000	13.913043	240.000000	320.000000
0	16.672000	13.913043	240.000000	320.000000
0	16.703000	13.913043	240.000000	320.000000
0	16.735000	13.913043	240.000000	320.000000
0	16.766000	13.913043	240.000000	320.000000
0	16.797000	13.913043	240.000000	320.000000
0	16.844000	13.913043	240.000000	320.000000
0	16.875000	13.913043	240.000000	320.000000
0	16.906000	13.913043	240.000000	320.000000
0	16.937000	13.913043	240.000000	320.000000
0	16.969000	13.913043	240.000000	320.000000
0	17.000000	13.913043	240.000000	320.000000
0	17.031000	13.913043	240.000000	320.000000
0	17.078000	13.913043	240.000000	320.000000
0	17.109000	13.913043	240.000000	320.000000
0	17.140000	13.913043	240.000000	320.000000
0	17.171000	13.913043	240.000000	320.000000
0	17.203000	13.913043	240.000000	320.000000
0	17.234000	13.913043	240.000000	320.000000
0	17.265000	13.913043	240.000000	320.000000
0	17.312000	13.913043	240.000000	320.000000
0	17.343000	13.913043	240.000000	320.000000
0	17.374000	13.913043	240.000000	320.000000
0	17.405000	13.913043	240.000000	320.000000
0	17.437000	13.913043	240.000000	320.000000
0	17.468000	13.913043	240.000000	320.000000
0	17.499000	13.913043	240.000000	320.000000
0	17.530000	13.913043	240.000000	320.000000
0	17.577000	13.913043	240.000000	320.000000
0	17.608000	13.913043	240.000000	320.000000
0	17.639000	13.913043	240.000000	320.000000
0	17.671000	13.913043	240.000000	320.000000
0	17.702000	13.913043	240.000000	320.000000
0	17.733000	13.913043	240.000000	320.000000
0	17.764000	13.913043	240.000000	320.000000
0	17.811000	13.913043	240.000000	320.000000
0	17.842000	13.913043	240.000000	320.000000
0	17.873000	13.913043	240.000000	320.000000
0	17.905000	13.913043	240.000000	320.000000
0	17.936000	13.913043	240.000000	320.000000
0	17.967000	13.913043	240.000000	320.000000
0	17.998000	13.913043	240.000000	320.000000
<\LEFT-PUPIL-DATA>
<RIGHT-PUPIL-ANALYSIS>
1
0	0	17	541	0	0	0.509000	17.518000	0.509000	99.710426	0.000000	0.000000	0.000000	0	1	1	1	1	0	0	0	0.000000	0.000000	0.000000	0.000000	0.000000	0.000000	0.000000	-1.000000	0.000000	1	1.005732	0.819507	0.794758	0.527474	0.236000	-0.012132	-0.870499	-1.000000	0.062086	1	1.005732	0.819507	0.794758	0.527474	0.236000	-0.011897	-0.870498	-1.000000	0.054075
<\RIGHT-PUPIL-ANALYSIS>
<LEFT-PUPIL-ANALYSIS>
1
0	0	17	542	0	0	0.509000	17.518000	0.509000	99.710426	0.000000	0.000000	0.000000	0	1	1	1	1	0	0	0	0.000000	0.000000	0.000000	0.000000	0.000000	0.000000	0.000000	-1.000000	0.000000	0	-0.034783	-0.034783	0.000950	0.000950	0.001000	0.000000	0.000000	-1.000000	0.000000	1	-0.034783	-0.034783	0.000950	0.000950	0.001000	-1000000.000000	-1000000.000000	-1.000000	0.000000
<\LEFT-PUPIL-ANALYSIS>
%%%%%%%%%
%%%%%%%%%
%%%%%%%%%
%%%	Measurement Tiime is: 2017-10-31 12:39:27
%%%	Subject ID is: C57BL6-28.09.17-DA-1mois-F1-2r
%%%	Note: 
%%%	RSS: Default Human Relative Spectral Sensitivity
%%%	Pupil Analysis:
%%%
%%%
%%%
%%%	Pulse Index:	0
%%%	Stimulus Session Index:	0
%%%	Right Pupil Stimulated
%%%	Light Metric is Photopic
%%%	Stimulus Start Time(sec):	0.51
%%%	Stimulus Duration(sec):	17.52
%%%	Stimulus Pulse Duration(sec):	0.51
%%%	Right Pulse:	99.71	(Red  )	-	0.00	(Red  )	[Lux ]
%%%	Left Pulse:	0.00	(Red  )	-	0.00	(Red  )	[Lux ]
%%%
%%%		RIGHT	LEFT	R.Pupil Mean	L.Pupil Mean	R.Stim Mean	R.Stim Mean
%%%	INPUT:	RAW DATA	RAW DATA
%%%	STATE:	ABNORMAL	ABNORMAL	ABNORMAL	ABNORMAL	ABNORMAL	ABNORMAL
%%%	MAX(mm):	0.00	0.00	0.00	0.00	0.00	0.00
%%%	MIN(mm):	0.00	0.00	0.00	0.00	0.00	0.00
%%%	DELTA(mm):						
%%%	CH(%):						
%%%	LAT(sec):	0.00	0.00	0.00	0.00	0.00	0.00
%%%	CV(mm/s):	0.00	0.00	0.00	0.00	0.00	0.00
%%%	MCV(mm/s):	0.00	0.00	0.00	0.00	0.00	0.00
%%%	DV(mm/s):	0.00	0.00	0.00	0.00	0.00	0.00
%%%%%%%%%
%%%%%%%%%
%%%%%%%%%
%%%	Right Pupil Profile (1st row -> 1 == valid tracking, 0 == invalid tracking; 2nd row -> time; 3rd row -> diameter (mm))
%%%	1	1	1	1	1	1	0	1	0	1	1	1	1	1	1	1	0	1	1	1	1	0	1	1	1	1	1	1	1	1	1	1	0	1	0	1	1	1	1	1	1	1	1	1	0	1	1	1	1	1	1	1	1	0	1	1	1	1	1	1	1	1	1	1	1	1	1	1	1	1	1	1	1	1	1	1	1	1	1	1	1	1	1	1	1	1	1	0	1	1	1	1	1	1	1	1	1	1	1	1	1	1	1	1	1	1	1	1	1	0	1	0	1	1	1	1	1	1	1	1	1	1	1	1	1	1	1	1	1	1	1	1	1	1	1	1	1	1	1	1	1	1	1	1	1	1	1	1	1	0	1	1	1	1	1	1	1	1	1	1	1	1	1	1	1	1	1	1	1	1	1	1	1	1	1	1	1	1	1	1	1	1	1	1	1	1	1	1	1	1	1	1	1	1	1	1	1	1	1	1	1	1	1	1	1	1	1	1	1	1	1	1	1	1	1	1	1	1	1	1	1	1	1	1	1	1	1	1	1	1	1	1	1	1	1	1	1	1	1	1	1	1	1	1	1	1	1	1	1	1	1	1	1	1	1	1	1	0	1	1	1	0	1	1	1	0	1	1	1	1	1	1	1	1	1	1	0	1	1	1	1	1	1	1	1	1	1	1	1	1	1	1	1	1	1	1	1	0	1	1	1	1	1	1	0	1	1	1	1	0	1	1	1	1	1	1	1	1	1	1	1	1	1	1	1	1	1	1	1	1	1	1	1	1	1	1	1	1	1	1	1	1	1	1	1	1	1	1	1	1	1	1	1	1	1	1	1	1	1	1	1	1	1	1	1	1	1	1	1	1	1	1	1	1	1	1	1	1	1	1	1	1	1	1	1	1	1	1	1	1	1	1	1	1	1	1	1	1	1	1	1	1	1	1	1	1	1	1	1	1	1	1	1	1	1	1	1	1	1	1	1	1	1	1	1	1	1	1	1	1	1	1	1	1	1	1	1	1	1	1	1	1	1	1	1	1	1	1	1	1	1	1	1	1	1	1	1	1	1	1	1	1	1	1	1	1	1	0	1	1	1	1	1	1	1	1	1	1	1	1	1	1	1	1	1	1	1	1	1	1	1	1	1	1	1	1	1	1	1	1	1	1	1	1	1	0	1	1	1	1	1	1	1	1	1	1	1	1	1	1	1	1	1	1	1	1	1	1	0	1	1	1	1	1	1	1	1	1	1	1	1	1
%%%	-0.051000	-0.019000	0.012000	0.043000	0.074000	0.105000	0.137000	0.168000	0.215000	0.246000	0.277000	0.308000	0.339000	0.371000	0.402000	0.449000	0.480000	0.511000	0.542000	0.573000	0.605000	0.636000	0.683000	0.714000	0.745000	0.776000	0.808000	0.839000	0.870000	0.901000	0.948000	0.979000	1.010000	1.042000	1.073000	1.104000	1.135000	1.182000	1.213000	1.244000	1.276000	1.307000	1.338000	1.369000	1.400000	1.447000	1.478000	1.510000	1.541000	1.572000	1.603000	1.634000	1.681000	1.712000	1.744000	1.775000	1.806000	1.837000	1.868000	1.915000	1.946000	1.978000	2.009000	2.040000	2.071000	2.102000	2.134000	2.180000	2.212000	2.243000	2.274000	2.305000	2.336000	2.368000	2.414000	2.446000	2.477000	2.508000	2.539000	2.570000	2.602000	2.633000	2.680000	2.711000	2.742000	2.773000	2.804000	2.836000	2.867000	2.914000	2.945000	2.976000	3.007000	3.038000	3.070000	3.101000	3.148000	3.179000	3.210000	3.241000	3.272000	3.304000	3.335000	3.366000	3.413000	3.444000	3.475000	3.506000	3.538000	3.569000	3.600000	3.647000	3.678000	3.709000	3.740000	3.772000	3.803000	3.834000	3.881000	3.912000	3.943000	3.974000	4.006000	4.037000	4.068000	4.099000	4.146000	4.177000	4.208000	4.240000	4.271000	4.302000	4.333000	4.380000	4.411000	4.442000	4.474000	4.505000	4.536000	4.567000	4.614000	4.645000	4.676000	4.708000	4.739000	4.770000	4.801000	4.832000	4.879000	4.910000	4.942000	4.973000	5.004000	5.035000	5.066000	5.113000	5.144000	5.176000	5.207000	5.238000	5.269000	5.300000	5.347000	5.378000	5.410000	5.441000	5.472000	5.503000	5.534000	5.566000	5.612000	5.644000	5.675000	5.706000	5.737000	5.768000	5.800000	5.846000	5.878000	5.909000	5.940000	5.971000	6.002000	6.034000	6.080000	6.112000	6.143000	6.174000	6.205000	6.236000	6.268000	6.299000	6.346000	6.377000	6.408000	6.439000	6.470000	6.502000	6.533000	6.564000	6.611000	6.642000	6.673000	6.704000	6.736000	6.767000	6.798000	6.845000	6.876000	6.907000	6.938000	6.970000	7.001000	7.032000	7.079000	7.110000	7.141000	7.172000	7.204000	7.235000	7.266000	7.297000	7.344000	7.375000	7.406000	7.438000	7.469000	7.500000	7.531000	7.578000	7.609000	7.640000	7.672000	7.703000	7.734000	7.765000	7.812000	7.843000	7.874000	7.906000	7.937000	7.968000	7.999000	8.030000	8.077000	8.108000	8.140000	8.171000	8.202000	8.233000	8.264000	8.311000	8.342000	8.374000	8.405000	8.436000	8.467000	8.498000	8.545000	8.576000	8.608000	8.639000	8.670000	8.701000	8.732000	8.764000	8.810000	8.842000	8.873000	8.904000	8.935000	8.966000	8.998000	9.044000	9.076000	9.107000	9.138000	9.169000	9.200000	9.232000	9.278000	9.310000	9.341000	9.372000	9.403000	9.434000	9.466000	9.497000	9.544000	9.575000	9.606000	9.637000	9.668000	9.700000	9.731000	9.778000	9.809000	9.840000	9.871000	9.902000	9.934000	9.965000	10.012000	10.043000	10.074000	10.105000	10.136000	10.168000	10.199000	10.230000	10.277000	10.308000	10.339000	10.370000	10.402000	10.433000	10.464000	10.511000	10.542000	10.573000	10.604000	10.636000	10.667000	10.698000	10.729000	10.776000	10.807000	10.838000	10.870000	10.901000	10.932000	10.963000	11.010000	11.041000	11.072000	11.104000	11.135000	11.166000	11.197000	11.228000	11.275000	11.306000	11.338000	11.369000	11.400000	11.431000	11.462000	11.509000	11.540000	11.572000	11.603000	11.634000	11.665000	11.696000	11.743000	11.774000	11.806000	11.837000	11.868000	11.899000	11.930000	11.962000	12.008000	12.040000	12.071000	12.102000	12.133000	12.164000	12.196000	12.242000	12.274000	12.305000	12.336000	12.367000	12.398000	12.430000	12.476000	12.508000	12.539000	12.570000	12.601000	12.632000	12.664000	12.695000	12.742000	12.773000	12.804000	12.835000	12.866000	12.898000	12.929000	12.976000	13.007000	13.038000	13.069000	13.100000	13.132000	13.163000	13.210000	13.241000	13.272000	13.303000	13.334000	13.366000	13.397000	13.428000	13.475000	13.506000	13.537000	13.568000	13.600000	13.631000	13.662000	13.709000	13.740000	13.771000	13.802000	13.834000	13.865000	13.896000	13.943000	13.974000	14.005000	14.036000	14.068000	14.099000	14.130000	14.161000	14.208000	14.239000	14.270000	14.302000	14.333000	14.364000	14.395000	14.442000	14.473000	14.504000	14.536000	14.567000	14.598000	14.629000	14.660000	14.707000	14.738000	14.770000	14.801000	14.832000	14.863000	14.894000	14.941000	14.972000	15.004000	15.035000	15.066000	15.097000	15.128000	15.175000	15.206000	15.238000	15.269000	15.300000	15.331000	15.362000	15.394000	15.440000	15.472000	15.503000	15.534000	15.565000	15.596000	15.628000	15.674000	15.706000	15.737000	15.768000	15.799000	15.830000	15.862000	15.893000	15.940000	15.971000	16.002000	16.033000	16.064000	16.096000	16.127000	16.174000	16.205000	16.236000	16.267000	16.298000	16.330000	16.361000	16.408000	16.439000	16.470000	16.501000	16.532000	16.564000	16.595000	16.626000	16.673000	16.704000	16.735000	16.766000	16.798000	16.829000	16.860000	16.907000	16.938000	16.969000	17.000000	17.032000	17.063000	17.094000	17.141000	17.172000	17.203000	17.234000	17.266000	17.297000	17.328000	17.359000	17.406000	17.437000	17.468000	17.500000	17.531000	17.562000	17.593000	17.640000	17.671000	17.702000	17.734000	17.765000	17.796000	17.827000	17.874000	17.905000	17.936000	17.968000
%%%	0.970145	1.044058	0.988116	1.031884	1.031884	0.998551	1.031884	0.985507	1.043333	1.008841	0.994203	1.034058	1.007681	0.975072	0.973913	0.974493	0.939130	0.995072	0.979710	0.973188	0.968985	1.217391	0.957102	1.026667	0.969710	1.020290	0.979420	0.978986	0.962319	0.927681	0.885362	0.876232	0.874928	0.882029	0.868406	0.853333	0.860870	0.858116	0.869565	0.886667	0.869565	0.836377	0.828986	0.870580	0.873333	0.898985	0.836957	0.845797	0.871159	0.866232	0.869565	0.873333	0.857681	0.857971	0.869565	0.885942	0.939130	0.889275	0.885942	0.857681	0.883623	0.881450	0.933623	0.884203	0.883188	0.870580	0.901449	0.876812	0.898406	0.912029	0.875362	0.896667	0.912029	0.882754	0.912319	0.869565	0.885797	0.913768	0.885362	0.913623	0.876667	0.898406	0.876232	0.931015	0.884203	0.848406	0.874493	0.939130	0.870725	0.874058	0.864928	0.869565	0.831015	0.848985	0.869565	0.858116	0.876232	0.883188	0.866232	0.866667	0.875507	0.869565	0.857102	0.880580	0.939130	0.875362	0.865797	0.869565	0.869565	0.857971	0.915942	0.846377	0.869565	0.861014	0.863623	0.852174	0.881159	0.894638	0.863188	0.866232	0.915942	0.939130	0.862029	0.884203	0.938116	0.901594	0.887101	0.874928	0.957102	0.902754	0.894058	0.855942	0.869565	0.883188	0.869565	0.932319	0.886957	0.869565	0.912899	0.869565	0.896232	0.894638	0.870290	0.890725	0.911449	0.869565	0.839855	0.866377	0.872029	0.846377	0.939130	0.857246	0.899855	0.857102	0.835942	0.883188	0.894638	0.834783	0.912899	0.824493	0.855942	0.911014	0.851159	0.865942	0.861594	0.876667	0.829275	0.897681	0.857102	0.822319	0.865797	0.886377	0.894058	0.874928	0.840145	0.869565	0.877246	0.885507	0.857102	0.911449	0.877536	0.862029	0.884203	0.881159	0.837681	0.892754	0.869565	0.869565	0.869565	0.884203	0.862029	0.857102	0.881594	0.874638	0.837971	0.865797	0.891884	0.869565	0.857971	0.880580	0.857102	0.858116	0.863623	0.840725	0.865797	0.864203	0.881159	0.857681	0.866377	0.852754	0.823333	0.835797	0.857536	0.869565	0.848406	0.838551	0.811594	0.883768	0.857246	0.828841	0.856957	0.858116	0.823188	0.869565	0.817391	0.816377	0.848551	0.869565	0.841884	0.911449	0.865797	0.857102	0.861884	0.854203	0.853768	0.939130	0.894638	0.846377	0.874058	0.846377	0.863768	0.874928	0.848841	0.869565	0.869565	0.865797	0.874928	0.864203	0.832029	0.866812	0.840145	0.858116	0.862029	0.876232	0.858116	0.869565	0.821014	0.846377	0.820290	0.831594	0.840290	0.753623	0.826087	0.820725	0.866232	0.846377	0.824928	0.848406	0.857102	0.865797	0.835362	0.884493	0.865797	0.885362	0.902464	0.883623	0.894638	0.920580	0.931594	0.921884	0.899275	0.874058	0.898985	0.885507	0.901594	0.903333	0.898406	0.865797	0.887101	0.938551	0.905072	0.889275	0.915797	0.905072	0.904348	0.894638	0.939130	0.939130	0.927536	0.912029	0.939130	0.880580	0.920580	0.911159	0.935072	0.929855	0.968985	0.894493	0.938986	0.939130	0.881159	0.885507	0.882609	0.913623	0.917536	0.884203	0.898551	0.917971	0.870580	0.920145	0.920145	0.894638	0.889275	0.885073	0.873333	0.931594	0.939130	0.951594	0.887101	0.916377	0.896232	0.898116	0.925507	0.902754	0.886377	0.883623	0.886957	0.902029	0.895652	0.901449	0.904348	0.866232	0.883188	0.876812	0.911449	0.857971	0.883768	0.884203	0.869565	0.869565	0.878116	0.856522	0.858116	0.875507	0.890145	0.857536	0.832029	0.885362	0.869565	0.859420	0.910145	0.881159	0.877536	0.869565	0.881159	0.873333	0.911449	0.881449	0.886667	0.882609	0.894638	0.869565	0.886957	0.881159	0.869565	0.869565	0.856667	0.834928	0.848406	0.875362	0.869420	0.850725	0.867681	0.835362	0.840580	0.875507	0.839855	0.859275	0.832754	0.839275	0.848406	0.820725	0.829275	0.873768	0.853768	0.834928	0.852319	0.811884	0.828841	0.869565	0.876667	0.860870	0.845362	0.852899	0.823188	0.866377	0.843623	0.823188	0.823333	0.857102	0.840580	0.849420	0.839855	0.814203	0.835797	0.794927	0.857536	0.858116	0.828841	0.853768	0.866232	0.883188	0.869565	0.869565	0.939130	0.886957	0.865362	0.898406	0.889710	0.875362	0.880000	0.905797	0.921739	0.869565	0.909420	0.902754	0.885507	0.920145	0.886377	0.831449	0.839275	0.865797	0.857971	0.842898	0.877246	0.869565	0.857681	0.881159	0.858116	0.848406	0.881159	0.849420	0.876232	0.869565	0.885362	0.872464	0.896232	0.886957	0.874638	0.881159	0.869565	0.869565	0.885362	0.866232	0.884203	0.870145	0.834783	0.814203	0.857102	0.848406	0.866232	0.877536	0.885507	0.851160	0.857681	0.863188	0.857102	0.857102	0.838551	0.838551	0.839855	0.846232	0.815797	0.822899	0.818840	0.816812	0.823188	0.869565	0.816377	0.869565	0.835797	0.846377	0.823188	0.835797	0.875507	0.823188	0.871449	0.833188	0.834783	0.846377	0.882029	0.848406	0.859420	0.869565	0.848406	0.939130	0.853333	0.875362	0.846232	0.852754	0.857681	0.875362	0.866812	0.852174	0.855507	0.866377	0.867391	0.876232	0.878261	0.863623	0.882754	0.874638	0.868985	0.882029	0.869565	0.848841	0.869565	0.883623	0.892754	0.883623	0.886377	0.869565	0.869565	0.898406	0.829710	0.875942	0.869565	0.871159	0.814638	0.881159	0.855942	0.870580
%%%	Left Pupil Profile (1st row -> 1 == valid tracking, 0 == invalid tracking; 2nd row -> time; 3rd row -> diameter (mm))
%%%	0	0	0	0	0	0	0	0	0	0	0	0	0	0	0	0	0	0	0	0	0	0	0	0	0	0	0	0	0	0	0	0	0	0	0	0	0	0	0	0	0	0	0	0	0	0	0	0	0	0	0	0	0	0	0	0	0	0	0	0	0	0	0	0	0	0	0	0	0	0	0	0	0	0	0	0	0	0	0	0	0	0	0	0	0	0	0	0	0	0	0	0	0	0	0	0	0	0	0	0	0	0	0	0	0	0	0	0	0	0	0	0	0	0	0	0	0	0	0	0	0	0	0	0	0	0	0	0	0	0	0	0	0	0	0	0	0	0	0	0	0	0	0	0	0	0	0	0	0	0	0	0	0	0	0	0	0	0	0	0	0	0	0	0	0	0	0	0	0	0	0	0	0	0	0	0	0	0	0	0	0	0	0	0	0	0	0	0	0	0	0	0	0	0	0	0	0	0	0	0	0	0	0	0	0	0	0	0	0	0	0	0	0	0	0	0	0	0	0	0	0	0	0	0	0	0	0	0	0	0	0	0	0	0	0	0	0	0	0	0	0	0	0	0	0	0	0	0	0	0	0	0	0	0	0	0	0	0	0	0	0	0	0	0	0	0	0	0	0	0	0	0	0	0	0	0	0	0	0	0	0	0	0	0	0	0	0	0	0	0	0	0	0	0	0	0	0	0	0	0	0	0	0	0	0	0	0	0	0	0	0	0	0	0	0	0	0	0	0	0	0	0	0	0	0	0	0	0	0	0	0	0	0	0	0	0	0	0	0	0	0	0	0	0	0	0	0	0	0	0	0	0	0	0	0	0	0	0	0	0	0	0	0	0	0	0	0	0	0	0	0	0	0	0	0	0	0	0	0	0	0	0	0	0	0	0	0	0	0	0	0	0	0	0	0	0	0	0	0	0	0	0	0	0	0	0	0	0	0	0	0	0	0	0	0	0	0	0	0	0	0	0	0	0	0	0	0	0	0	0	0	0	0	0	0	0	0	0	0	0	0	0	0	0	0	0	0	0	0	0	0	0	0	0	0	0	0	0	0	0	0	0	0	0	0	0	0	0	0	0	0	0	0	0	0	0	0	0	0	0	0	0	0	0	0	0	0	0	0	0	0	0	0	0	0	0	0	0	0	0	0	0	0	0	0	0	0	0	0	0	0	0	0	0	0	0	0	0	0	0	0	0	0	0	0	0	0	0	0	0	0	0	0	0	0	0	0	0	0	0	0	0	0
%%%	-0.051000	-0.020000	0.011000	0.042000	0.074000	0.105000	0.152000	0.183000	0.214000	0.245000	0.276000	0.308000	0.339000	0.386000	0.417000	0.448000	0.479000	0.510000	0.542000	0.573000	0.620000	0.651000	0.682000	0.713000	0.744000	0.776000	0.807000	0.838000	0.885000	0.916000	0.947000	0.979000	1.010000	1.041000	1.072000	1.119000	1.150000	1.181000	1.213000	1.244000	1.275000	1.306000	1.353000	1.384000	1.415000	1.447000	1.478000	1.509000	1.540000	1.571000	1.618000	1.649000	1.681000	1.712000	1.743000	1.774000	1.805000	1.852000	1.883000	1.915000	1.946000	1.977000	2.008000	2.039000	2.086000	2.117000	2.149000	2.180000	2.211000	2.242000	2.273000	2.305000	2.351000	2.383000	2.414000	2.445000	2.476000	2.507000	2.539000	2.585000	2.617000	2.648000	2.679000	2.710000	2.741000	2.773000	2.804000	2.851000	2.882000	2.913000	2.944000	2.975000	3.007000	3.038000	3.085000	3.116000	3.147000	3.178000	3.209000	3.241000	3.272000	3.319000	3.350000	3.381000	3.412000	3.443000	3.475000	3.506000	3.537000	3.584000	3.615000	3.646000	3.677000	3.709000	3.740000	3.771000	3.818000	3.849000	3.880000	3.911000	3.943000	3.974000	4.005000	4.052000	4.083000	4.114000	4.145000	4.177000	4.208000	4.239000	4.270000	4.317000	4.348000	4.379000	4.411000	4.442000	4.473000	4.504000	4.551000	4.582000	4.613000	4.645000	4.676000	4.707000	4.738000	4.785000	4.816000	4.847000	4.879000	4.910000	4.941000	4.972000	5.003000	5.050000	5.081000	5.113000	5.144000	5.175000	5.206000	5.237000	5.284000	5.315000	5.347000	5.378000	5.409000	5.440000	5.471000	5.503000	5.549000	5.581000	5.612000	5.643000	5.674000	5.705000	5.737000	5.783000	5.815000	5.846000	5.877000	5.908000	5.939000	5.971000	6.017000	6.049000	6.080000	6.111000	6.142000	6.173000	6.205000	6.236000	6.283000	6.314000	6.345000	6.376000	6.407000	6.439000	6.470000	6.517000	6.548000	6.579000	6.610000	6.641000	6.673000	6.704000	6.735000	6.782000	6.813000	6.844000	6.875000	6.907000	6.938000	6.969000	7.016000	7.047000	7.078000	7.109000	7.141000	7.172000	7.203000	7.250000	7.281000	7.312000	7.343000	7.375000	7.406000	7.437000	7.468000	7.515000	7.546000	7.577000	7.609000	7.640000	7.671000	7.702000	7.749000	7.780000	7.811000	7.843000	7.874000	7.905000	7.936000	7.983000	8.014000	8.045000	8.077000	8.108000	8.139000	8.170000	8.201000	8.248000	8.279000	8.311000	8.342000	8.373000	8.404000	8.435000	8.482000	8.513000	8.545000	8.576000	8.607000	8.638000	8.669000	8.716000	8.747000	8.779000	8.810000	8.841000	8.872000	8.903000	8.935000	8.981000	9.013000	9.044000	9.075000	9.106000	9.137000	9.169000	9.215000	9.247000	9.278000	9.309000	9.340000	9.371000	9.403000	9.449000	9.481000	9.512000	9.543000	9.574000	9.605000	9.637000	9.668000	9.715000	9.746000	9.777000	9.808000	9.839000	9.871000	9.902000	9.949000	9.980000	10.011000	10.042000	10.073000	10.105000	10.136000	10.183000	10.214000	10.245000	10.276000	10.307000	10.339000	10.370000	10.401000	10.448000	10.479000	10.510000	10.541000	10.573000	10.604000	10.635000	10.666000	10.713000	10.744000	10.775000	10.807000	10.838000	10.869000	10.900000	10.947000	10.978000	11.009000	11.041000	11.072000	11.103000	11.134000	11.181000	11.212000	11.243000	11.275000	11.306000	11.337000	11.368000	11.399000	11.446000	11.477000	11.509000	11.540000	11.571000	11.602000	11.633000	11.680000	11.711000	11.743000	11.774000	11.805000	11.836000	11.867000	11.914000	11.945000	11.977000	12.008000	12.039000	12.070000	12.101000	12.133000	12.179000	12.211000	12.242000	12.273000	12.304000	12.335000	12.367000	12.413000	12.445000	12.476000	12.507000	12.538000	12.569000	12.601000	12.647000	12.679000	12.710000	12.741000	12.772000	12.803000	12.835000	12.866000	12.913000	12.944000	12.975000	13.006000	13.037000	13.069000	13.100000	13.147000	13.178000	13.209000	13.240000	13.271000	13.303000	13.334000	13.381000	13.412000	13.443000	13.474000	13.505000	13.537000	13.568000	13.599000	13.646000	13.677000	13.708000	13.739000	13.771000	13.802000	13.833000	13.880000	13.911000	13.942000	13.973000	14.005000	14.036000	14.067000	14.114000	14.145000	14.176000	14.207000	14.239000	14.270000	14.301000	14.332000	14.379000	14.410000	14.441000	14.473000	14.504000	14.535000	14.566000	14.597000	14.644000	14.675000	14.707000	14.738000	14.769000	14.800000	14.831000	14.878000	14.909000	14.941000	14.972000	15.003000	15.034000	15.065000	15.112000	15.143000	15.175000	15.206000	15.237000	15.268000	15.299000	15.331000	15.377000	15.409000	15.440000	15.471000	15.502000	15.533000	15.565000	15.611000	15.643000	15.674000	15.705000	15.736000	15.767000	15.799000	15.845000	15.877000	15.908000	15.939000	15.970000	16.001000	16.033000	16.064000	16.111000	16.142000	16.173000	16.204000	16.235000	16.267000	16.298000	16.345000	16.376000	16.407000	16.438000	16.469000	16.501000	16.532000	16.579000	16.610000	16.641000	16.672000	16.703000	16.735000	16.766000	16.797000	16.844000	16.875000	16.906000	16.937000	16.969000	17.000000	17.031000	17.078000	17.109000	17.140000	17.171000	17.203000	17.234000	17.265000	17.312000	17.343000	17.374000	17.405000	17.437000	17.468000	17.499000	17.530000	17.577000	17.608000	17.639000	17.671000	17.702000	17.733000	17.764000	17.811000	17.842000	17.873000	17.905000	17.936000	17.967000	17.998000
%%%	13.913043	13.913043	13.913043	13.913043	13.913043	13.913043	13.913043	13.913043	13.913043	13.913043	13.913043	13.913043	13.913043	13.913043	13.913043	13.913043	13.913043	13.913043	13.913043	13.913043	13.913043	13.913043	13.913043	13.913043	13.913043	13.913043	13.913043	13.913043	13.913043	13.913043	13.913043	13.913043	13.913043	13.913043	13.913043	13.913043	13.913043	13.913043	13.913043	13.913043	13.913043	13.913043	13.913043	13.913043	13.913043	13.913043	13.913043	13.913043	13.913043	13.913043	13.913043	13.913043	13.913043	13.913043	13.913043	13.913043	13.913043	13.913043	13.913043	13.913043	13.913043	13.913043	13.913043	13.913043	13.913043	13.913043	13.913043	13.913043	13.913043	13.913043	13.913043	13.913043	13.913043	13.913043	13.913043	13.913043	13.913043	13.913043	13.913043	13.913043	13.913043	13.913043	13.913043	13.913043	13.913043	13.913043	13.913043	13.913043	13.913043	13.913043	13.913043	13.913043	13.913043	13.913043	13.913043	13.913043	13.913043	13.913043	13.913043	13.913043	13.913043	13.913043	13.913043	13.913043	13.913043	13.913043	13.913043	13.913043	13.913043	13.913043	13.913043	13.913043	13.913043	13.913043	13.913043	13.913043	13.913043	13.913043	13.913043	13.913043	13.913043	13.913043	13.913043	13.913043	13.913043	13.913043	13.913043	13.913043	13.913043	13.913043	13.913043	13.913043	13.913043	13.913043	13.913043	13.913043	13.913043	13.913043	13.913043	13.913043	13.913043	13.913043	13.913043	13.913043	13.913043	13.913043	13.913043	13.913043	13.913043	13.913043	13.913043	13.913043	13.913043	13.913043	13.913043	13.913043	13.913043	13.913043	13.913043	13.913043	13.913043	13.913043	13.913043	13.913043	13.913043	13.913043	13.913043	13.913043	13.913043	13.913043	13.913043	13.913043	13.913043	13.913043	13.913043	13.913043	13.913043	13.913043	13.913043	13.913043	13.913043	13.913043	13.913043	13.913043	13.913043	13.913043	13.913043	13.913043	13.913043	13.913043	13.913043	13.913043	13.913043	13.913043	13.913043	13.913043	13.913043	13.913043	13.913043	13.913043	13.913043	13.913043	13.913043	13.913043	13.913043	13.913043	13.913043	13.913043	13.913043	13.913043	13.913043	13.913043	13.913043	13.913043	13.913043	13.913043	13.913043	13.913043	13.913043	13.913043	13.913043	13.913043	13.913043	13.913043	13.913043	13.913043	13.913043	13.913043	13.913043	13.913043	13.913043	13.913043	13.913043	13.913043	13.913043	13.913043	13.913043	13.913043	13.913043	13.913043	13.913043	13.913043	13.913043	13.913043	13.913043	13.913043	13.913043	13.913043	13.913043	13.913043	13.913043	13.913043	13.913043	13.913043	13.913043	13.913043	13.913043	13.913043	13.913043	13.913043	13.913043	13.913043	13.913043	13.913043	13.913043	13.913043	13.913043	13.913043	13.913043	13.913043	13.913043	13.913043	13.913043	13.913043	13.913043	13.913043	13.913043	13.913043	13.913043	13.913043	13.913043	13.913043	13.913043	13.913043	13.913043	13.913043	13.913043	13.913043	13.913043	13.913043	13.913043	13.913043	13.913043	13.913043	13.913043	13.913043	13.913043	13.913043	13.913043	13.913043	13.913043	13.913043	13.913043	13.913043	13.913043	13.913043	13.913043	13.913043	13.913043	13.913043	13.913043	13.913043	13.913043	13.913043	13.913043	13.913043	13.913043	13.913043	13.913043	13.913043	13.913043	13.913043	13.913043	13.913043	13.913043	13.913043	13.913043	13.913043	13.913043	13.913043	13.913043	13.913043	13.913043	13.913043	13.913043	13.913043	13.913043	13.913043	13.913043	13.913043	13.913043	13.913043	13.913043	13.913043	13.913043	13.913043	13.913043	13.913043	13.913043	13.913043	13.913043	13.913043	13.913043	13.913043	13.913043	13.913043	13.913043	13.913043	13.913043	13.913043	13.913043	13.913043	13.913043	13.913043	13.913043	13.913043	13.913043	13.913043	13.913043	13.913043	13.913043	13.913043	13.913043	13.913043	13.913043	13.913043	13.913043	13.913043	13.913043	13.913043	13.913043	13.913043	13.913043	13.913043	13.913043	13.913043	13.913043	13.913043	13.913043	13.913043	13.913043	13.913043	13.913043	13.913043	13.913043	13.913043	13.913043	13.913043	13.913043	13.913043	13.913043	13.913043	13.913043	13.913043	13.913043	13.913043	13.913043	13.913043	13.913043	13.913043	13.913043	13.913043	13.913043	13.913043	13.913043	13.913043	13.913043	13.913043	13.913043	13.913043	13.913043	13.913043	13.913043	13.913043	13.913043	13.913043	13.913043	13.913043	13.913043	13.913043	13.913043	13.913043	13.913043	13.913043	13.913043	13.913043	13.913043	13.913043	13.913043	13.913043	13.913043	13.913043	13.913043	13.913043	13.913043	13.913043	13.913043	13.913043	13.913043	13.913043	13.913043	13.913043	13.913043	13.913043	13.913043	13.913043	13.913043	13.913043	13.913043	13.913043	13.913043	13.913043	13.913043	13.913043	13.913043	13.913043	13.913043	13.913043	13.913043	13.913043	13.913043	13.913043	13.913043	13.913043	13.913043	13.913043	13.913043	13.913043	13.913043	13.913043	13.913043	13.913043	13.913043	13.913043	13.913043	13.913043	13.913043	13.913043	13.913043	13.913043	13.913043	13.913043	13.913043	13.913043	13.913043	13.913043	13.913043	13.913043	13.913043	13.913043	13.913043	13.913043	13.913043	13.913043	13.913043	13.913043	13.913043	13.913043	13.913043	13.913043	13.913043	13.913043	13.913043	13.913043	13.913043	13.913043	13.913043	13.913043	13.913043	13.913043	13.913043	13.913043	13.913043	13.913043	13.913043	13.913043	13.913043	13.913043	13.913043	13.913043	13.913043	13.913043	13.913043	13.913043	13.913043	13.913043	13.913043	13.913043	13.913043	13.913043	13.913043	13.913043	13.913043
%%%	Pulse Index	Stimulus Section Index	Stimulus Section Start Index	Stimulus Section End Index	Pupil Stimulated: 0 = Right, 1 = Left, 2 = Both	Light Metric: 0 = Photopic, 1 = Scopotic, 2 = Radiometric	Stimulus Start Time	Stimulus Duration	Stimulus Pulse Duration	Right Pulse Max Level	Right Pulse Max Color (0123 = WRGB)	Right Pulse Min Level	Right Pulse Min Color (0123 = WRGB)	Left Pulse Max Level	Left Pulse Max Color (0123 = WRGB)	Left Pulse Min Level	Left Pulse Min Color (0123 = WRGB)	Right Data Input Type (0 == RAW DATA, 1 == FITTED DATA, 2 == M. OVERRIDED)	Right ANALYSIS STATE (0 == ABNORMAL, 1 == NORMAL)	Right MAX (mm) (EMPTY if INVALID)	Right MIN (mm) (EMPTY if INVALID)	Right DELTA (mm) (EMPTY if INVALID)	Right CH (%) (EMPTY if INVALID)	Right LAT (sec) (EMPTY if INVALID)	Right CV (mm/s) (EMPTY if INVALID)	Right MCV (mm/s) (EMPTY if INVALID)	Right DV (mm/s) (EMPTY if INVALID)	Left Data Input Type (0 == RAW DATA, 1 == FITTED DATA, 2 == M. OVERRIDED)	Left ANALYSIS STATE (0 == ABNORMAL, 1 == NORMAL)	Left MAX (mm) (EMPTY if INVALID)	Left MIN (mm) (EMPTY if INVALID)	Left DELTA (mm) (EMPTY if INVALID)	Left CH (%) (EMPTY if INVALID)	Left LAT (sec) (EMPTY if INVALID)	Left CV (mm/s) (EMPTY if INVALID)	Left MCV (mm/s) (EMPTY if INVALID)	Left DV (mm/s) (EMPTY if INVALID)
%%%	0	0	17	541	0	0	0.51	17.52	0.51	99.71	1	0.00	1	0.00	1	0.00	1	0	0	0.00	0.00			0.00	0.00	0.00	0.00	0	0	0.00	0.00			0.00	0.00	0.00	0.00
%%%%%%%%%
%%%%%%%%%
%%%%%%%%%
<\SESSION>
