<SESSION>
<VERSION>
2
<\VERSION>
<DATE>
2017-10-31 11:50:53
<\DATE>
<SUBJECT-ID>
C57BL6-28.09.17-DA-1mois-M1-1.2r
<\SUBJECT-ID>
<NOTE>

<\NOTE>
<MIN-MAX-PLOT>
0.100000 51880.761719
<\MIN-MAX-PLOT>
<STIMULUS-DEFINED>
Default
Default Human Relative Spectral Sensitivity
1	0
1	0.500000	0.500000	17.000000	1	1	1.200000	-100.000000	0.100000	-100.000000	0
<\STIMULUS-DEFINED>
<STIMULUS-GENERATED>
4
0	0	0.000000	1	0.000000	0.000000	1	0.000000	0.000000
0	1	0.509000	1	0.065221	15.983889	1	0.000000	0.000000
0	4	1.019000	1	0.000000	0.000000	1	0.000000	0.000000
-1	5	18.027000	0	0.000000	0.000000	0	0.000000	0.000000
<\STIMULUS-GENERATED>
<RIGHT-PUPIL-DATA>
543	1
1	-0.067000	0.894058	237.893738	303.843750
1	-0.035000	0.920580	237.774994	304.225006
1	-0.004000	0.904348	237.000000	304.000000
1	0.027000	0.857971	238.000000	303.000000
1	0.074000	0.913188	237.418762	304.318726
1	0.105000	0.898406	237.656250	304.093750
1	0.136000	0.904348	237.500000	304.500000
1	0.167000	0.925072	237.731232	304.181244
1	0.199000	0.898985	237.881256	304.556244
1	0.230000	0.950725	238.000000	307.000000
1	0.261000	0.873333	238.062531	304.912445
1	0.308000	0.904348	237.500000	304.500000
1	0.339000	0.901449	237.549988	303.450012
1	0.370000	0.905072	238.018738	303.231262
1	0.401000	0.876232	238.399994	303.162506
1	0.433000	0.894928	238.543762	303.456238
1	0.464000	0.877101	237.787506	303.350006
1	0.495000	0.912464	237.375000	303.875000
1	0.542000	0.857971	238.000000	303.000000
1	0.573000	0.885507	237.737488	304.737488
1	0.604000	0.904348	237.000000	304.000000
1	0.635000	0.878406	238.368744	303.368744
1	0.667000	0.892319	237.868744	302.681244
1	0.698000	0.904348	237.750000	303.250000
1	0.729000	0.894638	237.818756	303.618744
1	0.760000	0.886667	237.312500	303.687500
1	0.807000	0.884203	237.218750	304.281250
1	0.838000	0.895507	236.868713	304.393738
1	0.869000	0.875362	237.375000	304.625000
1	0.901000	0.852899	237.843750	303.768738
1	0.932000	0.829420	237.881256	303.318756
1	0.963000	0.765217	238.000000	303.000000
1	0.994000	0.801159	238.024994	303.975006
1	1.041000	0.771884	238.149994	304.350006
1	1.072000	0.765217	238.000000	303.000000
1	1.103000	0.787536	237.437500	305.062500
1	1.135000	0.794638	237.931244	304.118744
1	1.166000	0.796232	238.437500	303.937500
1	1.197000	0.760290	237.924988	303.562500
1	1.228000	0.757536	237.556244	303.431244
1	1.275000	0.765217	238.000000	303.000000
1	1.306000	0.760145	237.956238	304.406250
1	1.337000	0.755942	237.625000	304.500000
1	1.369000	0.760290	237.437500	304.562500
1	1.400000	0.788406	237.250000	304.250000
1	1.431000	0.772754	237.762482	303.850006
1	1.462000	0.794058	238.456238	303.906250
1	1.493000	0.765217	238.000000	303.000000
1	1.540000	0.812464	238.787476	303.737488
1	1.571000	0.765217	238.000000	303.000000
1	1.603000	0.791884	238.062500	304.625000
1	1.634000	0.852754	237.125000	304.062500
1	1.665000	0.823333	237.406281	304.956268
1	1.696000	0.788116	237.662506	303.699982
1	1.727000	0.831594	238.462494	303.537506
1	1.774000	0.831884	238.031250	303.531250
1	1.805000	0.820725	237.756256	303.193756
1	1.837000	0.835362	238.375000	303.500000
1	1.868000	0.835942	236.975006	304.399994
1	1.899000	0.830580	237.056244	304.443756
1	1.930000	0.827246	236.850006	304.850006
1	1.961000	0.848985	237.787476	303.825012
1	2.008000	0.828841	237.531250	303.081238
1	2.039000	0.834058	238.018738	303.406250
1	2.071000	0.834203	237.562500	303.375000
1	2.102000	0.820580	237.824982	303.587494
1	2.133000	0.829275	237.512482	304.487457
1	2.164000	0.828841	236.906250	304.343750
1	2.195000	0.815217	236.868744	304.681244
1	2.227000	0.831449	237.556244	304.006256
1	2.273000	0.857971	237.000000	302.000000
1	2.305000	0.813623	238.312500	303.687500
1	2.336000	0.835507	238.018738	303.406250
1	2.367000	0.857971	237.000000	302.000000
1	2.398000	0.832029	237.531250	304.531250
1	2.429000	0.833188	237.406250	304.406250
1	2.461000	0.836232	237.362518	304.975006
1	2.507000	0.848841	237.181244	303.806244
1	2.539000	0.765217	238.000000	303.000000
1	2.570000	0.834783	237.625000	303.625000
1	2.601000	0.840725	237.531250	303.343750
1	2.632000	0.854203	237.387482	303.162506
1	2.663000	0.857971	237.000000	304.000000
1	2.695000	0.834783	236.625000	304.375000
1	2.741000	0.866812	236.781250	305.218750
1	2.773000	0.828841	237.343750	304.468750
1	2.804000	0.815942	237.687500	304.262512
1	2.835000	0.765217	238.000000	303.000000
1	2.866000	0.828986	237.562500	303.437500
1	2.897000	0.765217	238.000000	303.000000
1	2.929000	0.809275	237.250000	304.075012
1	2.960000	0.822899	237.087494	304.412506
1	3.007000	0.824493	236.906250	304.531250
1	3.038000	0.794493	236.962433	304.912445
1	3.069000	0.787536	236.687500	303.674988
1	3.100000	0.816232	237.225006	303.337494
1	3.131000	0.792464	238.024994	303.850006
1	3.163000	0.765217	238.000000	303.000000
1	3.194000	0.800000	237.000000	303.000000
1	3.241000	0.801015	236.993744	303.631256
1	3.272000	0.817971	236.799988	304.237488
1	3.303000	0.811884	237.287506	304.712494
1	3.334000	0.831884	237.500000	303.500000
1	3.365000	0.814203	237.662506	303.712494
1	3.397000	0.835362	237.987488	303.125000
1	3.428000	0.765217	238.000000	303.000000
1	3.475000	0.817391	237.687500	303.812500
1	3.506000	0.832029	237.018738	303.968750
1	3.537000	0.848841	236.806244	303.806244
1	3.568000	0.801159	237.274994	304.100006
1	3.599000	0.814203	237.712494	303.712494
1	3.631000	0.834783	237.500000	302.500000
1	3.662000	0.840725	237.656250	303.343750
1	3.693000	0.857971	237.000000	302.000000
1	3.740000	0.834783	237.500000	302.500000
1	3.771000	0.828986	237.125000	303.875000
1	3.802000	0.840725	236.656250	304.343750
1	3.833000	0.832319	237.006195	304.443695
1	3.865000	0.831015	237.562500	304.437500
1	3.896000	0.814203	237.662506	303.712494
1	3.927000	0.814203	237.662506	303.287506
1	3.974000	0.765217	238.000000	303.000000
1	4.005000	0.765217	238.000000	303.000000
1	4.036000	0.800580	238.000000	304.000000
1	4.067000	0.814638	237.031250	304.468750
1	4.099000	0.827246	236.850006	304.850006
1	4.130000	0.822899	237.412506	305.162506
1	4.161000	0.801594	238.468750	304.518738
1	4.192000	0.820145	237.831238	304.218750
1	4.239000	0.800000	238.000000	304.000000
1	4.270000	0.811449	237.706238	303.843750
1	4.301000	0.814638	236.856262	304.593750
1	4.333000	0.790725	236.937500	304.625000
1	4.364000	0.814203	236.662506	304.712494
1	4.395000	0.812899	236.143768	304.868744
1	4.426000	0.774638	236.893738	304.393738
1	4.473000	0.798406	237.031250	304.156250
1	4.504000	0.765217	238.000000	303.000000
1	4.535000	0.796232	237.887512	304.062500
1	4.567000	0.798116	237.531250	303.968750
1	4.598000	0.812029	237.181244	304.818756
1	4.629000	0.832319	237.006195	305.443695
1	4.660000	0.842319	236.850006	304.850006
1	4.707000	0.820580	237.037506	304.337494
1	4.738000	0.820725	237.806244	304.193756
1	4.769000	0.814058	237.306244	303.256256
1	4.801000	0.829855	238.062500	304.062500
1	4.832000	0.825072	237.743744	304.443756
1	4.863000	0.842319	236.850006	304.850006
1	4.894000	0.834783	236.625000	304.875000
1	4.925000	0.857971	237.000000	304.000000
1	4.972000	0.846377	238.250000	304.250000
1	5.003000	0.765217	238.000000	303.000000
1	5.035000	0.848985	237.787506	304.212494
1	5.066000	0.829420	237.681244	303.818756
1	5.097000	0.857971	237.000000	304.000000
1	5.128000	0.857971	237.000000	304.000000
1	5.159000	0.834783	236.750000	304.750000
1	5.206000	0.831015	237.437500	304.562500
1	5.237000	0.765217	238.000000	303.000000
1	5.269000	0.818406	237.631256	303.193756
1	5.300000	0.814203	237.662506	303.287506
1	5.331000	0.857971	239.000000	304.000000
1	5.362000	0.832029	237.468750	304.531250
1	5.393000	0.829420	237.056244	304.493744
1	5.440000	0.830435	236.625000	305.000000
1	5.471000	0.801015	237.118744	305.006256
1	5.503000	0.765217	238.000000	303.000000
1	5.534000	0.814203	237.712494	303.287506
1	5.565000	0.813768	237.937500	302.312500
1	5.596000	0.815942	238.237488	303.262512
1	5.627000	0.834783	238.000000	303.000000
1	5.659000	0.765217	238.000000	303.000000
1	5.705000	0.811594	236.750000	304.250000
1	5.737000	0.814203	236.712494	304.287506
1	5.768000	0.834783	238.000000	303.000000
1	5.799000	0.801594	238.093750	303.031250
1	5.830000	0.823333	238.593750	302.593750
1	5.861000	0.765217	238.000000	303.000000
1	5.893000	0.811449	238.156250	303.331238
1	5.939000	0.821014	236.781250	303.768738
1	5.971000	0.844058	237.125000	303.750000
1	6.002000	0.805797	237.125000	305.125000
1	6.033000	0.801159	237.024994	304.975006
1	6.064000	0.831449	237.556244	304.556244
1	6.095000	0.815362	237.962494	303.962494
1	6.127000	0.822754	237.568756	303.931244
1	6.158000	0.814638	237.706238	304.331238
1	6.205000	0.837681	236.750000	304.500000
1	6.236000	0.846377	236.000000	305.000000
1	6.267000	0.834928	236.593842	305.043732
1	6.298000	0.835942	236.537506	304.600006
1	6.329000	0.811594	237.250000	304.250000
1	6.361000	0.828841	237.043762	304.343750
1	6.392000	0.834783	236.750000	303.750000
1	6.439000	0.835797	236.943756	304.043732
1	6.470000	0.829420	236.881256	304.506256
1	6.501000	0.829275	236.912506	305.475006
1	6.532000	0.811594	237.000000	304.000000
1	6.563000	0.815362	236.662506	304.287506
1	6.595000	0.813623	237.687500	304.312500
1	6.626000	0.796812	238.037506	304.412506
1	6.673000	0.765217	238.000000	303.000000
1	6.704000	0.857971	237.000000	304.000000
1	6.735000	0.833623	236.975006	304.399994
1	6.766000	0.815797	236.656250	305.268738
1	6.797000	0.827246	236.850006	305.475006
1	6.829000	0.826087	237.000000	304.750000
1	6.860000	0.829710	236.956238	304.643738
1	6.891000	0.813188	237.706268	304.306244
1	6.938000	0.815362	237.987518	304.662506
1	6.969000	0.765217	238.000000	303.000000
1	7.000000	0.814203	237.287506	304.287506
1	7.031000	0.823188	236.750000	304.750000
1	7.063000	0.824493	236.843750	304.906250
1	7.094000	0.835797	236.618744	305.256256
1	7.125000	0.857971	237.000000	304.000000
1	7.172000	0.798841	237.912506	304.475006
1	7.203000	0.832029	237.531250	304.468750
1	7.234000	0.782464	238.143829	304.781281
1	7.265000	0.857971	237.000000	304.000000
1	7.297000	0.820725	236.756256	305.193756
1	7.328000	0.796667	237.481232	305.931244
1	7.359000	0.829275	236.912506	305.475006
1	7.406000	0.832754	236.899994	304.662506
1	7.437000	0.835942	237.274994	303.975006
1	7.468000	0.820725	237.806244	303.193756
1	7.499000	0.828841	237.656250	303.593750
1	7.531000	0.765217	238.000000	303.000000
1	7.562000	0.765217	238.000000	303.000000
1	7.593000	0.801159	237.512482	305.024994
1	7.624000	0.800000	237.000000	305.000000
1	7.671000	0.814638	237.718750	304.718750
1	7.702000	0.800000	238.000000	304.000000
1	7.733000	0.765217	238.000000	303.000000
1	7.765000	0.773913	237.750000	303.750000
1	7.796000	0.794928	237.562500	304.000000
1	7.827000	0.787536	236.937500	304.187500
1	7.858000	0.792464	236.975006	305.149994
1	7.905000	0.782609	237.000000	305.000000
1	7.936000	0.777101	236.787506	304.787506
1	7.967000	0.801159	237.475006	304.512482
1	7.999000	0.786377	237.362488	303.724976
1	8.030000	0.787536	237.437500	304.062500
1	8.061000	0.809420	237.218750	304.393738
1	8.092000	0.794203	237.000000	305.000000
1	8.123000	0.805507	236.975006	305.162506
1	8.170000	0.801015	237.118744	306.006256
1	8.201000	0.831449	236.556244	305.631256
1	8.233000	0.805507	237.162506	305.162506
1	8.264000	0.790725	237.950012	305.187500
1	8.295000	0.808116	238.375000	304.812500
1	8.326000	0.765217	238.000000	303.000000
1	8.357000	0.787536	237.687500	305.312500
1	8.404000	0.811594	236.924988	305.674988
1	8.435000	0.782609	238.000000	306.000000
1	8.467000	0.794058	237.031250	306.031250
1	8.498000	0.805942	237.156250	304.843750
1	8.529000	0.783768	237.225006	304.725006
1	8.560000	0.765217	238.000000	303.000000
1	8.591000	0.791884	237.375000	304.875000
1	8.638000	0.789855	237.125000	305.000000
1	8.669000	0.801159	237.512482	305.475006
1	8.701000	0.806522	236.956268	305.818756
1	8.732000	0.800000	237.250000	305.750000
1	8.763000	0.817391	237.500000	305.000000
1	8.794000	0.776377	238.381256	304.868744
1	8.825000	0.829275	238.062408	304.487457
1	8.857000	0.808841	237.668732	304.368744
1	8.903000	0.804928	237.187500	304.812500
1	8.935000	0.811594	237.250000	305.250000
1	8.966000	0.823333	236.906250	305.781250
1	8.997000	0.814203	237.662506	305.287506
1	9.028000	0.857971	237.000000	304.000000
1	9.059000	0.822899	237.787506	304.587494
1	9.091000	0.792464	238.649933	304.975006
1	9.137000	0.801159	238.512482	304.475006
1	9.169000	0.857971	237.000000	304.000000
1	9.200000	0.800000	238.000000	306.000000
1	9.231000	0.800000	238.000000	306.000000
1	9.262000	0.794638	237.606232	306.068756
1	9.293000	0.805507	238.212494	305.449982
1	9.325000	0.796232	239.062500	304.937500
1	9.371000	0.777681	239.237488	303.812500
1	9.403000	0.805507	239.162506	304.162506
1	9.434000	0.800000	239.250000	304.250000
1	9.465000	0.742029	240.000000	303.000000
1	9.496000	0.772754	239.350006	304.850006
1	9.527000	0.805507	238.212494	305.037506
1	9.559000	0.772754	238.850006	304.762482
1	9.590000	0.800000	238.000000	304.000000
1	9.637000	0.814203	238.712494	303.287506
1	9.668000	0.809855	238.225006	303.774994
1	9.699000	0.782754	238.743744	303.868744
1	9.730000	0.846377	238.000000	303.000000
1	9.761000	0.828841	238.031250	304.531250
1	9.793000	0.811594	239.000000	304.000000
1	9.824000	0.840145	237.943756	304.918732
1	9.871000	0.814203	238.712494	304.287506
1	9.902000	0.835942	238.899994	303.975006
1	9.933000	0.849420	238.781250	303.831238
1	9.964000	0.857681	238.412506	303.837494
1	9.995000	0.835362	238.987488	304.500000
1	10.027000	0.852754	238.737488	304.875000
1	10.058000	0.866812	238.531250	304.968750
1	10.105000	0.861594	237.718750	305.731262
1	10.136000	0.857681	238.287506	304.662506
1	10.167000	0.834928	238.993744	304.006256
1	10.198000	0.834783	238.500000	304.500000
1	10.229000	0.855507	239.118744	303.693756
1	10.261000	0.831015	238.437500	304.049988
1	10.292000	0.835942	238.600006	305.524994
1	10.323000	0.848985	238.212494	305.787506
1	10.370000	0.829420	237.681244	305.881256
1	10.401000	0.852899	237.768738	305.768738
1	10.432000	0.811884	238.287506	304.712494
1	10.463000	0.834783	238.250000	303.750000
1	10.495000	0.827246	239.137482	304.524994
1	10.526000	0.814203	238.287506	304.287506
1	10.557000	0.814203	238.287506	304.462494
1	10.604000	0.822899	237.787506	305.412506
1	10.635000	0.811884	237.712494	305.287506
1	10.666000	0.796812	238.037506	306.037506
1	10.697000	0.801159	238.475006	304.475006
1	10.729000	0.805507	238.912506	304.162506
1	10.760000	0.814203	238.662506	304.287506
1	10.791000	0.811884	238.462494	304.287506
1	10.838000	0.857971	237.000000	304.000000
1	10.869000	0.765217	238.000000	303.000000
1	10.900000	0.814203	238.274994	305.287506
1	10.931000	0.778841	238.187500	304.812500
1	10.963000	0.814203	238.274994	304.287506
1	10.994000	0.814203	238.674896	304.287506
1	11.025000	0.814058	238.306244	303.693756
1	11.056000	0.814203	238.712494	303.287506
1	11.103000	0.814203	238.662506	304.287506
1	11.134000	0.801594	238.031250	304.343750
1	11.165000	0.857971	239.000000	306.000000
1	11.197000	0.765217	238.000000	303.000000
1	11.228000	0.808841	238.668732	304.368744
1	11.259000	0.801159	239.024994	304.475006
1	11.290000	0.820725	239.318756	304.193756
1	11.337000	0.813623	239.187500	304.312500
1	11.368000	0.811014	238.725006	304.899994
1	11.399000	0.838116	238.993744	304.618744
1	11.431000	0.857971	239.000000	306.000000
1	11.462000	0.823188	238.250000	305.750000
1	11.493000	0.814928	237.818756	304.643768
1	11.524000	0.857971	239.000000	306.000000
1	11.555000	0.829275	238.462555	304.487457
1	11.602000	0.814203	238.287506	304.287506
1	11.633000	0.848985	238.162506	304.787506
1	11.665000	0.817391	238.125000	305.625000
1	11.696000	0.818985	237.218750	305.656250
1	11.727000	0.822754	237.856232	306.431244
1	11.758000	0.834783	237.750000	305.750000
1	11.789000	0.857681	238.287506	306.087494
1	11.836000	0.813623	238.262512	305.262512
1	11.867000	0.831015	238.437500	305.437500
1	11.899000	0.813623	238.687500	305.312500
1	11.930000	0.827681	238.093750	305.468750
1	11.961000	0.834783	238.250000	305.750000
1	11.992000	0.831015	237.562500	306.437500
1	12.023000	0.822319	237.812500	306.375000
1	12.055000	0.765217	238.000000	307.000000
1	12.101000	0.816377	238.306244	305.306244
1	12.133000	0.812464	238.237488	305.262512
1	12.164000	0.808841	238.756256	305.368744
1	12.195000	0.814203	238.287506	305.287506
1	12.226000	0.809275	237.750000	306.075012
1	12.258000	0.765217	238.000000	307.000000
1	12.289000	0.765217	238.000000	307.000000
1	12.336000	0.779420	238.824982	305.787506
1	12.367000	0.857971	239.000000	306.000000
1	12.398000	0.814203	238.662506	305.287506
1	12.429000	0.814203	238.662506	305.287506
1	12.460000	0.765217	238.000000	307.000000
1	12.492000	0.765217	238.000000	307.000000
1	12.523000	0.797246	237.581238	306.031250
1	12.570000	0.810290	237.906250	306.093750
1	12.601000	0.818840	238.212616	305.812469
1	12.632000	0.809275	238.250000	305.250000
1	12.663000	0.814638	238.706238	305.331238
1	12.694000	0.796812	238.412506	305.037506
1	12.726000	0.814203	238.662506	305.287506
1	12.757000	0.834928	237.993744	306.043732
1	12.788000	0.765217	238.000000	307.000000
1	12.835000	0.814638	237.718750	306.331238
1	12.866000	0.801159	238.024994	306.975006
1	12.897000	0.765217	238.000000	307.000000
1	12.928000	0.765217	238.000000	307.000000
1	12.960000	0.765217	238.000000	307.000000
1	12.991000	0.831015	238.049988	305.437500
1	13.022000	0.818116	238.343750	306.268738
1	13.069000	0.831015	237.937500	306.437500
1	13.100000	0.835942	237.600006	306.975006
1	13.131000	0.857971	237.000000	306.000000
1	13.162000	0.857971	237.000000	306.000000
1	13.194000	0.842898	238.500000	305.750000
1	13.225000	0.840290	238.462494	305.662506
1	13.256000	0.825507	238.750000	305.437500
1	13.303000	0.840580	238.500000	305.000000
1	13.334000	0.848406	238.799988	305.812500
1	13.365000	0.833623	237.975006	306.587494
1	13.396000	0.848841	237.756256	306.806244
1	13.428000	0.848985	238.162506	306.787506
1	13.459000	0.857971	239.000000	306.000000
1	13.490000	0.848985	238.774994	305.787506
1	13.521000	0.852754	238.737488	305.875000
1	13.568000	0.848406	239.187500	305.812500
1	13.599000	0.829275	238.524994	305.524994
1	13.630000	0.765217	238.000000	307.000000
1	13.662000	0.857971	239.000000	308.000000
1	13.693000	0.835942	237.975006	306.975006
1	13.724000	0.826667	238.875000	306.500000
1	13.755000	0.765217	238.000000	307.000000
1	13.802000	0.765217	238.000000	307.000000
1	13.833000	0.811884	238.712494	305.287506
1	13.864000	0.765217	238.000000	307.000000
1	13.896000	0.765217	238.000000	307.000000
1	13.927000	0.765217	238.000000	307.000000
1	13.958000	0.820725	238.381256	306.806244
1	13.989000	0.813623	238.687500	306.687500
1	14.036000	0.820725	239.381256	306.193756
1	14.067000	0.814203	239.274994	305.287506
1	14.098000	0.814203	239.274994	305.287506
1	14.130000	0.814203	238.899994	305.287506
1	14.161000	0.814203	238.287506	305.274994
1	14.192000	0.808841	238.368744	305.756256
1	14.223000	0.805362	238.606232	306.181244
1	14.254000	0.765217	238.000000	307.000000
1	14.301000	0.829275	238.787506	305.475006
1	14.332000	0.827536	238.924988	305.437500
1	14.364000	0.806667	239.212494	305.399994
1	14.395000	0.811594	239.075012	304.674988
1	14.426000	0.801159	239.024994	305.024994
1	14.457000	0.805507	238.212494	305.162506
1	14.488000	0.765217	238.000000	307.000000
1	14.535000	0.839275	238.556244	305.556244
1	14.566000	0.847971	238.806244	304.881256
1	14.598000	0.814203	238.712494	304.662506
1	14.629000	0.801159	239.524994	305.024994
1	14.660000	0.812464	238.737488	304.987488
1	14.691000	0.835797	238.043732	305.993744
1	14.722000	0.814203	238.274994	305.899994
1	14.769000	0.765217	238.000000	307.000000
1	14.800000	0.765217	238.000000	307.000000
1	14.832000	0.830000	238.956238	305.468750
1	14.863000	0.797246	238.968750	305.031250
1	14.894000	0.821159	238.812500	305.187500
1	14.925000	0.857971	239.000000	306.000000
1	14.956000	0.817391	238.000000	306.000000
1	14.988000	0.814203	238.287506	306.462494
1	15.034000	0.823333	238.406250	306.593750
1	15.066000	0.811884	238.287506	306.287506
1	15.097000	0.798841	238.475006	305.512482
1	15.128000	0.813623	238.687500	305.312500
1	15.159000	0.811594	239.500000	305.500000
1	15.190000	0.765217	238.000000	307.000000
1	15.222000	0.806667	238.037506	306.399994
1	15.268000	0.807102	237.968750	306.231262
1	15.300000	0.798406	238.518738	306.906250
1	15.331000	0.789855	238.375000	306.125000
1	15.362000	0.765217	238.000000	307.000000
1	15.393000	0.779855	239.168762	305.831238
1	15.424000	0.809420	238.643738	305.393738
1	15.456000	0.792754	239.125000	305.625000
1	15.502000	0.811884	238.162506	306.212494
1	15.534000	0.814638	238.281250	306.331238
1	15.565000	0.788116	238.087494	306.662506
1	15.596000	0.832029	237.531250	306.531250
1	15.627000	0.816232	238.225006	306.225006
1	15.658000	0.848985	238.774994	306.212494
1	15.690000	0.765217	238.000000	307.000000
1	15.721000	0.828986	238.875000	305.375000
1	15.768000	0.836377	238.406250	306.018738
1	15.799000	0.834493	238.024963	305.962585
1	15.830000	0.835072	238.025055	306.487457
1	15.861000	0.828986	237.875000	306.625000
1	15.892000	0.825072	238.618744	305.818756
1	15.924000	0.834783	238.500000	306.500000
1	15.955000	0.822754	238.568756	305.568756
1	15.986000	0.850290	239.218689	305.781189
1	16.033000	0.832029	238.531250	305.468750
1	16.064000	0.814638	238.331238	306.281250
1	16.095000	0.821014	238.406250	306.831238
1	16.126000	0.813623	238.312500	306.312500
1	16.158000	0.831015	238.437500	306.437500
1	16.189000	0.821159	238.812500	306.187500
1	16.220000	0.821594	238.806244	305.381256
1	16.267000	0.831015	239.437500	305.049988
1	16.298000	0.800000	239.000000	305.000000
1	16.329000	0.818551	239.662506	305.162506
1	16.360000	0.804928	238.424988	305.187500
1	16.392000	0.800000	239.000000	306.000000
1	16.423000	0.808841	238.368744	305.368744
1	16.454000	0.829710	238.956177	305.481201
1	16.501000	0.807681	239.193756	305.418732
1	16.532000	0.817971	238.750000	304.750000
1	16.563000	0.814203	239.324982	305.287506
1	16.594000	0.800000	239.000000	305.000000
1	16.626000	0.765217	238.000000	307.000000
1	16.657000	0.805362	238.181244	306.181244
1	16.688000	0.834783	238.875000	306.125000
1	16.719000	0.814203	238.712494	305.287506
1	16.766000	0.818116	239.143738	305.268738
1	16.797000	0.813188	239.306244	305.306244
1	16.828000	0.788406	239.500000	304.500000
1	16.860000	0.819710	238.774994	305.212494
1	16.891000	0.765217	238.000000	307.000000
1	16.922000	0.800580	238.487488	306.500000
1	16.953000	0.812464	238.312500	306.737488
1	17.000000	0.814203	238.287506	305.287506
1	17.031000	0.814638	239.031250	305.468750
1	17.062000	0.815362	239.037506	305.462494
1	17.094000	0.818116	239.268738	305.268738
1	17.125000	0.817536	239.243744	305.243744
1	17.156000	0.831449	238.443756	305.556244
1	17.187000	0.830435	238.475006	306.087494
1	17.234000	0.809275	238.250000	306.250000
1	17.265000	0.814203	238.712494	306.287506
1	17.296000	0.808841	238.668732	305.368744
1	17.328000	0.800000	239.000000	305.000000
1	17.359000	0.814638	239.281250	305.331238
1	17.390000	0.814638	239.031250	305.468750
1	17.421000	0.835362	239.000000	305.625000
1	17.452000	0.804928	239.187500	306.187500
1	17.499000	0.813623	238.687500	306.312500
1	17.530000	0.808116	238.375000	306.187500
1	17.562000	0.765217	238.000000	307.000000
1	17.593000	0.805507	238.087494	306.162506
1	17.624000	0.765217	238.000000	307.000000
1	17.655000	0.800580	239.000000	305.487488
1	17.686000	0.801159	239.024994	305.899994
1	17.733000	0.801015	238.881256	305.993744
1	17.764000	0.765217	238.000000	307.000000
1	17.796000	0.799275	238.518738	306.768738
1	17.827000	0.782609	238.500000	307.000000
1	17.858000	0.805507	238.162506	307.162506
1	17.889000	0.800580	238.000000	306.500000
1	17.920000	0.791884	238.987488	306.625000
1	17.967000	0.787101	238.681244	306.681244
1	17.998000	0.804928	238.187500	306.562500
<\RIGHT-PUPIL-DATA>
<LEFT-PUPIL-DATA>
542	0
0	-0.066000	13.913043	240.000000	320.000000
0	-0.035000	13.913043	240.000000	320.000000
0	0.012000	13.913043	240.000000	320.000000
0	0.043000	13.913043	240.000000	320.000000
0	0.074000	13.913043	240.000000	320.000000
0	0.106000	13.913043	240.000000	320.000000
0	0.137000	13.913043	240.000000	320.000000
0	0.168000	13.913043	240.000000	320.000000
0	0.199000	13.913043	240.000000	320.000000
0	0.230000	13.913043	240.000000	320.000000
0	0.277000	13.913043	240.000000	320.000000
0	0.308000	13.913043	240.000000	320.000000
0	0.340000	13.913043	240.000000	320.000000
0	0.371000	13.913043	240.000000	320.000000
0	0.402000	13.913043	240.000000	320.000000
0	0.433000	13.913043	240.000000	320.000000
0	0.464000	13.913043	240.000000	320.000000
0	0.511000	13.913043	240.000000	320.000000
0	0.542000	13.913043	240.000000	320.000000
0	0.574000	13.913043	240.000000	320.000000
0	0.605000	13.913043	240.000000	320.000000
0	0.636000	13.913043	240.000000	320.000000
0	0.667000	13.913043	240.000000	320.000000
0	0.698000	13.913043	240.000000	320.000000
0	0.745000	13.913043	240.000000	320.000000
0	0.776000	13.913043	240.000000	320.000000
0	0.808000	13.913043	240.000000	320.000000
0	0.839000	13.913043	240.000000	320.000000
0	0.870000	13.913043	240.000000	320.000000
0	0.901000	13.913043	240.000000	320.000000
0	0.932000	13.913043	240.000000	320.000000
0	0.964000	13.913043	240.000000	320.000000
0	1.010000	13.913043	240.000000	320.000000
0	1.042000	13.913043	240.000000	320.000000
0	1.073000	13.913043	240.000000	320.000000
0	1.104000	13.913043	240.000000	320.000000
0	1.135000	13.913043	240.000000	320.000000
0	1.166000	13.913043	240.000000	320.000000
0	1.198000	13.913043	240.000000	320.000000
0	1.244000	13.913043	240.000000	320.000000
0	1.276000	13.913043	240.000000	320.000000
0	1.307000	13.913043	240.000000	320.000000
0	1.338000	13.913043	240.000000	320.000000
0	1.369000	13.913043	240.000000	320.000000
0	1.400000	13.913043	240.000000	320.000000
0	1.432000	13.913043	240.000000	320.000000
0	1.478000	13.913043	240.000000	320.000000
0	1.510000	13.913043	240.000000	320.000000
0	1.541000	13.913043	240.000000	320.000000
0	1.572000	13.913043	240.000000	320.000000
0	1.603000	13.913043	240.000000	320.000000
0	1.634000	13.913043	240.000000	320.000000
0	1.666000	13.913043	240.000000	320.000000
0	1.697000	13.913043	240.000000	320.000000
0	1.744000	13.913043	240.000000	320.000000
0	1.775000	13.913043	240.000000	320.000000
0	1.806000	13.913043	240.000000	320.000000
0	1.837000	13.913043	240.000000	320.000000
0	1.868000	13.913043	240.000000	320.000000
0	1.900000	13.913043	240.000000	320.000000
0	1.931000	13.913043	240.000000	320.000000
0	1.978000	13.913043	240.000000	320.000000
0	2.009000	13.913043	240.000000	320.000000
0	2.040000	13.913043	240.000000	320.000000
0	2.071000	13.913043	240.000000	320.000000
0	2.102000	13.913043	240.000000	320.000000
0	2.134000	13.913043	240.000000	320.000000
0	2.165000	13.913043	240.000000	320.000000
0	2.196000	13.913043	240.000000	320.000000
0	2.243000	13.913043	240.000000	320.000000
0	2.274000	13.913043	240.000000	320.000000
0	2.305000	13.913043	240.000000	320.000000
0	2.336000	13.913043	240.000000	320.000000
0	2.368000	13.913043	240.000000	320.000000
0	2.399000	13.913043	240.000000	320.000000
0	2.430000	13.913043	240.000000	320.000000
0	2.477000	13.913043	240.000000	320.000000
0	2.508000	13.913043	240.000000	320.000000
0	2.539000	13.913043	240.000000	320.000000
0	2.570000	13.913043	240.000000	320.000000
0	2.602000	13.913043	240.000000	320.000000
0	2.633000	13.913043	240.000000	320.000000
0	2.664000	13.913043	240.000000	320.000000
0	2.711000	13.913043	240.000000	320.000000
0	2.742000	13.913043	240.000000	320.000000
0	2.773000	13.913043	240.000000	320.000000
0	2.804000	13.913043	240.000000	320.000000
0	2.836000	13.913043	240.000000	320.000000
0	2.867000	13.913043	240.000000	320.000000
0	2.898000	13.913043	240.000000	320.000000
0	2.929000	13.913043	240.000000	320.000000
0	2.976000	13.913043	240.000000	320.000000
0	3.007000	13.913043	240.000000	320.000000
0	3.038000	13.913043	240.000000	320.000000
0	3.070000	13.913043	240.000000	320.000000
0	3.101000	13.913043	240.000000	320.000000
0	3.132000	13.913043	240.000000	320.000000
0	3.163000	13.913043	240.000000	320.000000
0	3.210000	13.913043	240.000000	320.000000
0	3.241000	13.913043	240.000000	320.000000
0	3.272000	13.913043	240.000000	320.000000
0	3.304000	13.913043	240.000000	320.000000
0	3.335000	13.913043	240.000000	320.000000
0	3.366000	13.913043	240.000000	320.000000
0	3.397000	13.913043	240.000000	320.000000
0	3.444000	13.913043	240.000000	320.000000
0	3.475000	13.913043	240.000000	320.000000
0	3.506000	13.913043	240.000000	320.000000
0	3.538000	13.913043	240.000000	320.000000
0	3.569000	13.913043	240.000000	320.000000
0	3.600000	13.913043	240.000000	320.000000
0	3.631000	13.913043	240.000000	320.000000
0	3.662000	13.913043	240.000000	320.000000
0	3.709000	13.913043	240.000000	320.000000
0	3.740000	13.913043	240.000000	320.000000
0	3.772000	13.913043	240.000000	320.000000
0	3.803000	13.913043	240.000000	320.000000
0	3.834000	13.913043	240.000000	320.000000
0	3.865000	13.913043	240.000000	320.000000
0	3.896000	13.913043	240.000000	320.000000
0	3.943000	13.913043	240.000000	320.000000
0	3.974000	13.913043	240.000000	320.000000
0	4.006000	13.913043	240.000000	320.000000
0	4.037000	13.913043	240.000000	320.000000
0	4.068000	13.913043	240.000000	320.000000
0	4.099000	13.913043	240.000000	320.000000
0	4.130000	13.913043	240.000000	320.000000
0	4.177000	13.913043	240.000000	320.000000
0	4.208000	13.913043	240.000000	320.000000
0	4.240000	13.913043	240.000000	320.000000
0	4.271000	13.913043	240.000000	320.000000
0	4.302000	13.913043	240.000000	320.000000
0	4.333000	13.913043	240.000000	320.000000
0	4.364000	13.913043	240.000000	320.000000
0	4.396000	13.913043	240.000000	320.000000
0	4.442000	13.913043	240.000000	320.000000
0	4.474000	13.913043	240.000000	320.000000
0	4.505000	13.913043	240.000000	320.000000
0	4.536000	13.913043	240.000000	320.000000
0	4.567000	13.913043	240.000000	320.000000
0	4.598000	13.913043	240.000000	320.000000
0	4.630000	13.913043	240.000000	320.000000
0	4.676000	13.913043	240.000000	320.000000
0	4.708000	13.913043	240.000000	320.000000
0	4.739000	13.913043	240.000000	320.000000
0	4.770000	13.913043	240.000000	320.000000
0	4.801000	13.913043	240.000000	320.000000
0	4.832000	13.913043	240.000000	320.000000
0	4.864000	13.913043	240.000000	320.000000
0	4.895000	13.913043	240.000000	320.000000
0	4.942000	13.913043	240.000000	320.000000
0	4.973000	13.913043	240.000000	320.000000
0	5.004000	13.913043	240.000000	320.000000
0	5.035000	13.913043	240.000000	320.000000
0	5.066000	13.913043	240.000000	320.000000
0	5.098000	13.913043	240.000000	320.000000
0	5.129000	13.913043	240.000000	320.000000
0	5.176000	13.913043	240.000000	320.000000
0	5.207000	13.913043	240.000000	320.000000
0	5.238000	13.913043	240.000000	320.000000
0	5.269000	13.913043	240.000000	320.000000
0	5.300000	13.913043	240.000000	320.000000
0	5.332000	13.913043	240.000000	320.000000
0	5.363000	13.913043	240.000000	320.000000
0	5.410000	13.913043	240.000000	320.000000
0	5.441000	13.913043	240.000000	320.000000
0	5.472000	13.913043	240.000000	320.000000
0	5.503000	13.913043	240.000000	320.000000
0	5.534000	13.913043	240.000000	320.000000
0	5.566000	13.913043	240.000000	320.000000
0	5.597000	13.913043	240.000000	320.000000
0	5.628000	13.913043	240.000000	320.000000
0	5.675000	13.913043	240.000000	320.000000
0	5.706000	13.913043	240.000000	320.000000
0	5.737000	13.913043	240.000000	320.000000
0	5.768000	13.913043	240.000000	320.000000
0	5.800000	13.913043	240.000000	320.000000
0	5.831000	13.913043	240.000000	320.000000
0	5.862000	13.913043	240.000000	320.000000
0	5.909000	13.913043	240.000000	320.000000
0	5.940000	13.913043	240.000000	320.000000
0	5.971000	13.913043	240.000000	320.000000
0	6.002000	13.913043	240.000000	320.000000
0	6.034000	13.913043	240.000000	320.000000
0	6.065000	13.913043	240.000000	320.000000
0	6.096000	13.913043	240.000000	320.000000
0	6.127000	13.913043	240.000000	320.000000
0	6.174000	13.913043	240.000000	320.000000
0	6.205000	13.913043	240.000000	320.000000
0	6.236000	13.913043	240.000000	320.000000
0	6.268000	13.913043	240.000000	320.000000
0	6.299000	13.913043	240.000000	320.000000
0	6.330000	13.913043	240.000000	320.000000
0	6.361000	13.913043	240.000000	320.000000
0	6.408000	13.913043	240.000000	320.000000
0	6.439000	13.913043	240.000000	320.000000
0	6.470000	13.913043	240.000000	320.000000
0	6.502000	13.913043	240.000000	320.000000
0	6.533000	13.913043	240.000000	320.000000
0	6.564000	13.913043	240.000000	320.000000
0	6.595000	13.913043	240.000000	320.000000
0	6.642000	13.913043	240.000000	320.000000
0	6.673000	13.913043	240.000000	320.000000
0	6.704000	13.913043	240.000000	320.000000
0	6.736000	13.913043	240.000000	320.000000
0	6.767000	13.913043	240.000000	320.000000
0	6.798000	13.913043	240.000000	320.000000
0	6.829000	13.913043	240.000000	320.000000
0	6.860000	13.913043	240.000000	320.000000
0	6.907000	13.913043	240.000000	320.000000
0	6.938000	13.913043	240.000000	320.000000
0	6.970000	13.913043	240.000000	320.000000
0	7.001000	13.913043	240.000000	320.000000
0	7.032000	13.913043	240.000000	320.000000
0	7.063000	13.913043	240.000000	320.000000
0	7.094000	13.913043	240.000000	320.000000
0	7.141000	13.913043	240.000000	320.000000
0	7.172000	13.913043	240.000000	320.000000
0	7.204000	13.913043	240.000000	320.000000
0	7.235000	13.913043	240.000000	320.000000
0	7.266000	13.913043	240.000000	320.000000
0	7.297000	13.913043	240.000000	320.000000
0	7.328000	13.913043	240.000000	320.000000
0	7.375000	13.913043	240.000000	320.000000
0	7.406000	13.913043	240.000000	320.000000
0	7.438000	13.913043	240.000000	320.000000
0	7.469000	13.913043	240.000000	320.000000
0	7.500000	13.913043	240.000000	320.000000
0	7.531000	13.913043	240.000000	320.000000
0	7.562000	13.913043	240.000000	320.000000
0	7.594000	13.913043	240.000000	320.000000
0	7.640000	13.913043	240.000000	320.000000
0	7.672000	13.913043	240.000000	320.000000
0	7.703000	13.913043	240.000000	320.000000
0	7.734000	13.913043	240.000000	320.000000
0	7.765000	13.913043	240.000000	320.000000
0	7.796000	13.913043	240.000000	320.000000
0	7.828000	13.913043	240.000000	320.000000
0	7.874000	13.913043	240.000000	320.000000
0	7.906000	13.913043	240.000000	320.000000
0	7.937000	13.913043	240.000000	320.000000
0	7.968000	13.913043	240.000000	320.000000
0	7.999000	13.913043	240.000000	320.000000
0	8.030000	13.913043	240.000000	320.000000
0	8.062000	13.913043	240.000000	320.000000
0	8.108000	13.913043	240.000000	320.000000
0	8.140000	13.913043	240.000000	320.000000
0	8.171000	13.913043	240.000000	320.000000
0	8.202000	13.913043	240.000000	320.000000
0	8.233000	13.913043	240.000000	320.000000
0	8.264000	13.913043	240.000000	320.000000
0	8.296000	13.913043	240.000000	320.000000
0	8.327000	13.913043	240.000000	320.000000
0	8.374000	13.913043	240.000000	320.000000
0	8.405000	13.913043	240.000000	320.000000
0	8.436000	13.913043	240.000000	320.000000
0	8.467000	13.913043	240.000000	320.000000
0	8.498000	13.913043	240.000000	320.000000
0	8.530000	13.913043	240.000000	320.000000
0	8.561000	13.913043	240.000000	320.000000
0	8.608000	13.913043	240.000000	320.000000
0	8.639000	13.913043	240.000000	320.000000
0	8.670000	13.913043	240.000000	320.000000
0	8.701000	13.913043	240.000000	320.000000
0	8.732000	13.913043	240.000000	320.000000
0	8.764000	13.913043	240.000000	320.000000
0	8.795000	13.913043	240.000000	320.000000
0	8.842000	13.913043	240.000000	320.000000
0	8.873000	13.913043	240.000000	320.000000
0	8.904000	13.913043	240.000000	320.000000
0	8.935000	13.913043	240.000000	320.000000
0	8.966000	13.913043	240.000000	320.000000
0	8.998000	13.913043	240.000000	320.000000
0	9.029000	13.913043	240.000000	320.000000
0	9.060000	13.913043	240.000000	320.000000
0	9.107000	13.913043	240.000000	320.000000
0	9.138000	13.913043	240.000000	320.000000
0	9.169000	13.913043	240.000000	320.000000
0	9.200000	13.913043	240.000000	320.000000
0	9.232000	13.913043	240.000000	320.000000
0	9.263000	13.913043	240.000000	320.000000
0	9.294000	13.913043	240.000000	320.000000
0	9.341000	13.913043	240.000000	320.000000
0	9.372000	13.913043	240.000000	320.000000
0	9.403000	13.913043	240.000000	320.000000
0	9.434000	13.913043	240.000000	320.000000
0	9.466000	13.913043	240.000000	320.000000
0	9.497000	13.913043	240.000000	320.000000
0	9.528000	13.913043	240.000000	320.000000
0	9.575000	13.913043	240.000000	320.000000
0	9.606000	13.913043	240.000000	320.000000
0	9.637000	13.913043	240.000000	320.000000
0	9.668000	13.913043	240.000000	320.000000
0	9.700000	13.913043	240.000000	320.000000
0	9.731000	13.913043	240.000000	320.000000
0	9.762000	13.913043	240.000000	320.000000
0	9.793000	13.913043	240.000000	320.000000
0	9.840000	13.913043	240.000000	320.000000
0	9.871000	13.913043	240.000000	320.000000
0	9.902000	13.913043	240.000000	320.000000
0	9.934000	13.913043	240.000000	320.000000
0	9.965000	13.913043	240.000000	320.000000
0	9.996000	13.913043	240.000000	320.000000
0	10.027000	13.913043	240.000000	320.000000
0	10.058000	13.913043	240.000000	320.000000
0	10.105000	13.913043	240.000000	320.000000
0	10.136000	13.913043	240.000000	320.000000
0	10.168000	13.913043	240.000000	320.000000
0	10.199000	13.913043	240.000000	320.000000
0	10.230000	13.913043	240.000000	320.000000
0	10.261000	13.913043	240.000000	320.000000
0	10.292000	13.913043	240.000000	320.000000
0	10.339000	13.913043	240.000000	320.000000
0	10.370000	13.913043	240.000000	320.000000
0	10.402000	13.913043	240.000000	320.000000
0	10.433000	13.913043	240.000000	320.000000
0	10.464000	13.913043	240.000000	320.000000
0	10.495000	13.913043	240.000000	320.000000
0	10.526000	13.913043	240.000000	320.000000
0	10.573000	13.913043	240.000000	320.000000
0	10.604000	13.913043	240.000000	320.000000
0	10.636000	13.913043	240.000000	320.000000
0	10.667000	13.913043	240.000000	320.000000
0	10.698000	13.913043	240.000000	320.000000
0	10.729000	13.913043	240.000000	320.000000
0	10.760000	13.913043	240.000000	320.000000
0	10.792000	13.913043	240.000000	320.000000
0	10.838000	13.913043	240.000000	320.000000
0	10.870000	13.913043	240.000000	320.000000
0	10.901000	13.913043	240.000000	320.000000
0	10.932000	13.913043	240.000000	320.000000
0	10.963000	13.913043	240.000000	320.000000
0	10.994000	13.913043	240.000000	320.000000
0	11.026000	13.913043	240.000000	320.000000
0	11.072000	13.913043	240.000000	320.000000
0	11.104000	13.913043	240.000000	320.000000
0	11.135000	13.913043	240.000000	320.000000
0	11.166000	13.913043	240.000000	320.000000
0	11.197000	13.913043	240.000000	320.000000
0	11.228000	13.913043	240.000000	320.000000
0	11.260000	13.913043	240.000000	320.000000
0	11.306000	13.913043	240.000000	320.000000
0	11.338000	13.913043	240.000000	320.000000
0	11.369000	13.913043	240.000000	320.000000
0	11.400000	13.913043	240.000000	320.000000
0	11.431000	13.913043	240.000000	320.000000
0	11.462000	13.913043	240.000000	320.000000
0	11.494000	13.913043	240.000000	320.000000
0	11.525000	13.913043	240.000000	320.000000
0	11.572000	13.913043	240.000000	320.000000
0	11.603000	13.913043	240.000000	320.000000
0	11.634000	13.913043	240.000000	320.000000
0	11.665000	13.913043	240.000000	320.000000
0	11.696000	13.913043	240.000000	320.000000
0	11.728000	13.913043	240.000000	320.000000
0	11.759000	13.913043	240.000000	320.000000
0	11.806000	13.913043	240.000000	320.000000
0	11.837000	13.913043	240.000000	320.000000
0	11.868000	13.913043	240.000000	320.000000
0	11.899000	13.913043	240.000000	320.000000
0	11.930000	13.913043	240.000000	320.000000
0	11.962000	13.913043	240.000000	320.000000
0	11.993000	13.913043	240.000000	320.000000
0	12.040000	13.913043	240.000000	320.000000
0	12.071000	13.913043	240.000000	320.000000
0	12.102000	13.913043	240.000000	320.000000
0	12.133000	13.913043	240.000000	320.000000
0	12.165000	13.913043	240.000000	320.000000
0	12.196000	13.913043	240.000000	320.000000
0	12.227000	13.913043	240.000000	320.000000
0	12.258000	13.913043	240.000000	320.000000
0	12.305000	13.913043	240.000000	320.000000
0	12.336000	13.913043	240.000000	320.000000
0	12.367000	13.913043	240.000000	320.000000
0	12.399000	13.913043	240.000000	320.000000
0	12.430000	13.913043	240.000000	320.000000
0	12.461000	13.913043	240.000000	320.000000
0	12.492000	13.913043	240.000000	320.000000
0	12.539000	13.913043	240.000000	320.000000
0	12.570000	13.913043	240.000000	320.000000
0	12.601000	13.913043	240.000000	320.000000
0	12.633000	13.913043	240.000000	320.000000
0	12.664000	13.913043	240.000000	320.000000
0	12.695000	13.913043	240.000000	320.000000
0	12.726000	13.913043	240.000000	320.000000
0	12.773000	13.913043	240.000000	320.000000
0	12.804000	13.913043	240.000000	320.000000
0	12.835000	13.913043	240.000000	320.000000
0	12.867000	13.913043	240.000000	320.000000
0	12.898000	13.913043	240.000000	320.000000
0	12.929000	13.913043	240.000000	320.000000
0	12.960000	13.913043	240.000000	320.000000
0	12.991000	13.913043	240.000000	320.000000
0	13.038000	13.913043	240.000000	320.000000
0	13.069000	13.913043	240.000000	320.000000
0	13.101000	13.913043	240.000000	320.000000
0	13.132000	13.913043	240.000000	320.000000
0	13.163000	13.913043	240.000000	320.000000
0	13.194000	13.913043	240.000000	320.000000
0	13.225000	13.913043	240.000000	320.000000
0	13.272000	13.913043	240.000000	320.000000
0	13.303000	13.913043	240.000000	320.000000
0	13.335000	13.913043	240.000000	320.000000
0	13.366000	13.913043	240.000000	320.000000
0	13.397000	13.913043	240.000000	320.000000
0	13.428000	13.913043	240.000000	320.000000
0	13.459000	13.913043	240.000000	320.000000
0	13.506000	13.913043	240.000000	320.000000
0	13.537000	13.913043	240.000000	320.000000
0	13.569000	13.913043	240.000000	320.000000
0	13.600000	13.913043	240.000000	320.000000
0	13.631000	13.913043	240.000000	320.000000
0	13.662000	13.913043	240.000000	320.000000
0	13.693000	13.913043	240.000000	320.000000
0	13.725000	13.913043	240.000000	320.000000
0	13.771000	13.913043	240.000000	320.000000
0	13.803000	13.913043	240.000000	320.000000
0	13.834000	13.913043	240.000000	320.000000
0	13.865000	13.913043	240.000000	320.000000
0	13.896000	13.913043	240.000000	320.000000
0	13.927000	13.913043	240.000000	320.000000
0	13.959000	13.913043	240.000000	320.000000
0	13.990000	13.913043	240.000000	320.000000
0	14.037000	13.913043	240.000000	320.000000
0	14.068000	13.913043	240.000000	320.000000
0	14.099000	13.913043	240.000000	320.000000
0	14.130000	13.913043	240.000000	320.000000
0	14.161000	13.913043	240.000000	320.000000
0	14.193000	13.913043	240.000000	320.000000
0	14.224000	13.913043	240.000000	320.000000
0	14.271000	13.913043	240.000000	320.000000
0	14.302000	13.913043	240.000000	320.000000
0	14.333000	13.913043	240.000000	320.000000
0	14.364000	13.913043	240.000000	320.000000
0	14.395000	13.913043	240.000000	320.000000
0	14.427000	13.913043	240.000000	320.000000
0	14.458000	13.913043	240.000000	320.000000
0	14.505000	13.913043	240.000000	320.000000
0	14.536000	13.913043	240.000000	320.000000
0	14.567000	13.913043	240.000000	320.000000
0	14.598000	13.913043	240.000000	320.000000
0	14.629000	13.913043	240.000000	320.000000
0	14.661000	13.913043	240.000000	320.000000
0	14.692000	13.913043	240.000000	320.000000
0	14.723000	13.913043	240.000000	320.000000
0	14.770000	13.913043	240.000000	320.000000
0	14.801000	13.913043	240.000000	320.000000
0	14.832000	13.913043	240.000000	320.000000
0	14.863000	13.913043	240.000000	320.000000
0	14.895000	13.913043	240.000000	320.000000
0	14.926000	13.913043	240.000000	320.000000
0	14.957000	13.913043	240.000000	320.000000
0	15.004000	13.913043	240.000000	320.000000
0	15.035000	13.913043	240.000000	320.000000
0	15.066000	13.913043	240.000000	320.000000
0	15.097000	13.913043	240.000000	320.000000
0	15.129000	13.913043	240.000000	320.000000
0	15.160000	13.913043	240.000000	320.000000
0	15.191000	13.913043	240.000000	320.000000
0	15.238000	13.913043	240.000000	320.000000
0	15.269000	13.913043	240.000000	320.000000
0	15.300000	13.913043	240.000000	320.000000
0	15.331000	13.913043	240.000000	320.000000
0	15.363000	13.913043	240.000000	320.000000
0	15.394000	13.913043	240.000000	320.000000
0	15.425000	13.913043	240.000000	320.000000
0	15.456000	13.913043	240.000000	320.000000
0	15.503000	13.913043	240.000000	320.000000
0	15.534000	13.913043	240.000000	320.000000
0	15.565000	13.913043	240.000000	320.000000
0	15.597000	13.913043	240.000000	320.000000
0	15.628000	13.913043	240.000000	320.000000
0	15.659000	13.913043	240.000000	320.000000
0	15.690000	13.913043	240.000000	320.000000
0	15.737000	13.913043	240.000000	320.000000
0	15.768000	13.913043	240.000000	320.000000
0	15.799000	13.913043	240.000000	320.000000
0	15.831000	13.913043	240.000000	320.000000
0	15.862000	13.913043	240.000000	320.000000
0	15.893000	13.913043	240.000000	320.000000
0	15.924000	13.913043	240.000000	320.000000
0	15.971000	13.913043	240.000000	320.000000
0	16.002000	13.913043	240.000000	320.000000
0	16.033000	13.913043	240.000000	320.000000
0	16.065000	13.913043	240.000000	320.000000
0	16.096000	13.913043	240.000000	320.000000
0	16.127000	13.913043	240.000000	320.000000
0	16.158000	13.913043	240.000000	320.000000
0	16.189000	13.913043	240.000000	320.000000
0	16.236000	13.913043	240.000000	320.000000
0	16.267000	13.913043	240.000000	320.000000
0	16.299000	13.913043	240.000000	320.000000
0	16.330000	13.913043	240.000000	320.000000
0	16.361000	13.913043	240.000000	320.000000
0	16.392000	13.913043	240.000000	320.000000
0	16.423000	13.913043	240.000000	320.000000
0	16.470000	13.913043	240.000000	320.000000
0	16.501000	13.913043	240.000000	320.000000
0	16.533000	13.913043	240.000000	320.000000
0	16.564000	13.913043	240.000000	320.000000
0	16.595000	13.913043	240.000000	320.000000
0	16.626000	13.913043	240.000000	320.000000
0	16.657000	13.913043	240.000000	320.000000
0	16.704000	13.913043	240.000000	320.000000
0	16.735000	13.913043	240.000000	320.000000
0	16.767000	13.913043	240.000000	320.000000
0	16.798000	13.913043	240.000000	320.000000
0	16.829000	13.913043	240.000000	320.000000
0	16.860000	13.913043	240.000000	320.000000
0	16.891000	13.913043	240.000000	320.000000
0	16.923000	13.913043	240.000000	320.000000
0	16.969000	13.913043	240.000000	320.000000
0	17.001000	13.913043	240.000000	320.000000
0	17.032000	13.913043	240.000000	320.000000
0	17.063000	13.913043	240.000000	320.000000
0	17.094000	13.913043	240.000000	320.000000
0	17.125000	13.913043	240.000000	320.000000
0	17.157000	13.913043	240.000000	320.000000
0	17.203000	13.913043	240.000000	320.000000
0	17.235000	13.913043	240.000000	320.000000
0	17.266000	13.913043	240.000000	320.000000
0	17.297000	13.913043	240.000000	320.000000
0	17.328000	13.913043	240.000000	320.000000
0	17.359000	13.913043	240.000000	320.000000
0	17.391000	13.913043	240.000000	320.000000
0	17.437000	13.913043	240.000000	320.000000
0	17.469000	13.913043	240.000000	320.000000
0	17.500000	13.913043	240.000000	320.000000
0	17.531000	13.913043	240.000000	320.000000
0	17.562000	13.913043	240.000000	320.000000
0	17.593000	13.913043	240.000000	320.000000
0	17.625000	13.913043	240.000000	320.000000
0	17.656000	13.913043	240.000000	320.000000
0	17.703000	13.913043	240.000000	320.000000
0	17.734000	13.913043	240.000000	320.000000
0	17.765000	13.913043	240.000000	320.000000
0	17.796000	13.913043	240.000000	320.000000
0	17.827000	13.913043	240.000000	320.000000
0	17.859000	13.913043	240.000000	320.000000
0	17.890000	13.913043	240.000000	320.000000
0	17.921000	13.913043	240.000000	320.000000
0	17.968000	13.913043	240.000000	320.000000
<\LEFT-PUPIL-DATA>
<RIGHT-PUPIL-ANALYSIS>
1
0	0	18	542	0	0	0.509000	17.518000	0.510000	15.983889	0.000000	0.000000	0.000000	0	1	1	1	1	0	0	1	0.894812	0.759826	0.628930	0.453446	0.298000	-0.222016	-0.743659	-1.000000	0.162145	1	0.894812	0.759826	0.628930	0.453446	0.298000	-0.222016	-0.743659	-1.000000	0.162145	1	0.894812	0.759826	0.628930	0.453446	0.298000	-0.272098	-0.743661	-1.000000	0.171628
<\RIGHT-PUPIL-ANALYSIS>
<LEFT-PUPIL-ANALYSIS>
1
0	0	17	541	0	0	0.509000	17.518000	0.510000	15.983889	0.000000	0.000000	0.000000	0	1	1	1	1	0	0	0	0.000000	0.000000	0.000000	0.000000	0.000000	0.000000	0.000000	-1.000000	0.000000	0	-0.034783	-0.034783	0.000950	0.000950	0.002000	0.000000	0.000000	-1.000000	0.000000	1	-0.034783	-0.034783	0.000950	0.000950	0.002000	-1000000.000000	-1000000.000000	-1.000000	0.000000
<\LEFT-PUPIL-ANALYSIS>
%%%%%%%%%
%%%%%%%%%
%%%%%%%%%
%%%	Measurement Tiime is: 2017-10-31 11:50:53
%%%	Subject ID is: C57BL6-28.09.17-DA-1mois-M1-1.2r
%%%	Note: 
%%%	RSS: Default Human Relative Spectral Sensitivity
%%%	Pupil Analysis:
%%%
%%%
%%%
%%%	Pulse Index:	0
%%%	Stimulus Session Index:	0
%%%	Right Pupil Stimulated
%%%	Light Metric is Photopic
%%%	Stimulus Start Time(sec):	0.51
%%%	Stimulus Duration(sec):	17.52
%%%	Stimulus Pulse Duration(sec):	0.51
%%%	Right Pulse:	15.98	(Red  )	-	0.00	(Red  )	[Lux ]
%%%	Left Pulse:	0.00	(Red  )	-	0.00	(Red  )	[Lux ]
%%%
%%%		RIGHT	LEFT	R.Pupil Mean	L.Pupil Mean	R.Stim Mean	R.Stim Mean
%%%	INPUT:	RAW DATA	RAW DATA
%%%	STATE:	NORMAL	ABNORMAL	NORMAL	ABNORMAL	NORMAL	ABNORMAL
%%%	MAX(mm):	0.89	0.00	0.89	0.00	0.89	0.00
%%%	MIN(mm):	0.76	0.00	0.76	0.00	0.76	0.00
%%%	DELTA(mm):	0.13		0.13		0.13	
%%%	CH(%):	15		15%		15%	
%%%	LAT(sec):	0.30	0.00	0.30	0.00	0.30	0.00
%%%	CV(mm/s):	0.22	0.00	0.22	0.00	0.22	0.00
%%%	MCV(mm/s):	0.74	0.00	0.74	0.00	0.74	0.00
%%%	DV(mm/s):	0.16	0.00	0.16	0.00	0.16	0.00
%%%%%%%%%
%%%%%%%%%
%%%%%%%%%
%%%	Right Pupil Profile (1st row -> 1 == valid tracking, 0 == invalid tracking; 2nd row -> time; 3rd row -> diameter (mm))
%%%	1	1	1	1	1	1	1	1	1	1	1	1	1	1	1	1	1	1	1	1	1	1	1	1	1	1	1	1	1	1	1	1	1	1	1	1	1	1	1	1	1	1	1	1	1	1	1	1	1	1	1	1	1	1	1	1	1	1	1	1	1	1	1	1	1	1	1	1	1	1	1	1	1	1	1	1	1	1	1	1	1	1	1	1	1	1	1	1	1	1	1	1	1	1	1	1	1	1	1	1	1	1	1	1	1	1	1	1	1	1	1	1	1	1	1	1	1	1	1	1	1	1	1	1	1	1	1	1	1	1	1	1	1	1	1	1	1	1	1	1	1	1	1	1	1	1	1	1	1	1	1	1	1	1	1	1	1	1	1	1	1	1	1	1	1	1	1	1	1	1	1	1	1	1	1	1	1	1	1	1	1	1	1	1	1	1	1	1	1	1	1	1	1	1	1	1	1	1	1	1	1	1	1	1	1	1	1	1	1	1	1	1	1	1	1	1	1	1	1	1	1	1	1	1	1	1	1	1	1	1	1	1	1	1	1	1	1	1	1	1	1	1	1	1	1	1	1	1	1	1	1	1	1	1	1	1	1	1	1	1	1	1	1	1	1	1	1	1	1	1	1	1	1	1	1	1	1	1	1	1	1	1	1	1	1	1	1	1	1	1	1	1	1	1	1	1	1	1	1	1	1	1	1	1	1	1	1	1	1	1	1	1	1	1	1	1	1	1	1	1	1	1	1	1	1	1	1	1	1	1	1	1	1	1	1	1	1	1	1	1	1	1	1	1	1	1	1	1	1	1	1	1	1	1	1	1	1	1	1	1	1	1	1	1	1	1	1	1	1	1	1	1	1	1	1	1	1	1	1	1	1	1	1	1	1	1	1	1	1	1	1	1	1	1	1	1	1	1	1	1	1	1	1	1	1	1	1	1	1	1	1	1	1	1	1	1	1	1	1	1	1	1	1	1	1	1	1	1	1	1	1	1	1	1	1	1	1	1	1	1	1	1	1	1	1	1	1	1	1	1	1	1	1	1	1	1	1	1	1	1	1	1	1	1	1	1	1	1	1	1	1	1	1	1	1	1	1	1	1	1	1	1	1	1	1	1	1	1	1	1	1	1	1	1	1	1	1	1	1	1	1	1	1	1	1	1	1	1	1	1	1	1	1	1	1	1	1	1	1	1	1	1	1	1	1	1	1	1	1	1	1	1	1	1	1	1	1	1	1	1	1	1	1
%%%	-0.067000	-0.035000	-0.004000	0.027000	0.074000	0.105000	0.136000	0.167000	0.199000	0.230000	0.261000	0.308000	0.339000	0.370000	0.401000	0.433000	0.464000	0.495000	0.542000	0.573000	0.604000	0.635000	0.667000	0.698000	0.729000	0.760000	0.807000	0.838000	0.869000	0.901000	0.932000	0.963000	0.994000	1.041000	1.072000	1.103000	1.135000	1.166000	1.197000	1.228000	1.275000	1.306000	1.337000	1.369000	1.400000	1.431000	1.462000	1.493000	1.540000	1.571000	1.603000	1.634000	1.665000	1.696000	1.727000	1.774000	1.805000	1.837000	1.868000	1.899000	1.930000	1.961000	2.008000	2.039000	2.071000	2.102000	2.133000	2.164000	2.195000	2.227000	2.273000	2.305000	2.336000	2.367000	2.398000	2.429000	2.461000	2.507000	2.539000	2.570000	2.601000	2.632000	2.663000	2.695000	2.741000	2.773000	2.804000	2.835000	2.866000	2.897000	2.929000	2.960000	3.007000	3.038000	3.069000	3.100000	3.131000	3.163000	3.194000	3.241000	3.272000	3.303000	3.334000	3.365000	3.397000	3.428000	3.475000	3.506000	3.537000	3.568000	3.599000	3.631000	3.662000	3.693000	3.740000	3.771000	3.802000	3.833000	3.865000	3.896000	3.927000	3.974000	4.005000	4.036000	4.067000	4.099000	4.130000	4.161000	4.192000	4.239000	4.270000	4.301000	4.333000	4.364000	4.395000	4.426000	4.473000	4.504000	4.535000	4.567000	4.598000	4.629000	4.660000	4.707000	4.738000	4.769000	4.801000	4.832000	4.863000	4.894000	4.925000	4.972000	5.003000	5.035000	5.066000	5.097000	5.128000	5.159000	5.206000	5.237000	5.269000	5.300000	5.331000	5.362000	5.393000	5.440000	5.471000	5.503000	5.534000	5.565000	5.596000	5.627000	5.659000	5.705000	5.737000	5.768000	5.799000	5.830000	5.861000	5.893000	5.939000	5.971000	6.002000	6.033000	6.064000	6.095000	6.127000	6.158000	6.205000	6.236000	6.267000	6.298000	6.329000	6.361000	6.392000	6.439000	6.470000	6.501000	6.532000	6.563000	6.595000	6.626000	6.673000	6.704000	6.735000	6.766000	6.797000	6.829000	6.860000	6.891000	6.938000	6.969000	7.000000	7.031000	7.063000	7.094000	7.125000	7.172000	7.203000	7.234000	7.265000	7.297000	7.328000	7.359000	7.406000	7.437000	7.468000	7.499000	7.531000	7.562000	7.593000	7.624000	7.671000	7.702000	7.733000	7.765000	7.796000	7.827000	7.858000	7.905000	7.936000	7.967000	7.999000	8.030000	8.061000	8.092000	8.123000	8.170000	8.201000	8.233000	8.264000	8.295000	8.326000	8.357000	8.404000	8.435000	8.467000	8.498000	8.529000	8.560000	8.591000	8.638000	8.669000	8.701000	8.732000	8.763000	8.794000	8.825000	8.857000	8.903000	8.935000	8.966000	8.997000	9.028000	9.059000	9.091000	9.137000	9.169000	9.200000	9.231000	9.262000	9.293000	9.325000	9.371000	9.403000	9.434000	9.465000	9.496000	9.527000	9.559000	9.590000	9.637000	9.668000	9.699000	9.730000	9.761000	9.793000	9.824000	9.871000	9.902000	9.933000	9.964000	9.995000	10.027000	10.058000	10.105000	10.136000	10.167000	10.198000	10.229000	10.261000	10.292000	10.323000	10.370000	10.401000	10.432000	10.463000	10.495000	10.526000	10.557000	10.604000	10.635000	10.666000	10.697000	10.729000	10.760000	10.791000	10.838000	10.869000	10.900000	10.931000	10.963000	10.994000	11.025000	11.056000	11.103000	11.134000	11.165000	11.197000	11.228000	11.259000	11.290000	11.337000	11.368000	11.399000	11.431000	11.462000	11.493000	11.524000	11.555000	11.602000	11.633000	11.665000	11.696000	11.727000	11.758000	11.789000	11.836000	11.867000	11.899000	11.930000	11.961000	11.992000	12.023000	12.055000	12.101000	12.133000	12.164000	12.195000	12.226000	12.258000	12.289000	12.336000	12.367000	12.398000	12.429000	12.460000	12.492000	12.523000	12.570000	12.601000	12.632000	12.663000	12.694000	12.726000	12.757000	12.788000	12.835000	12.866000	12.897000	12.928000	12.960000	12.991000	13.022000	13.069000	13.100000	13.131000	13.162000	13.194000	13.225000	13.256000	13.303000	13.334000	13.365000	13.396000	13.428000	13.459000	13.490000	13.521000	13.568000	13.599000	13.630000	13.662000	13.693000	13.724000	13.755000	13.802000	13.833000	13.864000	13.896000	13.927000	13.958000	13.989000	14.036000	14.067000	14.098000	14.130000	14.161000	14.192000	14.223000	14.254000	14.301000	14.332000	14.364000	14.395000	14.426000	14.457000	14.488000	14.535000	14.566000	14.598000	14.629000	14.660000	14.691000	14.722000	14.769000	14.800000	14.832000	14.863000	14.894000	14.925000	14.956000	14.988000	15.034000	15.066000	15.097000	15.128000	15.159000	15.190000	15.222000	15.268000	15.300000	15.331000	15.362000	15.393000	15.424000	15.456000	15.502000	15.534000	15.565000	15.596000	15.627000	15.658000	15.690000	15.721000	15.768000	15.799000	15.830000	15.861000	15.892000	15.924000	15.955000	15.986000	16.033000	16.064000	16.095000	16.126000	16.158000	16.189000	16.220000	16.267000	16.298000	16.329000	16.360000	16.392000	16.423000	16.454000	16.501000	16.532000	16.563000	16.594000	16.626000	16.657000	16.688000	16.719000	16.766000	16.797000	16.828000	16.860000	16.891000	16.922000	16.953000	17.000000	17.031000	17.062000	17.094000	17.125000	17.156000	17.187000	17.234000	17.265000	17.296000	17.328000	17.359000	17.390000	17.421000	17.452000	17.499000	17.530000	17.562000	17.593000	17.624000	17.655000	17.686000	17.733000	17.764000	17.796000	17.827000	17.858000	17.889000	17.920000	17.967000	17.998000
%%%	0.894058	0.920580	0.904348	0.857971	0.913188	0.898406	0.904348	0.925072	0.898985	0.950725	0.873333	0.904348	0.901449	0.905072	0.876232	0.894928	0.877101	0.912464	0.857971	0.885507	0.904348	0.878406	0.892319	0.904348	0.894638	0.886667	0.884203	0.895507	0.875362	0.852899	0.829420	0.765217	0.801159	0.771884	0.765217	0.787536	0.794638	0.796232	0.760290	0.757536	0.765217	0.760145	0.755942	0.760290	0.788406	0.772754	0.794058	0.765217	0.812464	0.765217	0.791884	0.852754	0.823333	0.788116	0.831594	0.831884	0.820725	0.835362	0.835942	0.830580	0.827246	0.848985	0.828841	0.834058	0.834203	0.820580	0.829275	0.828841	0.815217	0.831449	0.857971	0.813623	0.835507	0.857971	0.832029	0.833188	0.836232	0.848841	0.765217	0.834783	0.840725	0.854203	0.857971	0.834783	0.866812	0.828841	0.815942	0.765217	0.828986	0.765217	0.809275	0.822899	0.824493	0.794493	0.787536	0.816232	0.792464	0.765217	0.800000	0.801015	0.817971	0.811884	0.831884	0.814203	0.835362	0.765217	0.817391	0.832029	0.848841	0.801159	0.814203	0.834783	0.840725	0.857971	0.834783	0.828986	0.840725	0.832319	0.831015	0.814203	0.814203	0.765217	0.765217	0.800580	0.814638	0.827246	0.822899	0.801594	0.820145	0.800000	0.811449	0.814638	0.790725	0.814203	0.812899	0.774638	0.798406	0.765217	0.796232	0.798116	0.812029	0.832319	0.842319	0.820580	0.820725	0.814058	0.829855	0.825072	0.842319	0.834783	0.857971	0.846377	0.765217	0.848985	0.829420	0.857971	0.857971	0.834783	0.831015	0.765217	0.818406	0.814203	0.857971	0.832029	0.829420	0.830435	0.801015	0.765217	0.814203	0.813768	0.815942	0.834783	0.765217	0.811594	0.814203	0.834783	0.801594	0.823333	0.765217	0.811449	0.821014	0.844058	0.805797	0.801159	0.831449	0.815362	0.822754	0.814638	0.837681	0.846377	0.834928	0.835942	0.811594	0.828841	0.834783	0.835797	0.829420	0.829275	0.811594	0.815362	0.813623	0.796812	0.765217	0.857971	0.833623	0.815797	0.827246	0.826087	0.829710	0.813188	0.815362	0.765217	0.814203	0.823188	0.824493	0.835797	0.857971	0.798841	0.832029	0.782464	0.857971	0.820725	0.796667	0.829275	0.832754	0.835942	0.820725	0.828841	0.765217	0.765217	0.801159	0.800000	0.814638	0.800000	0.765217	0.773913	0.794928	0.787536	0.792464	0.782609	0.777101	0.801159	0.786377	0.787536	0.809420	0.794203	0.805507	0.801015	0.831449	0.805507	0.790725	0.808116	0.765217	0.787536	0.811594	0.782609	0.794058	0.805942	0.783768	0.765217	0.791884	0.789855	0.801159	0.806522	0.800000	0.817391	0.776377	0.829275	0.808841	0.804928	0.811594	0.823333	0.814203	0.857971	0.822899	0.792464	0.801159	0.857971	0.800000	0.800000	0.794638	0.805507	0.796232	0.777681	0.805507	0.800000	0.742029	0.772754	0.805507	0.772754	0.800000	0.814203	0.809855	0.782754	0.846377	0.828841	0.811594	0.840145	0.814203	0.835942	0.849420	0.857681	0.835362	0.852754	0.866812	0.861594	0.857681	0.834928	0.834783	0.855507	0.831015	0.835942	0.848985	0.829420	0.852899	0.811884	0.834783	0.827246	0.814203	0.814203	0.822899	0.811884	0.796812	0.801159	0.805507	0.814203	0.811884	0.857971	0.765217	0.814203	0.778841	0.814203	0.814203	0.814058	0.814203	0.814203	0.801594	0.857971	0.765217	0.808841	0.801159	0.820725	0.813623	0.811014	0.838116	0.857971	0.823188	0.814928	0.857971	0.829275	0.814203	0.848985	0.817391	0.818985	0.822754	0.834783	0.857681	0.813623	0.831015	0.813623	0.827681	0.834783	0.831015	0.822319	0.765217	0.816377	0.812464	0.808841	0.814203	0.809275	0.765217	0.765217	0.779420	0.857971	0.814203	0.814203	0.765217	0.765217	0.797246	0.810290	0.818840	0.809275	0.814638	0.796812	0.814203	0.834928	0.765217	0.814638	0.801159	0.765217	0.765217	0.765217	0.831015	0.818116	0.831015	0.835942	0.857971	0.857971	0.842898	0.840290	0.825507	0.840580	0.848406	0.833623	0.848841	0.848985	0.857971	0.848985	0.852754	0.848406	0.829275	0.765217	0.857971	0.835942	0.826667	0.765217	0.765217	0.811884	0.765217	0.765217	0.765217	0.820725	0.813623	0.820725	0.814203	0.814203	0.814203	0.814203	0.808841	0.805362	0.765217	0.829275	0.827536	0.806667	0.811594	0.801159	0.805507	0.765217	0.839275	0.847971	0.814203	0.801159	0.812464	0.835797	0.814203	0.765217	0.765217	0.830000	0.797246	0.821159	0.857971	0.817391	0.814203	0.823333	0.811884	0.798841	0.813623	0.811594	0.765217	0.806667	0.807102	0.798406	0.789855	0.765217	0.779855	0.809420	0.792754	0.811884	0.814638	0.788116	0.832029	0.816232	0.848985	0.765217	0.828986	0.836377	0.834493	0.835072	0.828986	0.825072	0.834783	0.822754	0.850290	0.832029	0.814638	0.821014	0.813623	0.831015	0.821159	0.821594	0.831015	0.800000	0.818551	0.804928	0.800000	0.808841	0.829710	0.807681	0.817971	0.814203	0.800000	0.765217	0.805362	0.834783	0.814203	0.818116	0.813188	0.788406	0.819710	0.765217	0.800580	0.812464	0.814203	0.814638	0.815362	0.818116	0.817536	0.831449	0.830435	0.809275	0.814203	0.808841	0.800000	0.814638	0.814638	0.835362	0.804928	0.813623	0.808116	0.765217	0.805507	0.765217	0.800580	0.801159	0.801015	0.765217	0.799275	0.782609	0.805507	0.800580	0.791884	0.787101	0.804928
%%%	Left Pupil Profile (1st row -> 1 == valid tracking, 0 == invalid tracking; 2nd row -> time; 3rd row -> diameter (mm))
%%%	0	0	0	0	0	0	0	0	0	0	0	0	0	0	0	0	0	0	0	0	0	0	0	0	0	0	0	0	0	0	0	0	0	0	0	0	0	0	0	0	0	0	0	0	0	0	0	0	0	0	0	0	0	0	0	0	0	0	0	0	0	0	0	0	0	0	0	0	0	0	0	0	0	0	0	0	0	0	0	0	0	0	0	0	0	0	0	0	0	0	0	0	0	0	0	0	0	0	0	0	0	0	0	0	0	0	0	0	0	0	0	0	0	0	0	0	0	0	0	0	0	0	0	0	0	0	0	0	0	0	0	0	0	0	0	0	0	0	0	0	0	0	0	0	0	0	0	0	0	0	0	0	0	0	0	0	0	0	0	0	0	0	0	0	0	0	0	0	0	0	0	0	0	0	0	0	0	0	0	0	0	0	0	0	0	0	0	0	0	0	0	0	0	0	0	0	0	0	0	0	0	0	0	0	0	0	0	0	0	0	0	0	0	0	0	0	0	0	0	0	0	0	0	0	0	0	0	0	0	0	0	0	0	0	0	0	0	0	0	0	0	0	0	0	0	0	0	0	0	0	0	0	0	0	0	0	0	0	0	0	0	0	0	0	0	0	0	0	0	0	0	0	0	0	0	0	0	0	0	0	0	0	0	0	0	0	0	0	0	0	0	0	0	0	0	0	0	0	0	0	0	0	0	0	0	0	0	0	0	0	0	0	0	0	0	0	0	0	0	0	0	0	0	0	0	0	0	0	0	0	0	0	0	0	0	0	0	0	0	0	0	0	0	0	0	0	0	0	0	0	0	0	0	0	0	0	0	0	0	0	0	0	0	0	0	0	0	0	0	0	0	0	0	0	0	0	0	0	0	0	0	0	0	0	0	0	0	0	0	0	0	0	0	0	0	0	0	0	0	0	0	0	0	0	0	0	0	0	0	0	0	0	0	0	0	0	0	0	0	0	0	0	0	0	0	0	0	0	0	0	0	0	0	0	0	0	0	0	0	0	0	0	0	0	0	0	0	0	0	0	0	0	0	0	0	0	0	0	0	0	0	0	0	0	0	0	0	0	0	0	0	0	0	0	0	0	0	0	0	0	0	0	0	0	0	0	0	0	0	0	0	0	0	0	0	0	0	0	0	0	0	0	0	0	0	0	0	0	0	0	0	0	0	0	0	0	0	0	0	0	0	0	0	0	0	0	0	0	0	0	0	0	0	0	0	0	0	0	0	0	0	0
%%%	-0.066000	-0.035000	0.012000	0.043000	0.074000	0.106000	0.137000	0.168000	0.199000	0.230000	0.277000	0.308000	0.340000	0.371000	0.402000	0.433000	0.464000	0.511000	0.542000	0.574000	0.605000	0.636000	0.667000	0.698000	0.745000	0.776000	0.808000	0.839000	0.870000	0.901000	0.932000	0.964000	1.010000	1.042000	1.073000	1.104000	1.135000	1.166000	1.198000	1.244000	1.276000	1.307000	1.338000	1.369000	1.400000	1.432000	1.478000	1.510000	1.541000	1.572000	1.603000	1.634000	1.666000	1.697000	1.744000	1.775000	1.806000	1.837000	1.868000	1.900000	1.931000	1.978000	2.009000	2.040000	2.071000	2.102000	2.134000	2.165000	2.196000	2.243000	2.274000	2.305000	2.336000	2.368000	2.399000	2.430000	2.477000	2.508000	2.539000	2.570000	2.602000	2.633000	2.664000	2.711000	2.742000	2.773000	2.804000	2.836000	2.867000	2.898000	2.929000	2.976000	3.007000	3.038000	3.070000	3.101000	3.132000	3.163000	3.210000	3.241000	3.272000	3.304000	3.335000	3.366000	3.397000	3.444000	3.475000	3.506000	3.538000	3.569000	3.600000	3.631000	3.662000	3.709000	3.740000	3.772000	3.803000	3.834000	3.865000	3.896000	3.943000	3.974000	4.006000	4.037000	4.068000	4.099000	4.130000	4.177000	4.208000	4.240000	4.271000	4.302000	4.333000	4.364000	4.396000	4.442000	4.474000	4.505000	4.536000	4.567000	4.598000	4.630000	4.676000	4.708000	4.739000	4.770000	4.801000	4.832000	4.864000	4.895000	4.942000	4.973000	5.004000	5.035000	5.066000	5.098000	5.129000	5.176000	5.207000	5.238000	5.269000	5.300000	5.332000	5.363000	5.410000	5.441000	5.472000	5.503000	5.534000	5.566000	5.597000	5.628000	5.675000	5.706000	5.737000	5.768000	5.800000	5.831000	5.862000	5.909000	5.940000	5.971000	6.002000	6.034000	6.065000	6.096000	6.127000	6.174000	6.205000	6.236000	6.268000	6.299000	6.330000	6.361000	6.408000	6.439000	6.470000	6.502000	6.533000	6.564000	6.595000	6.642000	6.673000	6.704000	6.736000	6.767000	6.798000	6.829000	6.860000	6.907000	6.938000	6.970000	7.001000	7.032000	7.063000	7.094000	7.141000	7.172000	7.204000	7.235000	7.266000	7.297000	7.328000	7.375000	7.406000	7.438000	7.469000	7.500000	7.531000	7.562000	7.594000	7.640000	7.672000	7.703000	7.734000	7.765000	7.796000	7.828000	7.874000	7.906000	7.937000	7.968000	7.999000	8.030000	8.062000	8.108000	8.140000	8.171000	8.202000	8.233000	8.264000	8.296000	8.327000	8.374000	8.405000	8.436000	8.467000	8.498000	8.530000	8.561000	8.608000	8.639000	8.670000	8.701000	8.732000	8.764000	8.795000	8.842000	8.873000	8.904000	8.935000	8.966000	8.998000	9.029000	9.060000	9.107000	9.138000	9.169000	9.200000	9.232000	9.263000	9.294000	9.341000	9.372000	9.403000	9.434000	9.466000	9.497000	9.528000	9.575000	9.606000	9.637000	9.668000	9.700000	9.731000	9.762000	9.793000	9.840000	9.871000	9.902000	9.934000	9.965000	9.996000	10.027000	10.058000	10.105000	10.136000	10.168000	10.199000	10.230000	10.261000	10.292000	10.339000	10.370000	10.402000	10.433000	10.464000	10.495000	10.526000	10.573000	10.604000	10.636000	10.667000	10.698000	10.729000	10.760000	10.792000	10.838000	10.870000	10.901000	10.932000	10.963000	10.994000	11.026000	11.072000	11.104000	11.135000	11.166000	11.197000	11.228000	11.260000	11.306000	11.338000	11.369000	11.400000	11.431000	11.462000	11.494000	11.525000	11.572000	11.603000	11.634000	11.665000	11.696000	11.728000	11.759000	11.806000	11.837000	11.868000	11.899000	11.930000	11.962000	11.993000	12.040000	12.071000	12.102000	12.133000	12.165000	12.196000	12.227000	12.258000	12.305000	12.336000	12.367000	12.399000	12.430000	12.461000	12.492000	12.539000	12.570000	12.601000	12.633000	12.664000	12.695000	12.726000	12.773000	12.804000	12.835000	12.867000	12.898000	12.929000	12.960000	12.991000	13.038000	13.069000	13.101000	13.132000	13.163000	13.194000	13.225000	13.272000	13.303000	13.335000	13.366000	13.397000	13.428000	13.459000	13.506000	13.537000	13.569000	13.600000	13.631000	13.662000	13.693000	13.725000	13.771000	13.803000	13.834000	13.865000	13.896000	13.927000	13.959000	13.990000	14.037000	14.068000	14.099000	14.130000	14.161000	14.193000	14.224000	14.271000	14.302000	14.333000	14.364000	14.395000	14.427000	14.458000	14.505000	14.536000	14.567000	14.598000	14.629000	14.661000	14.692000	14.723000	14.770000	14.801000	14.832000	14.863000	14.895000	14.926000	14.957000	15.004000	15.035000	15.066000	15.097000	15.129000	15.160000	15.191000	15.238000	15.269000	15.300000	15.331000	15.363000	15.394000	15.425000	15.456000	15.503000	15.534000	15.565000	15.597000	15.628000	15.659000	15.690000	15.737000	15.768000	15.799000	15.831000	15.862000	15.893000	15.924000	15.971000	16.002000	16.033000	16.065000	16.096000	16.127000	16.158000	16.189000	16.236000	16.267000	16.299000	16.330000	16.361000	16.392000	16.423000	16.470000	16.501000	16.533000	16.564000	16.595000	16.626000	16.657000	16.704000	16.735000	16.767000	16.798000	16.829000	16.860000	16.891000	16.923000	16.969000	17.001000	17.032000	17.063000	17.094000	17.125000	17.157000	17.203000	17.235000	17.266000	17.297000	17.328000	17.359000	17.391000	17.437000	17.469000	17.500000	17.531000	17.562000	17.593000	17.625000	17.656000	17.703000	17.734000	17.765000	17.796000	17.827000	17.859000	17.890000	17.921000	17.968000
%%%	13.913043	13.913043	13.913043	13.913043	13.913043	13.913043	13.913043	13.913043	13.913043	13.913043	13.913043	13.913043	13.913043	13.913043	13.913043	13.913043	13.913043	13.913043	13.913043	13.913043	13.913043	13.913043	13.913043	13.913043	13.913043	13.913043	13.913043	13.913043	13.913043	13.913043	13.913043	13.913043	13.913043	13.913043	13.913043	13.913043	13.913043	13.913043	13.913043	13.913043	13.913043	13.913043	13.913043	13.913043	13.913043	13.913043	13.913043	13.913043	13.913043	13.913043	13.913043	13.913043	13.913043	13.913043	13.913043	13.913043	13.913043	13.913043	13.913043	13.913043	13.913043	13.913043	13.913043	13.913043	13.913043	13.913043	13.913043	13.913043	13.913043	13.913043	13.913043	13.913043	13.913043	13.913043	13.913043	13.913043	13.913043	13.913043	13.913043	13.913043	13.913043	13.913043	13.913043	13.913043	13.913043	13.913043	13.913043	13.913043	13.913043	13.913043	13.913043	13.913043	13.913043	13.913043	13.913043	13.913043	13.913043	13.913043	13.913043	13.913043	13.913043	13.913043	13.913043	13.913043	13.913043	13.913043	13.913043	13.913043	13.913043	13.913043	13.913043	13.913043	13.913043	13.913043	13.913043	13.913043	13.913043	13.913043	13.913043	13.913043	13.913043	13.913043	13.913043	13.913043	13.913043	13.913043	13.913043	13.913043	13.913043	13.913043	13.913043	13.913043	13.913043	13.913043	13.913043	13.913043	13.913043	13.913043	13.913043	13.913043	13.913043	13.913043	13.913043	13.913043	13.913043	13.913043	13.913043	13.913043	13.913043	13.913043	13.913043	13.913043	13.913043	13.913043	13.913043	13.913043	13.913043	13.913043	13.913043	13.913043	13.913043	13.913043	13.913043	13.913043	13.913043	13.913043	13.913043	13.913043	13.913043	13.913043	13.913043	13.913043	13.913043	13.913043	13.913043	13.913043	13.913043	13.913043	13.913043	13.913043	13.913043	13.913043	13.913043	13.913043	13.913043	13.913043	13.913043	13.913043	13.913043	13.913043	13.913043	13.913043	13.913043	13.913043	13.913043	13.913043	13.913043	13.913043	13.913043	13.913043	13.913043	13.913043	13.913043	13.913043	13.913043	13.913043	13.913043	13.913043	13.913043	13.913043	13.913043	13.913043	13.913043	13.913043	13.913043	13.913043	13.913043	13.913043	13.913043	13.913043	13.913043	13.913043	13.913043	13.913043	13.913043	13.913043	13.913043	13.913043	13.913043	13.913043	13.913043	13.913043	13.913043	13.913043	13.913043	13.913043	13.913043	13.913043	13.913043	13.913043	13.913043	13.913043	13.913043	13.913043	13.913043	13.913043	13.913043	13.913043	13.913043	13.913043	13.913043	13.913043	13.913043	13.913043	13.913043	13.913043	13.913043	13.913043	13.913043	13.913043	13.913043	13.913043	13.913043	13.913043	13.913043	13.913043	13.913043	13.913043	13.913043	13.913043	13.913043	13.913043	13.913043	13.913043	13.913043	13.913043	13.913043	13.913043	13.913043	13.913043	13.913043	13.913043	13.913043	13.913043	13.913043	13.913043	13.913043	13.913043	13.913043	13.913043	13.913043	13.913043	13.913043	13.913043	13.913043	13.913043	13.913043	13.913043	13.913043	13.913043	13.913043	13.913043	13.913043	13.913043	13.913043	13.913043	13.913043	13.913043	13.913043	13.913043	13.913043	13.913043	13.913043	13.913043	13.913043	13.913043	13.913043	13.913043	13.913043	13.913043	13.913043	13.913043	13.913043	13.913043	13.913043	13.913043	13.913043	13.913043	13.913043	13.913043	13.913043	13.913043	13.913043	13.913043	13.913043	13.913043	13.913043	13.913043	13.913043	13.913043	13.913043	13.913043	13.913043	13.913043	13.913043	13.913043	13.913043	13.913043	13.913043	13.913043	13.913043	13.913043	13.913043	13.913043	13.913043	13.913043	13.913043	13.913043	13.913043	13.913043	13.913043	13.913043	13.913043	13.913043	13.913043	13.913043	13.913043	13.913043	13.913043	13.913043	13.913043	13.913043	13.913043	13.913043	13.913043	13.913043	13.913043	13.913043	13.913043	13.913043	13.913043	13.913043	13.913043	13.913043	13.913043	13.913043	13.913043	13.913043	13.913043	13.913043	13.913043	13.913043	13.913043	13.913043	13.913043	13.913043	13.913043	13.913043	13.913043	13.913043	13.913043	13.913043	13.913043	13.913043	13.913043	13.913043	13.913043	13.913043	13.913043	13.913043	13.913043	13.913043	13.913043	13.913043	13.913043	13.913043	13.913043	13.913043	13.913043	13.913043	13.913043	13.913043	13.913043	13.913043	13.913043	13.913043	13.913043	13.913043	13.913043	13.913043	13.913043	13.913043	13.913043	13.913043	13.913043	13.913043	13.913043	13.913043	13.913043	13.913043	13.913043	13.913043	13.913043	13.913043	13.913043	13.913043	13.913043	13.913043	13.913043	13.913043	13.913043	13.913043	13.913043	13.913043	13.913043	13.913043	13.913043	13.913043	13.913043	13.913043	13.913043	13.913043	13.913043	13.913043	13.913043	13.913043	13.913043	13.913043	13.913043	13.913043	13.913043	13.913043	13.913043	13.913043	13.913043	13.913043	13.913043	13.913043	13.913043	13.913043	13.913043	13.913043	13.913043	13.913043	13.913043	13.913043	13.913043	13.913043	13.913043	13.913043	13.913043	13.913043	13.913043	13.913043	13.913043	13.913043	13.913043	13.913043	13.913043	13.913043	13.913043	13.913043	13.913043	13.913043	13.913043	13.913043	13.913043	13.913043	13.913043	13.913043	13.913043	13.913043	13.913043	13.913043	13.913043	13.913043	13.913043	13.913043	13.913043	13.913043	13.913043	13.913043	13.913043	13.913043	13.913043	13.913043	13.913043	13.913043	13.913043	13.913043	13.913043	13.913043	13.913043	13.913043	13.913043	13.913043	13.913043	13.913043	13.913043	13.913043	13.913043	13.913043
%%%	Pulse Index	Stimulus Section Index	Stimulus Section Start Index	Stimulus Section End Index	Pupil Stimulated: 0 = Right, 1 = Left, 2 = Both	Light Metric: 0 = Photopic, 1 = Scopotic, 2 = Radiometric	Stimulus Start Time	Stimulus Duration	Stimulus Pulse Duration	Right Pulse Max Level	Right Pulse Max Color (0123 = WRGB)	Right Pulse Min Level	Right Pulse Min Color (0123 = WRGB)	Left Pulse Max Level	Left Pulse Max Color (0123 = WRGB)	Left Pulse Min Level	Left Pulse Min Color (0123 = WRGB)	Right Data Input Type (0 == RAW DATA, 1 == FITTED DATA, 2 == M. OVERRIDED)	Right ANALYSIS STATE (0 == ABNORMAL, 1 == NORMAL)	Right MAX (mm) (EMPTY if INVALID)	Right MIN (mm) (EMPTY if INVALID)	Right DELTA (mm) (EMPTY if INVALID)	Right CH (%) (EMPTY if INVALID)	Right LAT (sec) (EMPTY if INVALID)	Right CV (mm/s) (EMPTY if INVALID)	Right MCV (mm/s) (EMPTY if INVALID)	Right DV (mm/s) (EMPTY if INVALID)	Left Data Input Type (0 == RAW DATA, 1 == FITTED DATA, 2 == M. OVERRIDED)	Left ANALYSIS STATE (0 == ABNORMAL, 1 == NORMAL)	Left MAX (mm) (EMPTY if INVALID)	Left MIN (mm) (EMPTY if INVALID)	Left DELTA (mm) (EMPTY if INVALID)	Left CH (%) (EMPTY if INVALID)	Left LAT (sec) (EMPTY if INVALID)	Left CV (mm/s) (EMPTY if INVALID)	Left MCV (mm/s) (EMPTY if INVALID)	Left DV (mm/s) (EMPTY if INVALID)
%%%	0	0	18	542	0	0	0.51	17.52	0.51	15.98	1	0.00	1	0.00	1	0.00	1	0	1	0.89	0.76	0.13	15%	0.30	0.22	0.74	0.16	0	0	0.00	0.00			0.00	0.00	0.00	0.00
%%%%%%%%%
%%%%%%%%%
%%%%%%%%%
<\SESSION>
