<SESSION>
<VERSION>
2
<\VERSION>
<DATE>
2017-10-31 12:13:47
<\DATE>
<SUBJECT-ID>
C57BL6-28.09.17-DA-1mois-M3-1.2r
<\SUBJECT-ID>
<NOTE>

<\NOTE>
<MIN-MAX-PLOT>
0.100000 51880.761719
<\MIN-MAX-PLOT>
<STIMULUS-DEFINED>
Default
Default Human Relative Spectral Sensitivity
1	0
1	0.500000	0.500000	17.000000	1	1	1.200000	-100.000000	0.100000	-100.000000	0
<\STIMULUS-DEFINED>
<STIMULUS-GENERATED>
4
0	0	0.000000	1	0.000000	0.000000	1	0.000000	0.000000
0	1	0.510000	1	0.065221	15.983889	1	0.000000	0.000000
0	4	1.019000	1	0.000000	0.000000	1	0.000000	0.000000
-1	5	18.028000	0	0.000000	0.000000	0	0.000000	0.000000
<\STIMULUS-GENERATED>
<RIGHT-PUPIL-DATA>
543	1
1	-0.049000	1.031884	343.500000	299.500000
1	-0.018000	0.954928	344.718750	300.231262
1	0.013000	0.957102	344.312500	300.750000
1	0.044000	0.993333	343.762482	301.274994
1	0.075000	1.008696	344.500000	302.500000
1	0.107000	0.955362	343.475006	302.724945
1	0.138000	0.979710	344.875000	300.875000
1	0.185000	0.989710	344.668762	300.781250
1	0.216000	1.044058	344.500000	300.500000
1	0.247000	0.985507	343.500000	301.500000
1	0.278000	1.008696	344.500000	302.500000
1	0.309000	0.973333	343.500000	303.500000
1	0.341000	0.988551	344.281250	302.281250
1	0.372000	1.003768	344.437500	301.062500
1	0.419000	1.002899	344.000000	300.500000
1	0.450000	1.025942	343.756256	300.756256
1	0.481000	1.007102	344.468750	303.018738
1	0.512000	1.008696	342.500000	302.500000
1	0.543000	1.043478	343.500000	303.500000
1	0.575000	1.030290	343.693756	302.693756
1	0.606000	1.026667	344.750000	301.250000
1	0.637000	0.962319	344.000000	300.000000
1	0.684000	1.055072	345.500000	303.500000
1	0.715000	1.055072	345.000000	302.000000
1	0.746000	0.927246	344.337494	300.662506
1	0.777000	1.044058	344.000000	302.500000
1	0.809000	0.977101	345.912506	301.962494
1	0.840000	0.967971	346.531250	300.906250
1	0.871000	0.922898	346.262421	300.774933
1	0.918000	0.927681	346.468750	300.531250
1	0.949000	0.936812	344.975006	302.475006
1	0.980000	0.920580	344.225006	302.225006
1	1.011000	0.922319	345.500000	301.812500
1	1.043000	0.915797	345.718750	301.281250
1	1.074000	0.869565	345.500000	299.500000
1	1.105000	0.869565	345.500000	299.500000
1	1.152000	0.887246	345.712494	299.287506
1	1.183000	0.856377	346.181244	301.431244
1	1.214000	0.892754	345.500000	303.500000
1	1.245000	0.866812	345.231262	302.718750
1	1.277000	0.870580	346.543732	300.543732
1	1.308000	0.884493	346.281250	299.993774
1	1.339000	0.869565	345.500000	299.500000
1	1.370000	0.869565	345.500000	299.500000
1	1.417000	0.885942	345.743744	301.006256
1	1.448000	0.869565	345.500000	303.500000
1	1.479000	0.883623	346.693756	302.006256
1	1.511000	0.917101	346.774933	300.224945
1	1.542000	0.946232	347.156250	299.343750
1	1.573000	0.920145	347.768738	299.781250
1	1.604000	0.936377	347.531250	299.468750
1	1.651000	0.939130	347.000000	301.000000
1	1.682000	0.927536	346.500000	301.500000
1	1.713000	0.896232	346.924988	301.875000
1	1.745000	0.955507	347.256256	300.256256
1	1.776000	0.936811	346.025055	299.024933
1	1.807000	0.950725	346.750000	298.750000
1	1.838000	0.883623	348.693756	299.693756
1	1.885000	0.950725	346.625000	299.375000
1	1.916000	0.929855	346.125000	300.625000
1	1.947000	0.902754	347.018738	302.018738
1	1.979000	0.947826	346.437500	300.687500
1	2.010000	0.922319	346.625000	299.799988
1	2.041000	0.921159	346.799988	299.750000
1	2.072000	0.934203	346.424988	298.937500
1	2.103000	0.937680	346.637756	299.487549
1	2.150000	0.917971	346.562500	301.187500
1	2.181000	0.918406	346.618744	300.756256
1	2.213000	0.906812	346.981140	300.631226
1	2.244000	0.946232	347.156250	299.593750
1	2.275000	0.937971	347.024994	298.975006
1	2.306000	0.928841	347.343750	299.093750
1	2.337000	0.901449	348.000000	299.500000
1	2.369000	0.920580	346.225006	300.725006
1	2.415000	0.907102	347.593750	301.781250
1	2.447000	0.920725	348.243744	300.243744
1	2.478000	0.954928	348.268738	299.281250
1	2.509000	0.907102	346.781250	298.956238
1	2.540000	0.916377	348.568756	298.931244
1	2.571000	0.947101	347.856232	299.643707
1	2.603000	0.946667	347.350006	300.637482
1	2.649000	0.887971	347.693756	300.256256
1	2.681000	0.920145	347.031250	300.218750
1	2.712000	0.964638	347.937500	298.562500
1	2.743000	0.921884	348.243744	298.368744
1	2.774000	0.962319	346.500000	298.500000
1	2.805000	0.940290	348.475006	298.475006
1	2.837000	0.938116	347.493744	299.543732
1	2.883000	0.890580	347.906250	299.831238
1	2.915000	0.881159	349.250000	299.750000
1	2.946000	0.912029	348.368744	297.918732
1	2.977000	0.935797	347.993744	297.993744
1	3.008000	0.929855	347.875000	298.625000
1	3.039000	0.938986	347.543732	298.493805
1	3.071000	0.928841	347.343750	299.906250
1	3.102000	0.894638	347.618744	300.131256
1	3.149000	0.920145	347.781250	298.218750
1	3.180000	0.927536	348.250000	298.750000
1	3.211000	0.929855	347.875000	297.875000
1	3.242000	0.920145	348.218750	298.781250
1	3.273000	0.964493	347.893707	299.393768
1	3.305000	0.939855	348.331177	300.518738
1	3.336000	0.927536	349.500000	298.500000
1	3.383000	0.920580	348.225006	298.262482
1	3.414000	0.954928	349.268738	297.281250
1	3.445000	0.954928	348.406250	297.718750
1	3.476000	0.964058	347.600006	299.399994
1	3.507000	0.938116	346.006256	299.006256
1	3.539000	0.957102	347.299988	299.299988
1	3.570000	0.915942	348.500000	298.500000
1	3.617000	0.938116	348.006195	298.006256
1	3.648000	0.966232	347.431244	298.568756
1	3.679000	0.920145	347.218750	297.781250
1	3.710000	0.950580	347.218750	299.656250
1	3.741000	0.935072	346.575104	300.475006
1	3.773000	0.904348	347.500000	298.500000
1	3.804000	0.915942	348.500000	298.500000
1	3.835000	0.937971	347.024994	298.225006
1	3.882000	0.915942	348.500000	298.500000
1	3.913000	0.909420	347.793762	299.643738
1	3.944000	0.952319	346.306244	299.868744
1	3.975000	0.951015	346.837494	300.787506
1	4.007000	0.927536	347.500000	298.500000
1	4.038000	0.937971	347.774994	298.975006
1	4.069000	0.931449	347.868744	299.506256
1	4.116000	0.927246	346.662506	299.837494
1	4.147000	0.937246	347.406281	301.006256
1	4.178000	0.951159	346.193756	301.806244
1	4.209000	0.898116	347.968750	301.631226
1	4.241000	0.917536	348.256256	299.943756
1	4.272000	0.936377	347.568726	299.981262
1	4.303000	0.916377	347.806244	300.306244
1	4.350000	0.931884	347.000000	299.375000
1	4.381000	0.965217	346.937500	300.812500
1	4.412000	0.935942	347.025024	301.999878
1	4.443000	0.904348	347.250000	300.250000
1	4.475000	0.947246	347.375000	300.125000
1	4.506000	0.990290	346.756256	299.756256
1	4.537000	0.965942	346.750000	299.562500
1	4.568000	0.939275	346.506317	300.543732
1	4.615000	0.972319	345.968750	302.381226
1	4.646000	0.956377	346.218689	302.468750
1	4.677000	0.940145	347.543732	300.493744
1	4.709000	0.973188	347.018738	300.468750
1	4.740000	0.953623	346.750000	299.500000
1	4.771000	0.885507	346.737488	299.262512
1	4.802000	0.972899	346.993744	301.493744
1	4.849000	0.950580	347.156250	301.843750
1	4.880000	0.963623	347.593750	300.843750
1	4.911000	0.853768	349.718750	301.156250
1	4.943000	0.938116	347.543732	299.006256
1	4.974000	0.951015	347.412506	298.787506
1	5.005000	0.931594	347.399994	300.649994
1	5.036000	0.939855	347.518738	301.668762
1	5.083000	0.941159	347.512482	301.712494
1	5.114000	0.955942	348.250000	299.299988
1	5.145000	0.938116	348.568604	298.993896
1	5.177000	0.875362	350.000000	300.000000
1	5.208000	0.962319	348.500000	300.500000
1	5.239000	0.940290	346.475006	300.475006
1	5.270000	0.929275	347.600006	299.899994
1	5.301000	0.921159	347.750000	299.250000
1	5.348000	0.939130	348.000000	299.000000
1	5.379000	0.936232	348.537537	298.000000
1	5.411000	0.950725	348.750000	298.250000
1	5.442000	0.972754	347.975006	298.524994
1	5.473000	0.942319	347.587494	299.475006
1	5.504000	0.946667	347.350006	300.149994
1	5.535000	0.924493	347.593750	299.843750
1	5.582000	0.920145	348.781250	297.781250
1	5.613000	0.937971	348.024994	298.024994
1	5.645000	0.930580	348.618744	297.618744
1	5.676000	0.959275	348.581238	298.168762
1	5.707000	0.954928	347.718750	299.281250
1	5.738000	0.954928	347.268738	300.281250
1	5.769000	0.937971	347.475006	299.975006
1	5.816000	0.939275	348.056244	298.493744
1	5.847000	0.937971	348.024994	297.975006
1	5.879000	0.916232	348.199982	297.787506
1	5.910000	0.953333	348.462494	298.537506
1	5.941000	0.955362	348.274994	299.274994
1	5.972000	0.955942	348.250000	299.250000
1	6.003000	0.950725	348.625000	298.875000
1	6.035000	0.938116	349.006256	297.993744
1	6.081000	0.915942	348.500000	298.500000
1	6.113000	0.915942	350.500000	296.500000
1	6.144000	0.962319	348.500000	296.500000
1	6.175000	0.920580	349.225006	297.774994
1	6.206000	0.959275	348.656250	298.656250
1	6.237000	0.894638	350.168701	297.181213
1	6.269000	0.928841	349.906250	297.093750
1	6.315000	0.920145	350.218750	296.781250
1	6.347000	0.850145	347.537506	295.837494
1	6.378000	0.938116	348.993744	296.993744
1	6.409000	0.929855	348.362488	297.875000
1	6.440000	0.885507	348.287537	297.262512
1	6.471000	0.946667	349.350006	297.149994
1	6.503000	0.935797	349.243744	296.006256
1	6.534000	0.937536	350.518738	296.518738
1	6.581000	0.935797	349.456268	296.993744
1	6.612000	0.947246	349.375000	297.375000
1	6.643000	0.946667	349.350006	298.350006
1	6.674000	0.915942	350.500000	298.500000
1	6.705000	0.920145	350.218750	298.781250
1	6.737000	0.927536	350.250000	297.250000
1	6.768000	0.846377	351.500000	299.500000
1	6.815000	0.948551	350.393768	297.493744
1	6.846000	0.929275	350.537506	298.100006
1	6.877000	0.904348	349.500000	298.500000
1	6.908000	0.918551	350.162506	300.162506
1	6.939000	0.834638	351.556274	300.031250
1	6.971000	0.939275	350.493744	297.493744
1	7.002000	0.904348	350.500000	296.500000
1	7.049000	0.905507	349.975006	297.012482
1	7.080000	0.885507	350.737488	297.262512
1	7.111000	0.902029	349.475006	297.524994
1	7.142000	0.920580	348.774994	298.774994
0	7.173000	0.869565	349.500000	295.500000
1	7.205000	0.871014	350.087402	296.874756
1	7.236000	0.895652	350.750000	296.500000
1	7.267000	0.881594	349.318756	295.318756
1	7.314000	0.903333	350.493744	297.943756
1	7.345000	0.885797	350.225006	298.225006
1	7.376000	0.874058	349.943756	297.868744
1	7.407000	0.886376	350.287720	296.274902
0	7.439000	0.834058	349.981262	295.018738
1	7.470000	0.869565	349.500000	295.500000
1	7.501000	0.895072	351.174988	295.862488
1	7.548000	0.903623	351.018738	295.468750
1	7.579000	0.884203	349.281250	296.718750
1	7.610000	0.843478	350.750000	299.000000
1	7.641000	0.904348	349.500000	294.500000
1	7.673000	0.800000	347.500000	293.500000
1	7.704000	0.869565	349.500000	295.500000
1	7.735000	0.898985	349.943756	294.556244
1	7.782000	0.934058	350.456238	295.031250
1	7.813000	0.835507	349.018738	294.231262
1	7.844000	0.878116	349.068756	296.618744
1	7.875000	0.878986	350.750000	297.187500
1	7.907000	0.889275	351.649994	295.824982
1	7.938000	0.904348	351.250000	295.750000
1	7.969000	0.869565	349.500000	295.500000
1	8.000000	0.869565	349.500000	295.500000
0	8.047000	0.835797	349.506256	295.381256
1	8.078000	0.869565	349.500000	295.500000
1	8.109000	0.869710	350.506256	298.006256
0	8.141000	0.858116	350.093750	296.656250
1	8.172000	0.886812	351.743744	296.318756
1	8.203000	0.873333	351.125000	297.125000
1	8.234000	0.883623	350.693756	296.306244
1	8.281000	0.869565	349.500000	295.500000
1	8.312000	0.881159	349.500000	296.500000
1	8.343000	0.898406	349.781250	297.531250
1	8.375000	0.915942	350.000000	299.000000
1	8.406000	0.876812	351.862488	298.137512
0	8.437000	0.869565	349.500000	295.500000
1	8.468000	0.870145	351.500000	297.075012
1	8.499000	0.866232	351.943756	297.193756
1	8.546000	0.910145	349.924988	297.325012
1	8.577000	0.864493	350.768738	298.043762
1	8.609000	0.887681	350.268738	297.706238
1	8.640000	0.887246	350.287506	295.712494
1	8.671000	0.869565	349.500000	295.500000
1	8.702000	0.859710	351.774994	297.274994
1	8.733000	0.902754	350.968750	295.981262
1	8.780000	0.896667	350.881256	297.068756
1	8.811000	0.920145	350.218750	297.218750
1	8.843000	0.885507	349.362488	297.737488
0	8.874000	0.869565	349.500000	295.500000
1	8.905000	0.866232	351.443756	295.806244
0	8.936000	0.869565	349.500000	295.500000
1	8.967000	0.903768	351.500000	295.500000
1	9.014000	0.851883	350.737488	294.862366
1	9.045000	0.892754	350.625000	296.625000
1	9.077000	0.859275	351.781250	297.343750
0	9.108000	0.794203	350.500000	294.500000
1	9.139000	0.861594	351.281250	294.731262
1	9.170000	0.869565	353.500000	295.500000
1	9.201000	0.869565	349.500000	295.500000
1	9.233000	0.885507	351.637512	295.262512
1	9.279000	0.805362	349.943756	294.943756
1	9.311000	0.845797	350.837494	295.600006
1	9.342000	0.851594	351.875000	297.125000
1	9.373000	0.878261	351.750000	294.750000
1	9.404000	0.857681	351.699982	293.912506
1	9.435000	0.885507	351.262512	293.262512
1	9.467000	0.894638	351.618744	293.618744
1	9.513000	0.902029	351.524994	294.475006
1	9.545000	0.884638	351.700012	295.312500
1	9.576000	0.884928	352.287506	295.274994
1	9.607000	0.901449	353.500000	294.750000
1	9.638000	0.869565	353.500000	295.500000
1	9.669000	0.885942	353.993744	293.956268
1	9.701000	0.886812	354.281219	293.743744
1	9.747000	0.820145	354.781250	294.218750
1	9.779000	0.902754	352.531250	294.531250
1	9.810000	0.916377	352.693756	294.681244
1	9.841000	0.904493	353.493744	293.993744
1	9.872000	0.912029	354.068756	293.631256
1	9.903000	0.918985	354.218750	293.268738
1	9.935000	0.869565	353.500000	291.500000
1	9.966000	0.869565	353.500000	291.500000
1	10.013000	0.920580	353.225006	294.225006
1	10.044000	0.920725	353.243744	294.756256
1	10.075000	0.885362	353.968750	294.531250
1	10.106000	0.899855	354.931244	293.806244
1	10.137000	0.887826	354.987427	293.362488
1	10.169000	0.877101	354.212494	293.350006
1	10.200000	0.904348	353.750000	293.250000
1	10.247000	0.892319	353.618744	293.118744
1	10.278000	0.883623	353.806244	294.693756
1	10.309000	0.866377	353.787506	294.962494
1	10.340000	0.894493	353.424988	294.424988
1	10.371000	0.884928	354.287506	292.350006
1	10.403000	0.869565	355.125000	293.125000
1	10.434000	0.875507	355.093750	293.581238
1	10.465000	0.920725	354.243744	292.756256
1	10.512000	0.907246	354.649963	294.649963
1	10.543000	0.884928	354.350006	295.287506
1	10.574000	0.894638	353.143829	296.381256
1	10.605000	0.869565	353.500000	295.500000
1	10.637000	0.900580	353.637512	294.112488
1	10.668000	0.921014	354.018738	293.981262
1	10.699000	0.869565	353.500000	291.500000
1	10.746000	0.903333	354.493744	293.493744
1	10.777000	0.869565	353.500000	295.500000
1	10.808000	0.892754	353.500000	293.500000
1	10.839000	0.881159	354.200012	295.674988
1	10.871000	0.892754	354.625000	294.375000
1	10.902000	0.869565	353.500000	295.500000
1	10.933000	0.858551	356.274994	293.337494
1	10.980000	0.881159	354.500000	293.500000
1	11.011000	0.869565	353.500000	295.500000
1	11.042000	0.869565	353.500000	295.500000
1	11.073000	0.915072	353.149994	295.712494
1	11.105000	0.883333	353.331238	294.281250
1	11.136000	0.869565	353.500000	295.500000
1	11.167000	0.883623	354.431244	294.693756
1	11.198000	0.881159	354.500000	293.500000
0	11.245000	0.869565	353.500000	295.500000
0	11.276000	0.869565	353.500000	295.500000
1	11.307000	0.857681	354.662506	295.162506
1	11.339000	0.876232	354.087494	295.100006
1	11.370000	0.866377	354.962494	294.787506
1	11.401000	0.883188	355.687500	293.312500
1	11.432000	0.866812	355.031250	293.456238
1	11.479000	0.834783	353.750000	292.750000
1	11.510000	0.862029	353.975006	292.975006
1	11.542000	0.855362	354.587494	294.337494
1	11.573000	0.866812	353.968750	294.968750
1	11.604000	0.869565	353.500000	295.500000
1	11.635000	0.851594	354.375000	292.875000
1	11.666000	0.865797	354.937500	293.549988
1	11.713000	0.869565	353.500000	291.500000
1	11.744000	0.870290	354.518738	293.518738
1	11.776000	0.865652	353.831238	293.981262
1	11.807000	0.868551	353.818756	293.543732
1	11.838000	0.872464	353.250000	294.000000
1	11.869000	0.869565	353.500000	291.500000
1	11.900000	0.869565	353.500000	291.500000
1	11.932000	0.835362	355.375000	292.000000
1	11.978000	0.848985	354.462494	291.787506
1	12.010000	0.874928	354.318756	291.818756
1	12.041000	0.868841	353.518738	292.518738
1	12.072000	0.857971	353.500000	291.500000
1	12.103000	0.852174	354.125000	291.875000
1	12.134000	0.883188	353.737488	291.262512
1	12.166000	0.869565	353.500000	291.500000
1	12.212000	0.881159	354.750000	291.250000
1	12.244000	0.846377	354.750000	292.424988
1	12.275000	0.852899	353.656250	292.768738
1	12.306000	0.869565	352.750000	292.750000
1	12.337000	0.866812	354.968750	293.218750
1	12.368000	0.873333	355.125000	292.062500
1	12.400000	0.906377	354.637512	292.612427
1	12.446000	0.876812	355.137512	291.612488
1	12.478000	0.875507	354.843750	292.406250
1	12.509000	0.883623	354.693756	293.306244
1	12.540000	0.881159	354.500000	292.500000
1	12.571000	0.883623	353.693756	294.306244
1	12.602000	0.870145	354.875000	292.549988
1	12.634000	0.869565	353.500000	291.500000
1	12.665000	0.883188	355.299988	291.262512
1	12.712000	0.846377	355.500000	289.500000
1	12.743000	0.876812	355.375000	290.875000
1	12.774000	0.904348	354.500000	291.500000
1	12.805000	0.883623	354.268768	291.256256
1	12.836000	0.866377	355.037506	291.212494
1	12.868000	0.888116	355.725006	289.699982
1	12.899000	0.895072	355.875000	289.125000
1	12.946000	0.859855	355.318756	289.806244
1	12.977000	0.865797	355.437500	289.062500
1	13.008000	0.865362	355.193756	288.556244
1	13.039000	0.869710	354.493744	290.493744
1	13.070000	0.855507	354.693756	291.731232
1	13.102000	0.881449	355.762482	292.012543
1	13.133000	0.881159	356.312500	291.724976
1	13.180000	0.839275	355.556244	289.556244
1	13.211000	0.883623	355.306244	291.318756
1	13.242000	0.857971	355.500000	290.500000
1	13.273000	0.857681	355.337494	292.662506
1	13.304000	0.878261	354.312500	292.312500
1	13.336000	0.869565	353.500000	291.500000
1	13.367000	0.884203	355.718689	292.031250
1	13.398000	0.892754	355.500000	289.500000
1	13.445000	0.869565	357.500000	291.500000
1	13.476000	0.881159	355.500000	291.500000
1	13.507000	0.862029	356.024994	291.350006
1	13.538000	0.902754	355.518738	291.618774
1	13.570000	0.857681	354.912506	292.287506
1	13.601000	0.869565	353.500000	291.500000
1	13.632000	0.877681	356.375000	291.375000
1	13.679000	0.857102	356.062500	290.062500
1	13.710000	0.869565	355.250000	290.750000
1	13.741000	0.869565	353.500000	291.500000
1	13.772000	0.869565	353.500000	291.500000
1	13.804000	0.835942	355.024994	291.975006
1	13.835000	0.856377	355.131256	291.993744
1	13.866000	0.814203	356.662506	290.712494
1	13.897000	0.834783	356.500000	290.500000
1	13.944000	0.855797	356.268738	290.793762
1	13.975000	0.869565	357.500000	291.500000
1	14.006000	0.869565	353.500000	291.500000
1	14.038000	0.834493	355.999969	292.012421
1	14.069000	0.828986	355.500000	292.000000
1	14.100000	0.869565	357.500000	291.500000
1	14.131000	0.863768	356.125000	290.875000
1	14.178000	0.832029	356.093750	290.468750
1	14.209000	0.892754	355.500000	289.500000
1	14.240000	0.870580	355.543732	290.543732
1	14.272000	0.863623	355.218750	292.031250
1	14.303000	0.836811	356.387573	292.387573
1	14.334000	0.869565	357.500000	291.500000
1	14.365000	0.869565	357.500000	291.500000
1	14.396000	0.851594	356.750000	290.812500
1	14.443000	0.869565	357.500000	291.500000
1	14.474000	0.826087	357.312500	291.062500
1	14.506000	0.866232	356.193756	291.193756
1	14.537000	0.835942	355.975006	291.975006
1	14.568000	0.883188	355.737488	293.312500
1	14.599000	0.869565	356.375000	290.875000
1	14.630000	0.805507	357.399994	291.975006
1	14.677000	0.846377	357.500000	289.500000
1	14.708000	0.883623	356.693756	290.631256
1	14.740000	0.892754	355.500000	289.500000
1	14.771000	0.895072	355.875000	290.875000
1	14.802000	0.869565	356.000000	292.000000
1	14.833000	0.843623	356.268768	291.868744
1	14.864000	0.865797	357.062500	290.437500
1	14.911000	0.835652	357.000031	290.412506
1	14.942000	0.843478	357.500000	289.750000
1	14.974000	0.848985	356.787506	289.212494
1	15.005000	0.869565	357.500000	291.500000
1	15.036000	0.834783	355.500000	290.500000
1	15.067000	0.869565	357.500000	291.500000
1	15.098000	0.892754	355.500000	289.500000
1	15.130000	0.871159	357.093750	290.781250
1	15.176000	0.869565	357.500000	287.500000
1	15.208000	0.857971	356.750000	289.750000
1	15.239000	0.869565	357.500000	291.500000
1	15.270000	0.834783	356.968750	289.968750
1	15.301000	0.875072	356.537506	290.862518
1	15.332000	0.857971	356.500000	290.500000
1	15.364000	0.838551	356.937500	291.937500
1	15.410000	0.869565	357.500000	291.500000
1	15.442000	0.892754	355.500000	289.500000
1	15.473000	0.881449	356.287506	289.287506
1	15.504000	0.870725	357.100006	290.774994
1	15.535000	0.840725	357.468750	290.531250
1	15.566000	0.881594	356.318756	290.681244
1	15.598000	0.871159	356.468750	291.518738
1	15.644000	0.846377	357.500000	291.500000
1	15.676000	0.865797	357.062500	291.187500
1	15.707000	0.869565	357.500000	291.500000
1	15.738000	0.846377	357.500000	291.500000
1	15.769000	0.869565	357.125000	290.875000
1	15.800000	0.869565	357.500000	291.500000
1	15.832000	0.869565	357.500000	291.500000
1	15.863000	0.869565	357.500000	291.500000
1	15.910000	0.841884	357.856201	291.893738
1	15.941000	0.828841	358.093750	290.906250
1	15.972000	0.862319	358.612488	289.762512
1	16.003000	0.834783	359.500000	289.500000
1	16.034000	0.843623	358.731171	288.868744
1	16.066000	0.835942	357.975006	288.975006
1	16.097000	0.847101	358.206238	290.106262
1	16.144000	0.869565	357.500000	291.500000
1	16.175000	0.835942	357.600006	291.012482
1	16.206000	0.800000	359.250000	289.750000
1	16.237000	0.817536	357.631256	289.243744
1	16.268000	0.828986	358.625000	288.875000
1	16.300000	0.817536	358.243744	289.368744
1	16.331000	0.844638	358.100006	288.725006
1	16.378000	0.857102	358.062500	290.674988
1	16.409000	0.835362	357.987488	291.000000
1	16.440000	0.800000	357.500000	289.500000
1	16.471000	0.847971	358.806244	288.806244
1	16.502000	0.822319	358.062500	288.937500
1	16.534000	0.829855	357.937500	288.937500
1	16.565000	0.851449	358.268738	289.143738
1	16.596000	0.840145	360.106262	289.518738
1	16.643000	0.816232	358.899994	290.225006
1	16.674000	0.865797	358.187500	290.750000
1	16.705000	0.866377	358.037506	290.574982
1	16.736000	0.839710	358.437500	289.687500
1	16.768000	0.867971	358.518738	289.156250
1	16.799000	0.818985	357.831238	288.843750
1	16.830000	0.846377	359.250000	289.250000
1	16.877000	0.874928	358.068756	289.306244
1	16.908000	0.869565	357.500000	291.500000
1	16.939000	0.875362	357.500000	291.000000
1	16.970000	0.860290	358.937500	291.625000
1	17.002000	0.827246	359.524994	290.475006
1	17.033000	0.855362	358.287506	289.762482
1	17.064000	0.874928	358.181244	289.318756
1	17.111000	0.846812	358.168732	289.068756
1	17.142000	0.778841	356.812500	288.187500
1	17.173000	0.866232	358.193756	288.806244
1	17.204000	0.853768	357.268738	289.156250
1	17.236000	0.853623	358.299988	290.687500
1	17.267000	0.851015	358.149994	289.162506
1	17.298000	0.833188	358.018738	289.018738
1	17.329000	0.868406	358.912506	288.475006
1	17.376000	0.839710	359.062500	289.187500
1	17.407000	0.834783	357.500000	289.500000
1	17.438000	0.857681	357.287506	289.162506
1	17.470000	0.848985	357.462494	290.212494
1	17.501000	0.848406	358.187500	289.187500
1	17.532000	0.871159	358.156250	288.781250
1	17.563000	0.817536	358.368744	289.243744
1	17.610000	0.858116	358.343750	289.281250
1	17.641000	0.841449	358.087646	289.487549
1	17.672000	0.809855	358.774994	290.837494
1	17.704000	0.869565	357.000000	290.000000
1	17.735000	0.849420	358.218750	291.218750
1	17.766000	0.848985	357.787506	289.787506
1	17.797000	0.800000	359.500000	289.500000
1	17.844000	0.840580	358.000000	290.000000
1	17.875000	0.822319	358.812500	290.437500
1	17.906000	0.850724	358.187622	290.187622
1	17.938000	0.861594	358.268738	290.968750
1	17.969000	0.857681	358.087494	291.662506
1	18.000000	0.858116	358.093750	292.093750
<\RIGHT-PUPIL-DATA>
<LEFT-PUPIL-DATA>
543	0
0	-0.049000	13.913043	240.000000	320.000000
0	-0.018000	13.913043	240.000000	320.000000
0	0.013000	13.913043	240.000000	320.000000
0	0.044000	13.913043	240.000000	320.000000
0	0.075000	13.913043	240.000000	320.000000
0	0.122000	13.913043	240.000000	320.000000
0	0.153000	13.913043	240.000000	320.000000
0	0.185000	13.913043	240.000000	320.000000
0	0.216000	13.913043	240.000000	320.000000
0	0.247000	13.913043	240.000000	320.000000
0	0.278000	13.913043	240.000000	320.000000
0	0.309000	13.913043	240.000000	320.000000
0	0.356000	13.913043	240.000000	320.000000
0	0.387000	13.913043	240.000000	320.000000
0	0.419000	13.913043	240.000000	320.000000
0	0.450000	13.913043	240.000000	320.000000
0	0.481000	13.913043	240.000000	320.000000
0	0.512000	13.913043	240.000000	320.000000
0	0.543000	13.913043	240.000000	320.000000
0	0.575000	13.913043	240.000000	320.000000
0	0.621000	13.913043	240.000000	320.000000
0	0.653000	13.913043	240.000000	320.000000
0	0.684000	13.913043	240.000000	320.000000
0	0.715000	13.913043	240.000000	320.000000
0	0.746000	13.913043	240.000000	320.000000
0	0.777000	13.913043	240.000000	320.000000
0	0.809000	13.913043	240.000000	320.000000
0	0.855000	13.913043	240.000000	320.000000
0	0.887000	13.913043	240.000000	320.000000
0	0.918000	13.913043	240.000000	320.000000
0	0.949000	13.913043	240.000000	320.000000
0	0.980000	13.913043	240.000000	320.000000
0	1.011000	13.913043	240.000000	320.000000
0	1.043000	13.913043	240.000000	320.000000
0	1.089000	13.913043	240.000000	320.000000
0	1.121000	13.913043	240.000000	320.000000
0	1.152000	13.913043	240.000000	320.000000
0	1.183000	13.913043	240.000000	320.000000
0	1.214000	13.913043	240.000000	320.000000
0	1.245000	13.913043	240.000000	320.000000
0	1.277000	13.913043	240.000000	320.000000
0	1.308000	13.913043	240.000000	320.000000
0	1.355000	13.913043	240.000000	320.000000
0	1.386000	13.913043	240.000000	320.000000
0	1.417000	13.913043	240.000000	320.000000
0	1.448000	13.913043	240.000000	320.000000
0	1.479000	13.913043	240.000000	320.000000
0	1.511000	13.913043	240.000000	320.000000
0	1.542000	13.913043	240.000000	320.000000
0	1.589000	13.913043	240.000000	320.000000
0	1.620000	13.913043	240.000000	320.000000
0	1.651000	13.913043	240.000000	320.000000
0	1.682000	13.913043	240.000000	320.000000
0	1.713000	13.913043	240.000000	320.000000
0	1.745000	13.913043	240.000000	320.000000
0	1.776000	13.913043	240.000000	320.000000
0	1.823000	13.913043	240.000000	320.000000
0	1.854000	13.913043	240.000000	320.000000
0	1.885000	13.913043	240.000000	320.000000
0	1.916000	13.913043	240.000000	320.000000
0	1.947000	13.913043	240.000000	320.000000
0	1.979000	13.913043	240.000000	320.000000
0	2.010000	13.913043	240.000000	320.000000
0	2.041000	13.913043	240.000000	320.000000
0	2.088000	13.913043	240.000000	320.000000
0	2.119000	13.913043	240.000000	320.000000
0	2.150000	13.913043	240.000000	320.000000
0	2.181000	13.913043	240.000000	320.000000
0	2.213000	13.913043	240.000000	320.000000
0	2.244000	13.913043	240.000000	320.000000
0	2.275000	13.913043	240.000000	320.000000
0	2.322000	13.913043	240.000000	320.000000
0	2.353000	13.913043	240.000000	320.000000
0	2.384000	13.913043	240.000000	320.000000
0	2.415000	13.913043	240.000000	320.000000
0	2.447000	13.913043	240.000000	320.000000
0	2.478000	13.913043	240.000000	320.000000
0	2.509000	13.913043	240.000000	320.000000
0	2.556000	13.913043	240.000000	320.000000
0	2.587000	13.913043	240.000000	320.000000
0	2.618000	13.913043	240.000000	320.000000
0	2.649000	13.913043	240.000000	320.000000
0	2.681000	13.913043	240.000000	320.000000
0	2.712000	13.913043	240.000000	320.000000
0	2.743000	13.913043	240.000000	320.000000
0	2.774000	13.913043	240.000000	320.000000
0	2.821000	13.913043	240.000000	320.000000
0	2.852000	13.913043	240.000000	320.000000
0	2.883000	13.913043	240.000000	320.000000
0	2.915000	13.913043	240.000000	320.000000
0	2.946000	13.913043	240.000000	320.000000
0	2.977000	13.913043	240.000000	320.000000
0	3.008000	13.913043	240.000000	320.000000
0	3.055000	13.913043	240.000000	320.000000
0	3.086000	13.913043	240.000000	320.000000
0	3.117000	13.913043	240.000000	320.000000
0	3.149000	13.913043	240.000000	320.000000
0	3.180000	13.913043	240.000000	320.000000
0	3.211000	13.913043	240.000000	320.000000
0	3.242000	13.913043	240.000000	320.000000
0	3.273000	13.913043	240.000000	320.000000
0	3.320000	13.913043	240.000000	320.000000
0	3.351000	13.913043	240.000000	320.000000
0	3.383000	13.913043	240.000000	320.000000
0	3.414000	13.913043	240.000000	320.000000
0	3.445000	13.913043	240.000000	320.000000
0	3.476000	13.913043	240.000000	320.000000
0	3.507000	13.913043	240.000000	320.000000
0	3.554000	13.913043	240.000000	320.000000
0	3.585000	13.913043	240.000000	320.000000
0	3.617000	13.913043	240.000000	320.000000
0	3.648000	13.913043	240.000000	320.000000
0	3.679000	13.913043	240.000000	320.000000
0	3.710000	13.913043	240.000000	320.000000
0	3.741000	13.913043	240.000000	320.000000
0	3.773000	13.913043	240.000000	320.000000
0	3.819000	13.913043	240.000000	320.000000
0	3.851000	13.913043	240.000000	320.000000
0	3.882000	13.913043	240.000000	320.000000
0	3.913000	13.913043	240.000000	320.000000
0	3.944000	13.913043	240.000000	320.000000
0	3.975000	13.913043	240.000000	320.000000
0	4.007000	13.913043	240.000000	320.000000
0	4.053000	13.913043	240.000000	320.000000
0	4.085000	13.913043	240.000000	320.000000
0	4.116000	13.913043	240.000000	320.000000
0	4.147000	13.913043	240.000000	320.000000
0	4.178000	13.913043	240.000000	320.000000
0	4.209000	13.913043	240.000000	320.000000
0	4.241000	13.913043	240.000000	320.000000
0	4.287000	13.913043	240.000000	320.000000
0	4.319000	13.913043	240.000000	320.000000
0	4.350000	13.913043	240.000000	320.000000
0	4.381000	13.913043	240.000000	320.000000
0	4.412000	13.913043	240.000000	320.000000
0	4.443000	13.913043	240.000000	320.000000
0	4.475000	13.913043	240.000000	320.000000
0	4.506000	13.913043	240.000000	320.000000
0	4.553000	13.913043	240.000000	320.000000
0	4.584000	13.913043	240.000000	320.000000
0	4.615000	13.913043	240.000000	320.000000
0	4.646000	13.913043	240.000000	320.000000
0	4.677000	13.913043	240.000000	320.000000
0	4.709000	13.913043	240.000000	320.000000
0	4.740000	13.913043	240.000000	320.000000
0	4.787000	13.913043	240.000000	320.000000
0	4.818000	13.913043	240.000000	320.000000
0	4.849000	13.913043	240.000000	320.000000
0	4.880000	13.913043	240.000000	320.000000
0	4.911000	13.913043	240.000000	320.000000
0	4.943000	13.913043	240.000000	320.000000
0	4.974000	13.913043	240.000000	320.000000
0	5.021000	13.913043	240.000000	320.000000
0	5.052000	13.913043	240.000000	320.000000
0	5.083000	13.913043	240.000000	320.000000
0	5.114000	13.913043	240.000000	320.000000
0	5.145000	13.913043	240.000000	320.000000
0	5.177000	13.913043	240.000000	320.000000
0	5.208000	13.913043	240.000000	320.000000
0	5.239000	13.913043	240.000000	320.000000
0	5.286000	13.913043	240.000000	320.000000
0	5.317000	13.913043	240.000000	320.000000
0	5.348000	13.913043	240.000000	320.000000
0	5.379000	13.913043	240.000000	320.000000
0	5.411000	13.913043	240.000000	320.000000
0	5.442000	13.913043	240.000000	320.000000
0	5.473000	13.913043	240.000000	320.000000
0	5.520000	13.913043	240.000000	320.000000
0	5.551000	13.913043	240.000000	320.000000
0	5.582000	13.913043	240.000000	320.000000
0	5.613000	13.913043	240.000000	320.000000
0	5.645000	13.913043	240.000000	320.000000
0	5.676000	13.913043	240.000000	320.000000
0	5.707000	13.913043	240.000000	320.000000
0	5.754000	13.913043	240.000000	320.000000
0	5.785000	13.913043	240.000000	320.000000
0	5.816000	13.913043	240.000000	320.000000
0	5.847000	13.913043	240.000000	320.000000
0	5.879000	13.913043	240.000000	320.000000
0	5.910000	13.913043	240.000000	320.000000
0	5.941000	13.913043	240.000000	320.000000
0	5.972000	13.913043	240.000000	320.000000
0	6.019000	13.913043	240.000000	320.000000
0	6.050000	13.913043	240.000000	320.000000
0	6.081000	13.913043	240.000000	320.000000
0	6.113000	13.913043	240.000000	320.000000
0	6.144000	13.913043	240.000000	320.000000
0	6.175000	13.913043	240.000000	320.000000
0	6.206000	13.913043	240.000000	320.000000
0	6.253000	13.913043	240.000000	320.000000
0	6.284000	13.913043	240.000000	320.000000
0	6.315000	13.913043	240.000000	320.000000
0	6.347000	13.913043	240.000000	320.000000
0	6.378000	13.913043	240.000000	320.000000
0	6.409000	13.913043	240.000000	320.000000
0	6.440000	13.913043	240.000000	320.000000
0	6.487000	13.913043	240.000000	320.000000
0	6.518000	13.913043	240.000000	320.000000
0	6.549000	13.913043	240.000000	320.000000
0	6.581000	13.913043	240.000000	320.000000
0	6.612000	13.913043	240.000000	320.000000
0	6.643000	13.913043	240.000000	320.000000
0	6.674000	13.913043	240.000000	320.000000
0	6.705000	13.913043	240.000000	320.000000
0	6.752000	13.913043	240.000000	320.000000
0	6.783000	13.913043	240.000000	320.000000
0	6.815000	13.913043	240.000000	320.000000
0	6.846000	13.913043	240.000000	320.000000
0	6.877000	13.913043	240.000000	320.000000
0	6.908000	13.913043	240.000000	320.000000
0	6.939000	13.913043	240.000000	320.000000
0	6.986000	13.913043	240.000000	320.000000
0	7.017000	13.913043	240.000000	320.000000
0	7.049000	13.913043	240.000000	320.000000
0	7.080000	13.913043	240.000000	320.000000
0	7.111000	13.913043	240.000000	320.000000
0	7.142000	13.913043	240.000000	320.000000
0	7.173000	13.913043	240.000000	320.000000
0	7.220000	13.913043	240.000000	320.000000
0	7.251000	13.913043	240.000000	320.000000
0	7.283000	13.913043	240.000000	320.000000
0	7.314000	13.913043	240.000000	320.000000
0	7.345000	13.913043	240.000000	320.000000
0	7.376000	13.913043	240.000000	320.000000
0	7.407000	13.913043	240.000000	320.000000
0	7.439000	13.913043	240.000000	320.000000
0	7.485000	13.913043	240.000000	320.000000
0	7.517000	13.913043	240.000000	320.000000
0	7.548000	13.913043	240.000000	320.000000
0	7.579000	13.913043	240.000000	320.000000
0	7.610000	13.913043	240.000000	320.000000
0	7.641000	13.913043	240.000000	320.000000
0	7.673000	13.913043	240.000000	320.000000
0	7.704000	13.913043	240.000000	320.000000
0	7.751000	13.913043	240.000000	320.000000
0	7.782000	13.913043	240.000000	320.000000
0	7.813000	13.913043	240.000000	320.000000
0	7.844000	13.913043	240.000000	320.000000
0	7.875000	13.913043	240.000000	320.000000
0	7.907000	13.913043	240.000000	320.000000
0	7.953000	13.913043	240.000000	320.000000
0	7.985000	13.913043	240.000000	320.000000
0	8.016000	13.913043	240.000000	320.000000
0	8.047000	13.913043	240.000000	320.000000
0	8.078000	13.913043	240.000000	320.000000
0	8.109000	13.913043	240.000000	320.000000
0	8.141000	13.913043	240.000000	320.000000
0	8.172000	13.913043	240.000000	320.000000
0	8.219000	13.913043	240.000000	320.000000
0	8.250000	13.913043	240.000000	320.000000
0	8.281000	13.913043	240.000000	320.000000
0	8.312000	13.913043	240.000000	320.000000
0	8.343000	13.913043	240.000000	320.000000
0	8.375000	13.913043	240.000000	320.000000
0	8.406000	13.913043	240.000000	320.000000
0	8.437000	13.913043	240.000000	320.000000
0	8.484000	13.913043	240.000000	320.000000
0	8.515000	13.913043	240.000000	320.000000
0	8.546000	13.913043	240.000000	320.000000
0	8.577000	13.913043	240.000000	320.000000
0	8.609000	13.913043	240.000000	320.000000
0	8.640000	13.913043	240.000000	320.000000
0	8.671000	13.913043	240.000000	320.000000
0	8.718000	13.913043	240.000000	320.000000
0	8.749000	13.913043	240.000000	320.000000
0	8.780000	13.913043	240.000000	320.000000
0	8.811000	13.913043	240.000000	320.000000
0	8.843000	13.913043	240.000000	320.000000
0	8.874000	13.913043	240.000000	320.000000
0	8.905000	13.913043	240.000000	320.000000
0	8.952000	13.913043	240.000000	320.000000
0	8.983000	13.913043	240.000000	320.000000
0	9.014000	13.913043	240.000000	320.000000
0	9.045000	13.913043	240.000000	320.000000
0	9.077000	13.913043	240.000000	320.000000
0	9.108000	13.913043	240.000000	320.000000
0	9.139000	13.913043	240.000000	320.000000
0	9.170000	13.913043	240.000000	320.000000
0	9.217000	13.913043	240.000000	320.000000
0	9.248000	13.913043	240.000000	320.000000
0	9.279000	13.913043	240.000000	320.000000
0	9.311000	13.913043	240.000000	320.000000
0	9.342000	13.913043	240.000000	320.000000
0	9.373000	13.913043	240.000000	320.000000
0	9.404000	13.913043	240.000000	320.000000
0	9.451000	13.913043	240.000000	320.000000
0	9.482000	13.913043	240.000000	320.000000
0	9.513000	13.913043	240.000000	320.000000
0	9.545000	13.913043	240.000000	320.000000
0	9.576000	13.913043	240.000000	320.000000
0	9.607000	13.913043	240.000000	320.000000
0	9.638000	13.913043	240.000000	320.000000
0	9.685000	13.913043	240.000000	320.000000
0	9.716000	13.913043	240.000000	320.000000
0	9.747000	13.913043	240.000000	320.000000
0	9.779000	13.913043	240.000000	320.000000
0	9.810000	13.913043	240.000000	320.000000
0	9.841000	13.913043	240.000000	320.000000
0	9.872000	13.913043	240.000000	320.000000
0	9.903000	13.913043	240.000000	320.000000
0	9.950000	13.913043	240.000000	320.000000
0	9.981000	13.913043	240.000000	320.000000
0	10.013000	13.913043	240.000000	320.000000
0	10.044000	13.913043	240.000000	320.000000
0	10.075000	13.913043	240.000000	320.000000
0	10.106000	13.913043	240.000000	320.000000
0	10.137000	13.913043	240.000000	320.000000
0	10.184000	13.913043	240.000000	320.000000
0	10.215000	13.913043	240.000000	320.000000
0	10.247000	13.913043	240.000000	320.000000
0	10.278000	13.913043	240.000000	320.000000
0	10.309000	13.913043	240.000000	320.000000
0	10.340000	13.913043	240.000000	320.000000
0	10.371000	13.913043	240.000000	320.000000
0	10.418000	13.913043	240.000000	320.000000
0	10.449000	13.913043	240.000000	320.000000
0	10.481000	13.913043	240.000000	320.000000
0	10.512000	13.913043	240.000000	320.000000
0	10.543000	13.913043	240.000000	320.000000
0	10.574000	13.913043	240.000000	320.000000
0	10.605000	13.913043	240.000000	320.000000
0	10.637000	13.913043	240.000000	320.000000
0	10.683000	13.913043	240.000000	320.000000
0	10.715000	13.913043	240.000000	320.000000
0	10.746000	13.913043	240.000000	320.000000
0	10.777000	13.913043	240.000000	320.000000
0	10.808000	13.913043	240.000000	320.000000
0	10.839000	13.913043	240.000000	320.000000
0	10.871000	13.913043	240.000000	320.000000
0	10.917000	13.913043	240.000000	320.000000
0	10.949000	13.913043	240.000000	320.000000
0	10.980000	13.913043	240.000000	320.000000
0	11.011000	13.913043	240.000000	320.000000
0	11.042000	13.913043	240.000000	320.000000
0	11.073000	13.913043	240.000000	320.000000
0	11.105000	13.913043	240.000000	320.000000
0	11.151000	13.913043	240.000000	320.000000
0	11.183000	13.913043	240.000000	320.000000
0	11.214000	13.913043	240.000000	320.000000
0	11.245000	13.913043	240.000000	320.000000
0	11.276000	13.913043	240.000000	320.000000
0	11.307000	13.913043	240.000000	320.000000
0	11.339000	13.913043	240.000000	320.000000
0	11.370000	13.913043	240.000000	320.000000
0	11.417000	13.913043	240.000000	320.000000
0	11.448000	13.913043	240.000000	320.000000
0	11.479000	13.913043	240.000000	320.000000
0	11.510000	13.913043	240.000000	320.000000
0	11.542000	13.913043	240.000000	320.000000
0	11.573000	13.913043	240.000000	320.000000
0	11.604000	13.913043	240.000000	320.000000
0	11.651000	13.913043	240.000000	320.000000
0	11.682000	13.913043	240.000000	320.000000
0	11.713000	13.913043	240.000000	320.000000
0	11.744000	13.913043	240.000000	320.000000
0	11.776000	13.913043	240.000000	320.000000
0	11.807000	13.913043	240.000000	320.000000
0	11.838000	13.913043	240.000000	320.000000
0	11.885000	13.913043	240.000000	320.000000
0	11.916000	13.913043	240.000000	320.000000
0	11.947000	13.913043	240.000000	320.000000
0	11.978000	13.913043	240.000000	320.000000
0	12.010000	13.913043	240.000000	320.000000
0	12.041000	13.913043	240.000000	320.000000
0	12.072000	13.913043	240.000000	320.000000
0	12.103000	13.913043	240.000000	320.000000
0	12.150000	13.913043	240.000000	320.000000
0	12.181000	13.913043	240.000000	320.000000
0	12.212000	13.913043	240.000000	320.000000
0	12.244000	13.913043	240.000000	320.000000
0	12.275000	13.913043	240.000000	320.000000
0	12.306000	13.913043	240.000000	320.000000
0	12.337000	13.913043	240.000000	320.000000
0	12.368000	13.913043	240.000000	320.000000
0	12.415000	13.913043	240.000000	320.000000
0	12.446000	13.913043	240.000000	320.000000
0	12.478000	13.913043	240.000000	320.000000
0	12.509000	13.913043	240.000000	320.000000
0	12.540000	13.913043	240.000000	320.000000
0	12.571000	13.913043	240.000000	320.000000
0	12.602000	13.913043	240.000000	320.000000
0	12.649000	13.913043	240.000000	320.000000
0	12.680000	13.913043	240.000000	320.000000
0	12.712000	13.913043	240.000000	320.000000
0	12.743000	13.913043	240.000000	320.000000
0	12.774000	13.913043	240.000000	320.000000
0	12.805000	13.913043	240.000000	320.000000
0	12.836000	13.913043	240.000000	320.000000
0	12.883000	13.913043	240.000000	320.000000
0	12.914000	13.913043	240.000000	320.000000
0	12.946000	13.913043	240.000000	320.000000
0	12.977000	13.913043	240.000000	320.000000
0	13.008000	13.913043	240.000000	320.000000
0	13.039000	13.913043	240.000000	320.000000
0	13.070000	13.913043	240.000000	320.000000
0	13.102000	13.913043	240.000000	320.000000
0	13.148000	13.913043	240.000000	320.000000
0	13.180000	13.913043	240.000000	320.000000
0	13.211000	13.913043	240.000000	320.000000
0	13.242000	13.913043	240.000000	320.000000
0	13.273000	13.913043	240.000000	320.000000
0	13.304000	13.913043	240.000000	320.000000
0	13.336000	13.913043	240.000000	320.000000
0	13.382000	13.913043	240.000000	320.000000
0	13.414000	13.913043	240.000000	320.000000
0	13.445000	13.913043	240.000000	320.000000
0	13.476000	13.913043	240.000000	320.000000
0	13.507000	13.913043	240.000000	320.000000
0	13.538000	13.913043	240.000000	320.000000
0	13.570000	13.913043	240.000000	320.000000
0	13.616000	13.913043	240.000000	320.000000
0	13.648000	13.913043	240.000000	320.000000
0	13.679000	13.913043	240.000000	320.000000
0	13.710000	13.913043	240.000000	320.000000
0	13.741000	13.913043	240.000000	320.000000
0	13.772000	13.913043	240.000000	320.000000
0	13.804000	13.913043	240.000000	320.000000
0	13.835000	13.913043	240.000000	320.000000
0	13.882000	13.913043	240.000000	320.000000
0	13.913000	13.913043	240.000000	320.000000
0	13.944000	13.913043	240.000000	320.000000
0	13.975000	13.913043	240.000000	320.000000
0	14.006000	13.913043	240.000000	320.000000
0	14.038000	13.913043	240.000000	320.000000
0	14.069000	13.913043	240.000000	320.000000
0	14.116000	13.913043	240.000000	320.000000
0	14.147000	13.913043	240.000000	320.000000
0	14.178000	13.913043	240.000000	320.000000
0	14.209000	13.913043	240.000000	320.000000
0	14.240000	13.913043	240.000000	320.000000
0	14.272000	13.913043	240.000000	320.000000
0	14.303000	13.913043	240.000000	320.000000
0	14.350000	13.913043	240.000000	320.000000
0	14.381000	13.913043	240.000000	320.000000
0	14.412000	13.913043	240.000000	320.000000
0	14.443000	13.913043	240.000000	320.000000
0	14.474000	13.913043	240.000000	320.000000
0	14.506000	13.913043	240.000000	320.000000
0	14.537000	13.913043	240.000000	320.000000
0	14.568000	13.913043	240.000000	320.000000
0	14.615000	13.913043	240.000000	320.000000
0	14.646000	13.913043	240.000000	320.000000
0	14.677000	13.913043	240.000000	320.000000
0	14.708000	13.913043	240.000000	320.000000
0	14.740000	13.913043	240.000000	320.000000
0	14.771000	13.913043	240.000000	320.000000
0	14.802000	13.913043	240.000000	320.000000
0	14.849000	13.913043	240.000000	320.000000
0	14.880000	13.913043	240.000000	320.000000
0	14.911000	13.913043	240.000000	320.000000
0	14.942000	13.913043	240.000000	320.000000
0	14.974000	13.913043	240.000000	320.000000
0	15.005000	13.913043	240.000000	320.000000
0	15.036000	13.913043	240.000000	320.000000
0	15.083000	13.913043	240.000000	320.000000
0	15.114000	13.913043	240.000000	320.000000
0	15.145000	13.913043	240.000000	320.000000
0	15.176000	13.913043	240.000000	320.000000
0	15.208000	13.913043	240.000000	320.000000
0	15.239000	13.913043	240.000000	320.000000
0	15.270000	13.913043	240.000000	320.000000
0	15.301000	13.913043	240.000000	320.000000
0	15.348000	13.913043	240.000000	320.000000
0	15.379000	13.913043	240.000000	320.000000
0	15.410000	13.913043	240.000000	320.000000
0	15.442000	13.913043	240.000000	320.000000
0	15.473000	13.913043	240.000000	320.000000
0	15.504000	13.913043	240.000000	320.000000
0	15.535000	13.913043	240.000000	320.000000
0	15.582000	13.913043	240.000000	320.000000
0	15.613000	13.913043	240.000000	320.000000
0	15.644000	13.913043	240.000000	320.000000
0	15.676000	13.913043	240.000000	320.000000
0	15.707000	13.913043	240.000000	320.000000
0	15.738000	13.913043	240.000000	320.000000
0	15.769000	13.913043	240.000000	320.000000
0	15.816000	13.913043	240.000000	320.000000
0	15.847000	13.913043	240.000000	320.000000
0	15.878000	13.913043	240.000000	320.000000
0	15.910000	13.913043	240.000000	320.000000
0	15.941000	13.913043	240.000000	320.000000
0	15.972000	13.913043	240.000000	320.000000
0	16.003000	13.913043	240.000000	320.000000
0	16.034000	13.913043	240.000000	320.000000
0	16.081000	13.913043	240.000000	320.000000
0	16.112000	13.913043	240.000000	320.000000
0	16.144000	13.913043	240.000000	320.000000
0	16.175000	13.913043	240.000000	320.000000
0	16.206000	13.913043	240.000000	320.000000
0	16.237000	13.913043	240.000000	320.000000
0	16.268000	13.913043	240.000000	320.000000
0	16.315000	13.913043	240.000000	320.000000
0	16.346000	13.913043	240.000000	320.000000
0	16.378000	13.913043	240.000000	320.000000
0	16.409000	13.913043	240.000000	320.000000
0	16.440000	13.913043	240.000000	320.000000
0	16.471000	13.913043	240.000000	320.000000
0	16.502000	13.913043	240.000000	320.000000
0	16.534000	13.913043	240.000000	320.000000
0	16.580000	13.913043	240.000000	320.000000
0	16.612000	13.913043	240.000000	320.000000
0	16.643000	13.913043	240.000000	320.000000
0	16.674000	13.913043	240.000000	320.000000
0	16.705000	13.913043	240.000000	320.000000
0	16.736000	13.913043	240.000000	320.000000
0	16.768000	13.913043	240.000000	320.000000
0	16.814000	13.913043	240.000000	320.000000
0	16.846000	13.913043	240.000000	320.000000
0	16.877000	13.913043	240.000000	320.000000
0	16.908000	13.913043	240.000000	320.000000
0	16.939000	13.913043	240.000000	320.000000
0	16.970000	13.913043	240.000000	320.000000
0	17.002000	13.913043	240.000000	320.000000
0	17.033000	13.913043	240.000000	320.000000
0	17.080000	13.913043	240.000000	320.000000
0	17.111000	13.913043	240.000000	320.000000
0	17.142000	13.913043	240.000000	320.000000
0	17.173000	13.913043	240.000000	320.000000
0	17.204000	13.913043	240.000000	320.000000
0	17.236000	13.913043	240.000000	320.000000
0	17.267000	13.913043	240.000000	320.000000
0	17.314000	13.913043	240.000000	320.000000
0	17.345000	13.913043	240.000000	320.000000
0	17.376000	13.913043	240.000000	320.000000
0	17.407000	13.913043	240.000000	320.000000
0	17.438000	13.913043	240.000000	320.000000
0	17.470000	13.913043	240.000000	320.000000
0	17.501000	13.913043	240.000000	320.000000
0	17.548000	13.913043	240.000000	320.000000
0	17.579000	13.913043	240.000000	320.000000
0	17.610000	13.913043	240.000000	320.000000
0	17.641000	13.913043	240.000000	320.000000
0	17.672000	13.913043	240.000000	320.000000
0	17.704000	13.913043	240.000000	320.000000
0	17.735000	13.913043	240.000000	320.000000
0	17.766000	13.913043	240.000000	320.000000
0	17.813000	13.913043	240.000000	320.000000
0	17.844000	13.913043	240.000000	320.000000
0	17.875000	13.913043	240.000000	320.000000
0	17.906000	13.913043	240.000000	320.000000
0	17.938000	13.913043	240.000000	320.000000
0	17.969000	13.913043	240.000000	320.000000
0	18.000000	13.913043	240.000000	320.000000
<\LEFT-PUPIL-DATA>
<RIGHT-PUPIL-ANALYSIS>
1
0	0	17	542	0	0	0.510000	17.518000	0.509000	15.983889	0.000000	0.000000	0.000000	0	1	1	1	1	0	0	0	0.000000	0.000000	0.000000	0.000000	0.000000	0.000000	0.000000	-1.000000	0.000000	1	1.025884	0.820000	0.827488	0.528219	0.236000	-0.013198	-0.826089	-1.000000	0.042275	1	1.025884	0.820000	0.827488	0.528219	0.236000	-0.012305	-0.826089	-1.000000	0.042275
<\RIGHT-PUPIL-ANALYSIS>
<LEFT-PUPIL-ANALYSIS>
1
0	0	17	542	0	0	0.510000	17.518000	0.509000	15.983889	0.000000	0.000000	0.000000	0	1	1	1	1	0	0	0	0.000000	0.000000	0.000000	0.000000	0.000000	0.000000	0.000000	-1.000000	0.000000	0	-0.034783	-0.034783	0.000950	0.000950	0.002000	0.000000	0.000000	-1.000000	0.000000	1	-0.034783	-0.034783	0.000950	0.000950	0.002000	-1000000.000000	-1000000.000000	-1.000000	0.000000
<\LEFT-PUPIL-ANALYSIS>
%%%%%%%%%
%%%%%%%%%
%%%%%%%%%
%%%	Measurement Tiime is: 2017-10-31 12:13:47
%%%	Subject ID is: C57BL6-28.09.17-DA-1mois-M3-1.2r
%%%	Note: 
%%%	RSS: Default Human Relative Spectral Sensitivity
%%%	Pupil Analysis:
%%%
%%%
%%%
%%%	Pulse Index:	0
%%%	Stimulus Session Index:	0
%%%	Right Pupil Stimulated
%%%	Light Metric is Photopic
%%%	Stimulus Start Time(sec):	0.51
%%%	Stimulus Duration(sec):	17.52
%%%	Stimulus Pulse Duration(sec):	0.51
%%%	Right Pulse:	15.98	(Red  )	-	0.00	(Red  )	[Lux ]
%%%	Left Pulse:	0.00	(Red  )	-	0.00	(Red  )	[Lux ]
%%%
%%%		RIGHT	LEFT	R.Pupil Mean	L.Pupil Mean	R.Stim Mean	R.Stim Mean
%%%	INPUT:	RAW DATA	RAW DATA
%%%	STATE:	ABNORMAL	ABNORMAL	ABNORMAL	ABNORMAL	ABNORMAL	ABNORMAL
%%%	MAX(mm):	0.00	0.00	0.00	0.00	0.00	0.00
%%%	MIN(mm):	0.00	0.00	0.00	0.00	0.00	0.00
%%%	DELTA(mm):						
%%%	CH(%):						
%%%	LAT(sec):	0.00	0.00	0.00	0.00	0.00	0.00
%%%	CV(mm/s):	0.00	0.00	0.00	0.00	0.00	0.00
%%%	MCV(mm/s):	0.00	0.00	0.00	0.00	0.00	0.00
%%%	DV(mm/s):	0.00	0.00	0.00	0.00	0.00	0.00
%%%%%%%%%
%%%%%%%%%
%%%%%%%%%
%%%	Right Pupil Profile (1st row -> 1 == valid tracking, 0 == invalid tracking; 2nd row -> time; 3rd row -> diameter (mm))
%%%	1	1	1	1	1	1	1	1	1	1	1	1	1	1	1	1	1	1	1	1	1	1	1	1	1	1	1	1	1	1	1	1	1	1	1	1	1	1	1	1	1	1	1	1	1	1	1	1	1	1	1	1	1	1	1	1	1	1	1	1	1	1	1	1	1	1	1	1	1	1	1	1	1	1	1	1	1	1	1	1	1	1	1	1	1	1	1	1	1	1	1	1	1	1	1	1	1	1	1	1	1	1	1	1	1	1	1	1	1	1	1	1	1	1	1	1	1	1	1	1	1	1	1	1	1	1	1	1	1	1	1	1	1	1	1	1	1	1	1	1	1	1	1	1	1	1	1	1	1	1	1	1	1	1	1	1	1	1	1	1	1	1	1	1	1	1	1	1	1	1	1	1	1	1	1	1	1	1	1	1	1	1	1	1	1	1	1	1	1	1	1	1	1	1	1	1	1	1	1	1	1	1	1	1	1	1	1	1	1	1	1	1	1	1	1	1	1	0	1	1	1	1	1	1	1	0	1	1	1	1	1	1	1	1	1	1	1	1	1	1	1	1	1	0	1	1	0	1	1	1	1	1	1	1	1	0	1	1	1	1	1	1	1	1	1	1	1	1	0	1	0	1	1	1	1	0	1	1	1	1	1	1	1	1	1	1	1	1	1	1	1	1	1	1	1	1	1	1	1	1	1	1	1	1	1	1	1	1	1	1	1	1	1	1	1	1	1	1	1	1	1	1	1	1	1	1	1	1	1	1	1	1	1	1	1	1	1	1	1	0	0	1	1	1	1	1	1	1	1	1	1	1	1	1	1	1	1	1	1	1	1	1	1	1	1	1	1	1	1	1	1	1	1	1	1	1	1	1	1	1	1	1	1	1	1	1	1	1	1	1	1	1	1	1	1	1	1	1	1	1	1	1	1	1	1	1	1	1	1	1	1	1	1	1	1	1	1	1	1	1	1	1	1	1	1	1	1	1	1	1	1	1	1	1	1	1	1	1	1	1	1	1	1	1	1	1	1	1	1	1	1	1	1	1	1	1	1	1	1	1	1	1	1	1	1	1	1	1	1	1	1	1	1	1	1	1	1	1	1	1	1	1	1	1	1	1	1	1	1	1	1	1	1	1	1	1	1	1	1	1	1	1	1	1	1	1	1	1	1	1	1	1	1	1	1	1	1	1	1	1	1	1	1	1	1	1	1	1	1	1	1	1	1	1	1	1	1	1	1	1	1	1	1
%%%	-0.049000	-0.018000	0.013000	0.044000	0.075000	0.107000	0.138000	0.185000	0.216000	0.247000	0.278000	0.309000	0.341000	0.372000	0.419000	0.450000	0.481000	0.512000	0.543000	0.575000	0.606000	0.637000	0.684000	0.715000	0.746000	0.777000	0.809000	0.840000	0.871000	0.918000	0.949000	0.980000	1.011000	1.043000	1.074000	1.105000	1.152000	1.183000	1.214000	1.245000	1.277000	1.308000	1.339000	1.370000	1.417000	1.448000	1.479000	1.511000	1.542000	1.573000	1.604000	1.651000	1.682000	1.713000	1.745000	1.776000	1.807000	1.838000	1.885000	1.916000	1.947000	1.979000	2.010000	2.041000	2.072000	2.103000	2.150000	2.181000	2.213000	2.244000	2.275000	2.306000	2.337000	2.369000	2.415000	2.447000	2.478000	2.509000	2.540000	2.571000	2.603000	2.649000	2.681000	2.712000	2.743000	2.774000	2.805000	2.837000	2.883000	2.915000	2.946000	2.977000	3.008000	3.039000	3.071000	3.102000	3.149000	3.180000	3.211000	3.242000	3.273000	3.305000	3.336000	3.383000	3.414000	3.445000	3.476000	3.507000	3.539000	3.570000	3.617000	3.648000	3.679000	3.710000	3.741000	3.773000	3.804000	3.835000	3.882000	3.913000	3.944000	3.975000	4.007000	4.038000	4.069000	4.116000	4.147000	4.178000	4.209000	4.241000	4.272000	4.303000	4.350000	4.381000	4.412000	4.443000	4.475000	4.506000	4.537000	4.568000	4.615000	4.646000	4.677000	4.709000	4.740000	4.771000	4.802000	4.849000	4.880000	4.911000	4.943000	4.974000	5.005000	5.036000	5.083000	5.114000	5.145000	5.177000	5.208000	5.239000	5.270000	5.301000	5.348000	5.379000	5.411000	5.442000	5.473000	5.504000	5.535000	5.582000	5.613000	5.645000	5.676000	5.707000	5.738000	5.769000	5.816000	5.847000	5.879000	5.910000	5.941000	5.972000	6.003000	6.035000	6.081000	6.113000	6.144000	6.175000	6.206000	6.237000	6.269000	6.315000	6.347000	6.378000	6.409000	6.440000	6.471000	6.503000	6.534000	6.581000	6.612000	6.643000	6.674000	6.705000	6.737000	6.768000	6.815000	6.846000	6.877000	6.908000	6.939000	6.971000	7.002000	7.049000	7.080000	7.111000	7.142000	7.173000	7.205000	7.236000	7.267000	7.314000	7.345000	7.376000	7.407000	7.439000	7.470000	7.501000	7.548000	7.579000	7.610000	7.641000	7.673000	7.704000	7.735000	7.782000	7.813000	7.844000	7.875000	7.907000	7.938000	7.969000	8.000000	8.047000	8.078000	8.109000	8.141000	8.172000	8.203000	8.234000	8.281000	8.312000	8.343000	8.375000	8.406000	8.437000	8.468000	8.499000	8.546000	8.577000	8.609000	8.640000	8.671000	8.702000	8.733000	8.780000	8.811000	8.843000	8.874000	8.905000	8.936000	8.967000	9.014000	9.045000	9.077000	9.108000	9.139000	9.170000	9.201000	9.233000	9.279000	9.311000	9.342000	9.373000	9.404000	9.435000	9.467000	9.513000	9.545000	9.576000	9.607000	9.638000	9.669000	9.701000	9.747000	9.779000	9.810000	9.841000	9.872000	9.903000	9.935000	9.966000	10.013000	10.044000	10.075000	10.106000	10.137000	10.169000	10.200000	10.247000	10.278000	10.309000	10.340000	10.371000	10.403000	10.434000	10.465000	10.512000	10.543000	10.574000	10.605000	10.637000	10.668000	10.699000	10.746000	10.777000	10.808000	10.839000	10.871000	10.902000	10.933000	10.980000	11.011000	11.042000	11.073000	11.105000	11.136000	11.167000	11.198000	11.245000	11.276000	11.307000	11.339000	11.370000	11.401000	11.432000	11.479000	11.510000	11.542000	11.573000	11.604000	11.635000	11.666000	11.713000	11.744000	11.776000	11.807000	11.838000	11.869000	11.900000	11.932000	11.978000	12.010000	12.041000	12.072000	12.103000	12.134000	12.166000	12.212000	12.244000	12.275000	12.306000	12.337000	12.368000	12.400000	12.446000	12.478000	12.509000	12.540000	12.571000	12.602000	12.634000	12.665000	12.712000	12.743000	12.774000	12.805000	12.836000	12.868000	12.899000	12.946000	12.977000	13.008000	13.039000	13.070000	13.102000	13.133000	13.180000	13.211000	13.242000	13.273000	13.304000	13.336000	13.367000	13.398000	13.445000	13.476000	13.507000	13.538000	13.570000	13.601000	13.632000	13.679000	13.710000	13.741000	13.772000	13.804000	13.835000	13.866000	13.897000	13.944000	13.975000	14.006000	14.038000	14.069000	14.100000	14.131000	14.178000	14.209000	14.240000	14.272000	14.303000	14.334000	14.365000	14.396000	14.443000	14.474000	14.506000	14.537000	14.568000	14.599000	14.630000	14.677000	14.708000	14.740000	14.771000	14.802000	14.833000	14.864000	14.911000	14.942000	14.974000	15.005000	15.036000	15.067000	15.098000	15.130000	15.176000	15.208000	15.239000	15.270000	15.301000	15.332000	15.364000	15.410000	15.442000	15.473000	15.504000	15.535000	15.566000	15.598000	15.644000	15.676000	15.707000	15.738000	15.769000	15.800000	15.832000	15.863000	15.910000	15.941000	15.972000	16.003000	16.034000	16.066000	16.097000	16.144000	16.175000	16.206000	16.237000	16.268000	16.300000	16.331000	16.378000	16.409000	16.440000	16.471000	16.502000	16.534000	16.565000	16.596000	16.643000	16.674000	16.705000	16.736000	16.768000	16.799000	16.830000	16.877000	16.908000	16.939000	16.970000	17.002000	17.033000	17.064000	17.111000	17.142000	17.173000	17.204000	17.236000	17.267000	17.298000	17.329000	17.376000	17.407000	17.438000	17.470000	17.501000	17.532000	17.563000	17.610000	17.641000	17.672000	17.704000	17.735000	17.766000	17.797000	17.844000	17.875000	17.906000	17.938000	17.969000	18.000000
%%%	1.031884	0.954928	0.957102	0.993333	1.008696	0.955362	0.979710	0.989710	1.044058	0.985507	1.008696	0.973333	0.988551	1.003768	1.002899	1.025942	1.007102	1.008696	1.043478	1.030290	1.026667	0.962319	1.055072	1.055072	0.927246	1.044058	0.977101	0.967971	0.922898	0.927681	0.936812	0.920580	0.922319	0.915797	0.869565	0.869565	0.887246	0.856377	0.892754	0.866812	0.870580	0.884493	0.869565	0.869565	0.885942	0.869565	0.883623	0.917101	0.946232	0.920145	0.936377	0.939130	0.927536	0.896232	0.955507	0.936811	0.950725	0.883623	0.950725	0.929855	0.902754	0.947826	0.922319	0.921159	0.934203	0.937680	0.917971	0.918406	0.906812	0.946232	0.937971	0.928841	0.901449	0.920580	0.907102	0.920725	0.954928	0.907102	0.916377	0.947101	0.946667	0.887971	0.920145	0.964638	0.921884	0.962319	0.940290	0.938116	0.890580	0.881159	0.912029	0.935797	0.929855	0.938986	0.928841	0.894638	0.920145	0.927536	0.929855	0.920145	0.964493	0.939855	0.927536	0.920580	0.954928	0.954928	0.964058	0.938116	0.957102	0.915942	0.938116	0.966232	0.920145	0.950580	0.935072	0.904348	0.915942	0.937971	0.915942	0.909420	0.952319	0.951015	0.927536	0.937971	0.931449	0.927246	0.937246	0.951159	0.898116	0.917536	0.936377	0.916377	0.931884	0.965217	0.935942	0.904348	0.947246	0.990290	0.965942	0.939275	0.972319	0.956377	0.940145	0.973188	0.953623	0.885507	0.972899	0.950580	0.963623	0.853768	0.938116	0.951015	0.931594	0.939855	0.941159	0.955942	0.938116	0.875362	0.962319	0.940290	0.929275	0.921159	0.939130	0.936232	0.950725	0.972754	0.942319	0.946667	0.924493	0.920145	0.937971	0.930580	0.959275	0.954928	0.954928	0.937971	0.939275	0.937971	0.916232	0.953333	0.955362	0.955942	0.950725	0.938116	0.915942	0.915942	0.962319	0.920580	0.959275	0.894638	0.928841	0.920145	0.850145	0.938116	0.929855	0.885507	0.946667	0.935797	0.937536	0.935797	0.947246	0.946667	0.915942	0.920145	0.927536	0.846377	0.948551	0.929275	0.904348	0.918551	0.834638	0.939275	0.904348	0.905507	0.885507	0.902029	0.920580	0.869565	0.871014	0.895652	0.881594	0.903333	0.885797	0.874058	0.886376	0.834058	0.869565	0.895072	0.903623	0.884203	0.843478	0.904348	0.800000	0.869565	0.898985	0.934058	0.835507	0.878116	0.878986	0.889275	0.904348	0.869565	0.869565	0.835797	0.869565	0.869710	0.858116	0.886812	0.873333	0.883623	0.869565	0.881159	0.898406	0.915942	0.876812	0.869565	0.870145	0.866232	0.910145	0.864493	0.887681	0.887246	0.869565	0.859710	0.902754	0.896667	0.920145	0.885507	0.869565	0.866232	0.869565	0.903768	0.851883	0.892754	0.859275	0.794203	0.861594	0.869565	0.869565	0.885507	0.805362	0.845797	0.851594	0.878261	0.857681	0.885507	0.894638	0.902029	0.884638	0.884928	0.901449	0.869565	0.885942	0.886812	0.820145	0.902754	0.916377	0.904493	0.912029	0.918985	0.869565	0.869565	0.920580	0.920725	0.885362	0.899855	0.887826	0.877101	0.904348	0.892319	0.883623	0.866377	0.894493	0.884928	0.869565	0.875507	0.920725	0.907246	0.884928	0.894638	0.869565	0.900580	0.921014	0.869565	0.903333	0.869565	0.892754	0.881159	0.892754	0.869565	0.858551	0.881159	0.869565	0.869565	0.915072	0.883333	0.869565	0.883623	0.881159	0.869565	0.869565	0.857681	0.876232	0.866377	0.883188	0.866812	0.834783	0.862029	0.855362	0.866812	0.869565	0.851594	0.865797	0.869565	0.870290	0.865652	0.868551	0.872464	0.869565	0.869565	0.835362	0.848985	0.874928	0.868841	0.857971	0.852174	0.883188	0.869565	0.881159	0.846377	0.852899	0.869565	0.866812	0.873333	0.906377	0.876812	0.875507	0.883623	0.881159	0.883623	0.870145	0.869565	0.883188	0.846377	0.876812	0.904348	0.883623	0.866377	0.888116	0.895072	0.859855	0.865797	0.865362	0.869710	0.855507	0.881449	0.881159	0.839275	0.883623	0.857971	0.857681	0.878261	0.869565	0.884203	0.892754	0.869565	0.881159	0.862029	0.902754	0.857681	0.869565	0.877681	0.857102	0.869565	0.869565	0.869565	0.835942	0.856377	0.814203	0.834783	0.855797	0.869565	0.869565	0.834493	0.828986	0.869565	0.863768	0.832029	0.892754	0.870580	0.863623	0.836811	0.869565	0.869565	0.851594	0.869565	0.826087	0.866232	0.835942	0.883188	0.869565	0.805507	0.846377	0.883623	0.892754	0.895072	0.869565	0.843623	0.865797	0.835652	0.843478	0.848985	0.869565	0.834783	0.869565	0.892754	0.871159	0.869565	0.857971	0.869565	0.834783	0.875072	0.857971	0.838551	0.869565	0.892754	0.881449	0.870725	0.840725	0.881594	0.871159	0.846377	0.865797	0.869565	0.846377	0.869565	0.869565	0.869565	0.869565	0.841884	0.828841	0.862319	0.834783	0.843623	0.835942	0.847101	0.869565	0.835942	0.800000	0.817536	0.828986	0.817536	0.844638	0.857102	0.835362	0.800000	0.847971	0.822319	0.829855	0.851449	0.840145	0.816232	0.865797	0.866377	0.839710	0.867971	0.818985	0.846377	0.874928	0.869565	0.875362	0.860290	0.827246	0.855362	0.874928	0.846812	0.778841	0.866232	0.853768	0.853623	0.851015	0.833188	0.868406	0.839710	0.834783	0.857681	0.848985	0.848406	0.871159	0.817536	0.858116	0.841449	0.809855	0.869565	0.849420	0.848985	0.800000	0.840580	0.822319	0.850724	0.861594	0.857681	0.858116
%%%	Left Pupil Profile (1st row -> 1 == valid tracking, 0 == invalid tracking; 2nd row -> time; 3rd row -> diameter (mm))
%%%	0	0	0	0	0	0	0	0	0	0	0	0	0	0	0	0	0	0	0	0	0	0	0	0	0	0	0	0	0	0	0	0	0	0	0	0	0	0	0	0	0	0	0	0	0	0	0	0	0	0	0	0	0	0	0	0	0	0	0	0	0	0	0	0	0	0	0	0	0	0	0	0	0	0	0	0	0	0	0	0	0	0	0	0	0	0	0	0	0	0	0	0	0	0	0	0	0	0	0	0	0	0	0	0	0	0	0	0	0	0	0	0	0	0	0	0	0	0	0	0	0	0	0	0	0	0	0	0	0	0	0	0	0	0	0	0	0	0	0	0	0	0	0	0	0	0	0	0	0	0	0	0	0	0	0	0	0	0	0	0	0	0	0	0	0	0	0	0	0	0	0	0	0	0	0	0	0	0	0	0	0	0	0	0	0	0	0	0	0	0	0	0	0	0	0	0	0	0	0	0	0	0	0	0	0	0	0	0	0	0	0	0	0	0	0	0	0	0	0	0	0	0	0	0	0	0	0	0	0	0	0	0	0	0	0	0	0	0	0	0	0	0	0	0	0	0	0	0	0	0	0	0	0	0	0	0	0	0	0	0	0	0	0	0	0	0	0	0	0	0	0	0	0	0	0	0	0	0	0	0	0	0	0	0	0	0	0	0	0	0	0	0	0	0	0	0	0	0	0	0	0	0	0	0	0	0	0	0	0	0	0	0	0	0	0	0	0	0	0	0	0	0	0	0	0	0	0	0	0	0	0	0	0	0	0	0	0	0	0	0	0	0	0	0	0	0	0	0	0	0	0	0	0	0	0	0	0	0	0	0	0	0	0	0	0	0	0	0	0	0	0	0	0	0	0	0	0	0	0	0	0	0	0	0	0	0	0	0	0	0	0	0	0	0	0	0	0	0	0	0	0	0	0	0	0	0	0	0	0	0	0	0	0	0	0	0	0	0	0	0	0	0	0	0	0	0	0	0	0	0	0	0	0	0	0	0	0	0	0	0	0	0	0	0	0	0	0	0	0	0	0	0	0	0	0	0	0	0	0	0	0	0	0	0	0	0	0	0	0	0	0	0	0	0	0	0	0	0	0	0	0	0	0	0	0	0	0	0	0	0	0	0	0	0	0	0	0	0	0	0	0	0	0	0	0	0	0	0	0	0	0	0	0	0	0	0	0	0	0	0	0	0	0	0	0	0	0	0	0	0	0	0	0	0	0	0	0	0	0	0	0	0	0
%%%	-0.049000	-0.018000	0.013000	0.044000	0.075000	0.122000	0.153000	0.185000	0.216000	0.247000	0.278000	0.309000	0.356000	0.387000	0.419000	0.450000	0.481000	0.512000	0.543000	0.575000	0.621000	0.653000	0.684000	0.715000	0.746000	0.777000	0.809000	0.855000	0.887000	0.918000	0.949000	0.980000	1.011000	1.043000	1.089000	1.121000	1.152000	1.183000	1.214000	1.245000	1.277000	1.308000	1.355000	1.386000	1.417000	1.448000	1.479000	1.511000	1.542000	1.589000	1.620000	1.651000	1.682000	1.713000	1.745000	1.776000	1.823000	1.854000	1.885000	1.916000	1.947000	1.979000	2.010000	2.041000	2.088000	2.119000	2.150000	2.181000	2.213000	2.244000	2.275000	2.322000	2.353000	2.384000	2.415000	2.447000	2.478000	2.509000	2.556000	2.587000	2.618000	2.649000	2.681000	2.712000	2.743000	2.774000	2.821000	2.852000	2.883000	2.915000	2.946000	2.977000	3.008000	3.055000	3.086000	3.117000	3.149000	3.180000	3.211000	3.242000	3.273000	3.320000	3.351000	3.383000	3.414000	3.445000	3.476000	3.507000	3.554000	3.585000	3.617000	3.648000	3.679000	3.710000	3.741000	3.773000	3.819000	3.851000	3.882000	3.913000	3.944000	3.975000	4.007000	4.053000	4.085000	4.116000	4.147000	4.178000	4.209000	4.241000	4.287000	4.319000	4.350000	4.381000	4.412000	4.443000	4.475000	4.506000	4.553000	4.584000	4.615000	4.646000	4.677000	4.709000	4.740000	4.787000	4.818000	4.849000	4.880000	4.911000	4.943000	4.974000	5.021000	5.052000	5.083000	5.114000	5.145000	5.177000	5.208000	5.239000	5.286000	5.317000	5.348000	5.379000	5.411000	5.442000	5.473000	5.520000	5.551000	5.582000	5.613000	5.645000	5.676000	5.707000	5.754000	5.785000	5.816000	5.847000	5.879000	5.910000	5.941000	5.972000	6.019000	6.050000	6.081000	6.113000	6.144000	6.175000	6.206000	6.253000	6.284000	6.315000	6.347000	6.378000	6.409000	6.440000	6.487000	6.518000	6.549000	6.581000	6.612000	6.643000	6.674000	6.705000	6.752000	6.783000	6.815000	6.846000	6.877000	6.908000	6.939000	6.986000	7.017000	7.049000	7.080000	7.111000	7.142000	7.173000	7.220000	7.251000	7.283000	7.314000	7.345000	7.376000	7.407000	7.439000	7.485000	7.517000	7.548000	7.579000	7.610000	7.641000	7.673000	7.704000	7.751000	7.782000	7.813000	7.844000	7.875000	7.907000	7.953000	7.985000	8.016000	8.047000	8.078000	8.109000	8.141000	8.172000	8.219000	8.250000	8.281000	8.312000	8.343000	8.375000	8.406000	8.437000	8.484000	8.515000	8.546000	8.577000	8.609000	8.640000	8.671000	8.718000	8.749000	8.780000	8.811000	8.843000	8.874000	8.905000	8.952000	8.983000	9.014000	9.045000	9.077000	9.108000	9.139000	9.170000	9.217000	9.248000	9.279000	9.311000	9.342000	9.373000	9.404000	9.451000	9.482000	9.513000	9.545000	9.576000	9.607000	9.638000	9.685000	9.716000	9.747000	9.779000	9.810000	9.841000	9.872000	9.903000	9.950000	9.981000	10.013000	10.044000	10.075000	10.106000	10.137000	10.184000	10.215000	10.247000	10.278000	10.309000	10.340000	10.371000	10.418000	10.449000	10.481000	10.512000	10.543000	10.574000	10.605000	10.637000	10.683000	10.715000	10.746000	10.777000	10.808000	10.839000	10.871000	10.917000	10.949000	10.980000	11.011000	11.042000	11.073000	11.105000	11.151000	11.183000	11.214000	11.245000	11.276000	11.307000	11.339000	11.370000	11.417000	11.448000	11.479000	11.510000	11.542000	11.573000	11.604000	11.651000	11.682000	11.713000	11.744000	11.776000	11.807000	11.838000	11.885000	11.916000	11.947000	11.978000	12.010000	12.041000	12.072000	12.103000	12.150000	12.181000	12.212000	12.244000	12.275000	12.306000	12.337000	12.368000	12.415000	12.446000	12.478000	12.509000	12.540000	12.571000	12.602000	12.649000	12.680000	12.712000	12.743000	12.774000	12.805000	12.836000	12.883000	12.914000	12.946000	12.977000	13.008000	13.039000	13.070000	13.102000	13.148000	13.180000	13.211000	13.242000	13.273000	13.304000	13.336000	13.382000	13.414000	13.445000	13.476000	13.507000	13.538000	13.570000	13.616000	13.648000	13.679000	13.710000	13.741000	13.772000	13.804000	13.835000	13.882000	13.913000	13.944000	13.975000	14.006000	14.038000	14.069000	14.116000	14.147000	14.178000	14.209000	14.240000	14.272000	14.303000	14.350000	14.381000	14.412000	14.443000	14.474000	14.506000	14.537000	14.568000	14.615000	14.646000	14.677000	14.708000	14.740000	14.771000	14.802000	14.849000	14.880000	14.911000	14.942000	14.974000	15.005000	15.036000	15.083000	15.114000	15.145000	15.176000	15.208000	15.239000	15.270000	15.301000	15.348000	15.379000	15.410000	15.442000	15.473000	15.504000	15.535000	15.582000	15.613000	15.644000	15.676000	15.707000	15.738000	15.769000	15.816000	15.847000	15.878000	15.910000	15.941000	15.972000	16.003000	16.034000	16.081000	16.112000	16.144000	16.175000	16.206000	16.237000	16.268000	16.315000	16.346000	16.378000	16.409000	16.440000	16.471000	16.502000	16.534000	16.580000	16.612000	16.643000	16.674000	16.705000	16.736000	16.768000	16.814000	16.846000	16.877000	16.908000	16.939000	16.970000	17.002000	17.033000	17.080000	17.111000	17.142000	17.173000	17.204000	17.236000	17.267000	17.314000	17.345000	17.376000	17.407000	17.438000	17.470000	17.501000	17.548000	17.579000	17.610000	17.641000	17.672000	17.704000	17.735000	17.766000	17.813000	17.844000	17.875000	17.906000	17.938000	17.969000	18.000000
%%%	13.913043	13.913043	13.913043	13.913043	13.913043	13.913043	13.913043	13.913043	13.913043	13.913043	13.913043	13.913043	13.913043	13.913043	13.913043	13.913043	13.913043	13.913043	13.913043	13.913043	13.913043	13.913043	13.913043	13.913043	13.913043	13.913043	13.913043	13.913043	13.913043	13.913043	13.913043	13.913043	13.913043	13.913043	13.913043	13.913043	13.913043	13.913043	13.913043	13.913043	13.913043	13.913043	13.913043	13.913043	13.913043	13.913043	13.913043	13.913043	13.913043	13.913043	13.913043	13.913043	13.913043	13.913043	13.913043	13.913043	13.913043	13.913043	13.913043	13.913043	13.913043	13.913043	13.913043	13.913043	13.913043	13.913043	13.913043	13.913043	13.913043	13.913043	13.913043	13.913043	13.913043	13.913043	13.913043	13.913043	13.913043	13.913043	13.913043	13.913043	13.913043	13.913043	13.913043	13.913043	13.913043	13.913043	13.913043	13.913043	13.913043	13.913043	13.913043	13.913043	13.913043	13.913043	13.913043	13.913043	13.913043	13.913043	13.913043	13.913043	13.913043	13.913043	13.913043	13.913043	13.913043	13.913043	13.913043	13.913043	13.913043	13.913043	13.913043	13.913043	13.913043	13.913043	13.913043	13.913043	13.913043	13.913043	13.913043	13.913043	13.913043	13.913043	13.913043	13.913043	13.913043	13.913043	13.913043	13.913043	13.913043	13.913043	13.913043	13.913043	13.913043	13.913043	13.913043	13.913043	13.913043	13.913043	13.913043	13.913043	13.913043	13.913043	13.913043	13.913043	13.913043	13.913043	13.913043	13.913043	13.913043	13.913043	13.913043	13.913043	13.913043	13.913043	13.913043	13.913043	13.913043	13.913043	13.913043	13.913043	13.913043	13.913043	13.913043	13.913043	13.913043	13.913043	13.913043	13.913043	13.913043	13.913043	13.913043	13.913043	13.913043	13.913043	13.913043	13.913043	13.913043	13.913043	13.913043	13.913043	13.913043	13.913043	13.913043	13.913043	13.913043	13.913043	13.913043	13.913043	13.913043	13.913043	13.913043	13.913043	13.913043	13.913043	13.913043	13.913043	13.913043	13.913043	13.913043	13.913043	13.913043	13.913043	13.913043	13.913043	13.913043	13.913043	13.913043	13.913043	13.913043	13.913043	13.913043	13.913043	13.913043	13.913043	13.913043	13.913043	13.913043	13.913043	13.913043	13.913043	13.913043	13.913043	13.913043	13.913043	13.913043	13.913043	13.913043	13.913043	13.913043	13.913043	13.913043	13.913043	13.913043	13.913043	13.913043	13.913043	13.913043	13.913043	13.913043	13.913043	13.913043	13.913043	13.913043	13.913043	13.913043	13.913043	13.913043	13.913043	13.913043	13.913043	13.913043	13.913043	13.913043	13.913043	13.913043	13.913043	13.913043	13.913043	13.913043	13.913043	13.913043	13.913043	13.913043	13.913043	13.913043	13.913043	13.913043	13.913043	13.913043	13.913043	13.913043	13.913043	13.913043	13.913043	13.913043	13.913043	13.913043	13.913043	13.913043	13.913043	13.913043	13.913043	13.913043	13.913043	13.913043	13.913043	13.913043	13.913043	13.913043	13.913043	13.913043	13.913043	13.913043	13.913043	13.913043	13.913043	13.913043	13.913043	13.913043	13.913043	13.913043	13.913043	13.913043	13.913043	13.913043	13.913043	13.913043	13.913043	13.913043	13.913043	13.913043	13.913043	13.913043	13.913043	13.913043	13.913043	13.913043	13.913043	13.913043	13.913043	13.913043	13.913043	13.913043	13.913043	13.913043	13.913043	13.913043	13.913043	13.913043	13.913043	13.913043	13.913043	13.913043	13.913043	13.913043	13.913043	13.913043	13.913043	13.913043	13.913043	13.913043	13.913043	13.913043	13.913043	13.913043	13.913043	13.913043	13.913043	13.913043	13.913043	13.913043	13.913043	13.913043	13.913043	13.913043	13.913043	13.913043	13.913043	13.913043	13.913043	13.913043	13.913043	13.913043	13.913043	13.913043	13.913043	13.913043	13.913043	13.913043	13.913043	13.913043	13.913043	13.913043	13.913043	13.913043	13.913043	13.913043	13.913043	13.913043	13.913043	13.913043	13.913043	13.913043	13.913043	13.913043	13.913043	13.913043	13.913043	13.913043	13.913043	13.913043	13.913043	13.913043	13.913043	13.913043	13.913043	13.913043	13.913043	13.913043	13.913043	13.913043	13.913043	13.913043	13.913043	13.913043	13.913043	13.913043	13.913043	13.913043	13.913043	13.913043	13.913043	13.913043	13.913043	13.913043	13.913043	13.913043	13.913043	13.913043	13.913043	13.913043	13.913043	13.913043	13.913043	13.913043	13.913043	13.913043	13.913043	13.913043	13.913043	13.913043	13.913043	13.913043	13.913043	13.913043	13.913043	13.913043	13.913043	13.913043	13.913043	13.913043	13.913043	13.913043	13.913043	13.913043	13.913043	13.913043	13.913043	13.913043	13.913043	13.913043	13.913043	13.913043	13.913043	13.913043	13.913043	13.913043	13.913043	13.913043	13.913043	13.913043	13.913043	13.913043	13.913043	13.913043	13.913043	13.913043	13.913043	13.913043	13.913043	13.913043	13.913043	13.913043	13.913043	13.913043	13.913043	13.913043	13.913043	13.913043	13.913043	13.913043	13.913043	13.913043	13.913043	13.913043	13.913043	13.913043	13.913043	13.913043	13.913043	13.913043	13.913043	13.913043	13.913043	13.913043	13.913043	13.913043	13.913043	13.913043	13.913043	13.913043	13.913043	13.913043	13.913043	13.913043	13.913043	13.913043	13.913043	13.913043	13.913043	13.913043	13.913043	13.913043	13.913043	13.913043	13.913043	13.913043	13.913043	13.913043	13.913043	13.913043	13.913043	13.913043	13.913043	13.913043	13.913043	13.913043	13.913043	13.913043	13.913043	13.913043	13.913043	13.913043	13.913043	13.913043	13.913043	13.913043	13.913043	13.913043	13.913043	13.913043	13.913043	13.913043
%%%	Pulse Index	Stimulus Section Index	Stimulus Section Start Index	Stimulus Section End Index	Pupil Stimulated: 0 = Right, 1 = Left, 2 = Both	Light Metric: 0 = Photopic, 1 = Scopotic, 2 = Radiometric	Stimulus Start Time	Stimulus Duration	Stimulus Pulse Duration	Right Pulse Max Level	Right Pulse Max Color (0123 = WRGB)	Right Pulse Min Level	Right Pulse Min Color (0123 = WRGB)	Left Pulse Max Level	Left Pulse Max Color (0123 = WRGB)	Left Pulse Min Level	Left Pulse Min Color (0123 = WRGB)	Right Data Input Type (0 == RAW DATA, 1 == FITTED DATA, 2 == M. OVERRIDED)	Right ANALYSIS STATE (0 == ABNORMAL, 1 == NORMAL)	Right MAX (mm) (EMPTY if INVALID)	Right MIN (mm) (EMPTY if INVALID)	Right DELTA (mm) (EMPTY if INVALID)	Right CH (%) (EMPTY if INVALID)	Right LAT (sec) (EMPTY if INVALID)	Right CV (mm/s) (EMPTY if INVALID)	Right MCV (mm/s) (EMPTY if INVALID)	Right DV (mm/s) (EMPTY if INVALID)	Left Data Input Type (0 == RAW DATA, 1 == FITTED DATA, 2 == M. OVERRIDED)	Left ANALYSIS STATE (0 == ABNORMAL, 1 == NORMAL)	Left MAX (mm) (EMPTY if INVALID)	Left MIN (mm) (EMPTY if INVALID)	Left DELTA (mm) (EMPTY if INVALID)	Left CH (%) (EMPTY if INVALID)	Left LAT (sec) (EMPTY if INVALID)	Left CV (mm/s) (EMPTY if INVALID)	Left MCV (mm/s) (EMPTY if INVALID)	Left DV (mm/s) (EMPTY if INVALID)
%%%	0	0	17	542	0	0	0.51	17.52	0.51	15.98	1	0.00	1	0.00	1	0.00	1	0	0	0.00	0.00			0.00	0.00	0.00	0.00	0	0	0.00	0.00			0.00	0.00	0.00	0.00
%%%%%%%%%
%%%%%%%%%
%%%%%%%%%
<\SESSION>
