<SESSION>
<VERSION>
2
<\VERSION>
<DATE>
2017-10-31 11:56:31
<\DATE>
<SUBJECT-ID>
C57BL6-28.09.17-DA-1mois-M1-2r
<\SUBJECT-ID>
<NOTE>

<\NOTE>
<MIN-MAX-PLOT>
0.100000 51880.761719
<\MIN-MAX-PLOT>
<STIMULUS-DEFINED>
Default
Default Human Relative Spectral Sensitivity
1	0
1	0.500000	0.500000	17.000000	1	1	2.000000	-100.000000	0.100000	-100.000000	0
<\STIMULUS-DEFINED>
<STIMULUS-GENERATED>
4
0	0	0.000000	1	0.000000	0.000000	1	0.000000	0.000000
0	1	0.510000	1	0.406861	99.710426	1	0.000000	0.000000
0	4	1.019000	1	0.000000	0.000000	1	0.000000	0.000000
-1	5	18.028000	0	0.000000	0.000000	0	0.000000	0.000000
<\STIMULUS-GENERATED>
<RIGHT-PUPIL-DATA>
543	1
1	-0.050000	1.331449	385.493744	274.406219
1	-0.019000	1.383188	385.250000	275.062500
1	0.012000	1.393623	385.350006	275.350006
1	0.044000	1.344058	385.312500	275.687500
1	0.075000	1.401594	385.531250	275.143738
1	0.106000	1.375362	386.000000	275.250000
1	0.153000	1.382464	385.943756	274.868744
1	0.184000	1.391014	386.312469	274.312469
1	0.215000	1.391304	386.250000	275.250000
1	0.246000	1.375507	385.906250	274.968750
1	0.278000	1.385362	386.093750	275.031250
1	0.309000	1.382464	386.068756	275.131256
1	0.340000	1.356522	385.000000	275.000000
1	0.387000	1.370145	386.937500	274.937500
1	0.418000	1.391014	386.687531	274.312469
1	0.449000	1.383623	387.068756	274.806244
1	0.480000	1.385362	386.768738	275.906250
1	0.512000	1.397246	386.593750	275.406250
1	0.543000	1.379420	386.162506	276.862518
1	0.574000	1.321739	386.000000	275.000000
1	0.621000	1.406377	386.475006	276.524994
1	0.652000	1.415797	386.643738	276.343750
1	0.683000	1.382319	386.937500	276.912476
1	0.714000	1.365797	387.000000	276.625000
1	0.746000	1.388841	385.993744	277.043732
0	0.777000	1.096667	390.756256	274.243744
1	0.808000	1.346232	386.781250	278.643738
1	0.839000	1.330435	386.437500	279.562500
1	0.886000	1.286376	386.987122	279.825256
1	0.917000	1.239710	386.437500	280.375000
1	0.948000	1.199275	386.268738	279.656250
1	0.980000	1.177101	387.587494	279.337494
1	1.011000	1.162319	387.000000	279.250000
1	1.042000	1.116377	387.931244	279.131256
0	1.073000	0.978986	388.031250	277.081238
1	1.104000	1.057536	387.318756	279.743744
1	1.151000	1.003188	387.212494	278.212494
0	1.182000	0.892464	389.962494	278.100006
0	1.214000	0.746667	390.600006	274.600006
1	1.245000	0.811884	389.712494	275.287506
0	1.276000	0.753623	390.000000	274.000000
1	1.307000	0.778841	390.187500	274.812500
0	1.338000	0.730435	390.000000	275.000000
0	1.385000	0.811014	389.100006	276.100006
1	1.416000	0.778841	389.062500	275.237488
1	1.448000	0.927536	388.250000	277.750000
0	1.479000	0.832753	389.412567	275.487457
0	1.510000	0.755362	390.524994	274.475006
0	1.541000	0.734203	390.875000	273.812500
0	1.572000	0.841159	391.087494	275.524994
1	1.619000	0.835362	389.562561	274.500000
1	1.650000	0.800000	392.125000	274.875000
0	1.682000	0.783768	391.725006	275.274994
0	1.713000	0.922899	389.212494	275.649994
1	1.744000	1.020725	389.306244	278.318756
1	1.775000	1.038986	389.556244	277.443756
1	1.806000	1.003768	388.812500	277.187500
1	1.838000	1.044638	389.600006	277.524994
1	1.884000	1.060290	389.625000	277.187500
1	1.916000	1.033768	389.618744	277.493744
1	1.947000	1.048841	389.443756	276.681244
0	1.978000	0.869565	391.000000	274.000000
1	2.009000	1.044058	389.500000	277.625000
0	2.040000	0.736232	391.687500	272.937500
0	2.072000	0.786667	394.000000	275.000000
0	2.118000	0.884928	390.712494	274.912506
1	2.150000	1.042754	390.018738	276.593750
1	2.181000	0.997101	390.500000	276.500000
1	2.212000	1.029275	389.837494	277.162506
1	2.243000	1.043478	389.500000	277.500000
1	2.274000	1.048841	389.431244	277.693756
1	2.306000	1.030290	388.818756	277.806244
1	2.352000	1.042754	389.000000	277.562500
1	2.384000	1.039710	389.437500	277.049988
0	2.415000	0.866377	390.212494	274.037506
0	2.446000	0.857102	391.687500	273.687500
0	2.477000	0.791884	394.125000	275.062500
1	2.508000	1.018406	389.368744	277.368744
0	2.540000	0.870580	390.131256	275.243744
1	2.571000	0.989710	390.218750	276.781250
0	2.618000	0.831594	393.462494	275.399994
0	2.649000	0.920145	391.218750	273.781250
0	2.680000	0.901015	391.493744	273.206268
0	2.711000	0.939130	390.750000	274.750000
1	2.742000	0.981015	390.656250	275.656250
0	2.774000	0.918985	390.406250	274.218750
0	2.805000	0.881159	393.000000	276.000000
0	2.852000	0.853333	392.149994	273.100006
0	2.883000	0.894638	391.868744	274.131256
0	2.914000	0.801159	395.024994	275.475006
1	2.945000	1.003188	390.787506	273.712494
0	2.976000	0.964638	390.937500	274.375000
0	3.008000	0.894638	392.818817	273.131256
1	3.039000	1.060870	391.125000	275.875000
1	3.086000	1.079420	390.975006	276.524994
1	3.117000	0.968551	389.818756	275.318756
0	3.148000	0.763189	395.375000	275.000000
0	3.179000	0.904348	392.500000	274.500000
1	3.210000	1.003768	391.500000	274.250000
0	3.242000	0.757246	395.143738	272.481262
1	3.273000	1.000290	390.850037	275.549927
0	3.304000	0.801594	395.468750	273.968750
1	3.351000	1.078841	391.000000	277.000000
0	3.382000	0.778116	394.306244	272.193756
1	3.413000	1.078986	390.968750	277.518738
1	3.444000	1.075072	391.087494	277.037506
1	3.476000	1.078261	391.125000	276.875000
0	3.507000	0.987971	391.556244	275.306244
0	3.538000	0.876232	394.399994	275.162506
0	3.585000	0.904348	392.500000	273.500000
1	3.616000	1.062029	391.774994	275.725006
0	3.647000	0.896812	390.149994	274.100006
0	3.678000	0.886957	392.000000	272.500000
0	3.710000	0.920145	392.218750	273.781250
0	3.741000	0.835362	394.500000	272.500000
0	3.772000	0.923333	393.531250	273.606262
1	3.819000	1.031884	392.000000	276.000000
0	3.850000	0.857102	394.674988	272.687500
0	3.881000	0.877536	389.956238	274.043762
1	3.912000	0.941449	390.574982	275.224945
1	3.944000	1.078841	392.000000	276.000000
0	3.975000	0.858116	394.093750	272.843750
1	4.006000	1.043333	392.006256	276.493744
0	4.037000	0.920145	394.268738	272.531250
0	4.084000	0.881159	393.000000	274.000000
1	4.115000	1.063623	393.218750	275.268738
1	4.146000	1.065362	393.681244	276.206268
1	4.178000	1.087536	393.062500	276.937500
1	4.209000	1.043623	392.006226	276.881226
1	4.240000	1.072899	392.606232	276.681244
0	4.271000	0.918985	392.781250	274.268738
0	4.318000	0.927536	393.500000	272.500000
0	4.349000	0.931449	392.493744	273.618744
1	4.380000	1.064057	393.287170	275.250183
1	4.412000	1.066377	393.662506	274.337494
1	4.443000	1.072464	394.000000	274.500000
0	4.474000	0.968551	393.868744	272.943756
1	4.505000	1.062029	392.725006	275.725006
0	4.552000	0.866377	389.787506	274.412506
1	4.583000	1.078261	393.000000	276.000000
1	4.614000	1.079420	393.024994	276.024994
1	4.646000	1.049275	392.500000	275.500000
1	4.677000	1.057681	392.837494	274.837494
1	4.708000	1.077101	392.975006	274.975006
1	4.739000	1.007102	391.531250	275.531250
1	4.770000	1.004348	391.000000	275.375000
1	4.817000	1.062319	392.125000	276.625000
0	4.848000	0.787102	396.968536	276.256134
1	4.880000	1.090290	392.568756	275.931244
0	4.911000	0.968406	392.037506	274.087494
1	4.942000	1.081449	392.475006	275.024994
0	4.973000	0.933768	393.493744	272.631256
0	5.004000	0.922319	390.799988	274.799988
1	5.036000	1.049420	392.956238	274.456238
1	5.082000	1.034057	392.380920	275.456299
1	5.114000	0.913623	389.375000	274.687500
0	5.145000	0.939275	393.556244	272.693756
1	5.176000	1.048841	393.381256	274.568756
1	5.207000	1.046667	393.037506	273.912506
1	5.238000	1.057102	392.750000	273.375000
0	5.270000	0.959710	394.962494	273.162506
1	5.316000	1.074493	393.187500	272.937500
1	5.348000	1.044058	393.500000	274.000000
1	5.379000	1.060870	393.000000	274.000000
1	5.410000	1.062029	393.274994	274.225006
1	5.441000	1.062029	393.787506	273.774994
1	5.472000	1.062029	393.274994	273.600006
0	5.504000	0.933333	393.375000	271.625000
1	5.550000	1.061884	393.743744	273.756256
1	5.582000	1.048551	393.468628	273.531189
1	5.613000	1.014493	392.624969	273.374969
1	5.644000	1.078261	393.000000	274.000000
0	5.675000	0.972899	392.881256	272.506256
1	5.706000	1.062029	393.274994	273.774994
1	5.738000	1.079855	393.043762	273.968750
1	5.769000	1.003188	393.787506	272.712494
1	5.816000	1.078841	393.562500	274.000000
1	5.847000	1.079275	393.993744	273.506256
1	5.878000	1.100145	393.693756	273.306244
1	5.909000	1.090290	393.818756	273.931244
1	5.940000	1.062029	393.225006	274.225006
1	5.972000	1.076376	393.268555	273.931152
1	6.003000	1.096812	393.774994	273.225006
1	6.050000	1.068841	393.393738	273.106262
1	6.081000	1.104203	393.743744	273.743744
1	6.112000	1.097246	393.781250	273.218750
1	6.143000	1.060870	393.625000	272.875000
1	6.174000	1.078841	393.562500	273.000000
1	6.206000	1.088551	394.343750	273.093750
1	6.237000	1.070725	394.350006	273.850006
1	6.284000	1.113043	392.000000	273.000000
1	6.315000	1.094638	393.681244	273.868744
1	6.346000	1.091304	393.906250	272.906250
1	6.377000	1.057102	393.187500	273.187500
0	6.408000	0.887681	396.293762	270.293762
1	6.440000	1.087971	393.881256	273.443756
0	6.471000	0.801159	397.024994	269.975006
1	6.502000	1.060870	394.000000	274.000000
1	6.549000	1.045507	393.975006	273.524994
0	6.580000	0.778116	395.193756	269.806244
1	6.611000	1.042754	393.481262	273.981262
0	6.642000	0.927536	396.000000	273.000000
1	6.674000	1.044058	393.500000	273.625000
1	6.705000	1.063623	393.643738	273.281250
1	6.736000	1.061159	393.762482	273.249969
0	6.783000	0.974492	394.450226	273.150116
1	6.814000	1.057681	393.162506	274.162506
1	6.845000	1.042464	393.506256	274.043732
1	6.876000	1.061449	393.250000	274.250000
1	6.908000	1.067971	393.668762	273.706238
1	6.939000	1.065797	394.187500	273.687500
0	6.970000	0.920580	395.774994	269.774994
1	7.017000	1.079420	394.024994	273.975006
1	7.048000	1.079855	393.968750	273.593750
1	7.079000	1.081015	393.981262	273.968750
1	7.110000	1.081159	393.500000	274.000000
1	7.142000	1.095652	394.500000	274.000000
0	7.173000	0.927681	396.093750	270.593750
0	7.204000	0.876812	396.862488	269.887512
1	7.235000	1.081015	396.018738	273.531250
1	7.282000	1.084058	395.875000	273.875000
1	7.313000	1.078841	396.250000	273.000000
1	7.344000	1.092754	396.250000	274.000000
1	7.376000	1.083333	396.018768	273.993744
1	7.407000	1.104203	396.256256	273.681244
1	7.438000	1.107102	396.031250	273.593750
0	7.469000	0.811884	398.162506	268.287506
1	7.516000	1.100580	396.862488	273.299988
1	7.547000	1.066812	396.281250	273.718750
1	7.578000	1.092898	396.843750	273.156250
1	7.610000	1.088406	396.625000	274.000000
1	7.641000	1.089710	396.843750	274.156250
1	7.672000	1.083188	395.500000	275.500000
0	7.703000	0.846377	397.437500	272.187500
1	7.750000	0.801159	398.899994	270.475006
1	7.781000	1.092898	396.156250	274.906250
1	7.812000	1.096812	395.725006	275.662445
0	7.844000	0.788406	399.012512	271.049988
0	7.875000	0.883768	397.024994	272.287506
0	7.906000	0.920145	396.218750	273.781250
0	7.937000	0.783188	398.299988	272.750000
1	7.968000	1.078841	395.000000	279.000000
0	8.015000	0.895072	397.862488	275.125000
0	8.046000	0.814058	398.306274	274.268738
0	8.078000	0.901884	395.443756	274.993744
0	8.109000	0.742029	396.000000	273.000000
1	8.140000	1.041594	396.531250	275.531250
0	8.171000	0.922754	394.481415	274.493744
0	8.202000	0.867971	397.518738	273.843750
0	8.249000	0.898406	396.531250	273.593750
1	8.280000	1.101159	395.287506	276.912506
0	8.312000	0.939710	395.625000	273.500000
1	8.343000	1.105507	395.649994	274.399994
0	8.374000	0.936812	396.475006	272.024994
1	8.405000	1.081449	395.512482	273.962494
1	8.436000	1.061594	395.256256	274.256256
0	8.483000	0.800000	397.750000	270.750000
0	8.514000	0.834783	396.000000	269.000000
1	8.546000	1.071594	395.337494	275.399994
0	8.577000	0.951159	395.818756	273.731232
0	8.608000	0.876812	397.424988	271.887512
0	8.639000	0.885362	397.018738	272.031250
1	8.670000	1.081594	396.006256	274.506256
0	8.702000	0.811884	397.712494	271.287506
0	8.748000	0.972319	395.906250	272.531250
1	8.780000	0.777101	399.100006	271.212494
0	8.811000	1.009420	397.268738	274.393738
0	8.842000	0.881884	397.706238	272.706238
0	8.873000	0.935942	393.525055	272.512482
0	8.904000	0.814638	397.718750	270.718750
1	8.936000	1.102899	397.049988	273.924988
0	8.982000	1.017391	394.250000	273.250000
1	9.014000	1.082754	395.843536	273.968658
1	9.045000	1.081594	395.556244	274.443756
1	9.076000	1.095072	395.187500	274.625000
1	9.107000	1.104928	395.250000	274.750000
1	9.138000	1.095072	395.250000	274.799988
0	9.170000	1.000145	395.118744	273.418732
1	9.201000	1.114203	395.524994	274.524994
1	9.248000	1.078841	395.000000	274.562500
1	9.279000	1.113623	396.000000	274.000000
0	9.310000	0.997246	395.156250	271.818787
0	9.341000	0.992464	394.350006	272.225006
0	9.372000	1.020290	392.000000	273.000000
0	9.404000	1.020290	392.000000	273.000000
0	9.435000	0.834783	399.000000	270.000000
0	9.482000	0.831015	398.437500	270.437500
1	9.513000	1.062464	394.718750	273.781250
1	9.544000	1.118841	396.125000	275.125000
1	9.575000	1.118550	396.349823	274.974762
0	9.606000	0.972754	396.100006	272.399994
0	9.638000	0.939130	395.250000	272.750000
1	9.669000	1.084638	397.024994	274.574982
1	9.716000	1.121015	396.143738	274.593750
1	9.747000	1.133188	396.281250	274.218750
1	9.778000	1.105507	395.850006	273.649994
1	9.809000	1.094493	396.350006	274.149994
1	9.840000	1.114203	396.524994	273.850006
1	9.872000	1.100725	396.125000	273.750000
0	9.903000	0.988551	395.281250	271.718750
1	9.934000	1.134928	396.681244	274.243744
0	9.981000	0.958116	395.718750	271.218750
0	10.012000	1.045072	396.018738	272.493774
1	10.043000	1.111594	397.562500	273.262512
1	10.074000	1.114638	397.843750	274.156250
1	10.106000	1.133333	397.450012	273.700012
0	10.137000	1.009275	395.500000	272.500000
1	10.168000	1.089855	398.000000	273.000000
1	10.215000	1.101594	397.293793	274.293671
0	10.246000	1.033188	397.143768	272.893707
0	10.277000	0.834783	400.000000	269.000000
1	10.308000	1.135507	397.268738	275.106262
1	10.340000	1.159710	397.662506	275.212494
1	10.371000	1.155942	398.625000	274.625000
1	10.402000	1.154203	398.024994	274.649994
0	10.449000	0.857971	398.000000	271.000000
1	10.480000	1.171159	397.906250	275.656250
0	10.511000	0.840725	398.531250	270.406250
1	10.542000	1.150580	398.031250	275.718750
1	10.574000	1.168694	398.612946	274.062469
1	10.605000	1.164203	398.181244	274.493744
1	10.636000	1.202029	398.037506	273.962494
1	10.667000	1.198840	398.649994	273.850006
1	10.714000	1.176667	398.956238	274.331238
1	10.745000	1.191884	398.875000	274.125000
0	10.776000	1.006377	399.974976	271.500000
1	10.808000	1.168841	397.831238	275.206238
1	10.839000	1.180290	398.475006	274.962494
1	10.870000	1.164203	398.543732	274.793732
0	10.901000	1.006522	400.493744	272.006256
1	10.948000	1.177101	398.662506	274.350006
1	10.979000	1.138551	399.187500	275.362488
1	11.010000	1.137101	399.212494	274.787506
1	11.042000	1.140290	397.800018	275.350006
1	11.073000	1.133188	398.231262	275.768738
0	11.104000	0.831015	400.437500	270.437500
0	11.135000	0.997101	398.000000	273.000000
1	11.166000	1.136812	398.149994	275.850006
0	11.213000	1.044638	399.524994	277.399994
1	11.244000	1.118986	398.468750	276.093750
1	11.276000	1.136232	398.000000	275.000000
1	11.307000	1.117971	397.937500	276.937500
1	11.338000	1.131449	398.256256	276.256256
0	11.369000	0.849275	399.000000	272.000000
0	11.400000	0.938551	400.350067	277.512543
1	11.447000	1.138551	398.187500	274.625000
1	11.478000	1.115797	398.468750	275.343750
0	11.510000	0.908116	402.575012	275.500000
1	11.541000	1.132754	398.725006	275.324982
0	11.572000	0.956522	399.375000	273.625000
0	11.603000	1.044638	399.524994	274.975006
0	11.634000	0.853333	399.337494	271.850006
0	11.681000	0.977681	400.437500	273.937500
0	11.712000	0.834783	400.000000	273.000000
1	11.744000	1.136377	398.843750	275.156250
1	11.775000	1.138406	398.593750	275.206238
0	11.806000	0.911449	400.168701	272.343750
1	11.837000	1.147681	398.543732	275.493744
1	11.868000	1.164058	398.524994	275.837494
1	11.900000	1.105942	399.093750	275.781189
0	11.946000	1.089855	400.000000	275.000000
1	11.978000	1.114638	399.531250	276.468750
0	12.009000	0.818840	401.812469	271.387482
1	12.040000	1.114203	400.024994	275.475006
1	12.071000	1.121594	399.943756	275.993744
0	12.102000	1.013768	401.581238	273.956238
1	12.134000	1.133333	399.700012	274.737488
0	12.180000	0.929855	400.562500	273.437500
1	12.212000	1.116377	398.693756	274.681244
1	12.243000	1.141449	399.200073	275.224976
1	12.274000	1.136232	399.825012	274.825012
1	12.305000	1.133188	399.481262	274.268738
1	12.336000	1.158986	399.781250	273.906250
1	12.368000	1.147826	400.000000	274.000000
0	12.414000	0.820580	401.787506	269.824982
1	12.446000	1.142029	399.612488	275.174988
1	12.477000	1.133188	399.531250	274.893738
0	12.508000	0.995072	400.812500	272.187500
1	12.539000	1.138551	398.174988	276.674988
0	12.570000	0.822319	399.937500	270.437500
0	12.602000	0.800000	402.000000	271.000000
0	12.633000	0.796087	400.081299	271.918701
0	12.680000	0.918841	400.500000	273.000000
1	12.711000	1.101449	399.000000	277.000000
0	12.742000	0.939710	401.500000	274.500000
0	12.773000	0.975507	401.468750	275.031250
1	12.804000	1.098985	399.756256	276.068756
1	12.836000	1.120580	400.412506	275.600006
1	12.867000	1.090290	399.868744	275.568756
1	12.914000	1.081015	400.018738	275.418762
1	12.945000	1.107681	399.618744	275.743744
0	12.976000	0.944058	400.250000	273.750000
1	13.007000	1.107971	399.718750	275.956238
1	13.038000	1.118986	400.031250	275.956238
1	13.070000	1.109855	400.212494	275.212494
1	13.101000	1.129855	400.299988	275.200012
1	13.132000	1.132754	400.274994	275.524994
1	13.179000	1.148840	400.543732	275.318756
0	13.210000	0.848406	403.187500	270.812500
1	13.241000	1.146812	400.368744	276.131256
1	13.272000	1.139130	400.500000	276.750000
1	13.304000	1.155507	400.381256	275.381256
1	13.335000	1.182609	400.250000	275.750000
1	13.366000	1.171884	400.162506	276.087494
0	13.413000	0.957681	401.274994	273.725006
0	13.444000	0.986377	400.750000	273.312500
1	13.475000	1.175073	399.662506	276.587494
1	13.506000	1.164493	399.793762	276.768738
1	13.538000	1.172464	399.112488	277.112488
1	13.569000	1.165072	400.318756	277.181244
1	13.600000	1.192319	399.881256	276.131256
1	13.647000	1.181594	400.381256	275.993744
0	13.678000	0.956666	396.293793	273.106354
1	13.709000	1.171015	400.000000	276.000000
1	13.740000	1.197101	400.362488	276.200012
1	13.772000	1.167826	400.437500	275.762512
1	13.803000	1.176667	400.668762	276.043762
1	13.834000	1.202319	400.225006	276.225006
1	13.865000	1.171015	400.000000	275.000000
1	13.912000	1.186232	400.943756	275.481232
1	13.943000	1.198840	400.649994	275.649994
1	13.974000	1.182609	400.750000	275.250000
1	14.006000	1.211884	400.162506	274.912506
1	14.037000	1.181594	400.993744	275.306244
1	14.068000	1.176667	400.031250	276.318726
1	14.099000	1.153623	400.049988	276.375000
0	14.146000	1.003333	400.181213	273.518616
1	14.177000	1.168841	400.593750	275.831238
0	14.208000	0.977536	401.793762	272.793762
1	14.240000	1.164058	400.600006	275.837494
1	14.271000	1.141449	400.850006	275.149994
1	14.302000	1.153188	400.993744	275.618744
0	14.333000	1.007681	400.493744	272.506256
0	14.380000	0.968116	398.112488	272.899963
0	14.411000	0.842464	399.881256	270.506256
0	14.442000	0.957681	400.850006	272.225006
0	14.474000	0.789855	401.674988	269.812500
1	14.505000	1.151160	400.318756	274.681244
1	14.536000	1.143623	400.518768	273.618744
1	14.567000	1.154203	400.725006	273.975006
1	14.598000	1.146377	400.375000	274.375000
1	14.645000	1.159855	400.443756	274.068756
0	14.676000	0.834203	399.437500	270.375000
1	14.708000	1.188406	400.000000	274.500000
0	14.739000	0.840725	400.531250	269.531250
0	14.770000	0.921159	400.237488	269.750000
1	14.801000	1.175073	399.850006	274.399994
1	14.832000	1.149710	400.268799	274.718750
1	14.879000	1.166377	399.850006	274.725006
1	14.910000	1.186377	400.549988	274.512512
1	14.942000	1.170580	399.931244	275.068756
1	14.973000	1.165942	399.481262	275.518738
1	15.004000	1.176812	400.375000	275.625000
0	15.035000	0.978841	400.375000	272.812500
1	15.066000	1.177536	400.643738	275.981262
1	15.113000	1.182029	400.500000	275.750000
1	15.144000	1.185942	400.556244	275.556244
1	15.176000	1.159275	400.906250	276.093750
1	15.207000	1.194493	400.412506	276.412506
0	15.238000	0.884928	398.712494	270.287506
1	15.269000	1.194638	400.431244	275.431244
1	15.300000	1.168551	400.806244	275.756256
1	15.332000	1.163189	400.837585	275.187500
0	15.378000	0.920580	402.225006	270.774994
1	15.410000	1.164638	401.250000	275.174988
1	15.441000	1.174493	401.375000	274.875000
0	15.472000	0.950580	402.156250	272.218750
0	15.503000	0.837536	402.018738	270.593750
1	15.534000	1.152464	400.975067	275.675018
0	15.566000	0.881159	404.500000	272.500000
0	15.612000	1.044058	400.500000	273.000000
0	15.644000	0.990145	403.212494	273.225006
0	15.675000	0.968551	402.943756	273.443756
1	15.706000	1.159420	401.500000	275.500000
1	15.737000	1.150580	401.031250	275.968750
1	15.768000	1.155942	401.625000	276.625000
1	15.800000	1.159855	400.931244	277.068756
1	15.846000	1.143333	401.618744	277.431244
1	15.878000	1.146812	401.368744	277.743744
0	15.909000	0.942464	403.056244	274.431244
0	15.940000	0.986232	403.206238	274.718750
1	15.971000	1.126812	401.418762	276.956238
0	16.002000	0.857102	404.312500	271.712524
1	16.034000	1.131014	401.299988	276.500000
0	16.065000	0.801015	404.493744	271.006256
1	16.112000	1.141449	400.850006	275.587494
0	16.143000	0.957681	401.399994	273.725006
1	16.174000	1.136812	400.550018	276.225006
1	16.205000	1.105942	401.781250	277.656250
1	16.236000	1.132754	403.100006	278.725006
1	16.268000	1.089855	404.000000	277.000000
0	16.299000	0.866812	404.281250	274.218750
1	16.346000	1.049275	405.000000	276.000000
1	16.377000	1.131449	402.256256	276.693756
1	16.408000	1.123623	401.993713	277.018799
0	16.439000	0.972754	403.975006	273.899994
1	16.470000	1.140145	401.868744	276.618744
0	16.502000	0.898985	403.443756	272.881256
1	16.533000	1.138406	401.393738	276.593750
0	16.580000	0.991304	402.000000	274.500000
1	16.611000	1.132029	402.281250	276.281250
1	16.642000	1.151014	402.412506	275.987518
1	16.673000	1.148986	402.475006	275.337494
1	16.704000	1.160290	402.812500	275.687500
1	16.736000	1.157971	402.687500	275.887512
1	16.767000	1.183188	402.000000	275.437500
1	16.798000	1.146812	401.506256	275.743744
1	16.845000	1.155507	401.618744	275.668732
1	16.876000	1.168841	401.831238	276.593750
1	16.907000	1.165217	402.000000	275.500000
1	16.938000	1.170725	402.587494	275.787506
1	16.970000	1.163623	402.343750	276.156250
1	17.001000	1.156522	402.250000	276.250000
0	17.032000	0.972899	403.493744	273.881256
1	17.063000	1.163623	401.818726	277.481262
1	17.110000	1.147971	402.056244	277.256256
1	17.141000	1.151594	401.687500	277.549988
0	17.172000	0.964638	403.875000	274.000000
0	17.204000	1.049420	402.043762	274.543762
1	17.235000	1.159855	402.931244	277.443756
0	17.266000	0.906377	404.212494	273.787506
1	17.297000	1.176667	402.656250	277.656250
0	17.344000	0.933768	405.368744	274.056244
1	17.375000	1.131449	402.256256	278.743744
1	17.406000	1.136377	403.156250	278.218750
0	17.438000	0.834928	407.993744	277.006256
1	17.469000	1.125507	402.937500	277.625000
1	17.500000	1.127536	402.812500	278.062500
1	17.531000	1.121159	402.625000	277.937500
1	17.578000	1.116665	404.094055	277.493530
1	17.609000	1.096667	403.756256	277.318756
1	17.641000	1.132029	402.281250	277.718750
1	17.672000	1.145072	402.468750	278.231262
1	17.703000	1.139130	403.250000	277.750000
1	17.734000	1.109275	402.812500	277.812500
1	17.765000	1.131014	403.500000	277.299988
1	17.797000	1.129710	403.268738	277.268738
1	17.843000	1.119710	403.587524	276.662537
1	17.875000	1.117971	404.062500	277.437500
0	17.906000	0.886957	405.875000	273.625000
0	17.937000	0.913623	407.312500	273.625000
0	17.968000	1.066812	404.343750	277.656250
0	17.999000	0.835362	406.000000	273.625000
<\RIGHT-PUPIL-DATA>
<LEFT-PUPIL-DATA>
543	0
0	-0.049000	13.913043	240.000000	320.000000
0	-0.018000	13.913043	240.000000	320.000000
0	0.013000	13.913043	240.000000	320.000000
0	0.044000	13.913043	240.000000	320.000000
0	0.075000	13.913043	240.000000	320.000000
0	0.107000	13.913043	240.000000	320.000000
0	0.153000	13.913043	240.000000	320.000000
0	0.185000	13.913043	240.000000	320.000000
0	0.216000	13.913043	240.000000	320.000000
0	0.247000	13.913043	240.000000	320.000000
0	0.278000	13.913043	240.000000	320.000000
0	0.309000	13.913043	240.000000	320.000000
0	0.341000	13.913043	240.000000	320.000000
0	0.372000	13.913043	240.000000	320.000000
0	0.419000	13.913043	240.000000	320.000000
0	0.450000	13.913043	240.000000	320.000000
0	0.481000	13.913043	240.000000	320.000000
0	0.512000	13.913043	240.000000	320.000000
0	0.543000	13.913043	240.000000	320.000000
0	0.575000	13.913043	240.000000	320.000000
0	0.606000	13.913043	240.000000	320.000000
0	0.653000	13.913043	240.000000	320.000000
0	0.684000	13.913043	240.000000	320.000000
0	0.715000	13.913043	240.000000	320.000000
0	0.746000	13.913043	240.000000	320.000000
0	0.777000	13.913043	240.000000	320.000000
0	0.809000	13.913043	240.000000	320.000000
0	0.840000	13.913043	240.000000	320.000000
0	0.887000	13.913043	240.000000	320.000000
0	0.918000	13.913043	240.000000	320.000000
0	0.949000	13.913043	240.000000	320.000000
0	0.980000	13.913043	240.000000	320.000000
0	1.011000	13.913043	240.000000	320.000000
0	1.043000	13.913043	240.000000	320.000000
0	1.074000	13.913043	240.000000	320.000000
0	1.105000	13.913043	240.000000	320.000000
0	1.152000	13.913043	240.000000	320.000000
0	1.183000	13.913043	240.000000	320.000000
0	1.214000	13.913043	240.000000	320.000000
0	1.245000	13.913043	240.000000	320.000000
0	1.277000	13.913043	240.000000	320.000000
0	1.308000	13.913043	240.000000	320.000000
0	1.339000	13.913043	240.000000	320.000000
0	1.386000	13.913043	240.000000	320.000000
0	1.417000	13.913043	240.000000	320.000000
0	1.448000	13.913043	240.000000	320.000000
0	1.479000	13.913043	240.000000	320.000000
0	1.511000	13.913043	240.000000	320.000000
0	1.542000	13.913043	240.000000	320.000000
0	1.573000	13.913043	240.000000	320.000000
0	1.620000	13.913043	240.000000	320.000000
0	1.651000	13.913043	240.000000	320.000000
0	1.682000	13.913043	240.000000	320.000000
0	1.713000	13.913043	240.000000	320.000000
0	1.745000	13.913043	240.000000	320.000000
0	1.776000	13.913043	240.000000	320.000000
0	1.807000	13.913043	240.000000	320.000000
0	1.838000	13.913043	240.000000	320.000000
0	1.885000	13.913043	240.000000	320.000000
0	1.916000	13.913043	240.000000	320.000000
0	1.947000	13.913043	240.000000	320.000000
0	1.979000	13.913043	240.000000	320.000000
0	2.010000	13.913043	240.000000	320.000000
0	2.041000	13.913043	240.000000	320.000000
0	2.072000	13.913043	240.000000	320.000000
0	2.103000	13.913043	240.000000	320.000000
0	2.150000	13.913043	240.000000	320.000000
0	2.181000	13.913043	240.000000	320.000000
0	2.213000	13.913043	240.000000	320.000000
0	2.244000	13.913043	240.000000	320.000000
0	2.275000	13.913043	240.000000	320.000000
0	2.306000	13.913043	240.000000	320.000000
0	2.337000	13.913043	240.000000	320.000000
0	2.384000	13.913043	240.000000	320.000000
0	2.415000	13.913043	240.000000	320.000000
0	2.447000	13.913043	240.000000	320.000000
0	2.478000	13.913043	240.000000	320.000000
0	2.509000	13.913043	240.000000	320.000000
0	2.540000	13.913043	240.000000	320.000000
0	2.571000	13.913043	240.000000	320.000000
0	2.618000	13.913043	240.000000	320.000000
0	2.649000	13.913043	240.000000	320.000000
0	2.681000	13.913043	240.000000	320.000000
0	2.712000	13.913043	240.000000	320.000000
0	2.743000	13.913043	240.000000	320.000000
0	2.774000	13.913043	240.000000	320.000000
0	2.805000	13.913043	240.000000	320.000000
0	2.837000	13.913043	240.000000	320.000000
0	2.883000	13.913043	240.000000	320.000000
0	2.915000	13.913043	240.000000	320.000000
0	2.946000	13.913043	240.000000	320.000000
0	2.977000	13.913043	240.000000	320.000000
0	3.008000	13.913043	240.000000	320.000000
0	3.039000	13.913043	240.000000	320.000000
0	3.071000	13.913043	240.000000	320.000000
0	3.117000	13.913043	240.000000	320.000000
0	3.149000	13.913043	240.000000	320.000000
0	3.180000	13.913043	240.000000	320.000000
0	3.211000	13.913043	240.000000	320.000000
0	3.242000	13.913043	240.000000	320.000000
0	3.273000	13.913043	240.000000	320.000000
0	3.305000	13.913043	240.000000	320.000000
0	3.351000	13.913043	240.000000	320.000000
0	3.383000	13.913043	240.000000	320.000000
0	3.414000	13.913043	240.000000	320.000000
0	3.445000	13.913043	240.000000	320.000000
0	3.476000	13.913043	240.000000	320.000000
0	3.507000	13.913043	240.000000	320.000000
0	3.539000	13.913043	240.000000	320.000000
0	3.570000	13.913043	240.000000	320.000000
0	3.617000	13.913043	240.000000	320.000000
0	3.648000	13.913043	240.000000	320.000000
0	3.679000	13.913043	240.000000	320.000000
0	3.710000	13.913043	240.000000	320.000000
0	3.741000	13.913043	240.000000	320.000000
0	3.773000	13.913043	240.000000	320.000000
0	3.804000	13.913043	240.000000	320.000000
0	3.851000	13.913043	240.000000	320.000000
0	3.882000	13.913043	240.000000	320.000000
0	3.913000	13.913043	240.000000	320.000000
0	3.944000	13.913043	240.000000	320.000000
0	3.975000	13.913043	240.000000	320.000000
0	4.007000	13.913043	240.000000	320.000000
0	4.038000	13.913043	240.000000	320.000000
0	4.085000	13.913043	240.000000	320.000000
0	4.116000	13.913043	240.000000	320.000000
0	4.147000	13.913043	240.000000	320.000000
0	4.178000	13.913043	240.000000	320.000000
0	4.209000	13.913043	240.000000	320.000000
0	4.241000	13.913043	240.000000	320.000000
0	4.272000	13.913043	240.000000	320.000000
0	4.303000	13.913043	240.000000	320.000000
0	4.350000	13.913043	240.000000	320.000000
0	4.381000	13.913043	240.000000	320.000000
0	4.412000	13.913043	240.000000	320.000000
0	4.443000	13.913043	240.000000	320.000000
0	4.475000	13.913043	240.000000	320.000000
0	4.506000	13.913043	240.000000	320.000000
0	4.537000	13.913043	240.000000	320.000000
0	4.584000	13.913043	240.000000	320.000000
0	4.615000	13.913043	240.000000	320.000000
0	4.646000	13.913043	240.000000	320.000000
0	4.677000	13.913043	240.000000	320.000000
0	4.709000	13.913043	240.000000	320.000000
0	4.740000	13.913043	240.000000	320.000000
0	4.771000	13.913043	240.000000	320.000000
0	4.818000	13.913043	240.000000	320.000000
0	4.849000	13.913043	240.000000	320.000000
0	4.880000	13.913043	240.000000	320.000000
0	4.911000	13.913043	240.000000	320.000000
0	4.943000	13.913043	240.000000	320.000000
0	4.974000	13.913043	240.000000	320.000000
0	5.005000	13.913043	240.000000	320.000000
0	5.036000	13.913043	240.000000	320.000000
0	5.083000	13.913043	240.000000	320.000000
0	5.114000	13.913043	240.000000	320.000000
0	5.145000	13.913043	240.000000	320.000000
0	5.177000	13.913043	240.000000	320.000000
0	5.208000	13.913043	240.000000	320.000000
0	5.239000	13.913043	240.000000	320.000000
0	5.270000	13.913043	240.000000	320.000000
0	5.317000	13.913043	240.000000	320.000000
0	5.348000	13.913043	240.000000	320.000000
0	5.379000	13.913043	240.000000	320.000000
0	5.411000	13.913043	240.000000	320.000000
0	5.442000	13.913043	240.000000	320.000000
0	5.473000	13.913043	240.000000	320.000000
0	5.504000	13.913043	240.000000	320.000000
0	5.551000	13.913043	240.000000	320.000000
0	5.582000	13.913043	240.000000	320.000000
0	5.613000	13.913043	240.000000	320.000000
0	5.645000	13.913043	240.000000	320.000000
0	5.676000	13.913043	240.000000	320.000000
0	5.707000	13.913043	240.000000	320.000000
0	5.738000	13.913043	240.000000	320.000000
0	5.769000	13.913043	240.000000	320.000000
0	5.816000	13.913043	240.000000	320.000000
0	5.847000	13.913043	240.000000	320.000000
0	5.879000	13.913043	240.000000	320.000000
0	5.910000	13.913043	240.000000	320.000000
0	5.941000	13.913043	240.000000	320.000000
0	5.972000	13.913043	240.000000	320.000000
0	6.003000	13.913043	240.000000	320.000000
0	6.050000	13.913043	240.000000	320.000000
0	6.081000	13.913043	240.000000	320.000000
0	6.113000	13.913043	240.000000	320.000000
0	6.144000	13.913043	240.000000	320.000000
0	6.175000	13.913043	240.000000	320.000000
0	6.206000	13.913043	240.000000	320.000000
0	6.237000	13.913043	240.000000	320.000000
0	6.269000	13.913043	240.000000	320.000000
0	6.315000	13.913043	240.000000	320.000000
0	6.347000	13.913043	240.000000	320.000000
0	6.378000	13.913043	240.000000	320.000000
0	6.409000	13.913043	240.000000	320.000000
0	6.440000	13.913043	240.000000	320.000000
0	6.471000	13.913043	240.000000	320.000000
0	6.503000	13.913043	240.000000	320.000000
0	6.549000	13.913043	240.000000	320.000000
0	6.581000	13.913043	240.000000	320.000000
0	6.612000	13.913043	240.000000	320.000000
0	6.643000	13.913043	240.000000	320.000000
0	6.674000	13.913043	240.000000	320.000000
0	6.705000	13.913043	240.000000	320.000000
0	6.737000	13.913043	240.000000	320.000000
0	6.768000	13.913043	240.000000	320.000000
0	6.815000	13.913043	240.000000	320.000000
0	6.846000	13.913043	240.000000	320.000000
0	6.877000	13.913043	240.000000	320.000000
0	6.908000	13.913043	240.000000	320.000000
0	6.939000	13.913043	240.000000	320.000000
0	6.971000	13.913043	240.000000	320.000000
0	7.002000	13.913043	240.000000	320.000000
0	7.049000	13.913043	240.000000	320.000000
0	7.080000	13.913043	240.000000	320.000000
0	7.111000	13.913043	240.000000	320.000000
0	7.142000	13.913043	240.000000	320.000000
0	7.173000	13.913043	240.000000	320.000000
0	7.205000	13.913043	240.000000	320.000000
0	7.236000	13.913043	240.000000	320.000000
0	7.283000	13.913043	240.000000	320.000000
0	7.314000	13.913043	240.000000	320.000000
0	7.345000	13.913043	240.000000	320.000000
0	7.376000	13.913043	240.000000	320.000000
0	7.407000	13.913043	240.000000	320.000000
0	7.439000	13.913043	240.000000	320.000000
0	7.470000	13.913043	240.000000	320.000000
0	7.501000	13.913043	240.000000	320.000000
0	7.548000	13.913043	240.000000	320.000000
0	7.579000	13.913043	240.000000	320.000000
0	7.610000	13.913043	240.000000	320.000000
0	7.641000	13.913043	240.000000	320.000000
0	7.673000	13.913043	240.000000	320.000000
0	7.704000	13.913043	240.000000	320.000000
0	7.735000	13.913043	240.000000	320.000000
0	7.782000	13.913043	240.000000	320.000000
0	7.813000	13.913043	240.000000	320.000000
0	7.844000	13.913043	240.000000	320.000000
0	7.875000	13.913043	240.000000	320.000000
0	7.907000	13.913043	240.000000	320.000000
0	7.938000	13.913043	240.000000	320.000000
0	7.969000	13.913043	240.000000	320.000000
0	8.016000	13.913043	240.000000	320.000000
0	8.047000	13.913043	240.000000	320.000000
0	8.078000	13.913043	240.000000	320.000000
0	8.109000	13.913043	240.000000	320.000000
0	8.141000	13.913043	240.000000	320.000000
0	8.172000	13.913043	240.000000	320.000000
0	8.203000	13.913043	240.000000	320.000000
0	8.234000	13.913043	240.000000	320.000000
0	8.281000	13.913043	240.000000	320.000000
0	8.312000	13.913043	240.000000	320.000000
0	8.343000	13.913043	240.000000	320.000000
0	8.375000	13.913043	240.000000	320.000000
0	8.406000	13.913043	240.000000	320.000000
0	8.437000	13.913043	240.000000	320.000000
0	8.468000	13.913043	240.000000	320.000000
0	8.515000	13.913043	240.000000	320.000000
0	8.546000	13.913043	240.000000	320.000000
0	8.577000	13.913043	240.000000	320.000000
0	8.609000	13.913043	240.000000	320.000000
0	8.640000	13.913043	240.000000	320.000000
0	8.671000	13.913043	240.000000	320.000000
0	8.702000	13.913043	240.000000	320.000000
0	8.749000	13.913043	240.000000	320.000000
0	8.780000	13.913043	240.000000	320.000000
0	8.811000	13.913043	240.000000	320.000000
0	8.843000	13.913043	240.000000	320.000000
0	8.874000	13.913043	240.000000	320.000000
0	8.905000	13.913043	240.000000	320.000000
0	8.936000	13.913043	240.000000	320.000000
0	8.967000	13.913043	240.000000	320.000000
0	9.014000	13.913043	240.000000	320.000000
0	9.045000	13.913043	240.000000	320.000000
0	9.077000	13.913043	240.000000	320.000000
0	9.108000	13.913043	240.000000	320.000000
0	9.139000	13.913043	240.000000	320.000000
0	9.170000	13.913043	240.000000	320.000000
0	9.201000	13.913043	240.000000	320.000000
0	9.248000	13.913043	240.000000	320.000000
0	9.279000	13.913043	240.000000	320.000000
0	9.311000	13.913043	240.000000	320.000000
0	9.342000	13.913043	240.000000	320.000000
0	9.373000	13.913043	240.000000	320.000000
0	9.404000	13.913043	240.000000	320.000000
0	9.435000	13.913043	240.000000	320.000000
0	9.482000	13.913043	240.000000	320.000000
0	9.513000	13.913043	240.000000	320.000000
0	9.545000	13.913043	240.000000	320.000000
0	9.576000	13.913043	240.000000	320.000000
0	9.607000	13.913043	240.000000	320.000000
0	9.638000	13.913043	240.000000	320.000000
0	9.669000	13.913043	240.000000	320.000000
0	9.701000	13.913043	240.000000	320.000000
0	9.747000	13.913043	240.000000	320.000000
0	9.779000	13.913043	240.000000	320.000000
0	9.810000	13.913043	240.000000	320.000000
0	9.841000	13.913043	240.000000	320.000000
0	9.872000	13.913043	240.000000	320.000000
0	9.903000	13.913043	240.000000	320.000000
0	9.935000	13.913043	240.000000	320.000000
0	9.981000	13.913043	240.000000	320.000000
0	10.013000	13.913043	240.000000	320.000000
0	10.044000	13.913043	240.000000	320.000000
0	10.075000	13.913043	240.000000	320.000000
0	10.106000	13.913043	240.000000	320.000000
0	10.137000	13.913043	240.000000	320.000000
0	10.169000	13.913043	240.000000	320.000000
0	10.200000	13.913043	240.000000	320.000000
0	10.247000	13.913043	240.000000	320.000000
0	10.278000	13.913043	240.000000	320.000000
0	10.309000	13.913043	240.000000	320.000000
0	10.340000	13.913043	240.000000	320.000000
0	10.371000	13.913043	240.000000	320.000000
0	10.403000	13.913043	240.000000	320.000000
0	10.434000	13.913043	240.000000	320.000000
0	10.481000	13.913043	240.000000	320.000000
0	10.512000	13.913043	240.000000	320.000000
0	10.543000	13.913043	240.000000	320.000000
0	10.574000	13.913043	240.000000	320.000000
0	10.605000	13.913043	240.000000	320.000000
0	10.637000	13.913043	240.000000	320.000000
0	10.668000	13.913043	240.000000	320.000000
0	10.715000	13.913043	240.000000	320.000000
0	10.746000	13.913043	240.000000	320.000000
0	10.777000	13.913043	240.000000	320.000000
0	10.808000	13.913043	240.000000	320.000000
0	10.839000	13.913043	240.000000	320.000000
0	10.871000	13.913043	240.000000	320.000000
0	10.902000	13.913043	240.000000	320.000000
0	10.933000	13.913043	240.000000	320.000000
0	10.980000	13.913043	240.000000	320.000000
0	11.011000	13.913043	240.000000	320.000000
0	11.042000	13.913043	240.000000	320.000000
0	11.073000	13.913043	240.000000	320.000000
0	11.105000	13.913043	240.000000	320.000000
0	11.136000	13.913043	240.000000	320.000000
0	11.167000	13.913043	240.000000	320.000000
0	11.214000	13.913043	240.000000	320.000000
0	11.245000	13.913043	240.000000	320.000000
0	11.276000	13.913043	240.000000	320.000000
0	11.307000	13.913043	240.000000	320.000000
0	11.339000	13.913043	240.000000	320.000000
0	11.370000	13.913043	240.000000	320.000000
0	11.401000	13.913043	240.000000	320.000000
0	11.448000	13.913043	240.000000	320.000000
0	11.479000	13.913043	240.000000	320.000000
0	11.510000	13.913043	240.000000	320.000000
0	11.541000	13.913043	240.000000	320.000000
0	11.573000	13.913043	240.000000	320.000000
0	11.604000	13.913043	240.000000	320.000000
0	11.635000	13.913043	240.000000	320.000000
0	11.666000	13.913043	240.000000	320.000000
0	11.713000	13.913043	240.000000	320.000000
0	11.744000	13.913043	240.000000	320.000000
0	11.775000	13.913043	240.000000	320.000000
0	11.807000	13.913043	240.000000	320.000000
0	11.838000	13.913043	240.000000	320.000000
0	11.869000	13.913043	240.000000	320.000000
0	11.900000	13.913043	240.000000	320.000000
0	11.947000	13.913043	240.000000	320.000000
0	11.978000	13.913043	240.000000	320.000000
0	12.009000	13.913043	240.000000	320.000000
0	12.041000	13.913043	240.000000	320.000000
0	12.072000	13.913043	240.000000	320.000000
0	12.103000	13.913043	240.000000	320.000000
0	12.134000	13.913043	240.000000	320.000000
0	12.165000	13.913043	240.000000	320.000000
0	12.212000	13.913043	240.000000	320.000000
0	12.243000	13.913043	240.000000	320.000000
0	12.275000	13.913043	240.000000	320.000000
0	12.306000	13.913043	240.000000	320.000000
0	12.337000	13.913043	240.000000	320.000000
0	12.368000	13.913043	240.000000	320.000000
0	12.399000	13.913043	240.000000	320.000000
0	12.446000	13.913043	240.000000	320.000000
0	12.477000	13.913043	240.000000	320.000000
0	12.509000	13.913043	240.000000	320.000000
0	12.540000	13.913043	240.000000	320.000000
0	12.571000	13.913043	240.000000	320.000000
0	12.602000	13.913043	240.000000	320.000000
0	12.633000	13.913043	240.000000	320.000000
0	12.680000	13.913043	240.000000	320.000000
0	12.711000	13.913043	240.000000	320.000000
0	12.743000	13.913043	240.000000	320.000000
0	12.774000	13.913043	240.000000	320.000000
0	12.805000	13.913043	240.000000	320.000000
0	12.836000	13.913043	240.000000	320.000000
0	12.867000	13.913043	240.000000	320.000000
0	12.899000	13.913043	240.000000	320.000000
0	12.945000	13.913043	240.000000	320.000000
0	12.977000	13.913043	240.000000	320.000000
0	13.008000	13.913043	240.000000	320.000000
0	13.039000	13.913043	240.000000	320.000000
0	13.070000	13.913043	240.000000	320.000000
0	13.101000	13.913043	240.000000	320.000000
0	13.133000	13.913043	240.000000	320.000000
0	13.179000	13.913043	240.000000	320.000000
0	13.211000	13.913043	240.000000	320.000000
0	13.242000	13.913043	240.000000	320.000000
0	13.273000	13.913043	240.000000	320.000000
0	13.304000	13.913043	240.000000	320.000000
0	13.335000	13.913043	240.000000	320.000000
0	13.367000	13.913043	240.000000	320.000000
0	13.413000	13.913043	240.000000	320.000000
0	13.445000	13.913043	240.000000	320.000000
0	13.476000	13.913043	240.000000	320.000000
0	13.507000	13.913043	240.000000	320.000000
0	13.538000	13.913043	240.000000	320.000000
0	13.569000	13.913043	240.000000	320.000000
0	13.601000	13.913043	240.000000	320.000000
0	13.632000	13.913043	240.000000	320.000000
0	13.679000	13.913043	240.000000	320.000000
0	13.710000	13.913043	240.000000	320.000000
0	13.741000	13.913043	240.000000	320.000000
0	13.772000	13.913043	240.000000	320.000000
0	13.803000	13.913043	240.000000	320.000000
0	13.835000	13.913043	240.000000	320.000000
0	13.866000	13.913043	240.000000	320.000000
0	13.913000	13.913043	240.000000	320.000000
0	13.944000	13.913043	240.000000	320.000000
0	13.975000	13.913043	240.000000	320.000000
0	14.006000	13.913043	240.000000	320.000000
0	14.037000	13.913043	240.000000	320.000000
0	14.069000	13.913043	240.000000	320.000000
0	14.100000	13.913043	240.000000	320.000000
0	14.131000	13.913043	240.000000	320.000000
0	14.178000	13.913043	240.000000	320.000000
0	14.209000	13.913043	240.000000	320.000000
0	14.240000	13.913043	240.000000	320.000000
0	14.271000	13.913043	240.000000	320.000000
0	14.303000	13.913043	240.000000	320.000000
0	14.334000	13.913043	240.000000	320.000000
0	14.365000	13.913043	240.000000	320.000000
0	14.412000	13.913043	240.000000	320.000000
0	14.443000	13.913043	240.000000	320.000000
0	14.474000	13.913043	240.000000	320.000000
0	14.505000	13.913043	240.000000	320.000000
0	14.537000	13.913043	240.000000	320.000000
0	14.568000	13.913043	240.000000	320.000000
0	14.599000	13.913043	240.000000	320.000000
0	14.646000	13.913043	240.000000	320.000000
0	14.677000	13.913043	240.000000	320.000000
0	14.708000	13.913043	240.000000	320.000000
0	14.739000	13.913043	240.000000	320.000000
0	14.771000	13.913043	240.000000	320.000000
0	14.802000	13.913043	240.000000	320.000000
0	14.833000	13.913043	240.000000	320.000000
0	14.864000	13.913043	240.000000	320.000000
0	14.911000	13.913043	240.000000	320.000000
0	14.942000	13.913043	240.000000	320.000000
0	14.973000	13.913043	240.000000	320.000000
0	15.005000	13.913043	240.000000	320.000000
0	15.036000	13.913043	240.000000	320.000000
0	15.067000	13.913043	240.000000	320.000000
0	15.098000	13.913043	240.000000	320.000000
0	15.145000	13.913043	240.000000	320.000000
0	15.176000	13.913043	240.000000	320.000000
0	15.207000	13.913043	240.000000	320.000000
0	15.239000	13.913043	240.000000	320.000000
0	15.270000	13.913043	240.000000	320.000000
0	15.301000	13.913043	240.000000	320.000000
0	15.332000	13.913043	240.000000	320.000000
0	15.379000	13.913043	240.000000	320.000000
0	15.410000	13.913043	240.000000	320.000000
0	15.441000	13.913043	240.000000	320.000000
0	15.473000	13.913043	240.000000	320.000000
0	15.504000	13.913043	240.000000	320.000000
0	15.535000	13.913043	240.000000	320.000000
0	15.566000	13.913043	240.000000	320.000000
0	15.597000	13.913043	240.000000	320.000000
0	15.644000	13.913043	240.000000	320.000000
0	15.675000	13.913043	240.000000	320.000000
0	15.707000	13.913043	240.000000	320.000000
0	15.738000	13.913043	240.000000	320.000000
0	15.769000	13.913043	240.000000	320.000000
0	15.800000	13.913043	240.000000	320.000000
0	15.831000	13.913043	240.000000	320.000000
0	15.878000	13.913043	240.000000	320.000000
0	15.909000	13.913043	240.000000	320.000000
0	15.941000	13.913043	240.000000	320.000000
0	15.972000	13.913043	240.000000	320.000000
0	16.003000	13.913043	240.000000	320.000000
0	16.034000	13.913043	240.000000	320.000000
0	16.065000	13.913043	240.000000	320.000000
0	16.112000	13.913043	240.000000	320.000000
0	16.143000	13.913043	240.000000	320.000000
0	16.175000	13.913043	240.000000	320.000000
0	16.206000	13.913043	240.000000	320.000000
0	16.237000	13.913043	240.000000	320.000000
0	16.268000	13.913043	240.000000	320.000000
0	16.299000	13.913043	240.000000	320.000000
0	16.331000	13.913043	240.000000	320.000000
0	16.377000	13.913043	240.000000	320.000000
0	16.409000	13.913043	240.000000	320.000000
0	16.440000	13.913043	240.000000	320.000000
0	16.471000	13.913043	240.000000	320.000000
0	16.502000	13.913043	240.000000	320.000000
0	16.533000	13.913043	240.000000	320.000000
0	16.565000	13.913043	240.000000	320.000000
0	16.611000	13.913043	240.000000	320.000000
0	16.643000	13.913043	240.000000	320.000000
0	16.674000	13.913043	240.000000	320.000000
0	16.705000	13.913043	240.000000	320.000000
0	16.736000	13.913043	240.000000	320.000000
0	16.767000	13.913043	240.000000	320.000000
0	16.799000	13.913043	240.000000	320.000000
0	16.830000	13.913043	240.000000	320.000000
0	16.877000	13.913043	240.000000	320.000000
0	16.908000	13.913043	240.000000	320.000000
0	16.939000	13.913043	240.000000	320.000000
0	16.970000	13.913043	240.000000	320.000000
0	17.001000	13.913043	240.000000	320.000000
0	17.033000	13.913043	240.000000	320.000000
0	17.064000	13.913043	240.000000	320.000000
0	17.111000	13.913043	240.000000	320.000000
0	17.142000	13.913043	240.000000	320.000000
0	17.173000	13.913043	240.000000	320.000000
0	17.204000	13.913043	240.000000	320.000000
0	17.235000	13.913043	240.000000	320.000000
0	17.267000	13.913043	240.000000	320.000000
0	17.298000	13.913043	240.000000	320.000000
0	17.345000	13.913043	240.000000	320.000000
0	17.376000	13.913043	240.000000	320.000000
0	17.407000	13.913043	240.000000	320.000000
0	17.438000	13.913043	240.000000	320.000000
0	17.469000	13.913043	240.000000	320.000000
0	17.501000	13.913043	240.000000	320.000000
0	17.532000	13.913043	240.000000	320.000000
0	17.563000	13.913043	240.000000	320.000000
0	17.610000	13.913043	240.000000	320.000000
0	17.641000	13.913043	240.000000	320.000000
0	17.672000	13.913043	240.000000	320.000000
0	17.704000	13.913043	240.000000	320.000000
0	17.735000	13.913043	240.000000	320.000000
0	17.766000	13.913043	240.000000	320.000000
0	17.797000	13.913043	240.000000	320.000000
0	17.844000	13.913043	240.000000	320.000000
0	17.875000	13.913043	240.000000	320.000000
0	17.906000	13.913043	240.000000	320.000000
0	17.938000	13.913043	240.000000	320.000000
0	17.969000	13.913043	240.000000	320.000000
0	18.000000	13.913043	240.000000	320.000000
<\LEFT-PUPIL-DATA>
<RIGHT-PUPIL-ANALYSIS>
1
0	0	17	542	0	0	0.510000	17.518000	0.509000	99.710426	0.000000	0.000000	0.000000	0	1	1	1	1	0	0	0	0.000000	0.000000	0.000000	0.000000	0.000000	0.000000	0.000000	-1.000000	0.000000	1	1.385407	1.006621	1.507860	0.795871	0.267000	-0.263962	-1.084619	-1.000000	0.252847	1	1.385407	1.006621	1.507860	0.795871	0.267000	-0.254209	-1.084615	-1.000000	0.252847
<\RIGHT-PUPIL-ANALYSIS>
<LEFT-PUPIL-ANALYSIS>
1
0	0	17	542	0	0	0.510000	17.518000	0.509000	99.710426	0.000000	0.000000	0.000000	0	1	1	1	1	0	0	0	0.000000	0.000000	0.000000	0.000000	0.000000	0.000000	0.000000	-1.000000	0.000000	0	-0.034783	-0.034783	0.000950	0.000950	0.002000	0.000000	0.000000	-1.000000	0.000000	1	-0.034783	-0.034783	0.000950	0.000950	0.002000	-1000000.000000	-1000000.000000	-1.000000	0.000000
<\LEFT-PUPIL-ANALYSIS>
%%%%%%%%%
%%%%%%%%%
%%%%%%%%%
%%%	Measurement Tiime is: 2017-10-31 11:56:31
%%%	Subject ID is: C57BL6-28.09.17-DA-1mois-M1-2r
%%%	Note: 
%%%	RSS: Default Human Relative Spectral Sensitivity
%%%	Pupil Analysis:
%%%
%%%
%%%
%%%	Pulse Index:	0
%%%	Stimulus Session Index:	0
%%%	Right Pupil Stimulated
%%%	Light Metric is Photopic
%%%	Stimulus Start Time(sec):	0.51
%%%	Stimulus Duration(sec):	17.52
%%%	Stimulus Pulse Duration(sec):	0.51
%%%	Right Pulse:	99.71	(Red  )	-	0.00	(Red  )	[Lux ]
%%%	Left Pulse:	0.00	(Red  )	-	0.00	(Red  )	[Lux ]
%%%
%%%		RIGHT	LEFT	R.Pupil Mean	L.Pupil Mean	R.Stim Mean	R.Stim Mean
%%%	INPUT:	RAW DATA	RAW DATA
%%%	STATE:	ABNORMAL	ABNORMAL	ABNORMAL	ABNORMAL	ABNORMAL	ABNORMAL
%%%	MAX(mm):	0.00	0.00	0.00	0.00	0.00	0.00
%%%	MIN(mm):	0.00	0.00	0.00	0.00	0.00	0.00
%%%	DELTA(mm):						
%%%	CH(%):						
%%%	LAT(sec):	0.00	0.00	0.00	0.00	0.00	0.00
%%%	CV(mm/s):	0.00	0.00	0.00	0.00	0.00	0.00
%%%	MCV(mm/s):	0.00	0.00	0.00	0.00	0.00	0.00
%%%	DV(mm/s):	0.00	0.00	0.00	0.00	0.00	0.00
%%%%%%%%%
%%%%%%%%%
%%%%%%%%%
%%%	Right Pupil Profile (1st row -> 1 == valid tracking, 0 == invalid tracking; 2nd row -> time; 3rd row -> diameter (mm))
%%%	1	1	1	1	1	1	1	1	1	1	1	1	1	1	1	1	1	1	1	1	1	1	1	1	1	0	1	1	1	1	1	1	1	1	0	1	1	0	0	1	0	1	0	0	1	1	0	0	0	0	1	1	0	0	1	1	1	1	1	1	1	0	1	0	0	0	1	1	1	1	1	1	1	1	0	0	0	1	0	1	0	0	0	0	1	0	0	0	0	0	1	0	0	1	1	1	0	0	1	0	1	0	1	0	1	1	1	0	0	0	1	0	0	0	0	0	1	0	0	1	1	0	1	0	0	1	1	1	1	1	0	0	0	1	1	1	0	1	0	1	1	1	1	1	1	1	1	0	1	0	1	0	0	1	1	1	0	1	1	1	0	1	1	1	1	1	1	0	1	1	1	1	0	1	1	1	1	1	1	1	1	1	1	1	1	1	1	1	1	1	1	1	1	1	0	1	0	1	1	0	1	0	1	1	1	0	1	1	1	1	1	0	1	1	1	1	1	0	0	1	1	1	1	1	1	1	0	1	1	1	1	1	1	0	1	1	1	0	0	0	0	1	0	0	0	0	1	0	0	0	1	0	1	0	1	1	0	0	1	0	0	0	1	0	0	1	0	0	0	0	1	0	1	1	1	1	1	0	1	1	1	0	0	0	0	0	0	1	1	1	0	0	1	1	1	1	1	1	1	0	1	0	0	1	1	1	0	1	1	0	0	1	1	1	1	0	1	0	1	1	1	1	1	1	1	0	1	1	1	0	1	1	1	1	1	0	0	1	0	1	1	1	1	0	0	1	1	0	1	0	0	0	0	0	1	1	0	1	1	1	0	1	0	1	1	0	1	0	1	1	1	1	1	1	0	1	1	0	1	0	0	0	0	1	0	0	1	1	1	1	1	0	1	1	1	1	1	1	0	1	1	1	1	1	0	0	1	1	1	1	1	1	0	1	1	1	1	1	1	1	1	1	1	1	1	1	0	1	0	1	1	1	0	0	0	0	0	1	1	1	1	1	0	1	0	0	1	1	1	1	1	1	1	0	1	1	1	1	1	0	1	1	1	0	1	1	0	0	1	0	0	0	0	1	1	1	1	1	1	0	0	1	0	1	0	1	0	1	1	1	1	0	1	1	1	0	1	0	1	0	1	1	1	1	1	1	1	1	1	1	1	1	1	0	1	1	1	0	0	1	0	1	0	1	1	0	1	1	1	1	1	1	1	1	1	1	1	1	1	0	0	0	0
%%%	-0.050000	-0.019000	0.012000	0.044000	0.075000	0.106000	0.153000	0.184000	0.215000	0.246000	0.278000	0.309000	0.340000	0.387000	0.418000	0.449000	0.480000	0.512000	0.543000	0.574000	0.621000	0.652000	0.683000	0.714000	0.746000	0.777000	0.808000	0.839000	0.886000	0.917000	0.948000	0.980000	1.011000	1.042000	1.073000	1.104000	1.151000	1.182000	1.214000	1.245000	1.276000	1.307000	1.338000	1.385000	1.416000	1.448000	1.479000	1.510000	1.541000	1.572000	1.619000	1.650000	1.682000	1.713000	1.744000	1.775000	1.806000	1.838000	1.884000	1.916000	1.947000	1.978000	2.009000	2.040000	2.072000	2.118000	2.150000	2.181000	2.212000	2.243000	2.274000	2.306000	2.352000	2.384000	2.415000	2.446000	2.477000	2.508000	2.540000	2.571000	2.618000	2.649000	2.680000	2.711000	2.742000	2.774000	2.805000	2.852000	2.883000	2.914000	2.945000	2.976000	3.008000	3.039000	3.086000	3.117000	3.148000	3.179000	3.210000	3.242000	3.273000	3.304000	3.351000	3.382000	3.413000	3.444000	3.476000	3.507000	3.538000	3.585000	3.616000	3.647000	3.678000	3.710000	3.741000	3.772000	3.819000	3.850000	3.881000	3.912000	3.944000	3.975000	4.006000	4.037000	4.084000	4.115000	4.146000	4.178000	4.209000	4.240000	4.271000	4.318000	4.349000	4.380000	4.412000	4.443000	4.474000	4.505000	4.552000	4.583000	4.614000	4.646000	4.677000	4.708000	4.739000	4.770000	4.817000	4.848000	4.880000	4.911000	4.942000	4.973000	5.004000	5.036000	5.082000	5.114000	5.145000	5.176000	5.207000	5.238000	5.270000	5.316000	5.348000	5.379000	5.410000	5.441000	5.472000	5.504000	5.550000	5.582000	5.613000	5.644000	5.675000	5.706000	5.738000	5.769000	5.816000	5.847000	5.878000	5.909000	5.940000	5.972000	6.003000	6.050000	6.081000	6.112000	6.143000	6.174000	6.206000	6.237000	6.284000	6.315000	6.346000	6.377000	6.408000	6.440000	6.471000	6.502000	6.549000	6.580000	6.611000	6.642000	6.674000	6.705000	6.736000	6.783000	6.814000	6.845000	6.876000	6.908000	6.939000	6.970000	7.017000	7.048000	7.079000	7.110000	7.142000	7.173000	7.204000	7.235000	7.282000	7.313000	7.344000	7.376000	7.407000	7.438000	7.469000	7.516000	7.547000	7.578000	7.610000	7.641000	7.672000	7.703000	7.750000	7.781000	7.812000	7.844000	7.875000	7.906000	7.937000	7.968000	8.015000	8.046000	8.078000	8.109000	8.140000	8.171000	8.202000	8.249000	8.280000	8.312000	8.343000	8.374000	8.405000	8.436000	8.483000	8.514000	8.546000	8.577000	8.608000	8.639000	8.670000	8.702000	8.748000	8.780000	8.811000	8.842000	8.873000	8.904000	8.936000	8.982000	9.014000	9.045000	9.076000	9.107000	9.138000	9.170000	9.201000	9.248000	9.279000	9.310000	9.341000	9.372000	9.404000	9.435000	9.482000	9.513000	9.544000	9.575000	9.606000	9.638000	9.669000	9.716000	9.747000	9.778000	9.809000	9.840000	9.872000	9.903000	9.934000	9.981000	10.012000	10.043000	10.074000	10.106000	10.137000	10.168000	10.215000	10.246000	10.277000	10.308000	10.340000	10.371000	10.402000	10.449000	10.480000	10.511000	10.542000	10.574000	10.605000	10.636000	10.667000	10.714000	10.745000	10.776000	10.808000	10.839000	10.870000	10.901000	10.948000	10.979000	11.010000	11.042000	11.073000	11.104000	11.135000	11.166000	11.213000	11.244000	11.276000	11.307000	11.338000	11.369000	11.400000	11.447000	11.478000	11.510000	11.541000	11.572000	11.603000	11.634000	11.681000	11.712000	11.744000	11.775000	11.806000	11.837000	11.868000	11.900000	11.946000	11.978000	12.009000	12.040000	12.071000	12.102000	12.134000	12.180000	12.212000	12.243000	12.274000	12.305000	12.336000	12.368000	12.414000	12.446000	12.477000	12.508000	12.539000	12.570000	12.602000	12.633000	12.680000	12.711000	12.742000	12.773000	12.804000	12.836000	12.867000	12.914000	12.945000	12.976000	13.007000	13.038000	13.070000	13.101000	13.132000	13.179000	13.210000	13.241000	13.272000	13.304000	13.335000	13.366000	13.413000	13.444000	13.475000	13.506000	13.538000	13.569000	13.600000	13.647000	13.678000	13.709000	13.740000	13.772000	13.803000	13.834000	13.865000	13.912000	13.943000	13.974000	14.006000	14.037000	14.068000	14.099000	14.146000	14.177000	14.208000	14.240000	14.271000	14.302000	14.333000	14.380000	14.411000	14.442000	14.474000	14.505000	14.536000	14.567000	14.598000	14.645000	14.676000	14.708000	14.739000	14.770000	14.801000	14.832000	14.879000	14.910000	14.942000	14.973000	15.004000	15.035000	15.066000	15.113000	15.144000	15.176000	15.207000	15.238000	15.269000	15.300000	15.332000	15.378000	15.410000	15.441000	15.472000	15.503000	15.534000	15.566000	15.612000	15.644000	15.675000	15.706000	15.737000	15.768000	15.800000	15.846000	15.878000	15.909000	15.940000	15.971000	16.002000	16.034000	16.065000	16.112000	16.143000	16.174000	16.205000	16.236000	16.268000	16.299000	16.346000	16.377000	16.408000	16.439000	16.470000	16.502000	16.533000	16.580000	16.611000	16.642000	16.673000	16.704000	16.736000	16.767000	16.798000	16.845000	16.876000	16.907000	16.938000	16.970000	17.001000	17.032000	17.063000	17.110000	17.141000	17.172000	17.204000	17.235000	17.266000	17.297000	17.344000	17.375000	17.406000	17.438000	17.469000	17.500000	17.531000	17.578000	17.609000	17.641000	17.672000	17.703000	17.734000	17.765000	17.797000	17.843000	17.875000	17.906000	17.937000	17.968000	17.999000
%%%	1.331449	1.383188	1.393623	1.344058	1.401594	1.375362	1.382464	1.391014	1.391304	1.375507	1.385362	1.382464	1.356522	1.370145	1.391014	1.383623	1.385362	1.397246	1.379420	1.321739	1.406377	1.415797	1.382319	1.365797	1.388841	1.096667	1.346232	1.330435	1.286376	1.239710	1.199275	1.177101	1.162319	1.116377	0.978986	1.057536	1.003188	0.892464	0.746667	0.811884	0.753623	0.778841	0.730435	0.811014	0.778841	0.927536	0.832753	0.755362	0.734203	0.841159	0.835362	0.800000	0.783768	0.922899	1.020725	1.038986	1.003768	1.044638	1.060290	1.033768	1.048841	0.869565	1.044058	0.736232	0.786667	0.884928	1.042754	0.997101	1.029275	1.043478	1.048841	1.030290	1.042754	1.039710	0.866377	0.857102	0.791884	1.018406	0.870580	0.989710	0.831594	0.920145	0.901015	0.939130	0.981015	0.918985	0.881159	0.853333	0.894638	0.801159	1.003188	0.964638	0.894638	1.060870	1.079420	0.968551	0.763189	0.904348	1.003768	0.757246	1.000290	0.801594	1.078841	0.778116	1.078986	1.075072	1.078261	0.987971	0.876232	0.904348	1.062029	0.896812	0.886957	0.920145	0.835362	0.923333	1.031884	0.857102	0.877536	0.941449	1.078841	0.858116	1.043333	0.920145	0.881159	1.063623	1.065362	1.087536	1.043623	1.072899	0.918985	0.927536	0.931449	1.064057	1.066377	1.072464	0.968551	1.062029	0.866377	1.078261	1.079420	1.049275	1.057681	1.077101	1.007102	1.004348	1.062319	0.787102	1.090290	0.968406	1.081449	0.933768	0.922319	1.049420	1.034057	0.913623	0.939275	1.048841	1.046667	1.057102	0.959710	1.074493	1.044058	1.060870	1.062029	1.062029	1.062029	0.933333	1.061884	1.048551	1.014493	1.078261	0.972899	1.062029	1.079855	1.003188	1.078841	1.079275	1.100145	1.090290	1.062029	1.076376	1.096812	1.068841	1.104203	1.097246	1.060870	1.078841	1.088551	1.070725	1.113043	1.094638	1.091304	1.057102	0.887681	1.087971	0.801159	1.060870	1.045507	0.778116	1.042754	0.927536	1.044058	1.063623	1.061159	0.974492	1.057681	1.042464	1.061449	1.067971	1.065797	0.920580	1.079420	1.079855	1.081015	1.081159	1.095652	0.927681	0.876812	1.081015	1.084058	1.078841	1.092754	1.083333	1.104203	1.107102	0.811884	1.100580	1.066812	1.092898	1.088406	1.089710	1.083188	0.846377	0.801159	1.092898	1.096812	0.788406	0.883768	0.920145	0.783188	1.078841	0.895072	0.814058	0.901884	0.742029	1.041594	0.922754	0.867971	0.898406	1.101159	0.939710	1.105507	0.936812	1.081449	1.061594	0.800000	0.834783	1.071594	0.951159	0.876812	0.885362	1.081594	0.811884	0.972319	0.777101	1.009420	0.881884	0.935942	0.814638	1.102899	1.017391	1.082754	1.081594	1.095072	1.104928	1.095072	1.000145	1.114203	1.078841	1.113623	0.997246	0.992464	1.020290	1.020290	0.834783	0.831015	1.062464	1.118841	1.118550	0.972754	0.939130	1.084638	1.121015	1.133188	1.105507	1.094493	1.114203	1.100725	0.988551	1.134928	0.958116	1.045072	1.111594	1.114638	1.133333	1.009275	1.089855	1.101594	1.033188	0.834783	1.135507	1.159710	1.155942	1.154203	0.857971	1.171159	0.840725	1.150580	1.168694	1.164203	1.202029	1.198840	1.176667	1.191884	1.006377	1.168841	1.180290	1.164203	1.006522	1.177101	1.138551	1.137101	1.140290	1.133188	0.831015	0.997101	1.136812	1.044638	1.118986	1.136232	1.117971	1.131449	0.849275	0.938551	1.138551	1.115797	0.908116	1.132754	0.956522	1.044638	0.853333	0.977681	0.834783	1.136377	1.138406	0.911449	1.147681	1.164058	1.105942	1.089855	1.114638	0.818840	1.114203	1.121594	1.013768	1.133333	0.929855	1.116377	1.141449	1.136232	1.133188	1.158986	1.147826	0.820580	1.142029	1.133188	0.995072	1.138551	0.822319	0.800000	0.796087	0.918841	1.101449	0.939710	0.975507	1.098985	1.120580	1.090290	1.081015	1.107681	0.944058	1.107971	1.118986	1.109855	1.129855	1.132754	1.148840	0.848406	1.146812	1.139130	1.155507	1.182609	1.171884	0.957681	0.986377	1.175073	1.164493	1.172464	1.165072	1.192319	1.181594	0.956666	1.171015	1.197101	1.167826	1.176667	1.202319	1.171015	1.186232	1.198840	1.182609	1.211884	1.181594	1.176667	1.153623	1.003333	1.168841	0.977536	1.164058	1.141449	1.153188	1.007681	0.968116	0.842464	0.957681	0.789855	1.151160	1.143623	1.154203	1.146377	1.159855	0.834203	1.188406	0.840725	0.921159	1.175073	1.149710	1.166377	1.186377	1.170580	1.165942	1.176812	0.978841	1.177536	1.182029	1.185942	1.159275	1.194493	0.884928	1.194638	1.168551	1.163189	0.920580	1.164638	1.174493	0.950580	0.837536	1.152464	0.881159	1.044058	0.990145	0.968551	1.159420	1.150580	1.155942	1.159855	1.143333	1.146812	0.942464	0.986232	1.126812	0.857102	1.131014	0.801015	1.141449	0.957681	1.136812	1.105942	1.132754	1.089855	0.866812	1.049275	1.131449	1.123623	0.972754	1.140145	0.898985	1.138406	0.991304	1.132029	1.151014	1.148986	1.160290	1.157971	1.183188	1.146812	1.155507	1.168841	1.165217	1.170725	1.163623	1.156522	0.972899	1.163623	1.147971	1.151594	0.964638	1.049420	1.159855	0.906377	1.176667	0.933768	1.131449	1.136377	0.834928	1.125507	1.127536	1.121159	1.116665	1.096667	1.132029	1.145072	1.139130	1.109275	1.131014	1.129710	1.119710	1.117971	0.886957	0.913623	1.066812	0.835362
%%%	Left Pupil Profile (1st row -> 1 == valid tracking, 0 == invalid tracking; 2nd row -> time; 3rd row -> diameter (mm))
%%%	0	0	0	0	0	0	0	0	0	0	0	0	0	0	0	0	0	0	0	0	0	0	0	0	0	0	0	0	0	0	0	0	0	0	0	0	0	0	0	0	0	0	0	0	0	0	0	0	0	0	0	0	0	0	0	0	0	0	0	0	0	0	0	0	0	0	0	0	0	0	0	0	0	0	0	0	0	0	0	0	0	0	0	0	0	0	0	0	0	0	0	0	0	0	0	0	0	0	0	0	0	0	0	0	0	0	0	0	0	0	0	0	0	0	0	0	0	0	0	0	0	0	0	0	0	0	0	0	0	0	0	0	0	0	0	0	0	0	0	0	0	0	0	0	0	0	0	0	0	0	0	0	0	0	0	0	0	0	0	0	0	0	0	0	0	0	0	0	0	0	0	0	0	0	0	0	0	0	0	0	0	0	0	0	0	0	0	0	0	0	0	0	0	0	0	0	0	0	0	0	0	0	0	0	0	0	0	0	0	0	0	0	0	0	0	0	0	0	0	0	0	0	0	0	0	0	0	0	0	0	0	0	0	0	0	0	0	0	0	0	0	0	0	0	0	0	0	0	0	0	0	0	0	0	0	0	0	0	0	0	0	0	0	0	0	0	0	0	0	0	0	0	0	0	0	0	0	0	0	0	0	0	0	0	0	0	0	0	0	0	0	0	0	0	0	0	0	0	0	0	0	0	0	0	0	0	0	0	0	0	0	0	0	0	0	0	0	0	0	0	0	0	0	0	0	0	0	0	0	0	0	0	0	0	0	0	0	0	0	0	0	0	0	0	0	0	0	0	0	0	0	0	0	0	0	0	0	0	0	0	0	0	0	0	0	0	0	0	0	0	0	0	0	0	0	0	0	0	0	0	0	0	0	0	0	0	0	0	0	0	0	0	0	0	0	0	0	0	0	0	0	0	0	0	0	0	0	0	0	0	0	0	0	0	0	0	0	0	0	0	0	0	0	0	0	0	0	0	0	0	0	0	0	0	0	0	0	0	0	0	0	0	0	0	0	0	0	0	0	0	0	0	0	0	0	0	0	0	0	0	0	0	0	0	0	0	0	0	0	0	0	0	0	0	0	0	0	0	0	0	0	0	0	0	0	0	0	0	0	0	0	0	0	0	0	0	0	0	0	0	0	0	0	0	0	0	0	0	0	0	0	0	0	0	0	0	0	0	0	0	0	0	0	0	0	0	0	0	0	0	0	0	0	0	0	0	0	0	0	0	0	0	0
%%%	-0.049000	-0.018000	0.013000	0.044000	0.075000	0.107000	0.153000	0.185000	0.216000	0.247000	0.278000	0.309000	0.341000	0.372000	0.419000	0.450000	0.481000	0.512000	0.543000	0.575000	0.606000	0.653000	0.684000	0.715000	0.746000	0.777000	0.809000	0.840000	0.887000	0.918000	0.949000	0.980000	1.011000	1.043000	1.074000	1.105000	1.152000	1.183000	1.214000	1.245000	1.277000	1.308000	1.339000	1.386000	1.417000	1.448000	1.479000	1.511000	1.542000	1.573000	1.620000	1.651000	1.682000	1.713000	1.745000	1.776000	1.807000	1.838000	1.885000	1.916000	1.947000	1.979000	2.010000	2.041000	2.072000	2.103000	2.150000	2.181000	2.213000	2.244000	2.275000	2.306000	2.337000	2.384000	2.415000	2.447000	2.478000	2.509000	2.540000	2.571000	2.618000	2.649000	2.681000	2.712000	2.743000	2.774000	2.805000	2.837000	2.883000	2.915000	2.946000	2.977000	3.008000	3.039000	3.071000	3.117000	3.149000	3.180000	3.211000	3.242000	3.273000	3.305000	3.351000	3.383000	3.414000	3.445000	3.476000	3.507000	3.539000	3.570000	3.617000	3.648000	3.679000	3.710000	3.741000	3.773000	3.804000	3.851000	3.882000	3.913000	3.944000	3.975000	4.007000	4.038000	4.085000	4.116000	4.147000	4.178000	4.209000	4.241000	4.272000	4.303000	4.350000	4.381000	4.412000	4.443000	4.475000	4.506000	4.537000	4.584000	4.615000	4.646000	4.677000	4.709000	4.740000	4.771000	4.818000	4.849000	4.880000	4.911000	4.943000	4.974000	5.005000	5.036000	5.083000	5.114000	5.145000	5.177000	5.208000	5.239000	5.270000	5.317000	5.348000	5.379000	5.411000	5.442000	5.473000	5.504000	5.551000	5.582000	5.613000	5.645000	5.676000	5.707000	5.738000	5.769000	5.816000	5.847000	5.879000	5.910000	5.941000	5.972000	6.003000	6.050000	6.081000	6.113000	6.144000	6.175000	6.206000	6.237000	6.269000	6.315000	6.347000	6.378000	6.409000	6.440000	6.471000	6.503000	6.549000	6.581000	6.612000	6.643000	6.674000	6.705000	6.737000	6.768000	6.815000	6.846000	6.877000	6.908000	6.939000	6.971000	7.002000	7.049000	7.080000	7.111000	7.142000	7.173000	7.205000	7.236000	7.283000	7.314000	7.345000	7.376000	7.407000	7.439000	7.470000	7.501000	7.548000	7.579000	7.610000	7.641000	7.673000	7.704000	7.735000	7.782000	7.813000	7.844000	7.875000	7.907000	7.938000	7.969000	8.016000	8.047000	8.078000	8.109000	8.141000	8.172000	8.203000	8.234000	8.281000	8.312000	8.343000	8.375000	8.406000	8.437000	8.468000	8.515000	8.546000	8.577000	8.609000	8.640000	8.671000	8.702000	8.749000	8.780000	8.811000	8.843000	8.874000	8.905000	8.936000	8.967000	9.014000	9.045000	9.077000	9.108000	9.139000	9.170000	9.201000	9.248000	9.279000	9.311000	9.342000	9.373000	9.404000	9.435000	9.482000	9.513000	9.545000	9.576000	9.607000	9.638000	9.669000	9.701000	9.747000	9.779000	9.810000	9.841000	9.872000	9.903000	9.935000	9.981000	10.013000	10.044000	10.075000	10.106000	10.137000	10.169000	10.200000	10.247000	10.278000	10.309000	10.340000	10.371000	10.403000	10.434000	10.481000	10.512000	10.543000	10.574000	10.605000	10.637000	10.668000	10.715000	10.746000	10.777000	10.808000	10.839000	10.871000	10.902000	10.933000	10.980000	11.011000	11.042000	11.073000	11.105000	11.136000	11.167000	11.214000	11.245000	11.276000	11.307000	11.339000	11.370000	11.401000	11.448000	11.479000	11.510000	11.541000	11.573000	11.604000	11.635000	11.666000	11.713000	11.744000	11.775000	11.807000	11.838000	11.869000	11.900000	11.947000	11.978000	12.009000	12.041000	12.072000	12.103000	12.134000	12.165000	12.212000	12.243000	12.275000	12.306000	12.337000	12.368000	12.399000	12.446000	12.477000	12.509000	12.540000	12.571000	12.602000	12.633000	12.680000	12.711000	12.743000	12.774000	12.805000	12.836000	12.867000	12.899000	12.945000	12.977000	13.008000	13.039000	13.070000	13.101000	13.133000	13.179000	13.211000	13.242000	13.273000	13.304000	13.335000	13.367000	13.413000	13.445000	13.476000	13.507000	13.538000	13.569000	13.601000	13.632000	13.679000	13.710000	13.741000	13.772000	13.803000	13.835000	13.866000	13.913000	13.944000	13.975000	14.006000	14.037000	14.069000	14.100000	14.131000	14.178000	14.209000	14.240000	14.271000	14.303000	14.334000	14.365000	14.412000	14.443000	14.474000	14.505000	14.537000	14.568000	14.599000	14.646000	14.677000	14.708000	14.739000	14.771000	14.802000	14.833000	14.864000	14.911000	14.942000	14.973000	15.005000	15.036000	15.067000	15.098000	15.145000	15.176000	15.207000	15.239000	15.270000	15.301000	15.332000	15.379000	15.410000	15.441000	15.473000	15.504000	15.535000	15.566000	15.597000	15.644000	15.675000	15.707000	15.738000	15.769000	15.800000	15.831000	15.878000	15.909000	15.941000	15.972000	16.003000	16.034000	16.065000	16.112000	16.143000	16.175000	16.206000	16.237000	16.268000	16.299000	16.331000	16.377000	16.409000	16.440000	16.471000	16.502000	16.533000	16.565000	16.611000	16.643000	16.674000	16.705000	16.736000	16.767000	16.799000	16.830000	16.877000	16.908000	16.939000	16.970000	17.001000	17.033000	17.064000	17.111000	17.142000	17.173000	17.204000	17.235000	17.267000	17.298000	17.345000	17.376000	17.407000	17.438000	17.469000	17.501000	17.532000	17.563000	17.610000	17.641000	17.672000	17.704000	17.735000	17.766000	17.797000	17.844000	17.875000	17.906000	17.938000	17.969000	18.000000
%%%	13.913043	13.913043	13.913043	13.913043	13.913043	13.913043	13.913043	13.913043	13.913043	13.913043	13.913043	13.913043	13.913043	13.913043	13.913043	13.913043	13.913043	13.913043	13.913043	13.913043	13.913043	13.913043	13.913043	13.913043	13.913043	13.913043	13.913043	13.913043	13.913043	13.913043	13.913043	13.913043	13.913043	13.913043	13.913043	13.913043	13.913043	13.913043	13.913043	13.913043	13.913043	13.913043	13.913043	13.913043	13.913043	13.913043	13.913043	13.913043	13.913043	13.913043	13.913043	13.913043	13.913043	13.913043	13.913043	13.913043	13.913043	13.913043	13.913043	13.913043	13.913043	13.913043	13.913043	13.913043	13.913043	13.913043	13.913043	13.913043	13.913043	13.913043	13.913043	13.913043	13.913043	13.913043	13.913043	13.913043	13.913043	13.913043	13.913043	13.913043	13.913043	13.913043	13.913043	13.913043	13.913043	13.913043	13.913043	13.913043	13.913043	13.913043	13.913043	13.913043	13.913043	13.913043	13.913043	13.913043	13.913043	13.913043	13.913043	13.913043	13.913043	13.913043	13.913043	13.913043	13.913043	13.913043	13.913043	13.913043	13.913043	13.913043	13.913043	13.913043	13.913043	13.913043	13.913043	13.913043	13.913043	13.913043	13.913043	13.913043	13.913043	13.913043	13.913043	13.913043	13.913043	13.913043	13.913043	13.913043	13.913043	13.913043	13.913043	13.913043	13.913043	13.913043	13.913043	13.913043	13.913043	13.913043	13.913043	13.913043	13.913043	13.913043	13.913043	13.913043	13.913043	13.913043	13.913043	13.913043	13.913043	13.913043	13.913043	13.913043	13.913043	13.913043	13.913043	13.913043	13.913043	13.913043	13.913043	13.913043	13.913043	13.913043	13.913043	13.913043	13.913043	13.913043	13.913043	13.913043	13.913043	13.913043	13.913043	13.913043	13.913043	13.913043	13.913043	13.913043	13.913043	13.913043	13.913043	13.913043	13.913043	13.913043	13.913043	13.913043	13.913043	13.913043	13.913043	13.913043	13.913043	13.913043	13.913043	13.913043	13.913043	13.913043	13.913043	13.913043	13.913043	13.913043	13.913043	13.913043	13.913043	13.913043	13.913043	13.913043	13.913043	13.913043	13.913043	13.913043	13.913043	13.913043	13.913043	13.913043	13.913043	13.913043	13.913043	13.913043	13.913043	13.913043	13.913043	13.913043	13.913043	13.913043	13.913043	13.913043	13.913043	13.913043	13.913043	13.913043	13.913043	13.913043	13.913043	13.913043	13.913043	13.913043	13.913043	13.913043	13.913043	13.913043	13.913043	13.913043	13.913043	13.913043	13.913043	13.913043	13.913043	13.913043	13.913043	13.913043	13.913043	13.913043	13.913043	13.913043	13.913043	13.913043	13.913043	13.913043	13.913043	13.913043	13.913043	13.913043	13.913043	13.913043	13.913043	13.913043	13.913043	13.913043	13.913043	13.913043	13.913043	13.913043	13.913043	13.913043	13.913043	13.913043	13.913043	13.913043	13.913043	13.913043	13.913043	13.913043	13.913043	13.913043	13.913043	13.913043	13.913043	13.913043	13.913043	13.913043	13.913043	13.913043	13.913043	13.913043	13.913043	13.913043	13.913043	13.913043	13.913043	13.913043	13.913043	13.913043	13.913043	13.913043	13.913043	13.913043	13.913043	13.913043	13.913043	13.913043	13.913043	13.913043	13.913043	13.913043	13.913043	13.913043	13.913043	13.913043	13.913043	13.913043	13.913043	13.913043	13.913043	13.913043	13.913043	13.913043	13.913043	13.913043	13.913043	13.913043	13.913043	13.913043	13.913043	13.913043	13.913043	13.913043	13.913043	13.913043	13.913043	13.913043	13.913043	13.913043	13.913043	13.913043	13.913043	13.913043	13.913043	13.913043	13.913043	13.913043	13.913043	13.913043	13.913043	13.913043	13.913043	13.913043	13.913043	13.913043	13.913043	13.913043	13.913043	13.913043	13.913043	13.913043	13.913043	13.913043	13.913043	13.913043	13.913043	13.913043	13.913043	13.913043	13.913043	13.913043	13.913043	13.913043	13.913043	13.913043	13.913043	13.913043	13.913043	13.913043	13.913043	13.913043	13.913043	13.913043	13.913043	13.913043	13.913043	13.913043	13.913043	13.913043	13.913043	13.913043	13.913043	13.913043	13.913043	13.913043	13.913043	13.913043	13.913043	13.913043	13.913043	13.913043	13.913043	13.913043	13.913043	13.913043	13.913043	13.913043	13.913043	13.913043	13.913043	13.913043	13.913043	13.913043	13.913043	13.913043	13.913043	13.913043	13.913043	13.913043	13.913043	13.913043	13.913043	13.913043	13.913043	13.913043	13.913043	13.913043	13.913043	13.913043	13.913043	13.913043	13.913043	13.913043	13.913043	13.913043	13.913043	13.913043	13.913043	13.913043	13.913043	13.913043	13.913043	13.913043	13.913043	13.913043	13.913043	13.913043	13.913043	13.913043	13.913043	13.913043	13.913043	13.913043	13.913043	13.913043	13.913043	13.913043	13.913043	13.913043	13.913043	13.913043	13.913043	13.913043	13.913043	13.913043	13.913043	13.913043	13.913043	13.913043	13.913043	13.913043	13.913043	13.913043	13.913043	13.913043	13.913043	13.913043	13.913043	13.913043	13.913043	13.913043	13.913043	13.913043	13.913043	13.913043	13.913043	13.913043	13.913043	13.913043	13.913043	13.913043	13.913043	13.913043	13.913043	13.913043	13.913043	13.913043	13.913043	13.913043	13.913043	13.913043	13.913043	13.913043	13.913043	13.913043	13.913043	13.913043	13.913043	13.913043	13.913043	13.913043	13.913043	13.913043	13.913043	13.913043	13.913043	13.913043	13.913043	13.913043	13.913043	13.913043	13.913043	13.913043	13.913043	13.913043	13.913043	13.913043	13.913043	13.913043	13.913043	13.913043	13.913043	13.913043	13.913043	13.913043	13.913043	13.913043	13.913043	13.913043	13.913043	13.913043	13.913043
%%%	Pulse Index	Stimulus Section Index	Stimulus Section Start Index	Stimulus Section End Index	Pupil Stimulated: 0 = Right, 1 = Left, 2 = Both	Light Metric: 0 = Photopic, 1 = Scopotic, 2 = Radiometric	Stimulus Start Time	Stimulus Duration	Stimulus Pulse Duration	Right Pulse Max Level	Right Pulse Max Color (0123 = WRGB)	Right Pulse Min Level	Right Pulse Min Color (0123 = WRGB)	Left Pulse Max Level	Left Pulse Max Color (0123 = WRGB)	Left Pulse Min Level	Left Pulse Min Color (0123 = WRGB)	Right Data Input Type (0 == RAW DATA, 1 == FITTED DATA, 2 == M. OVERRIDED)	Right ANALYSIS STATE (0 == ABNORMAL, 1 == NORMAL)	Right MAX (mm) (EMPTY if INVALID)	Right MIN (mm) (EMPTY if INVALID)	Right DELTA (mm) (EMPTY if INVALID)	Right CH (%) (EMPTY if INVALID)	Right LAT (sec) (EMPTY if INVALID)	Right CV (mm/s) (EMPTY if INVALID)	Right MCV (mm/s) (EMPTY if INVALID)	Right DV (mm/s) (EMPTY if INVALID)	Left Data Input Type (0 == RAW DATA, 1 == FITTED DATA, 2 == M. OVERRIDED)	Left ANALYSIS STATE (0 == ABNORMAL, 1 == NORMAL)	Left MAX (mm) (EMPTY if INVALID)	Left MIN (mm) (EMPTY if INVALID)	Left DELTA (mm) (EMPTY if INVALID)	Left CH (%) (EMPTY if INVALID)	Left LAT (sec) (EMPTY if INVALID)	Left CV (mm/s) (EMPTY if INVALID)	Left MCV (mm/s) (EMPTY if INVALID)	Left DV (mm/s) (EMPTY if INVALID)
%%%	0	0	17	542	0	0	0.51	17.52	0.51	99.71	1	0.00	1	0.00	1	0.00	1	0	0	0.00	0.00			0.00	0.00	0.00	0.00	0	0	0.00	0.00			0.00	0.00	0.00	0.00
%%%%%%%%%
%%%%%%%%%
%%%%%%%%%
<\SESSION>
