<SESSION>
<VERSION>
2
<\VERSION>
<DATE>
2017-10-31 12:36:35
<\DATE>
<SUBJECT-ID>
C57BL6-28.09.17-DA-1mois-F1-1.2r
<\SUBJECT-ID>
<NOTE>

<\NOTE>
<MIN-MAX-PLOT>
0.100000 51880.761719
<\MIN-MAX-PLOT>
<STIMULUS-DEFINED>
Default
Default Human Relative Spectral Sensitivity
1	0
1	0.500000	0.500000	17.000000	1	1	1.200000	-100.000000	0.100000	-100.000000	0
<\STIMULUS-DEFINED>
<STIMULUS-GENERATED>
4
0	0	0.000000	1	0.000000	0.000000	1	0.000000	0.000000
0	1	0.509000	1	0.065221	15.983889	1	0.000000	0.000000
0	4	1.019000	1	0.000000	0.000000	1	0.000000	0.000000
-1	5	18.028999	0	0.000000	0.000000	0	0.000000	0.000000
<\STIMULUS-GENERATED>
<RIGHT-PUPIL-DATA>
543	1
1	-0.066000	0.744203	241.768738	169.293762
1	-0.035000	0.725072	241.931244	174.068756
0	-0.004000	0.680145	241.793732	168.443756
1	0.043000	0.731594	241.475006	169.475006
1	0.074000	0.742029	241.875000	172.375000
1	0.105000	0.729710	240.731262	170.981262
1	0.136000	0.750145	241.362518	175.350006
0	0.168000	0.663768	240.812500	172.187500
1	0.199000	0.753623	240.875000	174.375000
1	0.230000	0.690145	242.037506	171.587494
1	0.277000	0.718551	241.837494	172.662506
0	0.308000	0.711449	243.343750	176.593750
1	0.339000	0.743188	243.750000	173.312500
1	0.370000	0.741449	243.774994	176.287506
1	0.402000	0.738985	244.618500	179.268402
0	0.433000	0.609710	244.381256	176.793732
1	0.464000	0.753623	245.250000	180.250000
1	0.495000	0.668986	243.250000	177.250000
0	0.542000	0.673333	244.187500	178.312500
1	0.573000	0.690290	243.068756	176.068756
1	0.604000	0.783188	242.750000	179.250000
1	0.636000	0.782464	242.256256	178.243744
0	0.667000	0.666812	241.768738	173.781250
0	0.698000	0.727101	242.056244	179.056244
1	0.729000	0.783768	242.225006	180.225006
1	0.776000	0.777101	241.412506	179.824982
1	0.807000	0.758116	242.893738	180.406250
1	0.838000	0.750725	242.812500	179.437500
1	0.870000	0.744493	243.731232	179.306244
0	0.901000	0.699855	242.918732	181.681244
1	0.932000	0.765217	243.500000	180.500000
1	0.963000	0.690725	244.437500	182.437500
0	1.010000	0.690145	244.837494	181.024994
1	1.041000	0.743478	244.250000	181.750000
0	1.072000	0.672319	244.843750	182.343750
0	1.104000	0.644638	244.975006	181.024994
1	1.135000	0.730435	243.500000	181.500000
0	1.166000	0.663623	244.718750	181.218750
1	1.197000	0.732609	245.443756	179.968781
1	1.228000	0.751015	245.462494	181.162506
1	1.275000	0.748406	245.750000	181.687500
1	1.306000	0.733768	246.506256	179.193756
1	1.338000	0.744203	246.293762	179.331238
1	1.369000	0.707681	246.856232	179.818756
1	1.400000	0.745362	245.656250	179.756226
1	1.431000	0.744058	245.362488	182.262512
1	1.462000	0.672899	243.306244	178.318756
1	1.509000	0.713188	246.243744	179.856110
1	1.540000	0.744203	246.206238	180.706238
0	1.572000	0.685942	244.518616	176.531128
1	1.603000	0.743188	246.774994	180.712494
0	1.634000	0.722754	247.618744	178.381256
1	1.665000	0.776667	245.343750	179.406250
0	1.696000	0.752754	245.687500	179.937500
1	1.743000	0.787536	245.312500	177.937500
1	1.774000	0.795072	246.062500	178.562500
1	1.806000	0.730435	247.500000	177.500000
1	1.837000	0.781884	246.768738	178.268738
1	1.868000	0.785073	246.093750	176.743774
1	1.899000	0.798406	245.518738	177.468750
1	1.930000	0.773913	245.750000	177.500000
1	1.962000	0.780145	246.293762	177.593750
1	2.008000	0.760290	246.437500	178.437500
1	2.040000	0.753188	246.181244	174.818756
1	2.071000	0.788406	246.250000	178.250000
1	2.102000	0.765217	247.500000	175.500000
1	2.133000	0.798551	246.062622	175.062500
1	2.164000	0.766666	245.462555	176.587433
1	2.196000	0.809855	245.225006	176.212494
1	2.242000	0.747826	245.500000	177.000000
1	2.274000	0.786812	244.368744	178.356232
1	2.305000	0.734203	242.812500	175.187500
1	2.336000	0.776812	245.825012	176.875000
1	2.367000	0.724493	243.906250	174.093750
1	2.398000	0.772463	244.899902	172.587402
1	2.430000	0.823188	244.500000	172.500000
1	2.476000	0.775072	245.225006	172.850006
1	2.508000	0.748985	243.725006	172.649994
1	2.539000	0.788116	245.212494	173.587494
1	2.570000	0.777681	243.312500	173.812500
1	2.601000	0.744203	244.293762	171.293762
1	2.632000	0.730435	243.500000	173.500000
0	2.664000	0.694638	243.943756	169.056244
1	2.695000	0.719855	243.981262	168.968750
1	2.742000	0.755362	244.524994	170.475006
1	2.773000	0.797246	243.093750	169.031250
1	2.804000	0.760290	245.562500	171.562500
1	2.835000	0.753188	243.681244	171.181244
1	2.866000	0.764638	244.000000	169.500000
1	2.898000	0.765217	245.375000	171.875000
1	2.929000	0.743623	245.318756	171.318756
1	2.976000	0.765217	244.500000	169.500000
1	3.007000	0.805942	245.343750	172.156250
1	3.038000	0.744493	243.693756	170.693756
1	3.069000	0.744638	244.725006	172.537506
1	3.100000	0.766377	245.074982	173.975006
0	3.132000	0.712319	244.106262	171.268738
0	3.163000	0.651015	244.350006	170.074982
1	3.194000	0.752319	245.406311	172.656189
1	3.241000	0.725507	246.000000	169.062500
1	3.272000	0.742319	244.662506	168.587494
0	3.303000	0.637681	247.500000	169.500000
0	3.334000	0.662029	246.225006	168.225006
1	3.366000	0.747681	246.156250	171.343750
1	3.397000	0.783188	246.750000	174.250000
1	3.428000	0.765217	245.975006	171.012482
1	3.475000	0.755362	246.100006	171.524994
1	3.506000	0.741884	246.281250	170.343750
1	3.537000	0.751449	246.606262	171.531250
1	3.568000	0.742029	246.287476	172.262512
0	3.600000	0.742898	245.812500	171.687500
0	3.631000	0.690725	246.562500	171.062500
1	3.662000	0.765217	246.500000	172.500000
1	3.709000	0.765217	247.500000	171.500000
1	3.740000	0.756232	248.499634	172.562439
0	3.771000	0.660870	247.000000	169.000000
1	3.802000	0.740290	248.350098	172.250000
0	3.834000	0.708841	249.131256	171.818756
1	3.865000	0.747826	247.000000	175.500000
1	3.896000	0.750290	246.043671	175.668732
1	3.927000	0.743043	247.656250	177.356262
1	3.974000	0.759855	248.981232	174.443756
1	4.005000	0.751594	249.437500	175.187500
1	4.036000	0.742319	250.337494	177.337494
1	4.068000	0.742029	250.343750	174.281250
1	4.099000	0.786232	250.956238	174.956238
0	4.130000	0.660870	249.250000	172.250000
1	4.161000	0.774493	250.125000	175.125000
1	4.208000	0.774493	248.875000	172.875000
1	4.239000	0.788116	249.412506	174.087494
1	4.270000	0.745362	250.756226	173.356323
1	4.302000	0.783188	248.250000	171.125000
1	4.333000	0.796667	249.056244	173.056244
0	4.364000	0.744203	248.706238	171.331238
1	4.395000	0.800000	249.000000	173.000000
1	4.442000	0.840145	248.493744	174.506256
1	4.473000	0.835942	247.587494	172.475006
1	4.504000	0.785507	248.450012	171.950012
0	4.536000	0.788116	249.087494	170.787506
1	4.567000	0.863768	247.500000	171.000000
1	4.598000	0.875507	247.556274	172.093750
1	4.629000	0.869565	246.500000	172.500000
1	4.660000	0.869565	246.750000	172.250000
0	4.707000	0.760290	248.437500	170.562500
1	4.738000	0.864057	246.012665	171.237274
1	4.770000	0.868841	246.518738	170.518738
0	4.801000	0.740290	246.274994	167.287506
1	4.832000	0.783188	247.625000	172.250000
0	4.863000	0.742319	247.662506	167.337494
1	4.894000	0.737971	249.712494	169.600006
1	4.941000	0.822899	248.337494	169.912506
0	4.972000	0.660870	247.500000	167.500000
1	5.004000	0.783333	247.956238	170.881226
1	5.035000	0.821159	246.312500	170.187500
1	5.066000	0.792464	247.350006	170.850006
1	5.097000	0.792464	248.024994	172.975006
1	5.128000	0.769420	247.681244	171.681244
1	5.175000	0.775797	247.768738	172.843750
1	5.206000	0.760290	247.562500	171.437500
1	5.238000	0.815217	247.156281	172.306244
1	5.269000	0.846232	247.093750	171.906250
1	5.300000	0.783188	247.750000	169.250000
0	5.331000	0.748841	247.568756	171.356232
1	5.362000	0.814203	247.712494	173.287506
1	5.394000	0.746377	247.674988	171.325012
1	5.440000	0.741884	244.656250	168.293762
0	5.472000	0.796812	245.087494	172.037506
0	5.503000	0.714927	245.093750	167.906250
0	5.534000	0.796812	245.087494	167.962494
0	5.565000	0.695507	244.993744	166.006256
1	5.596000	0.814638	245.718750	168.718750
1	5.628000	0.809710	243.118744	167.243744
0	5.674000	0.746377	245.737488	167.262512
0	5.706000	0.776812	246.500000	168.500000
0	5.737000	0.684058	244.500000	166.500000
0	5.768000	0.679855	246.493744	167.868744
0	5.799000	0.741884	245.731262	171.293762
1	5.830000	0.794058	245.956238	171.968750
1	5.862000	0.816812	246.299988	174.174988
0	5.908000	0.751015	246.462494	172.462494
0	5.940000	0.672319	245.656250	167.156250
0	5.971000	0.637536	244.406250	170.156250
1	6.002000	0.796232	245.549988	171.062500
1	6.033000	0.755797	244.518738	168.543762
1	6.064000	0.782754	246.743744	170.743744
1	6.096000	0.798841	245.037506	169.562469
1	6.127000	0.805942	244.843750	167.906250
1	6.174000	0.751015	244.462494	168.462494
1	6.205000	0.737971	243.725006	167.449982
1	6.236000	0.824493	242.718750	167.406250
1	6.267000	0.794058	242.406250	167.093750
1	6.298000	0.759275	243.406250	167.468750
1	6.330000	0.841014	242.531250	167.518738
1	6.361000	0.760725	242.431244	165.931244
1	6.408000	0.764493	243.518738	165.193726
1	6.439000	0.733623	244.787506	166.537506
0	6.470000	0.712319	245.081268	167.868744
1	6.501000	0.786812	243.993744	165.931244
0	6.532000	0.707681	244.193756	168.131256
1	6.564000	0.815072	243.324982	168.249969
1	6.595000	0.765217	243.500000	166.500000
1	6.642000	0.774493	244.375000	167.875000
0	6.673000	0.707101	244.406250	167.906250
1	6.704000	0.783768	243.274994	168.600006
0	6.735000	0.673333	244.812500	170.312500
1	6.766000	0.748406	245.375000	169.625000
1	6.798000	0.765797	243.437500	169.000000
1	6.829000	0.816377	244.868744	171.018768
0	6.860000	0.767971	244.343750	167.468750
1	6.907000	0.742319	244.662506	169.274994
1	6.938000	0.760290	245.062500	168.437500
1	6.969000	0.753333	244.787506	169.574982
0	7.000000	0.724493	245.581238	170.093750
0	7.032000	0.709275	245.137512	169.912476
1	7.063000	0.753623	245.500000	169.500000
0	7.094000	0.718406	244.693756	171.181244
1	7.125000	0.742319	245.662506	168.662506
0	7.172000	0.620580	244.787506	169.662506
1	7.203000	0.698841	246.287506	168.712494
0	7.234000	0.679420	245.587494	166.725006
1	7.266000	0.755362	244.524994	170.524994
0	7.297000	0.672319	244.593750	168.343750
1	7.328000	0.730435	244.750000	169.250000
0	7.359000	0.690725	245.437500	170.562500
0	7.406000	0.753623	245.500000	167.500000
0	7.437000	0.672464	244.500000	167.500000
1	7.468000	0.734203	244.437500	170.187500
0	7.500000	0.656667	244.881256	168.556244
1	7.531000	0.730435	244.250000	169.250000
1	7.562000	0.707536	244.162506	170.837494
0	7.593000	0.679855	244.531250	166.906250
0	7.640000	0.707246	245.500000	167.500000
0	7.671000	0.641884	245.406250	168.518738
1	7.702000	0.748551	243.606262	169.406250
1	7.734000	0.734203	243.875000	168.187500
0	7.765000	0.660870	245.000000	170.000000
1	7.796000	0.724493	244.581238	167.718750
1	7.827000	0.737971	245.350006	168.274994
1	7.858000	0.707101	247.156250	168.843750
1	7.905000	0.690145	246.912506	168.587494
1	7.936000	0.720580	245.975006	167.024994
1	7.968000	0.714927	244.231293	169.093597
1	7.999000	0.725507	244.062500	167.937500
1	8.030000	0.716667	244.956238	169.281250
1	8.061000	0.732754	245.100006	170.462494
1	8.092000	0.732029	244.143829	169.843781
1	8.139000	0.707536	245.087494	169.837494
0	8.170000	0.672464	245.500000	170.500000
1	8.202000	0.735797	245.493744	169.443756
0	8.233000	0.614493	246.000000	169.000000
1	8.264000	0.734203	246.549988	172.487488
1	8.295000	0.742319	246.662506	170.337494
0	8.326000	0.708841	246.206268	170.818756
1	8.373000	0.747246	248.250000	173.724976
0	8.404000	0.668116	246.237488	171.262512
0	8.436000	0.696812	249.024994	171.975006
1	8.467000	0.736232	247.875000	173.125000
1	8.498000	0.709275	247.812500	172.862488
0	8.529000	0.568551	248.068756	169.881256
0	8.560000	0.626087	247.750000	173.750000
0	8.592000	0.603768	247.687500	171.625000
1	8.638000	0.777826	247.993744	173.193756
1	8.670000	0.753623	249.500000	175.500000
1	8.701000	0.753623	248.000000	172.000000
0	8.732000	0.669565	247.500000	169.250000
1	8.763000	0.755362	249.100006	174.399994
0	8.794000	0.682029	248.912445	172.487457
0	8.826000	0.711594	249.625000	172.875000
1	8.872000	0.743333	249.556244	174.681244
1	8.904000	0.738551	249.375000	172.375000
1	8.935000	0.738551	248.750000	174.250000
1	8.966000	0.774493	249.750000	174.750000
1	8.997000	0.759420	249.500000	174.500000
1	9.028000	0.753768	249.406250	174.906250
1	9.060000	0.741884	250.293762	177.656250
1	9.106000	0.751594	249.562500	174.625000
1	9.138000	0.721594	251.106171	173.968475
0	9.169000	0.708116	251.187500	175.812500
0	9.200000	0.720145	251.806213	174.968750
1	9.231000	0.740290	250.387482	173.274994
1	9.262000	0.720580	250.600006	177.024994
1	9.294000	0.692754	249.987488	176.962463
1	9.325000	0.694493	249.975006	176.012482
1	9.372000	0.751594	248.187500	176.437500
0	9.403000	0.633333	247.924988	172.437500
1	9.434000	0.749855	248.412476	174.612427
1	9.465000	0.765942	249.018738	176.018799
0	9.496000	0.707246	249.500000	173.500000
1	9.528000	0.734203	250.487488	177.812500
1	9.559000	0.742464	251.206268	176.318756
1	9.606000	0.707246	251.500000	177.500000
1	9.637000	0.713188	252.743744	179.743744
1	9.668000	0.728841	252.518738	177.468750
0	9.699000	0.670725	252.649994	180.350006
1	9.730000	0.695652	253.500000	180.500000
1	9.762000	0.712464	251.750000	178.750000
1	9.793000	0.736232	252.687500	179.562500
1	9.840000	0.698406	253.018738	181.706238
1	9.871000	0.718841	251.500000	179.500000
1	9.902000	0.740725	252.743835	179.606262
1	9.933000	0.765217	253.500000	181.500000
1	9.964000	0.751015	252.537506	178.162506
1	9.996000	0.725507	253.562500	179.062500
0	10.027000	0.666377	253.462494	177.462494
0	10.058000	0.670725	252.712494	176.350006
1	10.105000	0.731594	254.850006	179.600006
1	10.136000	0.734928	253.756256	176.431244
1	10.167000	0.718841	253.500000	175.500000
1	10.198000	0.730435	254.000000	176.000000
0	10.230000	0.690145	251.587494	171.337494
0	10.261000	0.654928	249.906250	169.906250
1	10.292000	0.715797	251.031250	170.968750
1	10.339000	0.741594	250.518799	170.318848
1	10.370000	0.707101	251.906250	172.093750
1	10.401000	0.707536	250.837494	172.212494
1	10.432000	0.719275	251.606262	173.981262
0	10.464000	0.692464	250.912506	176.037506
1	10.495000	0.697826	252.000000	178.937500
1	10.526000	0.672754	252.837494	179.662506
1	10.573000	0.716377	252.943756	180.056244
1	10.604000	0.707101	253.156219	179.143707
1	10.635000	0.690725	254.562500	179.437500
0	10.666000	0.684203	252.906250	176.831238
0	10.698000	0.672464	253.500000	180.500000
0	10.729000	0.660870	251.500000	179.500000
1	10.760000	0.684203	252.468750	178.481262
1	10.791000	0.737681	251.612488	179.424988
1	10.838000	0.751015	250.462494	177.824982
1	10.869000	0.695072	252.500000	178.000000
1	10.900000	0.724928	251.912506	179.087494
1	10.932000	0.742029	250.500000	178.500000
1	10.963000	0.716812	251.937500	179.062500
0	10.994000	0.648406	249.687500	177.687500
1	11.025000	0.695652	250.750000	178.250000
1	11.056000	0.722464	250.643768	176.981232
1	11.103000	0.744928	251.500000	176.250000
1	11.134000	0.753623	251.500000	177.500000
0	11.166000	0.643623	251.743744	176.743744
1	11.197000	0.722319	251.375000	176.937500
1	11.228000	0.716232	250.987518	177.687408
1	11.259000	0.718841	251.500000	178.500000
1	11.290000	0.729420	250.543732	175.543732
1	11.337000	0.742319	251.662506	176.662506
1	11.368000	0.713623	252.250000	176.250000
0	11.400000	0.635797	251.818756	177.131256
1	11.431000	0.742029	252.500000	180.500000
1	11.462000	0.707681	253.131256	179.181244
1	11.493000	0.733623	252.574982	179.462494
1	11.524000	0.677681	254.299988	181.500000
1	11.571000	0.730435	255.500000	177.500000
1	11.602000	0.763623	253.468750	178.018738
1	11.634000	0.703768	254.250000	179.750000
0	11.665000	0.654203	252.850006	180.087494
1	11.696000	0.716377	255.056244	182.256256
0	11.727000	0.598985	256.418732	182.568756
0	11.758000	0.583188	257.125000	181.875000
0	11.790000	0.697826	255.993744	182.006256
0	11.836000	0.714203	256.087494	180.225006
1	11.868000	0.733768	255.556244	178.806244
1	11.899000	0.747246	256.375000	176.750000
1	11.930000	0.711884	257.725006	175.899994
0	11.961000	0.672319	259.656250	172.343750
0	11.992000	0.734203	262.437500	170.549988
0	12.024000	0.601159	266.649994	167.475006
0	12.070000	0.631884	273.500000	171.500000
0	12.102000	0.631884	275.500000	169.000000
0	12.133000	0.598841	275.699982	172.350006
0	12.164000	0.578985	273.981201	174.043762
0	12.195000	0.636811	275.087616	177.437469
0	12.226000	0.614493	272.000000	174.000000
0	12.258000	0.649275	272.750000	171.250000
1	12.304000	0.566377	274.149994	164.962494
0	12.336000	0.539710	274.250000	150.500000
0	12.367000	0.637246	274.156250	139.081238
0	12.398000	0.407101	273.343750	126.343750
0	12.429000	0.347826	156.806915	245.000000
0	12.460000	0.347826	156.806915	245.000000
0	12.492000	0.347826	156.806915	245.000000
0	12.523000	1.495652	197.500000	229.500000
0	12.570000	4.765217	229.256256	181.500000
0	12.601000	4.765217	258.792938	181.500000
0	12.632000	4.765217	258.792938	181.500000
0	12.663000	4.765217	258.792938	181.500000
0	12.694000	4.765217	258.792938	181.500000
0	12.726000	4.765217	258.792938	181.500000
0	12.757000	4.765217	258.792938	181.500000
0	12.804000	4.765217	232.568756	181.500000
0	12.835000	4.765217	258.792938	181.500000
0	12.866000	4.765217	258.792938	181.500000
0	12.897000	4.765217	258.792938	181.500000
0	12.928000	4.765217	232.568756	181.500000
0	12.960000	4.765217	258.792938	181.500000
0	12.991000	4.765217	258.792938	181.500000
0	13.038000	4.765217	258.792938	181.500000
0	13.069000	4.765217	258.792938	181.500000
0	13.100000	4.765217	258.792938	181.500000
0	13.131000	4.765217	258.792938	181.500000
0	13.162000	4.765217	230.568756	181.500000
0	13.194000	4.765217	258.792938	181.500000
0	13.225000	4.765217	258.792938	181.500000
0	13.256000	4.765217	258.792938	181.500000
0	13.303000	4.765217	258.792938	181.500000
0	13.334000	4.765217	258.792938	181.500000
0	13.365000	4.765217	232.568756	181.500000
0	13.396000	4.765217	258.792938	181.500000
0	13.428000	4.765217	258.792938	181.500000
0	13.459000	4.765217	258.792938	181.500000
0	13.490000	4.765217	258.792938	181.500000
0	13.537000	4.765217	258.792938	181.500000
0	13.568000	4.765217	258.792938	181.500000
0	13.599000	4.765217	258.792938	181.500000
0	13.630000	4.765217	230.568756	181.500000
0	13.662000	4.765217	258.792938	181.500000
0	13.693000	4.765217	258.792938	181.500000
0	13.724000	4.765217	258.792938	181.500000
0	13.771000	4.765217	230.568756	181.500000
0	13.802000	4.765217	258.792938	181.500000
0	13.833000	4.765217	258.792938	181.500000
0	13.864000	4.765217	258.792938	181.500000
0	13.896000	4.765217	258.792938	181.500000
0	13.927000	4.765217	258.792938	181.500000
0	13.958000	4.765217	258.792938	181.500000
0	13.989000	4.765217	258.792938	181.500000
0	14.036000	4.765217	258.792938	181.500000
0	14.067000	4.765217	258.792938	181.500000
0	14.098000	4.765217	258.792938	181.500000
0	14.130000	4.765217	258.792938	181.500000
0	14.161000	4.765217	258.792938	181.500000
0	14.192000	4.765217	258.792938	181.500000
0	14.223000	4.765217	258.792938	181.500000
0	14.270000	4.765217	258.792938	181.500000
0	14.301000	4.765217	258.792938	181.500000
0	14.332000	4.765217	258.792938	181.500000
0	14.364000	4.765217	230.993744	181.500000
0	14.395000	4.765217	258.792938	181.500000
0	14.426000	4.765217	258.792938	181.500000
0	14.457000	4.765217	232.568756	181.500000
0	14.504000	4.765217	258.792938	181.500000
0	14.535000	4.765217	258.792938	181.500000
0	14.566000	4.765217	258.792938	181.500000
0	14.598000	4.765217	258.792938	181.500000
0	14.629000	4.765217	258.792938	181.500000
0	14.660000	4.765217	258.792938	181.500000
0	14.691000	4.765217	234.568756	181.500000
0	14.722000	4.765217	258.792938	181.500000
0	14.769000	4.765217	258.792938	181.500000
0	14.800000	4.765217	258.792938	181.500000
0	14.832000	4.765217	258.792938	181.500000
0	14.863000	4.765217	258.792938	181.500000
0	14.894000	4.765217	258.792938	181.500000
0	14.925000	4.765217	258.792938	181.500000
0	14.956000	4.765217	230.568756	181.500000
0	15.003000	4.765217	258.792938	181.500000
0	15.034000	4.765217	258.792938	181.500000
0	15.066000	4.765217	258.792938	181.500000
0	15.097000	4.765217	258.792938	181.500000
0	15.128000	4.765217	258.792938	181.500000
0	15.159000	4.765217	258.792938	181.500000
0	15.190000	4.765217	258.792938	181.500000
0	15.222000	4.765217	258.792938	181.500000
0	15.268000	4.765217	258.792938	181.500000
0	15.300000	4.765217	258.792938	181.500000
0	15.331000	4.765217	258.792938	181.500000
0	15.362000	4.765217	258.792938	181.500000
0	15.393000	4.765217	258.792938	181.500000
0	15.424000	4.765217	258.792938	181.500000
0	15.456000	4.765217	232.568756	181.500000
0	15.502000	4.765217	258.792938	181.500000
0	15.534000	4.765217	258.792938	181.500000
0	15.565000	4.765217	258.792938	181.500000
0	15.596000	4.765217	258.792938	181.500000
0	15.627000	4.765217	258.792938	181.500000
0	15.658000	4.765217	258.792938	181.500000
0	15.690000	4.765217	258.792938	181.500000
0	15.736000	4.765217	258.792938	181.500000
0	15.768000	4.765217	258.792938	181.500000
0	15.799000	4.765217	258.792938	181.500000
0	15.830000	4.765217	258.792938	181.500000
0	15.861000	4.765217	233.318756	181.500000
0	15.892000	4.765217	258.792938	181.500000
0	15.924000	4.765217	258.792938	181.500000
0	15.955000	4.765217	258.792938	181.500000
0	16.002000	4.765217	258.792938	181.500000
0	16.033000	4.765217	258.792938	181.500000
0	16.064000	4.765217	234.568756	181.500000
0	16.095000	4.765217	230.568756	181.500000
0	16.126000	4.765217	258.792938	181.500000
0	16.158000	4.765217	258.792938	181.500000
0	16.189000	4.765217	258.792938	181.500000
0	16.236000	4.765217	258.792938	181.500000
0	16.267000	4.765217	258.792938	181.500000
0	16.298000	4.765217	258.792938	181.500000
0	16.329000	4.765217	258.792938	181.500000
0	16.360000	4.765217	258.792938	181.500000
0	16.392000	4.765217	258.792938	181.500000
0	16.423000	4.765217	258.792938	181.500000
0	16.454000	4.765217	258.792938	181.500000
0	16.501000	4.765217	258.792938	181.500000
0	16.532000	4.765217	258.792938	181.500000
0	16.563000	4.765217	258.792938	181.500000
0	16.595000	4.765217	258.792938	181.500000
0	16.626000	4.765217	258.792938	181.500000
0	16.657000	4.765217	258.792938	181.500000
0	16.688000	4.765217	232.568756	181.500000
0	16.735000	4.765217	258.792938	181.500000
0	16.766000	4.765217	258.792938	181.500000
0	16.797000	4.765217	258.792938	181.500000
0	16.829000	4.765217	258.792938	181.500000
0	16.860000	4.765217	258.792938	181.500000
0	16.891000	4.765217	258.792938	181.500000
0	16.922000	4.765217	258.792938	181.500000
0	16.969000	4.765217	258.792938	181.500000
0	17.000000	4.765217	258.792938	181.500000
0	17.031000	4.765217	258.792938	181.500000
0	17.063000	4.765217	232.568756	181.500000
0	17.094000	4.765217	258.792938	181.500000
0	17.125000	4.765217	258.792938	181.500000
0	17.156000	4.765217	258.792938	181.500000
0	17.187000	4.765217	258.792938	181.500000
0	17.234000	4.765217	258.792938	181.500000
0	17.265000	4.765217	258.792938	181.500000
0	17.297000	4.765217	234.568756	181.500000
0	17.328000	4.765217	232.568756	181.500000
0	17.359000	4.765217	258.792938	181.500000
0	17.390000	4.765217	258.792938	181.500000
0	17.421000	4.765217	258.792938	181.500000
0	17.468000	4.765217	258.792938	181.500000
0	17.499000	4.765217	258.792938	181.500000
0	17.531000	4.765217	258.792938	181.500000
0	17.562000	4.765217	258.792938	181.500000
0	17.593000	4.765217	258.792938	181.500000
0	17.624000	4.765217	258.792938	181.500000
0	17.655000	4.765217	258.792938	181.500000
0	17.702000	4.765217	258.792938	181.500000
0	17.733000	4.765217	230.568756	181.500000
0	17.765000	4.765217	258.792938	181.500000
0	17.796000	4.765217	258.792938	181.500000
0	17.827000	4.765217	258.792938	181.500000
0	17.858000	4.765217	258.792938	181.500000
0	17.889000	4.765217	258.792938	181.500000
0	17.921000	4.765217	246.993744	181.500000
0	17.967000	4.765217	232.568756	181.500000
0	17.999000	4.765217	231.318756	181.500000
<\RIGHT-PUPIL-DATA>
<LEFT-PUPIL-DATA>
542	0
0	-0.051000	13.913043	240.000000	320.000000
0	-0.020000	13.913043	240.000000	320.000000
0	0.011000	13.913043	240.000000	320.000000
0	0.042000	13.913043	240.000000	320.000000
0	0.074000	13.913043	240.000000	320.000000
0	0.105000	13.913043	240.000000	320.000000
0	0.152000	13.913043	240.000000	320.000000
0	0.183000	13.913043	240.000000	320.000000
0	0.214000	13.913043	240.000000	320.000000
0	0.245000	13.913043	240.000000	320.000000
0	0.276000	13.913043	240.000000	320.000000
0	0.308000	13.913043	240.000000	320.000000
0	0.339000	13.913043	240.000000	320.000000
0	0.386000	13.913043	240.000000	320.000000
0	0.417000	13.913043	240.000000	320.000000
0	0.448000	13.913043	240.000000	320.000000
0	0.479000	13.913043	240.000000	320.000000
0	0.510000	13.913043	240.000000	320.000000
0	0.542000	13.913043	240.000000	320.000000
0	0.573000	13.913043	240.000000	320.000000
0	0.604000	13.913043	240.000000	320.000000
0	0.651000	13.913043	240.000000	320.000000
0	0.682000	13.913043	240.000000	320.000000
0	0.713000	13.913043	240.000000	320.000000
0	0.744000	13.913043	240.000000	320.000000
0	0.776000	13.913043	240.000000	320.000000
0	0.807000	13.913043	240.000000	320.000000
0	0.838000	13.913043	240.000000	320.000000
0	0.885000	13.913043	240.000000	320.000000
0	0.916000	13.913043	240.000000	320.000000
0	0.947000	13.913043	240.000000	320.000000
0	0.978000	13.913043	240.000000	320.000000
0	1.010000	13.913043	240.000000	320.000000
0	1.041000	13.913043	240.000000	320.000000
0	1.072000	13.913043	240.000000	320.000000
0	1.103000	13.913043	240.000000	320.000000
0	1.150000	13.913043	240.000000	320.000000
0	1.181000	13.913043	240.000000	320.000000
0	1.212000	13.913043	240.000000	320.000000
0	1.244000	13.913043	240.000000	320.000000
0	1.275000	13.913043	240.000000	320.000000
0	1.306000	13.913043	240.000000	320.000000
0	1.337000	13.913043	240.000000	320.000000
0	1.384000	13.913043	240.000000	320.000000
0	1.415000	13.913043	240.000000	320.000000
0	1.446000	13.913043	240.000000	320.000000
0	1.478000	13.913043	240.000000	320.000000
0	1.509000	13.913043	240.000000	320.000000
0	1.540000	13.913043	240.000000	320.000000
0	1.571000	13.913043	240.000000	320.000000
0	1.618000	13.913043	240.000000	320.000000
0	1.649000	13.913043	240.000000	320.000000
0	1.680000	13.913043	240.000000	320.000000
0	1.712000	13.913043	240.000000	320.000000
0	1.743000	13.913043	240.000000	320.000000
0	1.774000	13.913043	240.000000	320.000000
0	1.805000	13.913043	240.000000	320.000000
0	1.836000	13.913043	240.000000	320.000000
0	1.883000	13.913043	240.000000	320.000000
0	1.914000	13.913043	240.000000	320.000000
0	1.946000	13.913043	240.000000	320.000000
0	1.977000	13.913043	240.000000	320.000000
0	2.008000	13.913043	240.000000	320.000000
0	2.039000	13.913043	240.000000	320.000000
0	2.070000	13.913043	240.000000	320.000000
0	2.117000	13.913043	240.000000	320.000000
0	2.148000	13.913043	240.000000	320.000000
0	2.180000	13.913043	240.000000	320.000000
0	2.211000	13.913043	240.000000	320.000000
0	2.242000	13.913043	240.000000	320.000000
0	2.273000	13.913043	240.000000	320.000000
0	2.304000	13.913043	240.000000	320.000000
0	2.351000	13.913043	240.000000	320.000000
0	2.382000	13.913043	240.000000	320.000000
0	2.414000	13.913043	240.000000	320.000000
0	2.445000	13.913043	240.000000	320.000000
0	2.476000	13.913043	240.000000	320.000000
0	2.507000	13.913043	240.000000	320.000000
0	2.538000	13.913043	240.000000	320.000000
0	2.570000	13.913043	240.000000	320.000000
0	2.616000	13.913043	240.000000	320.000000
0	2.648000	13.913043	240.000000	320.000000
0	2.679000	13.913043	240.000000	320.000000
0	2.710000	13.913043	240.000000	320.000000
0	2.741000	13.913043	240.000000	320.000000
0	2.772000	13.913043	240.000000	320.000000
0	2.804000	13.913043	240.000000	320.000000
0	2.850000	13.913043	240.000000	320.000000
0	2.882000	13.913043	240.000000	320.000000
0	2.913000	13.913043	240.000000	320.000000
0	2.944000	13.913043	240.000000	320.000000
0	2.975000	13.913043	240.000000	320.000000
0	3.006000	13.913043	240.000000	320.000000
0	3.038000	13.913043	240.000000	320.000000
0	3.084000	13.913043	240.000000	320.000000
0	3.116000	13.913043	240.000000	320.000000
0	3.147000	13.913043	240.000000	320.000000
0	3.178000	13.913043	240.000000	320.000000
0	3.209000	13.913043	240.000000	320.000000
0	3.240000	13.913043	240.000000	320.000000
0	3.272000	13.913043	240.000000	320.000000
0	3.303000	13.913043	240.000000	320.000000
0	3.350000	13.913043	240.000000	320.000000
0	3.381000	13.913043	240.000000	320.000000
0	3.412000	13.913043	240.000000	320.000000
0	3.443000	13.913043	240.000000	320.000000
0	3.474000	13.913043	240.000000	320.000000
0	3.506000	13.913043	240.000000	320.000000
0	3.537000	13.913043	240.000000	320.000000
0	3.584000	13.913043	240.000000	320.000000
0	3.615000	13.913043	240.000000	320.000000
0	3.646000	13.913043	240.000000	320.000000
0	3.677000	13.913043	240.000000	320.000000
0	3.708000	13.913043	240.000000	320.000000
0	3.740000	13.913043	240.000000	320.000000
0	3.771000	13.913043	240.000000	320.000000
0	3.802000	13.913043	240.000000	320.000000
0	3.849000	13.913043	240.000000	320.000000
0	3.880000	13.913043	240.000000	320.000000
0	3.911000	13.913043	240.000000	320.000000
0	3.942000	13.913043	240.000000	320.000000
0	3.974000	13.913043	240.000000	320.000000
0	4.005000	13.913043	240.000000	320.000000
0	4.036000	13.913043	240.000000	320.000000
0	4.083000	13.913043	240.000000	320.000000
0	4.114000	13.913043	240.000000	320.000000
0	4.145000	13.913043	240.000000	320.000000
0	4.176000	13.913043	240.000000	320.000000
0	4.208000	13.913043	240.000000	320.000000
0	4.239000	13.913043	240.000000	320.000000
0	4.270000	13.913043	240.000000	320.000000
0	4.317000	13.913043	240.000000	320.000000
0	4.348000	13.913043	240.000000	320.000000
0	4.379000	13.913043	240.000000	320.000000
0	4.410000	13.913043	240.000000	320.000000
0	4.442000	13.913043	240.000000	320.000000
0	4.473000	13.913043	240.000000	320.000000
0	4.504000	13.913043	240.000000	320.000000
0	4.535000	13.913043	240.000000	320.000000
0	4.582000	13.913043	240.000000	320.000000
0	4.613000	13.913043	240.000000	320.000000
0	4.644000	13.913043	240.000000	320.000000
0	4.676000	13.913043	240.000000	320.000000
0	4.707000	13.913043	240.000000	320.000000
0	4.738000	13.913043	240.000000	320.000000
0	4.769000	13.913043	240.000000	320.000000
0	4.816000	13.913043	240.000000	320.000000
0	4.847000	13.913043	240.000000	320.000000
0	4.878000	13.913043	240.000000	320.000000
0	4.910000	13.913043	240.000000	320.000000
0	4.941000	13.913043	240.000000	320.000000
0	4.972000	13.913043	240.000000	320.000000
0	5.003000	13.913043	240.000000	320.000000
0	5.050000	13.913043	240.000000	320.000000
0	5.081000	13.913043	240.000000	320.000000
0	5.112000	13.913043	240.000000	320.000000
0	5.144000	13.913043	240.000000	320.000000
0	5.175000	13.913043	240.000000	320.000000
0	5.206000	13.913043	240.000000	320.000000
0	5.237000	13.913043	240.000000	320.000000
0	5.268000	13.913043	240.000000	320.000000
0	5.315000	13.913043	240.000000	320.000000
0	5.346000	13.913043	240.000000	320.000000
0	5.378000	13.913043	240.000000	320.000000
0	5.409000	13.913043	240.000000	320.000000
0	5.440000	13.913043	240.000000	320.000000
0	5.471000	13.913043	240.000000	320.000000
0	5.502000	13.913043	240.000000	320.000000
0	5.549000	13.913043	240.000000	320.000000
0	5.580000	13.913043	240.000000	320.000000
0	5.612000	13.913043	240.000000	320.000000
0	5.643000	13.913043	240.000000	320.000000
0	5.674000	13.913043	240.000000	320.000000
0	5.705000	13.913043	240.000000	320.000000
0	5.736000	13.913043	240.000000	320.000000
0	5.783000	13.913043	240.000000	320.000000
0	5.814000	13.913043	240.000000	320.000000
0	5.846000	13.913043	240.000000	320.000000
0	5.877000	13.913043	240.000000	320.000000
0	5.908000	13.913043	240.000000	320.000000
0	5.939000	13.913043	240.000000	320.000000
0	5.970000	13.913043	240.000000	320.000000
0	6.002000	13.913043	240.000000	320.000000
0	6.048000	13.913043	240.000000	320.000000
0	6.080000	13.913043	240.000000	320.000000
0	6.111000	13.913043	240.000000	320.000000
0	6.142000	13.913043	240.000000	320.000000
0	6.173000	13.913043	240.000000	320.000000
0	6.204000	13.913043	240.000000	320.000000
0	6.236000	13.913043	240.000000	320.000000
0	6.282000	13.913043	240.000000	320.000000
0	6.314000	13.913043	240.000000	320.000000
0	6.345000	13.913043	240.000000	320.000000
0	6.376000	13.913043	240.000000	320.000000
0	6.407000	13.913043	240.000000	320.000000
0	6.438000	13.913043	240.000000	320.000000
0	6.470000	13.913043	240.000000	320.000000
0	6.501000	13.913043	240.000000	320.000000
0	6.548000	13.913043	240.000000	320.000000
0	6.579000	13.913043	240.000000	320.000000
0	6.610000	13.913043	240.000000	320.000000
0	6.641000	13.913043	240.000000	320.000000
0	6.672000	13.913043	240.000000	320.000000
0	6.704000	13.913043	240.000000	320.000000
0	6.735000	13.913043	240.000000	320.000000
0	6.782000	13.913043	240.000000	320.000000
0	6.813000	13.913043	240.000000	320.000000
0	6.844000	13.913043	240.000000	320.000000
0	6.875000	13.913043	240.000000	320.000000
0	6.906000	13.913043	240.000000	320.000000
0	6.938000	13.913043	240.000000	320.000000
0	6.969000	13.913043	240.000000	320.000000
0	7.016000	13.913043	240.000000	320.000000
0	7.047000	13.913043	240.000000	320.000000
0	7.078000	13.913043	240.000000	320.000000
0	7.109000	13.913043	240.000000	320.000000
0	7.140000	13.913043	240.000000	320.000000
0	7.172000	13.913043	240.000000	320.000000
0	7.203000	13.913043	240.000000	320.000000
0	7.234000	13.913043	240.000000	320.000000
0	7.281000	13.913043	240.000000	320.000000
0	7.312000	13.913043	240.000000	320.000000
0	7.343000	13.913043	240.000000	320.000000
0	7.374000	13.913043	240.000000	320.000000
0	7.406000	13.913043	240.000000	320.000000
0	7.437000	13.913043	240.000000	320.000000
0	7.468000	13.913043	240.000000	320.000000
0	7.515000	13.913043	240.000000	320.000000
0	7.546000	13.913043	240.000000	320.000000
0	7.577000	13.913043	240.000000	320.000000
0	7.608000	13.913043	240.000000	320.000000
0	7.640000	13.913043	240.000000	320.000000
0	7.671000	13.913043	240.000000	320.000000
0	7.702000	13.913043	240.000000	320.000000
0	7.733000	13.913043	240.000000	320.000000
0	7.780000	13.913043	240.000000	320.000000
0	7.811000	13.913043	240.000000	320.000000
0	7.842000	13.913043	240.000000	320.000000
0	7.874000	13.913043	240.000000	320.000000
0	7.905000	13.913043	240.000000	320.000000
0	7.936000	13.913043	240.000000	320.000000
0	7.967000	13.913043	240.000000	320.000000
0	8.014000	13.913043	240.000000	320.000000
0	8.045000	13.913043	240.000000	320.000000
0	8.076000	13.913043	240.000000	320.000000
0	8.108000	13.913043	240.000000	320.000000
0	8.139000	13.913043	240.000000	320.000000
0	8.170000	13.913043	240.000000	320.000000
0	8.201000	13.913043	240.000000	320.000000
0	8.248000	13.913043	240.000000	320.000000
0	8.279000	13.913043	240.000000	320.000000
0	8.310000	13.913043	240.000000	320.000000
0	8.342000	13.913043	240.000000	320.000000
0	8.373000	13.913043	240.000000	320.000000
0	8.404000	13.913043	240.000000	320.000000
0	8.435000	13.913043	240.000000	320.000000
0	8.466000	13.913043	240.000000	320.000000
0	8.513000	13.913043	240.000000	320.000000
0	8.544000	13.913043	240.000000	320.000000
0	8.576000	13.913043	240.000000	320.000000
0	8.607000	13.913043	240.000000	320.000000
0	8.638000	13.913043	240.000000	320.000000
0	8.669000	13.913043	240.000000	320.000000
0	8.700000	13.913043	240.000000	320.000000
0	8.747000	13.913043	240.000000	320.000000
0	8.778000	13.913043	240.000000	320.000000
0	8.810000	13.913043	240.000000	320.000000
0	8.841000	13.913043	240.000000	320.000000
0	8.872000	13.913043	240.000000	320.000000
0	8.903000	13.913043	240.000000	320.000000
0	8.934000	13.913043	240.000000	320.000000
0	8.981000	13.913043	240.000000	320.000000
0	9.012000	13.913043	240.000000	320.000000
0	9.044000	13.913043	240.000000	320.000000
0	9.075000	13.913043	240.000000	320.000000
0	9.106000	13.913043	240.000000	320.000000
0	9.137000	13.913043	240.000000	320.000000
0	9.168000	13.913043	240.000000	320.000000
0	9.200000	13.913043	240.000000	320.000000
0	9.246000	13.913043	240.000000	320.000000
0	9.278000	13.913043	240.000000	320.000000
0	9.309000	13.913043	240.000000	320.000000
0	9.340000	13.913043	240.000000	320.000000
0	9.371000	13.913043	240.000000	320.000000
0	9.402000	13.913043	240.000000	320.000000
0	9.434000	13.913043	240.000000	320.000000
0	9.480000	13.913043	240.000000	320.000000
0	9.512000	13.913043	240.000000	320.000000
0	9.543000	13.913043	240.000000	320.000000
0	9.574000	13.913043	240.000000	320.000000
0	9.605000	13.913043	240.000000	320.000000
0	9.636000	13.913043	240.000000	320.000000
0	9.668000	13.913043	240.000000	320.000000
0	9.714000	13.913043	240.000000	320.000000
0	9.746000	13.913043	240.000000	320.000000
0	9.777000	13.913043	240.000000	320.000000
0	9.808000	13.913043	240.000000	320.000000
0	9.839000	13.913043	240.000000	320.000000
0	9.870000	13.913043	240.000000	320.000000
0	9.902000	13.913043	240.000000	320.000000
0	9.933000	13.913043	240.000000	320.000000
0	9.980000	13.913043	240.000000	320.000000
0	10.011000	13.913043	240.000000	320.000000
0	10.042000	13.913043	240.000000	320.000000
0	10.073000	13.913043	240.000000	320.000000
0	10.104000	13.913043	240.000000	320.000000
0	10.136000	13.913043	240.000000	320.000000
0	10.167000	13.913043	240.000000	320.000000
0	10.214000	13.913043	240.000000	320.000000
0	10.245000	13.913043	240.000000	320.000000
0	10.276000	13.913043	240.000000	320.000000
0	10.307000	13.913043	240.000000	320.000000
0	10.338000	13.913043	240.000000	320.000000
0	10.370000	13.913043	240.000000	320.000000
0	10.401000	13.913043	240.000000	320.000000
0	10.448000	13.913043	240.000000	320.000000
0	10.479000	13.913043	240.000000	320.000000
0	10.510000	13.913043	240.000000	320.000000
0	10.541000	13.913043	240.000000	320.000000
0	10.572000	13.913043	240.000000	320.000000
0	10.604000	13.913043	240.000000	320.000000
0	10.635000	13.913043	240.000000	320.000000
0	10.666000	13.913043	240.000000	320.000000
0	10.713000	13.913043	240.000000	320.000000
0	10.744000	13.913043	240.000000	320.000000
0	10.775000	13.913043	240.000000	320.000000
0	10.806000	13.913043	240.000000	320.000000
0	10.838000	13.913043	240.000000	320.000000
0	10.869000	13.913043	240.000000	320.000000
0	10.900000	13.913043	240.000000	320.000000
0	10.947000	13.913043	240.000000	320.000000
0	10.978000	13.913043	240.000000	320.000000
0	11.009000	13.913043	240.000000	320.000000
0	11.040000	13.913043	240.000000	320.000000
0	11.072000	13.913043	240.000000	320.000000
0	11.103000	13.913043	240.000000	320.000000
0	11.134000	13.913043	240.000000	320.000000
0	11.165000	13.913043	240.000000	320.000000
0	11.212000	13.913043	240.000000	320.000000
0	11.243000	13.913043	240.000000	320.000000
0	11.274000	13.913043	240.000000	320.000000
0	11.306000	13.913043	240.000000	320.000000
0	11.337000	13.913043	240.000000	320.000000
0	11.368000	13.913043	240.000000	320.000000
0	11.399000	13.913043	240.000000	320.000000
0	11.446000	13.913043	240.000000	320.000000
0	11.477000	13.913043	240.000000	320.000000
0	11.508000	13.913043	240.000000	320.000000
0	11.540000	13.913043	240.000000	320.000000
0	11.571000	13.913043	240.000000	320.000000
0	11.602000	13.913043	240.000000	320.000000
0	11.633000	13.913043	240.000000	320.000000
0	11.664000	13.913043	240.000000	320.000000
0	11.711000	13.913043	240.000000	320.000000
0	11.742000	13.913043	240.000000	320.000000
0	11.774000	13.913043	240.000000	320.000000
0	11.805000	13.913043	240.000000	320.000000
0	11.836000	13.913043	240.000000	320.000000
0	11.867000	13.913043	240.000000	320.000000
0	11.898000	13.913043	240.000000	320.000000
0	11.945000	13.913043	240.000000	320.000000
0	11.976000	13.913043	240.000000	320.000000
0	12.008000	13.913043	240.000000	320.000000
0	12.039000	13.913043	240.000000	320.000000
0	12.070000	13.913043	240.000000	320.000000
0	12.101000	13.913043	240.000000	320.000000
0	12.132000	13.913043	240.000000	320.000000
0	12.179000	13.913043	240.000000	320.000000
0	12.210000	13.913043	240.000000	320.000000
0	12.242000	13.913043	240.000000	320.000000
0	12.273000	13.913043	240.000000	320.000000
0	12.304000	13.913043	240.000000	320.000000
0	12.335000	13.913043	240.000000	320.000000
0	12.366000	13.913043	240.000000	320.000000
0	12.398000	13.913043	240.000000	320.000000
0	12.444000	13.913043	240.000000	320.000000
0	12.476000	13.913043	240.000000	320.000000
0	12.507000	13.913043	240.000000	320.000000
0	12.538000	13.913043	240.000000	320.000000
0	12.569000	13.913043	240.000000	320.000000
0	12.600000	13.913043	240.000000	320.000000
0	12.632000	13.913043	240.000000	320.000000
0	12.678000	13.913043	240.000000	320.000000
0	12.710000	13.913043	240.000000	320.000000
0	12.741000	13.913043	240.000000	320.000000
0	12.772000	13.913043	240.000000	320.000000
0	12.803000	13.913043	240.000000	320.000000
0	12.834000	13.913043	240.000000	320.000000
0	12.866000	13.913043	240.000000	320.000000
0	12.912000	13.913043	240.000000	320.000000
0	12.944000	13.913043	240.000000	320.000000
0	12.975000	13.913043	240.000000	320.000000
0	13.006000	13.913043	240.000000	320.000000
0	13.037000	13.913043	240.000000	320.000000
0	13.068000	13.913043	240.000000	320.000000
0	13.100000	13.913043	240.000000	320.000000
0	13.131000	13.913043	240.000000	320.000000
0	13.178000	13.913043	240.000000	320.000000
0	13.209000	13.913043	240.000000	320.000000
0	13.240000	13.913043	240.000000	320.000000
0	13.271000	13.913043	240.000000	320.000000
0	13.302000	13.913043	240.000000	320.000000
0	13.334000	13.913043	240.000000	320.000000
0	13.365000	13.913043	240.000000	320.000000
0	13.412000	13.913043	240.000000	320.000000
0	13.443000	13.913043	240.000000	320.000000
0	13.474000	13.913043	240.000000	320.000000
0	13.505000	13.913043	240.000000	320.000000
0	13.536000	13.913043	240.000000	320.000000
0	13.568000	13.913043	240.000000	320.000000
0	13.599000	13.913043	240.000000	320.000000
0	13.646000	13.913043	240.000000	320.000000
0	13.677000	13.913043	240.000000	320.000000
0	13.708000	13.913043	240.000000	320.000000
0	13.739000	13.913043	240.000000	320.000000
0	13.770000	13.913043	240.000000	320.000000
0	13.802000	13.913043	240.000000	320.000000
0	13.833000	13.913043	240.000000	320.000000
0	13.864000	13.913043	240.000000	320.000000
0	13.911000	13.913043	240.000000	320.000000
0	13.942000	13.913043	240.000000	320.000000
0	13.973000	13.913043	240.000000	320.000000
0	14.004000	13.913043	240.000000	320.000000
0	14.036000	13.913043	240.000000	320.000000
0	14.067000	13.913043	240.000000	320.000000
0	14.098000	13.913043	240.000000	320.000000
0	14.145000	13.913043	240.000000	320.000000
0	14.176000	13.913043	240.000000	320.000000
0	14.207000	13.913043	240.000000	320.000000
0	14.238000	13.913043	240.000000	320.000000
0	14.270000	13.913043	240.000000	320.000000
0	14.301000	13.913043	240.000000	320.000000
0	14.332000	13.913043	240.000000	320.000000
0	14.379000	13.913043	240.000000	320.000000
0	14.410000	13.913043	240.000000	320.000000
0	14.441000	13.913043	240.000000	320.000000
0	14.472000	13.913043	240.000000	320.000000
0	14.504000	13.913043	240.000000	320.000000
0	14.535000	13.913043	240.000000	320.000000
0	14.566000	13.913043	240.000000	320.000000
0	14.597000	13.913043	240.000000	320.000000
0	14.644000	13.913043	240.000000	320.000000
0	14.675000	13.913043	240.000000	320.000000
0	14.706000	13.913043	240.000000	320.000000
0	14.738000	13.913043	240.000000	320.000000
0	14.769000	13.913043	240.000000	320.000000
0	14.800000	13.913043	240.000000	320.000000
0	14.831000	13.913043	240.000000	320.000000
0	14.878000	13.913043	240.000000	320.000000
0	14.909000	13.913043	240.000000	320.000000
0	14.940000	13.913043	240.000000	320.000000
0	14.972000	13.913043	240.000000	320.000000
0	15.003000	13.913043	240.000000	320.000000
0	15.034000	13.913043	240.000000	320.000000
0	15.065000	13.913043	240.000000	320.000000
0	15.112000	13.913043	240.000000	320.000000
0	15.143000	13.913043	240.000000	320.000000
0	15.174000	13.913043	240.000000	320.000000
0	15.206000	13.913043	240.000000	320.000000
0	15.237000	13.913043	240.000000	320.000000
0	15.268000	13.913043	240.000000	320.000000
0	15.299000	13.913043	240.000000	320.000000
0	15.330000	13.913043	240.000000	320.000000
0	15.377000	13.913043	240.000000	320.000000
0	15.408000	13.913043	240.000000	320.000000
0	15.440000	13.913043	240.000000	320.000000
0	15.471000	13.913043	240.000000	320.000000
0	15.502000	13.913043	240.000000	320.000000
0	15.533000	13.913043	240.000000	320.000000
0	15.564000	13.913043	240.000000	320.000000
0	15.596000	13.913043	240.000000	320.000000
0	15.642000	13.913043	240.000000	320.000000
0	15.674000	13.913043	240.000000	320.000000
0	15.705000	13.913043	240.000000	320.000000
0	15.736000	13.913043	240.000000	320.000000
0	15.767000	13.913043	240.000000	320.000000
0	15.798000	13.913043	240.000000	320.000000
0	15.830000	13.913043	240.000000	320.000000
0	15.876000	13.913043	240.000000	320.000000
0	15.908000	13.913043	240.000000	320.000000
0	15.939000	13.913043	240.000000	320.000000
0	15.970000	13.913043	240.000000	320.000000
0	16.001000	13.913043	240.000000	320.000000
0	16.032000	13.913043	240.000000	320.000000
0	16.064000	13.913043	240.000000	320.000000
0	16.110000	13.913043	240.000000	320.000000
0	16.142000	13.913043	240.000000	320.000000
0	16.173000	13.913043	240.000000	320.000000
0	16.204000	13.913043	240.000000	320.000000
0	16.235000	13.913043	240.000000	320.000000
0	16.266000	13.913043	240.000000	320.000000
0	16.298000	13.913043	240.000000	320.000000
0	16.329000	13.913043	240.000000	320.000000
0	16.376000	13.913043	240.000000	320.000000
0	16.407000	13.913043	240.000000	320.000000
0	16.438000	13.913043	240.000000	320.000000
0	16.469000	13.913043	240.000000	320.000000
0	16.501000	13.913043	240.000000	320.000000
0	16.532000	13.913043	240.000000	320.000000
0	16.563000	13.913043	240.000000	320.000000
0	16.610000	13.913043	240.000000	320.000000
0	16.641000	13.913043	240.000000	320.000000
0	16.672000	13.913043	240.000000	320.000000
0	16.703000	13.913043	240.000000	320.000000
0	16.735000	13.913043	240.000000	320.000000
0	16.766000	13.913043	240.000000	320.000000
0	16.797000	13.913043	240.000000	320.000000
0	16.844000	13.913043	240.000000	320.000000
0	16.875000	13.913043	240.000000	320.000000
0	16.906000	13.913043	240.000000	320.000000
0	16.937000	13.913043	240.000000	320.000000
0	16.969000	13.913043	240.000000	320.000000
0	17.000000	13.913043	240.000000	320.000000
0	17.031000	13.913043	240.000000	320.000000
0	17.062000	13.913043	240.000000	320.000000
0	17.109000	13.913043	240.000000	320.000000
0	17.140000	13.913043	240.000000	320.000000
0	17.171000	13.913043	240.000000	320.000000
0	17.203000	13.913043	240.000000	320.000000
0	17.234000	13.913043	240.000000	320.000000
0	17.265000	13.913043	240.000000	320.000000
0	17.296000	13.913043	240.000000	320.000000
0	17.343000	13.913043	240.000000	320.000000
0	17.374000	13.913043	240.000000	320.000000
0	17.405000	13.913043	240.000000	320.000000
0	17.437000	13.913043	240.000000	320.000000
0	17.468000	13.913043	240.000000	320.000000
0	17.499000	13.913043	240.000000	320.000000
0	17.530000	13.913043	240.000000	320.000000
0	17.577000	13.913043	240.000000	320.000000
0	17.608000	13.913043	240.000000	320.000000
0	17.639000	13.913043	240.000000	320.000000
0	17.671000	13.913043	240.000000	320.000000
0	17.702000	13.913043	240.000000	320.000000
0	17.733000	13.913043	240.000000	320.000000
0	17.764000	13.913043	240.000000	320.000000
0	17.795000	13.913043	240.000000	320.000000
0	17.842000	13.913043	240.000000	320.000000
0	17.873000	13.913043	240.000000	320.000000
0	17.905000	13.913043	240.000000	320.000000
0	17.936000	13.913043	240.000000	320.000000
0	17.967000	13.913043	240.000000	320.000000
<\LEFT-PUPIL-DATA>
<RIGHT-PUPIL-ANALYSIS>
1
0	0	18	542	0	0	0.509000	17.519999	0.510000	15.983889	0.000000	0.000000	0.000000	0	1	1	1	1	0	0	0	0.000000	0.000000	0.000000	0.000000	0.000000	0.000000	0.000000	-1.000000	0.000000	0	0.867380	0.690117	0.590913	0.374174	4.791000	-0.030379	-0.639848	-1.000000	0.053671	1	0.867380	0.690117	0.590913	0.374174	4.791000	-0.020493	-0.491361	-1.000000	0.053671
<\RIGHT-PUPIL-ANALYSIS>
<LEFT-PUPIL-ANALYSIS>
1
0	0	17	541	0	0	0.509000	17.519999	0.510000	15.983889	0.000000	0.000000	0.000000	0	1	1	1	1	0	0	0	0.000000	0.000000	0.000000	0.000000	0.000000	0.000000	0.000000	-1.000000	0.000000	0	-0.034783	-0.034783	0.000950	0.000950	0.001000	0.000000	0.000000	-1.000000	0.000000	1	-0.034783	-0.034783	0.000950	0.000950	0.001000	-1000000.000000	-1000000.000000	-1.000000	0.000000
<\LEFT-PUPIL-ANALYSIS>
%%%%%%%%%
%%%%%%%%%
%%%%%%%%%
%%%	Measurement Tiime is: 2017-10-31 12:36:35
%%%	Subject ID is: C57BL6-28.09.17-DA-1mois-F1-1.2r
%%%	Note: 
%%%	RSS: Default Human Relative Spectral Sensitivity
%%%	Pupil Analysis:
%%%
%%%
%%%
%%%	Pulse Index:	0
%%%	Stimulus Session Index:	0
%%%	Right Pupil Stimulated
%%%	Light Metric is Photopic
%%%	Stimulus Start Time(sec):	0.51
%%%	Stimulus Duration(sec):	17.52
%%%	Stimulus Pulse Duration(sec):	0.51
%%%	Right Pulse:	15.98	(Red  )	-	0.00	(Red  )	[Lux ]
%%%	Left Pulse:	0.00	(Red  )	-	0.00	(Red  )	[Lux ]
%%%
%%%		RIGHT	LEFT	R.Pupil Mean	L.Pupil Mean	R.Stim Mean	R.Stim Mean
%%%	INPUT:	RAW DATA	RAW DATA
%%%	STATE:	ABNORMAL	ABNORMAL	ABNORMAL	ABNORMAL	ABNORMAL	ABNORMAL
%%%	MAX(mm):	0.00	0.00	0.00	0.00	0.00	0.00
%%%	MIN(mm):	0.00	0.00	0.00	0.00	0.00	0.00
%%%	DELTA(mm):						
%%%	CH(%):						
%%%	LAT(sec):	0.00	0.00	0.00	0.00	0.00	0.00
%%%	CV(mm/s):	0.00	0.00	0.00	0.00	0.00	0.00
%%%	MCV(mm/s):	0.00	0.00	0.00	0.00	0.00	0.00
%%%	DV(mm/s):	0.00	0.00	0.00	0.00	0.00	0.00
%%%%%%%%%
%%%%%%%%%
%%%%%%%%%
%%%	Right Pupil Profile (1st row -> 1 == valid tracking, 0 == invalid tracking; 2nd row -> time; 3rd row -> diameter (mm))
%%%	1	1	0	1	1	1	1	0	1	1	1	0	1	1	1	0	1	1	0	1	1	1	0	0	1	1	1	1	1	0	1	1	0	1	0	0	1	0	1	1	1	1	1	1	1	1	1	1	1	0	1	0	1	0	1	1	1	1	1	1	1	1	1	1	1	1	1	1	1	1	1	1	1	1	1	1	1	1	1	1	1	1	0	1	1	1	1	1	1	1	1	1	1	1	1	1	0	0	1	1	1	0	0	1	1	1	1	1	1	1	0	0	1	1	1	0	1	0	1	1	1	1	1	1	1	1	0	1	1	1	1	1	1	0	1	1	1	1	0	1	1	1	1	0	1	1	0	1	0	1	1	0	1	1	1	1	1	1	1	1	1	1	0	1	1	1	0	0	0	0	1	1	0	0	0	0	0	1	1	0	0	0	1	1	1	1	1	1	1	1	1	1	1	1	1	1	0	1	0	1	1	1	0	1	0	1	1	1	0	1	1	1	0	0	1	0	1	0	1	0	1	0	1	0	0	0	1	0	1	1	0	0	0	1	1	0	1	1	1	1	1	1	1	1	1	1	1	0	1	0	1	1	0	1	0	0	1	1	0	0	0	1	1	1	0	1	0	0	1	1	1	1	1	1	1	1	1	0	0	1	1	1	1	1	0	1	1	0	1	1	1	1	1	0	1	1	1	1	1	1	1	1	1	0	0	1	1	1	1	0	0	1	1	1	1	1	0	1	1	1	1	1	0	0	0	1	1	1	1	1	1	1	0	1	1	1	1	0	1	1	1	1	1	1	0	1	1	1	1	1	1	1	0	1	0	0	0	0	1	1	1	0	0	0	0	0	0	0	0	0	0	1	0	0	0	0	0	0	0	0	0	0	0	0	0	0	0	0	0	0	0	0	0	0	0	0	0	0	0	0	0	0	0	0	0	0	0	0	0	0	0	0	0	0	0	0	0	0	0	0	0	0	0	0	0	0	0	0	0	0	0	0	0	0	0	0	0	0	0	0	0	0	0	0	0	0	0	0	0	0	0	0	0	0	0	0	0	0	0	0	0	0	0	0	0	0	0	0	0	0	0	0	0	0	0	0	0	0	0	0	0	0	0	0	0	0	0	0	0	0	0	0	0	0	0	0	0	0	0	0	0	0	0	0	0	0	0	0	0	0	0	0	0	0	0	0	0	0	0	0	0	0	0	0	0	0	0	0	0	0	0	0	0	0	0	0	0	0	0	0	0	0	0
%%%	-0.066000	-0.035000	-0.004000	0.043000	0.074000	0.105000	0.136000	0.168000	0.199000	0.230000	0.277000	0.308000	0.339000	0.370000	0.402000	0.433000	0.464000	0.495000	0.542000	0.573000	0.604000	0.636000	0.667000	0.698000	0.729000	0.776000	0.807000	0.838000	0.870000	0.901000	0.932000	0.963000	1.010000	1.041000	1.072000	1.104000	1.135000	1.166000	1.197000	1.228000	1.275000	1.306000	1.338000	1.369000	1.400000	1.431000	1.462000	1.509000	1.540000	1.572000	1.603000	1.634000	1.665000	1.696000	1.743000	1.774000	1.806000	1.837000	1.868000	1.899000	1.930000	1.962000	2.008000	2.040000	2.071000	2.102000	2.133000	2.164000	2.196000	2.242000	2.274000	2.305000	2.336000	2.367000	2.398000	2.430000	2.476000	2.508000	2.539000	2.570000	2.601000	2.632000	2.664000	2.695000	2.742000	2.773000	2.804000	2.835000	2.866000	2.898000	2.929000	2.976000	3.007000	3.038000	3.069000	3.100000	3.132000	3.163000	3.194000	3.241000	3.272000	3.303000	3.334000	3.366000	3.397000	3.428000	3.475000	3.506000	3.537000	3.568000	3.600000	3.631000	3.662000	3.709000	3.740000	3.771000	3.802000	3.834000	3.865000	3.896000	3.927000	3.974000	4.005000	4.036000	4.068000	4.099000	4.130000	4.161000	4.208000	4.239000	4.270000	4.302000	4.333000	4.364000	4.395000	4.442000	4.473000	4.504000	4.536000	4.567000	4.598000	4.629000	4.660000	4.707000	4.738000	4.770000	4.801000	4.832000	4.863000	4.894000	4.941000	4.972000	5.004000	5.035000	5.066000	5.097000	5.128000	5.175000	5.206000	5.238000	5.269000	5.300000	5.331000	5.362000	5.394000	5.440000	5.472000	5.503000	5.534000	5.565000	5.596000	5.628000	5.674000	5.706000	5.737000	5.768000	5.799000	5.830000	5.862000	5.908000	5.940000	5.971000	6.002000	6.033000	6.064000	6.096000	6.127000	6.174000	6.205000	6.236000	6.267000	6.298000	6.330000	6.361000	6.408000	6.439000	6.470000	6.501000	6.532000	6.564000	6.595000	6.642000	6.673000	6.704000	6.735000	6.766000	6.798000	6.829000	6.860000	6.907000	6.938000	6.969000	7.000000	7.032000	7.063000	7.094000	7.125000	7.172000	7.203000	7.234000	7.266000	7.297000	7.328000	7.359000	7.406000	7.437000	7.468000	7.500000	7.531000	7.562000	7.593000	7.640000	7.671000	7.702000	7.734000	7.765000	7.796000	7.827000	7.858000	7.905000	7.936000	7.968000	7.999000	8.030000	8.061000	8.092000	8.139000	8.170000	8.202000	8.233000	8.264000	8.295000	8.326000	8.373000	8.404000	8.436000	8.467000	8.498000	8.529000	8.560000	8.592000	8.638000	8.670000	8.701000	8.732000	8.763000	8.794000	8.826000	8.872000	8.904000	8.935000	8.966000	8.997000	9.028000	9.060000	9.106000	9.138000	9.169000	9.200000	9.231000	9.262000	9.294000	9.325000	9.372000	9.403000	9.434000	9.465000	9.496000	9.528000	9.559000	9.606000	9.637000	9.668000	9.699000	9.730000	9.762000	9.793000	9.840000	9.871000	9.902000	9.933000	9.964000	9.996000	10.027000	10.058000	10.105000	10.136000	10.167000	10.198000	10.230000	10.261000	10.292000	10.339000	10.370000	10.401000	10.432000	10.464000	10.495000	10.526000	10.573000	10.604000	10.635000	10.666000	10.698000	10.729000	10.760000	10.791000	10.838000	10.869000	10.900000	10.932000	10.963000	10.994000	11.025000	11.056000	11.103000	11.134000	11.166000	11.197000	11.228000	11.259000	11.290000	11.337000	11.368000	11.400000	11.431000	11.462000	11.493000	11.524000	11.571000	11.602000	11.634000	11.665000	11.696000	11.727000	11.758000	11.790000	11.836000	11.868000	11.899000	11.930000	11.961000	11.992000	12.024000	12.070000	12.102000	12.133000	12.164000	12.195000	12.226000	12.258000	12.304000	12.336000	12.367000	12.398000	12.429000	12.460000	12.492000	12.523000	12.570000	12.601000	12.632000	12.663000	12.694000	12.726000	12.757000	12.804000	12.835000	12.866000	12.897000	12.928000	12.960000	12.991000	13.038000	13.069000	13.100000	13.131000	13.162000	13.194000	13.225000	13.256000	13.303000	13.334000	13.365000	13.396000	13.428000	13.459000	13.490000	13.537000	13.568000	13.599000	13.630000	13.662000	13.693000	13.724000	13.771000	13.802000	13.833000	13.864000	13.896000	13.927000	13.958000	13.989000	14.036000	14.067000	14.098000	14.130000	14.161000	14.192000	14.223000	14.270000	14.301000	14.332000	14.364000	14.395000	14.426000	14.457000	14.504000	14.535000	14.566000	14.598000	14.629000	14.660000	14.691000	14.722000	14.769000	14.800000	14.832000	14.863000	14.894000	14.925000	14.956000	15.003000	15.034000	15.066000	15.097000	15.128000	15.159000	15.190000	15.222000	15.268000	15.300000	15.331000	15.362000	15.393000	15.424000	15.456000	15.502000	15.534000	15.565000	15.596000	15.627000	15.658000	15.690000	15.736000	15.768000	15.799000	15.830000	15.861000	15.892000	15.924000	15.955000	16.002000	16.033000	16.064000	16.095000	16.126000	16.158000	16.189000	16.236000	16.267000	16.298000	16.329000	16.360000	16.392000	16.423000	16.454000	16.501000	16.532000	16.563000	16.595000	16.626000	16.657000	16.688000	16.735000	16.766000	16.797000	16.829000	16.860000	16.891000	16.922000	16.969000	17.000000	17.031000	17.063000	17.094000	17.125000	17.156000	17.187000	17.234000	17.265000	17.297000	17.328000	17.359000	17.390000	17.421000	17.468000	17.499000	17.531000	17.562000	17.593000	17.624000	17.655000	17.702000	17.733000	17.765000	17.796000	17.827000	17.858000	17.889000	17.921000	17.967000	17.999000
%%%	0.744203	0.725072	0.680145	0.731594	0.742029	0.729710	0.750145	0.663768	0.753623	0.690145	0.718551	0.711449	0.743188	0.741449	0.738985	0.609710	0.753623	0.668986	0.673333	0.690290	0.783188	0.782464	0.666812	0.727101	0.783768	0.777101	0.758116	0.750725	0.744493	0.699855	0.765217	0.690725	0.690145	0.743478	0.672319	0.644638	0.730435	0.663623	0.732609	0.751015	0.748406	0.733768	0.744203	0.707681	0.745362	0.744058	0.672899	0.713188	0.744203	0.685942	0.743188	0.722754	0.776667	0.752754	0.787536	0.795072	0.730435	0.781884	0.785073	0.798406	0.773913	0.780145	0.760290	0.753188	0.788406	0.765217	0.798551	0.766666	0.809855	0.747826	0.786812	0.734203	0.776812	0.724493	0.772463	0.823188	0.775072	0.748985	0.788116	0.777681	0.744203	0.730435	0.694638	0.719855	0.755362	0.797246	0.760290	0.753188	0.764638	0.765217	0.743623	0.765217	0.805942	0.744493	0.744638	0.766377	0.712319	0.651015	0.752319	0.725507	0.742319	0.637681	0.662029	0.747681	0.783188	0.765217	0.755362	0.741884	0.751449	0.742029	0.742898	0.690725	0.765217	0.765217	0.756232	0.660870	0.740290	0.708841	0.747826	0.750290	0.743043	0.759855	0.751594	0.742319	0.742029	0.786232	0.660870	0.774493	0.774493	0.788116	0.745362	0.783188	0.796667	0.744203	0.800000	0.840145	0.835942	0.785507	0.788116	0.863768	0.875507	0.869565	0.869565	0.760290	0.864057	0.868841	0.740290	0.783188	0.742319	0.737971	0.822899	0.660870	0.783333	0.821159	0.792464	0.792464	0.769420	0.775797	0.760290	0.815217	0.846232	0.783188	0.748841	0.814203	0.746377	0.741884	0.796812	0.714927	0.796812	0.695507	0.814638	0.809710	0.746377	0.776812	0.684058	0.679855	0.741884	0.794058	0.816812	0.751015	0.672319	0.637536	0.796232	0.755797	0.782754	0.798841	0.805942	0.751015	0.737971	0.824493	0.794058	0.759275	0.841014	0.760725	0.764493	0.733623	0.712319	0.786812	0.707681	0.815072	0.765217	0.774493	0.707101	0.783768	0.673333	0.748406	0.765797	0.816377	0.767971	0.742319	0.760290	0.753333	0.724493	0.709275	0.753623	0.718406	0.742319	0.620580	0.698841	0.679420	0.755362	0.672319	0.730435	0.690725	0.753623	0.672464	0.734203	0.656667	0.730435	0.707536	0.679855	0.707246	0.641884	0.748551	0.734203	0.660870	0.724493	0.737971	0.707101	0.690145	0.720580	0.714927	0.725507	0.716667	0.732754	0.732029	0.707536	0.672464	0.735797	0.614493	0.734203	0.742319	0.708841	0.747246	0.668116	0.696812	0.736232	0.709275	0.568551	0.626087	0.603768	0.777826	0.753623	0.753623	0.669565	0.755362	0.682029	0.711594	0.743333	0.738551	0.738551	0.774493	0.759420	0.753768	0.741884	0.751594	0.721594	0.708116	0.720145	0.740290	0.720580	0.692754	0.694493	0.751594	0.633333	0.749855	0.765942	0.707246	0.734203	0.742464	0.707246	0.713188	0.728841	0.670725	0.695652	0.712464	0.736232	0.698406	0.718841	0.740725	0.765217	0.751015	0.725507	0.666377	0.670725	0.731594	0.734928	0.718841	0.730435	0.690145	0.654928	0.715797	0.741594	0.707101	0.707536	0.719275	0.692464	0.697826	0.672754	0.716377	0.707101	0.690725	0.684203	0.672464	0.660870	0.684203	0.737681	0.751015	0.695072	0.724928	0.742029	0.716812	0.648406	0.695652	0.722464	0.744928	0.753623	0.643623	0.722319	0.716232	0.718841	0.729420	0.742319	0.713623	0.635797	0.742029	0.707681	0.733623	0.677681	0.730435	0.763623	0.703768	0.654203	0.716377	0.598985	0.583188	0.697826	0.714203	0.733768	0.747246	0.711884	0.672319	0.734203	0.601159	0.631884	0.631884	0.598841	0.578985	0.636811	0.614493	0.649275	0.566377	0.539710	0.637246	0.407101	0.347826	0.347826	0.347826	1.495652	4.765217	4.765217	4.765217	4.765217	4.765217	4.765217	4.765217	4.765217	4.765217	4.765217	4.765217	4.765217	4.765217	4.765217	4.765217	4.765217	4.765217	4.765217	4.765217	4.765217	4.765217	4.765217	4.765217	4.765217	4.765217	4.765217	4.765217	4.765217	4.765217	4.765217	4.765217	4.765217	4.765217	4.765217	4.765217	4.765217	4.765217	4.765217	4.765217	4.765217	4.765217	4.765217	4.765217	4.765217	4.765217	4.765217	4.765217	4.765217	4.765217	4.765217	4.765217	4.765217	4.765217	4.765217	4.765217	4.765217	4.765217	4.765217	4.765217	4.765217	4.765217	4.765217	4.765217	4.765217	4.765217	4.765217	4.765217	4.765217	4.765217	4.765217	4.765217	4.765217	4.765217	4.765217	4.765217	4.765217	4.765217	4.765217	4.765217	4.765217	4.765217	4.765217	4.765217	4.765217	4.765217	4.765217	4.765217	4.765217	4.765217	4.765217	4.765217	4.765217	4.765217	4.765217	4.765217	4.765217	4.765217	4.765217	4.765217	4.765217	4.765217	4.765217	4.765217	4.765217	4.765217	4.765217	4.765217	4.765217	4.765217	4.765217	4.765217	4.765217	4.765217	4.765217	4.765217	4.765217	4.765217	4.765217	4.765217	4.765217	4.765217	4.765217	4.765217	4.765217	4.765217	4.765217	4.765217	4.765217	4.765217	4.765217	4.765217	4.765217	4.765217	4.765217	4.765217	4.765217	4.765217	4.765217	4.765217	4.765217	4.765217	4.765217	4.765217	4.765217	4.765217	4.765217	4.765217	4.765217	4.765217	4.765217	4.765217	4.765217	4.765217	4.765217	4.765217	4.765217	4.765217	4.765217	4.765217	4.765217	4.765217	4.765217	4.765217	4.765217
%%%	Left Pupil Profile (1st row -> 1 == valid tracking, 0 == invalid tracking; 2nd row -> time; 3rd row -> diameter (mm))
%%%	0	0	0	0	0	0	0	0	0	0	0	0	0	0	0	0	0	0	0	0	0	0	0	0	0	0	0	0	0	0	0	0	0	0	0	0	0	0	0	0	0	0	0	0	0	0	0	0	0	0	0	0	0	0	0	0	0	0	0	0	0	0	0	0	0	0	0	0	0	0	0	0	0	0	0	0	0	0	0	0	0	0	0	0	0	0	0	0	0	0	0	0	0	0	0	0	0	0	0	0	0	0	0	0	0	0	0	0	0	0	0	0	0	0	0	0	0	0	0	0	0	0	0	0	0	0	0	0	0	0	0	0	0	0	0	0	0	0	0	0	0	0	0	0	0	0	0	0	0	0	0	0	0	0	0	0	0	0	0	0	0	0	0	0	0	0	0	0	0	0	0	0	0	0	0	0	0	0	0	0	0	0	0	0	0	0	0	0	0	0	0	0	0	0	0	0	0	0	0	0	0	0	0	0	0	0	0	0	0	0	0	0	0	0	0	0	0	0	0	0	0	0	0	0	0	0	0	0	0	0	0	0	0	0	0	0	0	0	0	0	0	0	0	0	0	0	0	0	0	0	0	0	0	0	0	0	0	0	0	0	0	0	0	0	0	0	0	0	0	0	0	0	0	0	0	0	0	0	0	0	0	0	0	0	0	0	0	0	0	0	0	0	0	0	0	0	0	0	0	0	0	0	0	0	0	0	0	0	0	0	0	0	0	0	0	0	0	0	0	0	0	0	0	0	0	0	0	0	0	0	0	0	0	0	0	0	0	0	0	0	0	0	0	0	0	0	0	0	0	0	0	0	0	0	0	0	0	0	0	0	0	0	0	0	0	0	0	0	0	0	0	0	0	0	0	0	0	0	0	0	0	0	0	0	0	0	0	0	0	0	0	0	0	0	0	0	0	0	0	0	0	0	0	0	0	0	0	0	0	0	0	0	0	0	0	0	0	0	0	0	0	0	0	0	0	0	0	0	0	0	0	0	0	0	0	0	0	0	0	0	0	0	0	0	0	0	0	0	0	0	0	0	0	0	0	0	0	0	0	0	0	0	0	0	0	0	0	0	0	0	0	0	0	0	0	0	0	0	0	0	0	0	0	0	0	0	0	0	0	0	0	0	0	0	0	0	0	0	0	0	0	0	0	0	0	0	0	0	0	0	0	0	0	0	0	0	0	0	0	0	0	0	0	0	0	0	0	0	0	0	0	0	0	0	0	0	0	0	0	0	0	0
%%%	-0.051000	-0.020000	0.011000	0.042000	0.074000	0.105000	0.152000	0.183000	0.214000	0.245000	0.276000	0.308000	0.339000	0.386000	0.417000	0.448000	0.479000	0.510000	0.542000	0.573000	0.604000	0.651000	0.682000	0.713000	0.744000	0.776000	0.807000	0.838000	0.885000	0.916000	0.947000	0.978000	1.010000	1.041000	1.072000	1.103000	1.150000	1.181000	1.212000	1.244000	1.275000	1.306000	1.337000	1.384000	1.415000	1.446000	1.478000	1.509000	1.540000	1.571000	1.618000	1.649000	1.680000	1.712000	1.743000	1.774000	1.805000	1.836000	1.883000	1.914000	1.946000	1.977000	2.008000	2.039000	2.070000	2.117000	2.148000	2.180000	2.211000	2.242000	2.273000	2.304000	2.351000	2.382000	2.414000	2.445000	2.476000	2.507000	2.538000	2.570000	2.616000	2.648000	2.679000	2.710000	2.741000	2.772000	2.804000	2.850000	2.882000	2.913000	2.944000	2.975000	3.006000	3.038000	3.084000	3.116000	3.147000	3.178000	3.209000	3.240000	3.272000	3.303000	3.350000	3.381000	3.412000	3.443000	3.474000	3.506000	3.537000	3.584000	3.615000	3.646000	3.677000	3.708000	3.740000	3.771000	3.802000	3.849000	3.880000	3.911000	3.942000	3.974000	4.005000	4.036000	4.083000	4.114000	4.145000	4.176000	4.208000	4.239000	4.270000	4.317000	4.348000	4.379000	4.410000	4.442000	4.473000	4.504000	4.535000	4.582000	4.613000	4.644000	4.676000	4.707000	4.738000	4.769000	4.816000	4.847000	4.878000	4.910000	4.941000	4.972000	5.003000	5.050000	5.081000	5.112000	5.144000	5.175000	5.206000	5.237000	5.268000	5.315000	5.346000	5.378000	5.409000	5.440000	5.471000	5.502000	5.549000	5.580000	5.612000	5.643000	5.674000	5.705000	5.736000	5.783000	5.814000	5.846000	5.877000	5.908000	5.939000	5.970000	6.002000	6.048000	6.080000	6.111000	6.142000	6.173000	6.204000	6.236000	6.282000	6.314000	6.345000	6.376000	6.407000	6.438000	6.470000	6.501000	6.548000	6.579000	6.610000	6.641000	6.672000	6.704000	6.735000	6.782000	6.813000	6.844000	6.875000	6.906000	6.938000	6.969000	7.016000	7.047000	7.078000	7.109000	7.140000	7.172000	7.203000	7.234000	7.281000	7.312000	7.343000	7.374000	7.406000	7.437000	7.468000	7.515000	7.546000	7.577000	7.608000	7.640000	7.671000	7.702000	7.733000	7.780000	7.811000	7.842000	7.874000	7.905000	7.936000	7.967000	8.014000	8.045000	8.076000	8.108000	8.139000	8.170000	8.201000	8.248000	8.279000	8.310000	8.342000	8.373000	8.404000	8.435000	8.466000	8.513000	8.544000	8.576000	8.607000	8.638000	8.669000	8.700000	8.747000	8.778000	8.810000	8.841000	8.872000	8.903000	8.934000	8.981000	9.012000	9.044000	9.075000	9.106000	9.137000	9.168000	9.200000	9.246000	9.278000	9.309000	9.340000	9.371000	9.402000	9.434000	9.480000	9.512000	9.543000	9.574000	9.605000	9.636000	9.668000	9.714000	9.746000	9.777000	9.808000	9.839000	9.870000	9.902000	9.933000	9.980000	10.011000	10.042000	10.073000	10.104000	10.136000	10.167000	10.214000	10.245000	10.276000	10.307000	10.338000	10.370000	10.401000	10.448000	10.479000	10.510000	10.541000	10.572000	10.604000	10.635000	10.666000	10.713000	10.744000	10.775000	10.806000	10.838000	10.869000	10.900000	10.947000	10.978000	11.009000	11.040000	11.072000	11.103000	11.134000	11.165000	11.212000	11.243000	11.274000	11.306000	11.337000	11.368000	11.399000	11.446000	11.477000	11.508000	11.540000	11.571000	11.602000	11.633000	11.664000	11.711000	11.742000	11.774000	11.805000	11.836000	11.867000	11.898000	11.945000	11.976000	12.008000	12.039000	12.070000	12.101000	12.132000	12.179000	12.210000	12.242000	12.273000	12.304000	12.335000	12.366000	12.398000	12.444000	12.476000	12.507000	12.538000	12.569000	12.600000	12.632000	12.678000	12.710000	12.741000	12.772000	12.803000	12.834000	12.866000	12.912000	12.944000	12.975000	13.006000	13.037000	13.068000	13.100000	13.131000	13.178000	13.209000	13.240000	13.271000	13.302000	13.334000	13.365000	13.412000	13.443000	13.474000	13.505000	13.536000	13.568000	13.599000	13.646000	13.677000	13.708000	13.739000	13.770000	13.802000	13.833000	13.864000	13.911000	13.942000	13.973000	14.004000	14.036000	14.067000	14.098000	14.145000	14.176000	14.207000	14.238000	14.270000	14.301000	14.332000	14.379000	14.410000	14.441000	14.472000	14.504000	14.535000	14.566000	14.597000	14.644000	14.675000	14.706000	14.738000	14.769000	14.800000	14.831000	14.878000	14.909000	14.940000	14.972000	15.003000	15.034000	15.065000	15.112000	15.143000	15.174000	15.206000	15.237000	15.268000	15.299000	15.330000	15.377000	15.408000	15.440000	15.471000	15.502000	15.533000	15.564000	15.596000	15.642000	15.674000	15.705000	15.736000	15.767000	15.798000	15.830000	15.876000	15.908000	15.939000	15.970000	16.001000	16.032000	16.064000	16.110000	16.142000	16.173000	16.204000	16.235000	16.266000	16.298000	16.329000	16.376000	16.407000	16.438000	16.469000	16.501000	16.532000	16.563000	16.610000	16.641000	16.672000	16.703000	16.735000	16.766000	16.797000	16.844000	16.875000	16.906000	16.937000	16.969000	17.000000	17.031000	17.062000	17.109000	17.140000	17.171000	17.203000	17.234000	17.265000	17.296000	17.343000	17.374000	17.405000	17.437000	17.468000	17.499000	17.530000	17.577000	17.608000	17.639000	17.671000	17.702000	17.733000	17.764000	17.795000	17.842000	17.873000	17.905000	17.936000	17.967000
%%%	13.913043	13.913043	13.913043	13.913043	13.913043	13.913043	13.913043	13.913043	13.913043	13.913043	13.913043	13.913043	13.913043	13.913043	13.913043	13.913043	13.913043	13.913043	13.913043	13.913043	13.913043	13.913043	13.913043	13.913043	13.913043	13.913043	13.913043	13.913043	13.913043	13.913043	13.913043	13.913043	13.913043	13.913043	13.913043	13.913043	13.913043	13.913043	13.913043	13.913043	13.913043	13.913043	13.913043	13.913043	13.913043	13.913043	13.913043	13.913043	13.913043	13.913043	13.913043	13.913043	13.913043	13.913043	13.913043	13.913043	13.913043	13.913043	13.913043	13.913043	13.913043	13.913043	13.913043	13.913043	13.913043	13.913043	13.913043	13.913043	13.913043	13.913043	13.913043	13.913043	13.913043	13.913043	13.913043	13.913043	13.913043	13.913043	13.913043	13.913043	13.913043	13.913043	13.913043	13.913043	13.913043	13.913043	13.913043	13.913043	13.913043	13.913043	13.913043	13.913043	13.913043	13.913043	13.913043	13.913043	13.913043	13.913043	13.913043	13.913043	13.913043	13.913043	13.913043	13.913043	13.913043	13.913043	13.913043	13.913043	13.913043	13.913043	13.913043	13.913043	13.913043	13.913043	13.913043	13.913043	13.913043	13.913043	13.913043	13.913043	13.913043	13.913043	13.913043	13.913043	13.913043	13.913043	13.913043	13.913043	13.913043	13.913043	13.913043	13.913043	13.913043	13.913043	13.913043	13.913043	13.913043	13.913043	13.913043	13.913043	13.913043	13.913043	13.913043	13.913043	13.913043	13.913043	13.913043	13.913043	13.913043	13.913043	13.913043	13.913043	13.913043	13.913043	13.913043	13.913043	13.913043	13.913043	13.913043	13.913043	13.913043	13.913043	13.913043	13.913043	13.913043	13.913043	13.913043	13.913043	13.913043	13.913043	13.913043	13.913043	13.913043	13.913043	13.913043	13.913043	13.913043	13.913043	13.913043	13.913043	13.913043	13.913043	13.913043	13.913043	13.913043	13.913043	13.913043	13.913043	13.913043	13.913043	13.913043	13.913043	13.913043	13.913043	13.913043	13.913043	13.913043	13.913043	13.913043	13.913043	13.913043	13.913043	13.913043	13.913043	13.913043	13.913043	13.913043	13.913043	13.913043	13.913043	13.913043	13.913043	13.913043	13.913043	13.913043	13.913043	13.913043	13.913043	13.913043	13.913043	13.913043	13.913043	13.913043	13.913043	13.913043	13.913043	13.913043	13.913043	13.913043	13.913043	13.913043	13.913043	13.913043	13.913043	13.913043	13.913043	13.913043	13.913043	13.913043	13.913043	13.913043	13.913043	13.913043	13.913043	13.913043	13.913043	13.913043	13.913043	13.913043	13.913043	13.913043	13.913043	13.913043	13.913043	13.913043	13.913043	13.913043	13.913043	13.913043	13.913043	13.913043	13.913043	13.913043	13.913043	13.913043	13.913043	13.913043	13.913043	13.913043	13.913043	13.913043	13.913043	13.913043	13.913043	13.913043	13.913043	13.913043	13.913043	13.913043	13.913043	13.913043	13.913043	13.913043	13.913043	13.913043	13.913043	13.913043	13.913043	13.913043	13.913043	13.913043	13.913043	13.913043	13.913043	13.913043	13.913043	13.913043	13.913043	13.913043	13.913043	13.913043	13.913043	13.913043	13.913043	13.913043	13.913043	13.913043	13.913043	13.913043	13.913043	13.913043	13.913043	13.913043	13.913043	13.913043	13.913043	13.913043	13.913043	13.913043	13.913043	13.913043	13.913043	13.913043	13.913043	13.913043	13.913043	13.913043	13.913043	13.913043	13.913043	13.913043	13.913043	13.913043	13.913043	13.913043	13.913043	13.913043	13.913043	13.913043	13.913043	13.913043	13.913043	13.913043	13.913043	13.913043	13.913043	13.913043	13.913043	13.913043	13.913043	13.913043	13.913043	13.913043	13.913043	13.913043	13.913043	13.913043	13.913043	13.913043	13.913043	13.913043	13.913043	13.913043	13.913043	13.913043	13.913043	13.913043	13.913043	13.913043	13.913043	13.913043	13.913043	13.913043	13.913043	13.913043	13.913043	13.913043	13.913043	13.913043	13.913043	13.913043	13.913043	13.913043	13.913043	13.913043	13.913043	13.913043	13.913043	13.913043	13.913043	13.913043	13.913043	13.913043	13.913043	13.913043	13.913043	13.913043	13.913043	13.913043	13.913043	13.913043	13.913043	13.913043	13.913043	13.913043	13.913043	13.913043	13.913043	13.913043	13.913043	13.913043	13.913043	13.913043	13.913043	13.913043	13.913043	13.913043	13.913043	13.913043	13.913043	13.913043	13.913043	13.913043	13.913043	13.913043	13.913043	13.913043	13.913043	13.913043	13.913043	13.913043	13.913043	13.913043	13.913043	13.913043	13.913043	13.913043	13.913043	13.913043	13.913043	13.913043	13.913043	13.913043	13.913043	13.913043	13.913043	13.913043	13.913043	13.913043	13.913043	13.913043	13.913043	13.913043	13.913043	13.913043	13.913043	13.913043	13.913043	13.913043	13.913043	13.913043	13.913043	13.913043	13.913043	13.913043	13.913043	13.913043	13.913043	13.913043	13.913043	13.913043	13.913043	13.913043	13.913043	13.913043	13.913043	13.913043	13.913043	13.913043	13.913043	13.913043	13.913043	13.913043	13.913043	13.913043	13.913043	13.913043	13.913043	13.913043	13.913043	13.913043	13.913043	13.913043	13.913043	13.913043	13.913043	13.913043	13.913043	13.913043	13.913043	13.913043	13.913043	13.913043	13.913043	13.913043	13.913043	13.913043	13.913043	13.913043	13.913043	13.913043	13.913043	13.913043	13.913043	13.913043	13.913043	13.913043	13.913043	13.913043	13.913043	13.913043	13.913043	13.913043	13.913043	13.913043	13.913043	13.913043	13.913043	13.913043	13.913043	13.913043	13.913043	13.913043	13.913043	13.913043	13.913043	13.913043	13.913043	13.913043	13.913043	13.913043	13.913043
%%%	Pulse Index	Stimulus Section Index	Stimulus Section Start Index	Stimulus Section End Index	Pupil Stimulated: 0 = Right, 1 = Left, 2 = Both	Light Metric: 0 = Photopic, 1 = Scopotic, 2 = Radiometric	Stimulus Start Time	Stimulus Duration	Stimulus Pulse Duration	Right Pulse Max Level	Right Pulse Max Color (0123 = WRGB)	Right Pulse Min Level	Right Pulse Min Color (0123 = WRGB)	Left Pulse Max Level	Left Pulse Max Color (0123 = WRGB)	Left Pulse Min Level	Left Pulse Min Color (0123 = WRGB)	Right Data Input Type (0 == RAW DATA, 1 == FITTED DATA, 2 == M. OVERRIDED)	Right ANALYSIS STATE (0 == ABNORMAL, 1 == NORMAL)	Right MAX (mm) (EMPTY if INVALID)	Right MIN (mm) (EMPTY if INVALID)	Right DELTA (mm) (EMPTY if INVALID)	Right CH (%) (EMPTY if INVALID)	Right LAT (sec) (EMPTY if INVALID)	Right CV (mm/s) (EMPTY if INVALID)	Right MCV (mm/s) (EMPTY if INVALID)	Right DV (mm/s) (EMPTY if INVALID)	Left Data Input Type (0 == RAW DATA, 1 == FITTED DATA, 2 == M. OVERRIDED)	Left ANALYSIS STATE (0 == ABNORMAL, 1 == NORMAL)	Left MAX (mm) (EMPTY if INVALID)	Left MIN (mm) (EMPTY if INVALID)	Left DELTA (mm) (EMPTY if INVALID)	Left CH (%) (EMPTY if INVALID)	Left LAT (sec) (EMPTY if INVALID)	Left CV (mm/s) (EMPTY if INVALID)	Left MCV (mm/s) (EMPTY if INVALID)	Left DV (mm/s) (EMPTY if INVALID)
%%%	0	0	18	542	0	0	0.51	17.52	0.51	15.98	1	0.00	1	0.00	1	0.00	1	0	0	0.00	0.00			0.00	0.00	0.00	0.00	0	0	0.00	0.00			0.00	0.00	0.00	0.00
%%%%%%%%%
%%%%%%%%%
%%%%%%%%%
<\SESSION>
