<SESSION>
<VERSION>
2
<\VERSION>
<DATE>
2017-10-31 12:25:10
<\DATE>
<SUBJECT-ID>
C57BL6-28.09.17-DA-1mois-M4-1.2r
<\SUBJECT-ID>
<NOTE>

<\NOTE>
<MIN-MAX-PLOT>
0.100000 51880.761719
<\MIN-MAX-PLOT>
<STIMULUS-DEFINED>
Default
Default Human Relative Spectral Sensitivity
1	0
1	0.500000	0.500000	17.000000	1	1	1.200000	-100.000000	0.100000	-100.000000	0
<\STIMULUS-DEFINED>
<STIMULUS-GENERATED>
4
0	0	0.000000	1	0.000000	0.000000	1	0.000000	0.000000
0	1	0.509000	1	0.065221	15.983889	1	0.000000	0.000000
0	4	1.018000	1	0.000000	0.000000	1	0.000000	0.000000
-1	5	18.027000	0	0.000000	0.000000	0	0.000000	0.000000
<\STIMULUS-GENERATED>
<RIGHT-PUPIL-DATA>
542	1
1	-0.067000	1.250725	366.600037	193.337463
1	-0.020000	1.200000	367.000000	193.500000
1	0.011000	1.252174	366.500000	192.500000
1	0.042000	1.220580	366.412506	193.212494
1	0.074000	1.240290	366.412506	194.337494
1	0.105000	1.252754	366.500000	194.000000
1	0.136000	1.263623	366.831238	194.156250
1	0.167000	1.238406	367.206238	192.543762
1	0.214000	1.254493	366.662506	192.412506
1	0.245000	1.298551	366.250000	191.750000
1	0.276000	1.268551	366.381378	192.118744
1	0.308000	1.283623	366.781097	193.006256
1	0.339000	1.275362	366.875000	193.875000
1	0.370000	1.286377	367.000000	193.500000
1	0.401000	1.310145	365.500000	192.500000
1	0.432000	1.263768	367.000000	193.000000
1	0.479000	1.267246	367.225006	192.774994
1	0.510000	1.277681	366.750000	191.737488
0	0.542000	1.130435	369.000000	191.000000
1	0.573000	1.281014	365.968750	193.781250
1	0.604000	1.274058	366.681244	193.693756
0	0.635000	1.105362	369.631256	193.368744
1	0.666000	1.291159	366.068756	192.556244
1	0.698000	1.286957	366.500000	191.500000
1	0.744000	1.259710	367.162506	192.524994
1	0.776000	1.205797	367.500000	192.500000
1	0.807000	1.192464	366.462494	192.424957
0	0.838000	1.079855	368.968750	192.518738
1	0.869000	1.161449	366.125000	193.812500
1	0.900000	1.149855	367.037506	194.037506
1	0.932000	1.111884	366.975006	193.024994
1	0.978000	1.100145	366.693756	192.306244
1	1.010000	1.025507	368.250000	191.750000
1	1.041000	1.079275	367.431244	191.993744
1	1.072000	0.988551	368.968750	191.718750
1	1.103000	1.042898	367.500000	191.750000
1	1.134000	1.031884	367.000000	192.000000
1	1.166000	1.055072	368.125000	191.375000
1	1.212000	1.052174	368.000000	190.500000
1	1.244000	1.008696	368.250000	190.750000
1	1.275000	1.049275	368.125000	190.625000
1	1.306000	1.062029	367.274994	190.787506
1	1.337000	1.024928	367.737579	190.774994
1	1.368000	1.025072	368.243744	191.306244
1	1.400000	1.023913	368.250000	192.375000
1	1.431000	1.044058	368.000000	191.500000
1	1.478000	1.057970	367.387756	191.200134
1	1.509000	1.003188	368.787506	190.899994
1	1.540000	1.072319	367.406250	190.656250
1	1.571000	1.066232	367.818756	191.006256
1	1.602000	1.059710	368.774994	189.774994
1	1.634000	1.101015	367.931244	191.068756
1	1.665000	1.108841	367.056244	192.306244
1	1.712000	1.104928	367.875000	192.125000
0	1.743000	1.014493	370.125000	191.375000
1	1.774000	1.078261	369.000000	191.000000
1	1.805000	1.147826	367.500000	190.500000
1	1.836000	1.095652	369.000000	191.000000
1	1.868000	1.089710	367.843750	190.031250
1	1.899000	1.061449	368.250000	189.750000
1	1.946000	1.078261	368.000000	191.000000
1	1.977000	0.998841	368.850006	192.149994
1	2.008000	1.117971	368.062500	192.437500
1	2.039000	1.071159	368.106262	191.156250
1	2.070000	1.091884	367.812500	191.187500
1	2.102000	1.079855	368.781250	191.968750
1	2.133000	1.078261	367.500000	192.500000
1	2.164000	1.094493	368.774994	192.774994
1	2.211000	1.122319	368.000000	192.437500
1	2.242000	1.120145	367.593750	192.593750
1	2.273000	1.117971	369.062500	193.062500
1	2.304000	1.131594	368.225006	191.899994
1	2.336000	1.137681	368.625000	192.250000
1	2.367000	1.105362	368.631256	190.793732
1	2.398000	1.107102	369.218750	190.718750
1	2.445000	1.171015	367.500000	190.500000
1	2.476000	1.150580	368.281250	192.281250
1	2.507000	1.060870	371.500000	192.000000
1	2.538000	1.131014	368.875000	192.500000
1	2.570000	1.106232	369.193695	191.756073
1	2.601000	1.137536	368.843750	191.406250
1	2.632000	1.151160	368.318756	190.943756
1	2.679000	1.100580	369.187500	190.812500
1	2.710000	1.118406	368.443756	191.056244
1	2.741000	1.098406	368.906250	190.718750
1	2.772000	1.072899	369.306244	192.381256
1	2.804000	1.137101	368.212494	192.587494
1	2.835000	1.115072	369.012421	191.537506
1	2.866000	1.066232	369.693756	190.806244
1	2.897000	1.069855	369.699982	190.662506
1	2.944000	1.117971	369.062500	189.937500
1	2.975000	1.062029	369.774994	189.725006
1	3.006000	1.111449	369.018738	189.981262
0	3.038000	1.020725	371.681244	190.631256
1	3.069000	1.147826	368.500000	189.500000
1	3.100000	1.115217	369.131256	190.781281
1	3.131000	1.105507	369.274994	190.274994
1	3.178000	1.118551	368.962494	190.537506
1	3.209000	1.096812	369.725006	189.725006
1	3.240000	1.116377	368.993744	190.543732
1	3.272000	1.101015	369.693756	191.068756
1	3.303000	1.113768	369.018738	190.981262
1	3.334000	1.114203	368.975006	191.100006
1	3.365000	1.089855	368.500000	190.500000
1	3.412000	1.042754	368.981262	190.018738
1	3.443000	1.098841	369.162506	189.274994
1	3.474000	1.079275	369.556244	189.556244
1	3.506000	0.977971	370.950012	188.937500
1	3.537000	1.062464	369.781250	188.718750
1	3.568000	1.007102	370.531250	188.531250
1	3.599000	1.062464	369.781250	190.281250
1	3.630000	1.074928	370.068756	189.743744
1	3.677000	1.055072	371.000000	188.000000
1	3.708000	1.098406	368.718750	188.718750
1	3.740000	0.999420	370.250000	188.125000
1	3.771000	1.031884	370.000000	189.000000
1	3.802000	1.066667	370.500000	188.500000
1	3.833000	1.097246	369.781250	189.343750
1	3.864000	1.092898	369.218750	189.906250
1	3.911000	1.104928	368.750000	188.875000
1	3.942000	1.015072	370.849976	188.599976
1	3.974000	0.991304	371.000000	189.500000
1	4.005000	1.097246	369.781250	189.768738
1	4.036000	1.018551	370.350006	188.787506
1	4.067000	1.097246	369.781250	190.218750
1	4.098000	1.094638	370.193756	189.806244
1	4.145000	1.079855	369.481262	190.968750
1	4.176000	1.066667	370.750000	191.250000
1	4.208000	1.156522	368.750000	191.000000
1	4.239000	1.113333	368.975006	189.712494
0	4.270000	1.061449	370.750000	189.250000
1	4.301000	1.070725	369.350006	189.850006
1	4.332000	1.007681	370.493744	188.506256
1	4.364000	1.096812	368.725006	189.774994
1	4.410000	1.118551	368.087494	190.537506
1	4.442000	1.138406	368.181244	189.818756
1	4.473000	1.146232	368.468750	191.281250
1	4.504000	1.101594	369.093750	190.281250
1	4.535000	1.131594	368.050018	190.524994
1	4.566000	1.158116	368.343750	190.581238
1	4.598000	1.134058	368.331238	190.218750
1	4.644000	1.082754	368.743744	189.993744
0	4.676000	0.912464	371.750000	190.875000
1	4.707000	1.127681	368.031250	191.031250
1	4.738000	1.105507	368.649994	192.274994
1	4.769000	1.135362	367.562500	192.250000
1	4.800000	1.089855	368.500000	191.500000
1	4.832000	1.092898	369.206238	190.843750
1	4.863000	1.044638	369.975006	189.975006
1	4.910000	1.078261	369.500000	188.500000
1	4.941000	1.078261	369.500000	190.500000
1	4.972000	1.081594	368.556244	191.556244
1	5.003000	1.081015	369.018738	191.981262
1	5.034000	1.089855	369.500000	191.500000
1	5.066000	1.094493	369.225006	191.337494
1	5.097000	1.095652	369.500000	191.000000
1	5.144000	1.091884	369.125000	191.187500
1	5.175000	1.068551	369.818756	190.818756
1	5.206000	1.114203	369.024994	191.975006
1	5.237000	1.097246	369.781250	191.656250
1	5.268000	1.153623	368.625000	192.625000
1	5.300000	1.111884	369.524994	192.850006
1	5.331000	1.089855	368.500000	192.500000
1	5.378000	1.133333	368.700012	191.500000
1	5.409000	1.098841	369.287506	192.712494
1	5.440000	1.113043	369.500000	191.500000
1	5.471000	1.107536	369.037506	191.600006
1	5.502000	1.084058	369.000000	191.500000
1	5.534000	1.101449	368.625000	192.125000
1	5.565000	1.043333	369.493744	192.393707
1	5.596000	1.078261	368.750000	192.750000
1	5.643000	1.111449	369.093750	192.843750
1	5.674000	1.113768	368.968750	192.018738
1	5.705000	1.096812	368.774994	191.887482
1	5.736000	1.081449	368.037506	190.962494
1	5.768000	1.077101	367.975006	191.225006
1	5.799000	1.078261	367.500000	190.500000
1	5.830000	1.117971	367.937500	192.375000
1	5.877000	1.089710	367.593750	191.906250
1	5.908000	1.098841	368.262482	192.287506
1	5.939000	1.062029	369.225006	191.350006
1	5.970000	1.078841	369.000000	191.000000
1	6.002000	1.100725	368.668762	191.331238
1	6.033000	1.063623	368.768738	190.231262
1	6.064000	1.048985	369.475006	190.362518
1	6.095000	1.121159	368.062500	190.937500
1	6.142000	1.043478	369.750000	190.750000
1	6.173000	1.096232	368.750000	191.750000
1	6.204000	1.101015	368.068756	192.243744
1	6.236000	1.094493	368.962494	191.837494
1	6.267000	1.061449	369.750000	191.750000
0	6.298000	0.998841	370.100006	191.149994
1	6.329000	1.096812	368.774994	191.225006
1	6.376000	1.078261	369.500000	190.500000
1	6.407000	1.090290	368.068756	191.568756
1	6.438000	1.094493	369.212494	191.850006
1	6.470000	1.114203	368.524994	192.524994
1	6.501000	1.084058	369.125000	192.125000
1	6.532000	1.078261	369.000000	191.000000
1	6.563000	1.095072	367.875000	191.375000
1	6.610000	1.061449	370.187500	191.750000
1	6.641000	1.062754	368.706268	190.756256
1	6.672000	1.109855	367.975006	191.212494
1	6.704000	1.117971	367.937500	192.562500
1	6.735000	1.092464	368.324982	193.037506
1	6.766000	1.090725	369.187500	191.875000
1	6.797000	1.072464	368.000000	191.000000
1	6.828000	1.079420	369.024994	191.024994
1	6.875000	1.041159	369.412506	191.537506
1	6.906000	1.124638	369.500000	192.500000
1	6.938000	1.065797	369.187500	191.312500
1	6.969000	1.083768	368.537506	190.462494
1	7.000000	1.071739	368.312500	190.687500
1	7.031000	1.007681	370.493744	190.743744
1	7.062000	1.063188	368.674957	191.225006
1	7.109000	1.078841	368.562500	192.000000
1	7.140000	1.010580	370.418762	191.718750
1	7.172000	1.117246	368.443756	192.056244
1	7.203000	1.088116	368.787506	191.100006
1	7.234000	1.098406	368.718750	191.831238
1	7.265000	1.100725	368.668762	191.331238
1	7.296000	1.054058	369.706268	190.856293
1	7.343000	1.088116	369.462494	191.100006
1	7.374000	1.059855	369.256256	190.756256
1	7.406000	1.063333	369.243866	190.243744
1	7.437000	1.048406	369.437500	190.562500
1	7.468000	1.074058	369.081268	191.468719
1	7.499000	1.078261	368.750000	190.750000
1	7.530000	1.072464	369.000000	191.500000
1	7.562000	1.037971	369.462494	191.550018
1	7.608000	1.018406	370.631256	190.631256
1	7.640000	1.026812	370.218750	192.406250
1	7.671000	1.035507	370.581238	191.356262
1	7.702000	1.075942	369.399994	191.912506
1	7.733000	1.043478	369.250000	192.250000
1	7.764000	1.084058	369.500000	192.000000
1	7.796000	1.061449	368.750000	192.250000
1	7.842000	1.070000	369.331238	192.656250
1	7.874000	1.070725	369.149994	192.850006
1	7.905000	1.062464	369.968750	193.243713
1	7.936000	1.087536	369.362488	193.125000
1	7.967000	1.079420	369.024994	192.475006
0	7.998000	1.055072	371.500000	194.500000
1	8.030000	1.042319	369.975006	191.512482
1	8.076000	1.044058	370.500000	191.500000
1	8.108000	1.072319	369.706238	191.281250
1	8.139000	1.055072	371.500000	190.500000
0	8.170000	0.962319	371.500000	190.500000
1	8.201000	1.052899	370.893738	192.893738
1	8.232000	1.078261	371.500000	192.500000
1	8.264000	1.029855	370.224976	191.762512
1	8.295000	1.055072	370.500000	193.500000
1	8.342000	1.043188	370.912506	193.024994
1	8.373000	1.062899	370.762482	192.237518
1	8.404000	1.124638	371.000000	193.000000
1	8.435000	0.967971	372.968750	192.968750
1	8.466000	1.066377	370.337494	192.662506
1	8.498000	1.078261	371.500000	192.500000
1	8.529000	1.079420	371.024994	193.412506
1	8.576000	1.096232	370.750000	193.750000
1	8.607000	1.027246	372.212494	192.774994
1	8.638000	1.078841	371.000000	193.000000
1	8.669000	1.053188	371.856232	192.618744
1	8.700000	1.078261	369.500000	192.500000
1	8.732000	1.025942	371.756256	192.756256
1	8.763000	1.078841	369.500000	192.000000
1	8.794000	1.096812	369.774994	193.725006
1	8.841000	1.062029	370.475006	193.274994
1	8.872000	1.008116	372.000000	194.000000
0	8.903000	0.962319	375.500000	190.500000
1	8.934000	1.082029	370.562500	192.562500
1	8.966000	0.896232	374.000000	193.125000
0	8.997000	0.885362	373.768738	192.031250
1	9.028000	1.061449	370.187500	191.250000
1	9.075000	1.081449	370.537506	191.462494
1	9.106000	1.050145	370.912506	191.912506
1	9.137000	1.048841	371.568756	191.431244
1	9.168000	1.062319	370.774963	191.762512
1	9.200000	1.029999	371.394196	192.068817
1	9.231000	1.044058	370.500000	191.500000
1	9.262000	1.083623	370.443756	191.056244
1	9.309000	0.988551	371.718750	191.343750
0	9.340000	0.962319	371.500000	190.500000
1	9.371000	1.068116	370.812500	191.262512
1	9.402000	1.052174	371.500000	191.750000
1	9.434000	1.078841	370.000000	192.000000
1	9.465000	1.062464	371.281250	192.281250
0	9.496000	0.939275	372.306244	193.493744
1	9.527000	1.043333	370.506256	193.493744
1	9.574000	1.028551	370.606354	193.243744
1	9.605000	1.019275	370.818756	192.868744
1	9.636000	1.079420	371.024994	192.975006
1	9.668000	1.016232	370.662506	192.850006
1	9.699000	1.044638	370.975006	192.524994
1	9.730000	1.055072	371.500000	194.500000
1	9.761000	1.055072	371.500000	194.500000
1	9.808000	1.044058	370.500000	194.000000
1	9.839000	1.050580	370.706268	193.918732
1	9.870000	1.044058	370.500000	194.000000
1	9.902000	1.007971	371.018738	193.731262
0	9.933000	0.962319	371.500000	190.500000
1	9.964000	1.043478	370.500000	192.500000
1	9.995000	1.044058	370.500000	192.500000
1	10.042000	1.046232	370.031250	192.468750
1	10.073000	1.055072	370.500000	193.500000
1	10.104000	1.061884	370.243744	193.256256
1	10.136000	1.008696	370.500000	193.500000
1	10.167000	1.060870	371.125000	192.875000
1	10.198000	1.058116	370.343750	192.343750
1	10.229000	1.049420	370.456238	192.543762
0	10.260000	0.962319	371.500000	194.500000
1	10.307000	1.059275	370.468750	192.218750
1	10.338000	1.069565	370.187500	192.937500
1	10.370000	1.061449	370.299988	193.750000
1	10.401000	1.024928	371.225006	193.774994
1	10.432000	1.059710	371.262482	193.274994
1	10.463000	1.054203	371.287506	193.149994
1	10.494000	1.070725	370.850006	192.850006
1	10.541000	1.067536	371.699982	192.712494
1	10.572000	1.041594	370.593750	192.531250
0	10.604000	0.962319	371.500000	190.500000
1	10.635000	1.044058	370.500000	193.000000
1	10.666000	1.044058	370.500000	193.500000
1	10.697000	1.000145	371.556244	192.881256
1	10.728000	1.008696	370.500000	193.500000
1	10.775000	1.013623	371.312500	192.924988
0	10.806000	0.962319	371.500000	190.500000
0	10.838000	0.962319	371.500000	190.500000
1	10.869000	1.026087	371.000000	193.000000
1	10.900000	1.040724	370.981293	192.431366
1	10.931000	1.015072	372.400024	192.400024
1	10.962000	1.043333	370.506256	192.993744
1	10.994000	1.025942	371.756256	193.756256
1	11.040000	1.042898	371.049988	193.950012
1	11.072000	1.034928	370.881256	193.118744
1	11.103000	0.962319	374.500000	193.500000
1	11.134000	1.013478	372.231262	193.331238
1	11.165000	1.055072	371.500000	194.500000
1	11.196000	1.003188	371.212494	193.037506
1	11.228000	1.044638	370.524994	193.475006
1	11.274000	1.038406	371.043762	194.081238
1	11.306000	1.043478	371.250000	194.750000
1	11.337000	1.031884	371.000000	194.000000
1	11.368000	1.017536	371.318787	194.631226
1	11.399000	0.981594	371.918732	193.631256
1	11.430000	0.983188	372.000000	194.125000
1	11.462000	1.008116	371.000000	194.000000
0	11.508000	1.055072	371.500000	190.500000
1	11.540000	0.990725	372.250000	194.250000
1	11.571000	0.990725	372.250000	193.937500
1	11.602000	1.044493	371.368744	194.493744
1	11.633000	1.008116	372.500000	195.000000
1	11.664000	0.997681	372.174988	194.825012
1	11.696000	1.000725	372.281250	195.143738
1	11.727000	1.007536	371.975006	195.024994
1	11.774000	1.022754	371.568756	194.731232
1	11.805000	0.996667	371.818756	194.131256
1	11.836000	1.045362	371.443787	194.031311
1	11.867000	1.009420	372.018738	194.731262
1	11.898000	1.041015	370.993744	193.956268
1	11.930000	1.025362	370.856262	194.268738
1	11.961000	0.996232	371.875000	194.187500
1	12.008000	1.055072	371.000000	195.000000
1	12.039000	0.991449	371.368744	194.743744
1	12.070000	0.987971	371.681244	194.243744
1	12.101000	1.020580	371.699982	194.662506
1	12.132000	0.992464	371.899994	194.324982
1	12.164000	1.004348	371.218750	194.843750
1	12.195000	1.016232	370.649994	193.850006
1	12.242000	1.010580	371.718750	194.406250
1	12.273000	1.025942	371.756256	194.756256
1	12.304000	1.020725	371.193756	194.681244
1	12.335000	1.029275	371.837494	195.037506
1	12.366000	1.002754	372.793762	194.043762
1	12.398000	0.998841	372.100006	193.899994
1	12.429000	1.008841	372.743744	193.993744
1	12.460000	1.007536	371.725006	193.975006
1	12.507000	1.008696	372.500000	193.500000
1	12.538000	1.016812	371.375000	194.375000
1	12.569000	0.950725	373.250000	194.250000
1	12.600000	0.990290	371.681244	194.243744
1	12.632000	0.973333	372.500000	194.500000
1	12.663000	1.014638	371.843750	193.718750
1	12.694000	0.962319	373.000000	194.000000
1	12.725000	1.006377	372.024994	193.475006
1	12.772000	0.989710	372.656250	193.781250
1	12.803000	0.972319	373.468750	193.531250
1	12.834000	0.971739	373.443756	193.993744
1	12.866000	0.968985	372.937500	194.562500
1	12.897000	0.955362	373.225006	194.274994
1	12.928000	0.974058	372.993744	193.443756
1	12.959000	0.962319	372.500000	193.500000
1	13.006000	0.985362	372.281250	193.718750
1	13.037000	1.007681	372.443756	193.493744
1	13.068000	0.994058	372.706238	193.181274
1	13.100000	0.974493	373.000000	194.000000
1	13.131000	0.983768	372.774994	193.975006
1	13.162000	0.973333	373.049988	194.500000
1	13.193000	0.998406	373.106262	193.856262
1	13.240000	1.006377	372.524994	193.524994
1	13.271000	1.002899	372.500000	193.500000
1	13.302000	0.970725	373.162506	193.462494
1	13.334000	0.990145	373.225006	192.774994
1	13.365000	1.020290	372.656250	193.656250
1	13.396000	0.982464	372.968750	193.643616
1	13.427000	0.990145	372.725006	193.212494
1	13.458000	0.992898	372.656250	194.218750
1	13.505000	1.000145	372.443756	194.118744
1	13.536000	0.967971	373.531250	193.906250
1	13.568000	0.991884	372.625000	194.250000
1	13.599000	0.957102	373.250000	193.750000
1	13.630000	0.968406	373.037506	193.587494
1	13.661000	0.994058	372.218750	193.843750
1	13.692000	1.007681	372.493744	194.256256
1	13.739000	0.951159	373.556244	193.806244
1	13.770000	0.970290	372.956238	194.081238
1	13.802000	0.985507	371.500000	194.500000
1	13.833000	1.025942	371.756256	194.756256
1	13.864000	1.007102	372.468750	195.518738
1	13.895000	1.003768	372.500000	194.562500
1	13.926000	0.999420	372.562500	195.125000
1	13.973000	1.007536	372.475006	194.424957
1	14.004000	1.000145	372.443756	194.118744
1	14.036000	0.960290	373.187500	194.437500
1	14.067000	0.929855	373.424988	194.424988
1	14.098000	0.954928	372.718750	194.281250
1	14.129000	1.003768	372.500000	194.500000
1	14.160000	0.976377	372.993744	195.443756
1	14.192000	0.973768	373.006256	195.118744
1	14.238000	1.007102	372.468750	194.981262
1	14.270000	1.008116	372.000000	194.750000
1	14.301000	0.994638	373.181244	194.818756
1	14.332000	0.983188	372.750000	195.000000
1	14.363000	1.008696	373.000000	194.000000
1	14.394000	0.991449	372.693756	194.306244
1	14.426000	1.007102	372.531250	195.468750
1	14.473000	0.969710	373.056244	195.068756
1	14.504000	0.988116	372.962494	195.287506
1	14.535000	0.975072	372.462433	194.875031
1	14.566000	0.988986	372.899994	195.212494
1	14.597000	0.952319	373.306244	194.731232
1	14.629000	0.977681	373.000000	195.000000
1	14.660000	0.904493	373.993744	194.256256
1	14.707000	0.990145	372.662506	194.725006
1	14.738000	0.982464	372.918732	195.118744
1	14.769000	1.007102	372.468750	195.518738
1	14.800000	1.008116	372.500000	196.000000
1	14.831000	0.955942	373.250000	195.875000
1	14.863000	0.957681	373.274994	195.225006
1	14.894000	0.988116	372.962494	195.274994
1	14.925000	0.969130	372.956238	195.368774
1	14.972000	0.991304	372.500000	195.000000
1	15.003000	0.976667	372.843750	195.031250
1	15.034000	1.012029	372.431244	194.693756
1	15.065000	0.960290	373.187500	195.687500
1	15.097000	0.990725	372.075012	196.237488
1	15.128000	0.968406	372.912506	196.462494
1	15.159000	0.998551	372.562500	195.174988
1	15.206000	0.963623	373.593750	194.843750
1	15.237000	0.968551	373.556244	195.018768
1	15.268000	0.987536	372.937500	195.187500
1	15.299000	1.020145	372.718750	195.281250
1	15.331000	0.999420	372.625000	195.875000
1	15.362000	0.972754	372.975006	195.975006
1	15.393000	0.950725	372.750000	196.250000
1	15.440000	0.954928	372.143738	195.281250
1	15.471000	0.918841	374.000000	195.500000
1	15.502000	0.869565	375.500000	194.500000
1	15.533000	0.958116	373.093750	195.281250
1	15.565000	0.938116	373.993744	195.006256
1	15.596000	0.951015	373.162506	194.837494
1	15.627000	0.968985	372.937500	195.062500
1	15.658000	0.990290	372.868744	195.243744
1	15.705000	0.973333	372.599976	195.049988
1	15.736000	0.990145	372.725006	195.225006
1	15.767000	0.987101	372.743744	195.806244
1	15.799000	1.008116	373.000000	195.000000
1	15.830000	0.964638	373.625000	195.375000
1	15.861000	0.983768	373.024994	195.100006
1	15.892000	0.967971	373.531250	195.043762
1	15.939000	0.954928	373.718750	194.768738
1	15.970000	0.957536	373.693756	195.743744
1	16.001000	0.985507	373.750000	195.250000
0	16.033000	0.962319	375.500000	194.500000
1	16.064000	0.996232	372.750000	196.187500
1	16.095000	0.996812	373.837494	195.800018
1	16.126000	1.003623	373.068726	195.531250
1	16.173000	1.007971	372.518738	195.518738
1	16.204000	0.996232	372.862488	195.174988
1	16.235000	0.951159	373.181244	195.318756
1	16.267000	0.952754	374.299988	195.687500
1	16.298000	0.979275	373.056244	195.943756
1	16.329000	0.947971	373.368744	195.818756
1	16.360000	0.974928	373.431244	195.943756
1	16.391000	0.973333	373.599976	195.049988
0	16.438000	0.915942	374.500000	193.500000
1	16.469000	0.976667	373.906250	195.406250
1	16.501000	0.996232	373.187500	195.187500
1	16.532000	0.971159	373.593750	196.093750
1	16.563000	0.968985	373.937500	196.562500
1	16.594000	0.972464	373.924988	196.450012
1	16.625000	0.972899	373.493744	196.881256
1	16.657000	0.951594	373.812500	196.250000
1	16.703000	0.987971	372.743744	196.256256
1	16.735000	0.979710	373.112488	196.375000
1	16.766000	0.955507	373.743744	195.256256
1	16.797000	0.936377	373.718750	196.031250
1	16.828000	0.964058	373.399994	196.100006
1	16.859000	0.973333	373.000000	196.500000
1	16.891000	0.929420	375.131256	197.681244
1	16.937000	0.956377	375.281189	198.243713
1	16.969000	0.972029	375.031250	199.031250
1	17.000000	0.980725	375.931244	197.631256
1	17.031000	0.967536	375.600006	197.449982
1	17.062000	0.968985	376.125000	196.062500
1	17.093000	0.959275	375.656250	196.656250
1	17.125000	0.933188	376.031250	196.656250
1	17.171000	1.003333	375.506256	196.181244
1	17.203000	0.975507	376.018738	197.018738
1	17.234000	0.997246	375.156250	197.156250
1	17.265000	0.972899	375.993744	197.043732
1	17.296000	0.989710	375.656250	196.781250
1	17.327000	1.055072	375.500000	194.500000
1	17.359000	1.015942	375.250000	196.750000
1	17.390000	1.008696	375.000000	197.000000
1	17.437000	1.033188	374.856262	197.531250
1	17.468000	1.048985	375.337494	198.037506
1	17.499000	1.014493	375.875000	198.375000
1	17.530000	1.001015	375.818756	197.493744
1	17.561000	0.973333	376.000000	197.500000
1	17.593000	1.005362	375.193756	197.256256
1	17.624000	0.988551	375.281250	197.281250
1	17.671000	0.975072	376.524994	196.975006
1	17.702000	0.996232	375.174988	198.187500
1	17.733000	0.981015	375.968750	197.656250
1	17.764000	0.991884	376.500000	197.799988
1	17.795000	1.000145	376.118744	198.443756
1	17.827000	1.018406	376.318756	197.818756
1	17.858000	0.973333	376.500000	197.875000
1	17.905000	1.017391	376.250000	197.250000
1	17.936000	0.982609	376.750000	196.750000
1	17.967000	1.005362	376.506256	197.243744
<\RIGHT-PUPIL-DATA>
<LEFT-PUPIL-DATA>
542	0
0	-0.067000	13.913043	240.000000	320.000000
0	-0.036000	13.913043	240.000000	320.000000
0	0.011000	13.913043	240.000000	320.000000
0	0.042000	13.913043	240.000000	320.000000
0	0.074000	13.913043	240.000000	320.000000
0	0.105000	13.913043	240.000000	320.000000
0	0.136000	13.913043	240.000000	320.000000
0	0.167000	13.913043	240.000000	320.000000
0	0.198000	13.913043	240.000000	320.000000
0	0.230000	13.913043	240.000000	320.000000
0	0.276000	13.913043	240.000000	320.000000
0	0.308000	13.913043	240.000000	320.000000
0	0.339000	13.913043	240.000000	320.000000
0	0.370000	13.913043	240.000000	320.000000
0	0.401000	13.913043	240.000000	320.000000
0	0.432000	13.913043	240.000000	320.000000
0	0.464000	13.913043	240.000000	320.000000
0	0.510000	13.913043	240.000000	320.000000
0	0.542000	13.913043	240.000000	320.000000
0	0.573000	13.913043	240.000000	320.000000
0	0.604000	13.913043	240.000000	320.000000
0	0.635000	13.913043	240.000000	320.000000
0	0.666000	13.913043	240.000000	320.000000
0	0.698000	13.913043	240.000000	320.000000
0	0.744000	13.913043	240.000000	320.000000
0	0.776000	13.913043	240.000000	320.000000
0	0.807000	13.913043	240.000000	320.000000
0	0.838000	13.913043	240.000000	320.000000
0	0.869000	13.913043	240.000000	320.000000
0	0.900000	13.913043	240.000000	320.000000
0	0.932000	13.913043	240.000000	320.000000
0	0.963000	13.913043	240.000000	320.000000
0	1.010000	13.913043	240.000000	320.000000
0	1.041000	13.913043	240.000000	320.000000
0	1.072000	13.913043	240.000000	320.000000
0	1.103000	13.913043	240.000000	320.000000
0	1.134000	13.913043	240.000000	320.000000
0	1.166000	13.913043	240.000000	320.000000
0	1.197000	13.913043	240.000000	320.000000
0	1.244000	13.913043	240.000000	320.000000
0	1.275000	13.913043	240.000000	320.000000
0	1.306000	13.913043	240.000000	320.000000
0	1.337000	13.913043	240.000000	320.000000
0	1.368000	13.913043	240.000000	320.000000
0	1.400000	13.913043	240.000000	320.000000
0	1.431000	13.913043	240.000000	320.000000
0	1.478000	13.913043	240.000000	320.000000
0	1.509000	13.913043	240.000000	320.000000
0	1.540000	13.913043	240.000000	320.000000
0	1.571000	13.913043	240.000000	320.000000
0	1.602000	13.913043	240.000000	320.000000
0	1.634000	13.913043	240.000000	320.000000
0	1.665000	13.913043	240.000000	320.000000
0	1.696000	13.913043	240.000000	320.000000
0	1.743000	13.913043	240.000000	320.000000
0	1.774000	13.913043	240.000000	320.000000
0	1.805000	13.913043	240.000000	320.000000
0	1.836000	13.913043	240.000000	320.000000
0	1.868000	13.913043	240.000000	320.000000
0	1.899000	13.913043	240.000000	320.000000
0	1.930000	13.913043	240.000000	320.000000
0	1.977000	13.913043	240.000000	320.000000
0	2.008000	13.913043	240.000000	320.000000
0	2.039000	13.913043	240.000000	320.000000
0	2.070000	13.913043	240.000000	320.000000
0	2.102000	13.913043	240.000000	320.000000
0	2.133000	13.913043	240.000000	320.000000
0	2.164000	13.913043	240.000000	320.000000
0	2.211000	13.913043	240.000000	320.000000
0	2.242000	13.913043	240.000000	320.000000
0	2.273000	13.913043	240.000000	320.000000
0	2.304000	13.913043	240.000000	320.000000
0	2.336000	13.913043	240.000000	320.000000
0	2.367000	13.913043	240.000000	320.000000
0	2.398000	13.913043	240.000000	320.000000
0	2.429000	13.913043	240.000000	320.000000
0	2.476000	13.913043	240.000000	320.000000
0	2.507000	13.913043	240.000000	320.000000
0	2.538000	13.913043	240.000000	320.000000
0	2.570000	13.913043	240.000000	320.000000
0	2.601000	13.913043	240.000000	320.000000
0	2.632000	13.913043	240.000000	320.000000
0	2.663000	13.913043	240.000000	320.000000
0	2.710000	13.913043	240.000000	320.000000
0	2.741000	13.913043	240.000000	320.000000
0	2.772000	13.913043	240.000000	320.000000
0	2.804000	13.913043	240.000000	320.000000
0	2.835000	13.913043	240.000000	320.000000
0	2.866000	13.913043	240.000000	320.000000
0	2.897000	13.913043	240.000000	320.000000
0	2.928000	13.913043	240.000000	320.000000
0	2.975000	13.913043	240.000000	320.000000
0	3.006000	13.913043	240.000000	320.000000
0	3.038000	13.913043	240.000000	320.000000
0	3.069000	13.913043	240.000000	320.000000
0	3.100000	13.913043	240.000000	320.000000
0	3.131000	13.913043	240.000000	320.000000
0	3.162000	13.913043	240.000000	320.000000
0	3.209000	13.913043	240.000000	320.000000
0	3.240000	13.913043	240.000000	320.000000
0	3.272000	13.913043	240.000000	320.000000
0	3.303000	13.913043	240.000000	320.000000
0	3.334000	13.913043	240.000000	320.000000
0	3.365000	13.913043	240.000000	320.000000
0	3.396000	13.913043	240.000000	320.000000
0	3.443000	13.913043	240.000000	320.000000
0	3.474000	13.913043	240.000000	320.000000
0	3.506000	13.913043	240.000000	320.000000
0	3.537000	13.913043	240.000000	320.000000
0	3.568000	13.913043	240.000000	320.000000
0	3.599000	13.913043	240.000000	320.000000
0	3.630000	13.913043	240.000000	320.000000
0	3.662000	13.913043	240.000000	320.000000
0	3.708000	13.913043	240.000000	320.000000
0	3.740000	13.913043	240.000000	320.000000
0	3.771000	13.913043	240.000000	320.000000
0	3.802000	13.913043	240.000000	320.000000
0	3.833000	13.913043	240.000000	320.000000
0	3.864000	13.913043	240.000000	320.000000
0	3.896000	13.913043	240.000000	320.000000
0	3.942000	13.913043	240.000000	320.000000
0	3.974000	13.913043	240.000000	320.000000
0	4.005000	13.913043	240.000000	320.000000
0	4.036000	13.913043	240.000000	320.000000
0	4.067000	13.913043	240.000000	320.000000
0	4.098000	13.913043	240.000000	320.000000
0	4.130000	13.913043	240.000000	320.000000
0	4.161000	13.913043	240.000000	320.000000
0	4.208000	13.913043	240.000000	320.000000
0	4.239000	13.913043	240.000000	320.000000
0	4.270000	13.913043	240.000000	320.000000
0	4.301000	13.913043	240.000000	320.000000
0	4.332000	13.913043	240.000000	320.000000
0	4.364000	13.913043	240.000000	320.000000
0	4.395000	13.913043	240.000000	320.000000
0	4.442000	13.913043	240.000000	320.000000
0	4.473000	13.913043	240.000000	320.000000
0	4.504000	13.913043	240.000000	320.000000
0	4.535000	13.913043	240.000000	320.000000
0	4.566000	13.913043	240.000000	320.000000
0	4.598000	13.913043	240.000000	320.000000
0	4.629000	13.913043	240.000000	320.000000
0	4.676000	13.913043	240.000000	320.000000
0	4.707000	13.913043	240.000000	320.000000
0	4.738000	13.913043	240.000000	320.000000
0	4.769000	13.913043	240.000000	320.000000
0	4.800000	13.913043	240.000000	320.000000
0	4.832000	13.913043	240.000000	320.000000
0	4.863000	13.913043	240.000000	320.000000
0	4.894000	13.913043	240.000000	320.000000
0	4.941000	13.913043	240.000000	320.000000
0	4.972000	13.913043	240.000000	320.000000
0	5.003000	13.913043	240.000000	320.000000
0	5.034000	13.913043	240.000000	320.000000
0	5.066000	13.913043	240.000000	320.000000
0	5.097000	13.913043	240.000000	320.000000
0	5.128000	13.913043	240.000000	320.000000
0	5.175000	13.913043	240.000000	320.000000
0	5.206000	13.913043	240.000000	320.000000
0	5.237000	13.913043	240.000000	320.000000
0	5.268000	13.913043	240.000000	320.000000
0	5.300000	13.913043	240.000000	320.000000
0	5.331000	13.913043	240.000000	320.000000
0	5.362000	13.913043	240.000000	320.000000
0	5.409000	13.913043	240.000000	320.000000
0	5.440000	13.913043	240.000000	320.000000
0	5.471000	13.913043	240.000000	320.000000
0	5.502000	13.913043	240.000000	320.000000
0	5.534000	13.913043	240.000000	320.000000
0	5.565000	13.913043	240.000000	320.000000
0	5.596000	13.913043	240.000000	320.000000
0	5.627000	13.913043	240.000000	320.000000
0	5.674000	13.913043	240.000000	320.000000
0	5.705000	13.913043	240.000000	320.000000
0	5.736000	13.913043	240.000000	320.000000
0	5.768000	13.913043	240.000000	320.000000
0	5.799000	13.913043	240.000000	320.000000
0	5.830000	13.913043	240.000000	320.000000
0	5.861000	13.913043	240.000000	320.000000
0	5.908000	13.913043	240.000000	320.000000
0	5.939000	13.913043	240.000000	320.000000
0	5.970000	13.913043	240.000000	320.000000
0	6.002000	13.913043	240.000000	320.000000
0	6.033000	13.913043	240.000000	320.000000
0	6.064000	13.913043	240.000000	320.000000
0	6.095000	13.913043	240.000000	320.000000
0	6.142000	13.913043	240.000000	320.000000
0	6.173000	13.913043	240.000000	320.000000
0	6.204000	13.913043	240.000000	320.000000
0	6.236000	13.913043	240.000000	320.000000
0	6.267000	13.913043	240.000000	320.000000
0	6.298000	13.913043	240.000000	320.000000
0	6.329000	13.913043	240.000000	320.000000
0	6.360000	13.913043	240.000000	320.000000
0	6.407000	13.913043	240.000000	320.000000
0	6.438000	13.913043	240.000000	320.000000
0	6.470000	13.913043	240.000000	320.000000
0	6.501000	13.913043	240.000000	320.000000
0	6.532000	13.913043	240.000000	320.000000
0	6.563000	13.913043	240.000000	320.000000
0	6.594000	13.913043	240.000000	320.000000
0	6.641000	13.913043	240.000000	320.000000
0	6.672000	13.913043	240.000000	320.000000
0	6.704000	13.913043	240.000000	320.000000
0	6.735000	13.913043	240.000000	320.000000
0	6.766000	13.913043	240.000000	320.000000
0	6.797000	13.913043	240.000000	320.000000
0	6.828000	13.913043	240.000000	320.000000
0	6.875000	13.913043	240.000000	320.000000
0	6.906000	13.913043	240.000000	320.000000
0	6.938000	13.913043	240.000000	320.000000
0	6.969000	13.913043	240.000000	320.000000
0	7.000000	13.913043	240.000000	320.000000
0	7.031000	13.913043	240.000000	320.000000
0	7.062000	13.913043	240.000000	320.000000
0	7.094000	13.913043	240.000000	320.000000
0	7.140000	13.913043	240.000000	320.000000
0	7.172000	13.913043	240.000000	320.000000
0	7.203000	13.913043	240.000000	320.000000
0	7.234000	13.913043	240.000000	320.000000
0	7.265000	13.913043	240.000000	320.000000
0	7.296000	13.913043	240.000000	320.000000
0	7.328000	13.913043	240.000000	320.000000
0	7.374000	13.913043	240.000000	320.000000
0	7.406000	13.913043	240.000000	320.000000
0	7.437000	13.913043	240.000000	320.000000
0	7.468000	13.913043	240.000000	320.000000
0	7.499000	13.913043	240.000000	320.000000
0	7.530000	13.913043	240.000000	320.000000
0	7.562000	13.913043	240.000000	320.000000
0	7.593000	13.913043	240.000000	320.000000
0	7.640000	13.913043	240.000000	320.000000
0	7.671000	13.913043	240.000000	320.000000
0	7.702000	13.913043	240.000000	320.000000
0	7.733000	13.913043	240.000000	320.000000
0	7.764000	13.913043	240.000000	320.000000
0	7.796000	13.913043	240.000000	320.000000
0	7.827000	13.913043	240.000000	320.000000
0	7.874000	13.913043	240.000000	320.000000
0	7.905000	13.913043	240.000000	320.000000
0	7.936000	13.913043	240.000000	320.000000
0	7.967000	13.913043	240.000000	320.000000
0	7.998000	13.913043	240.000000	320.000000
0	8.030000	13.913043	240.000000	320.000000
0	8.061000	13.913043	240.000000	320.000000
0	8.092000	13.913043	240.000000	320.000000
0	8.139000	13.913043	240.000000	320.000000
0	8.170000	13.913043	240.000000	320.000000
0	8.201000	13.913043	240.000000	320.000000
0	8.232000	13.913043	240.000000	320.000000
0	8.264000	13.913043	240.000000	320.000000
0	8.295000	13.913043	240.000000	320.000000
0	8.326000	13.913043	240.000000	320.000000
0	8.373000	13.913043	240.000000	320.000000
0	8.404000	13.913043	240.000000	320.000000
0	8.435000	13.913043	240.000000	320.000000
0	8.466000	13.913043	240.000000	320.000000
0	8.498000	13.913043	240.000000	320.000000
0	8.529000	13.913043	240.000000	320.000000
0	8.560000	13.913043	240.000000	320.000000
0	8.607000	13.913043	240.000000	320.000000
0	8.638000	13.913043	240.000000	320.000000
0	8.669000	13.913043	240.000000	320.000000
0	8.700000	13.913043	240.000000	320.000000
0	8.732000	13.913043	240.000000	320.000000
0	8.763000	13.913043	240.000000	320.000000
0	8.794000	13.913043	240.000000	320.000000
0	8.825000	13.913043	240.000000	320.000000
0	8.872000	13.913043	240.000000	320.000000
0	8.903000	13.913043	240.000000	320.000000
0	8.934000	13.913043	240.000000	320.000000
0	8.966000	13.913043	240.000000	320.000000
0	8.997000	13.913043	240.000000	320.000000
0	9.028000	13.913043	240.000000	320.000000
0	9.059000	13.913043	240.000000	320.000000
0	9.106000	13.913043	240.000000	320.000000
0	9.137000	13.913043	240.000000	320.000000
0	9.168000	13.913043	240.000000	320.000000
0	9.200000	13.913043	240.000000	320.000000
0	9.231000	13.913043	240.000000	320.000000
0	9.262000	13.913043	240.000000	320.000000
0	9.293000	13.913043	240.000000	320.000000
0	9.340000	13.913043	240.000000	320.000000
0	9.371000	13.913043	240.000000	320.000000
0	9.402000	13.913043	240.000000	320.000000
0	9.434000	13.913043	240.000000	320.000000
0	9.465000	13.913043	240.000000	320.000000
0	9.496000	13.913043	240.000000	320.000000
0	9.527000	13.913043	240.000000	320.000000
0	9.558000	13.913043	240.000000	320.000000
0	9.605000	13.913043	240.000000	320.000000
0	9.636000	13.913043	240.000000	320.000000
0	9.668000	13.913043	240.000000	320.000000
0	9.699000	13.913043	240.000000	320.000000
0	9.730000	13.913043	240.000000	320.000000
0	9.761000	13.913043	240.000000	320.000000
0	9.792000	13.913043	240.000000	320.000000
0	9.839000	13.913043	240.000000	320.000000
0	9.870000	13.913043	240.000000	320.000000
0	9.902000	13.913043	240.000000	320.000000
0	9.933000	13.913043	240.000000	320.000000
0	9.964000	13.913043	240.000000	320.000000
0	9.995000	13.913043	240.000000	320.000000
0	10.026000	13.913043	240.000000	320.000000
0	10.073000	13.913043	240.000000	320.000000
0	10.104000	13.913043	240.000000	320.000000
0	10.136000	13.913043	240.000000	320.000000
0	10.167000	13.913043	240.000000	320.000000
0	10.198000	13.913043	240.000000	320.000000
0	10.229000	13.913043	240.000000	320.000000
0	10.260000	13.913043	240.000000	320.000000
0	10.292000	13.913043	240.000000	320.000000
0	10.338000	13.913043	240.000000	320.000000
0	10.370000	13.913043	240.000000	320.000000
0	10.401000	13.913043	240.000000	320.000000
0	10.432000	13.913043	240.000000	320.000000
0	10.463000	13.913043	240.000000	320.000000
0	10.494000	13.913043	240.000000	320.000000
0	10.526000	13.913043	240.000000	320.000000
0	10.572000	13.913043	240.000000	320.000000
0	10.604000	13.913043	240.000000	320.000000
0	10.635000	13.913043	240.000000	320.000000
0	10.666000	13.913043	240.000000	320.000000
0	10.697000	13.913043	240.000000	320.000000
0	10.728000	13.913043	240.000000	320.000000
0	10.760000	13.913043	240.000000	320.000000
0	10.806000	13.913043	240.000000	320.000000
0	10.838000	13.913043	240.000000	320.000000
0	10.869000	13.913043	240.000000	320.000000
0	10.900000	13.913043	240.000000	320.000000
0	10.931000	13.913043	240.000000	320.000000
0	10.962000	13.913043	240.000000	320.000000
0	10.994000	13.913043	240.000000	320.000000
0	11.025000	13.913043	240.000000	320.000000
0	11.072000	13.913043	240.000000	320.000000
0	11.103000	13.913043	240.000000	320.000000
0	11.134000	13.913043	240.000000	320.000000
0	11.165000	13.913043	240.000000	320.000000
0	11.196000	13.913043	240.000000	320.000000
0	11.228000	13.913043	240.000000	320.000000
0	11.259000	13.913043	240.000000	320.000000
0	11.306000	13.913043	240.000000	320.000000
0	11.337000	13.913043	240.000000	320.000000
0	11.368000	13.913043	240.000000	320.000000
0	11.399000	13.913043	240.000000	320.000000
0	11.430000	13.913043	240.000000	320.000000
0	11.462000	13.913043	240.000000	320.000000
0	11.493000	13.913043	240.000000	320.000000
0	11.540000	13.913043	240.000000	320.000000
0	11.571000	13.913043	240.000000	320.000000
0	11.602000	13.913043	240.000000	320.000000
0	11.633000	13.913043	240.000000	320.000000
0	11.664000	13.913043	240.000000	320.000000
0	11.696000	13.913043	240.000000	320.000000
0	11.727000	13.913043	240.000000	320.000000
0	11.758000	13.913043	240.000000	320.000000
0	11.805000	13.913043	240.000000	320.000000
0	11.836000	13.913043	240.000000	320.000000
0	11.867000	13.913043	240.000000	320.000000
0	11.898000	13.913043	240.000000	320.000000
0	11.930000	13.913043	240.000000	320.000000
0	11.961000	13.913043	240.000000	320.000000
0	11.992000	13.913043	240.000000	320.000000
0	12.023000	13.913043	240.000000	320.000000
0	12.070000	13.913043	240.000000	320.000000
0	12.101000	13.913043	240.000000	320.000000
0	12.132000	13.913043	240.000000	320.000000
0	12.164000	13.913043	240.000000	320.000000
0	12.195000	13.913043	240.000000	320.000000
0	12.226000	13.913043	240.000000	320.000000
0	12.257000	13.913043	240.000000	320.000000
0	12.304000	13.913043	240.000000	320.000000
0	12.335000	13.913043	240.000000	320.000000
0	12.366000	13.913043	240.000000	320.000000
0	12.398000	13.913043	240.000000	320.000000
0	12.429000	13.913043	240.000000	320.000000
0	12.460000	13.913043	240.000000	320.000000
0	12.491000	13.913043	240.000000	320.000000
0	12.538000	13.913043	240.000000	320.000000
0	12.569000	13.913043	240.000000	320.000000
0	12.600000	13.913043	240.000000	320.000000
0	12.632000	13.913043	240.000000	320.000000
0	12.663000	13.913043	240.000000	320.000000
0	12.694000	13.913043	240.000000	320.000000
0	12.725000	13.913043	240.000000	320.000000
0	12.756000	13.913043	240.000000	320.000000
0	12.803000	13.913043	240.000000	320.000000
0	12.834000	13.913043	240.000000	320.000000
0	12.866000	13.913043	240.000000	320.000000
0	12.897000	13.913043	240.000000	320.000000
0	12.928000	13.913043	240.000000	320.000000
0	12.959000	13.913043	240.000000	320.000000
0	12.990000	13.913043	240.000000	320.000000
0	13.037000	13.913043	240.000000	320.000000
0	13.068000	13.913043	240.000000	320.000000
0	13.100000	13.913043	240.000000	320.000000
0	13.131000	13.913043	240.000000	320.000000
0	13.162000	13.913043	240.000000	320.000000
0	13.193000	13.913043	240.000000	320.000000
0	13.224000	13.913043	240.000000	320.000000
0	13.271000	13.913043	240.000000	320.000000
0	13.302000	13.913043	240.000000	320.000000
0	13.334000	13.913043	240.000000	320.000000
0	13.365000	13.913043	240.000000	320.000000
0	13.396000	13.913043	240.000000	320.000000
0	13.427000	13.913043	240.000000	320.000000
0	13.458000	13.913043	240.000000	320.000000
0	13.490000	13.913043	240.000000	320.000000
0	13.536000	13.913043	240.000000	320.000000
0	13.568000	13.913043	240.000000	320.000000
0	13.599000	13.913043	240.000000	320.000000
0	13.630000	13.913043	240.000000	320.000000
0	13.661000	13.913043	240.000000	320.000000
0	13.692000	13.913043	240.000000	320.000000
0	13.724000	13.913043	240.000000	320.000000
0	13.770000	13.913043	240.000000	320.000000
0	13.802000	13.913043	240.000000	320.000000
0	13.833000	13.913043	240.000000	320.000000
0	13.864000	13.913043	240.000000	320.000000
0	13.895000	13.913043	240.000000	320.000000
0	13.926000	13.913043	240.000000	320.000000
0	13.958000	13.913043	240.000000	320.000000
0	14.004000	13.913043	240.000000	320.000000
0	14.036000	13.913043	240.000000	320.000000
0	14.067000	13.913043	240.000000	320.000000
0	14.098000	13.913043	240.000000	320.000000
0	14.129000	13.913043	240.000000	320.000000
0	14.160000	13.913043	240.000000	320.000000
0	14.192000	13.913043	240.000000	320.000000
0	14.223000	13.913043	240.000000	320.000000
0	14.270000	13.913043	240.000000	320.000000
0	14.301000	13.913043	240.000000	320.000000
0	14.332000	13.913043	240.000000	320.000000
0	14.363000	13.913043	240.000000	320.000000
0	14.394000	13.913043	240.000000	320.000000
0	14.426000	13.913043	240.000000	320.000000
0	14.457000	13.913043	240.000000	320.000000
0	14.504000	13.913043	240.000000	320.000000
0	14.535000	13.913043	240.000000	320.000000
0	14.566000	13.913043	240.000000	320.000000
0	14.597000	13.913043	240.000000	320.000000
0	14.629000	13.913043	240.000000	320.000000
0	14.660000	13.913043	240.000000	320.000000
0	14.691000	13.913043	240.000000	320.000000
0	14.738000	13.913043	240.000000	320.000000
0	14.769000	13.913043	240.000000	320.000000
0	14.800000	13.913043	240.000000	320.000000
0	14.831000	13.913043	240.000000	320.000000
0	14.863000	13.913043	240.000000	320.000000
0	14.894000	13.913043	240.000000	320.000000
0	14.925000	13.913043	240.000000	320.000000
0	14.956000	13.913043	240.000000	320.000000
0	15.003000	13.913043	240.000000	320.000000
0	15.034000	13.913043	240.000000	320.000000
0	15.065000	13.913043	240.000000	320.000000
0	15.097000	13.913043	240.000000	320.000000
0	15.128000	13.913043	240.000000	320.000000
0	15.159000	13.913043	240.000000	320.000000
0	15.190000	13.913043	240.000000	320.000000
0	15.237000	13.913043	240.000000	320.000000
0	15.268000	13.913043	240.000000	320.000000
0	15.299000	13.913043	240.000000	320.000000
0	15.331000	13.913043	240.000000	320.000000
0	15.362000	13.913043	240.000000	320.000000
0	15.393000	13.913043	240.000000	320.000000
0	15.424000	13.913043	240.000000	320.000000
0	15.471000	13.913043	240.000000	320.000000
0	15.502000	13.913043	240.000000	320.000000
0	15.533000	13.913043	240.000000	320.000000
0	15.565000	13.913043	240.000000	320.000000
0	15.596000	13.913043	240.000000	320.000000
0	15.627000	13.913043	240.000000	320.000000
0	15.658000	13.913043	240.000000	320.000000
0	15.689000	13.913043	240.000000	320.000000
0	15.736000	13.913043	240.000000	320.000000
0	15.767000	13.913043	240.000000	320.000000
0	15.799000	13.913043	240.000000	320.000000
0	15.830000	13.913043	240.000000	320.000000
0	15.861000	13.913043	240.000000	320.000000
0	15.892000	13.913043	240.000000	320.000000
0	15.923000	13.913043	240.000000	320.000000
0	15.955000	13.913043	240.000000	320.000000
0	16.001000	13.913043	240.000000	320.000000
0	16.033000	13.913043	240.000000	320.000000
0	16.064000	13.913043	240.000000	320.000000
0	16.095000	13.913043	240.000000	320.000000
0	16.126000	13.913043	240.000000	320.000000
0	16.157000	13.913043	240.000000	320.000000
0	16.189000	13.913043	240.000000	320.000000
0	16.235000	13.913043	240.000000	320.000000
0	16.267000	13.913043	240.000000	320.000000
0	16.298000	13.913043	240.000000	320.000000
0	16.329000	13.913043	240.000000	320.000000
0	16.360000	13.913043	240.000000	320.000000
0	16.391000	13.913043	240.000000	320.000000
0	16.423000	13.913043	240.000000	320.000000
0	16.469000	13.913043	240.000000	320.000000
0	16.501000	13.913043	240.000000	320.000000
0	16.532000	13.913043	240.000000	320.000000
0	16.563000	13.913043	240.000000	320.000000
0	16.594000	13.913043	240.000000	320.000000
0	16.625000	13.913043	240.000000	320.000000
0	16.657000	13.913043	240.000000	320.000000
0	16.688000	13.913043	240.000000	320.000000
0	16.735000	13.913043	240.000000	320.000000
0	16.766000	13.913043	240.000000	320.000000
0	16.797000	13.913043	240.000000	320.000000
0	16.828000	13.913043	240.000000	320.000000
0	16.859000	13.913043	240.000000	320.000000
0	16.891000	13.913043	240.000000	320.000000
0	16.922000	13.913043	240.000000	320.000000
0	16.969000	13.913043	240.000000	320.000000
0	17.000000	13.913043	240.000000	320.000000
0	17.031000	13.913043	240.000000	320.000000
0	17.062000	13.913043	240.000000	320.000000
0	17.093000	13.913043	240.000000	320.000000
0	17.125000	13.913043	240.000000	320.000000
0	17.156000	13.913043	240.000000	320.000000
0	17.203000	13.913043	240.000000	320.000000
0	17.234000	13.913043	240.000000	320.000000
0	17.265000	13.913043	240.000000	320.000000
0	17.296000	13.913043	240.000000	320.000000
0	17.327000	13.913043	240.000000	320.000000
0	17.359000	13.913043	240.000000	320.000000
0	17.390000	13.913043	240.000000	320.000000
0	17.421000	13.913043	240.000000	320.000000
0	17.468000	13.913043	240.000000	320.000000
0	17.499000	13.913043	240.000000	320.000000
0	17.530000	13.913043	240.000000	320.000000
0	17.561000	13.913043	240.000000	320.000000
0	17.593000	13.913043	240.000000	320.000000
0	17.624000	13.913043	240.000000	320.000000
0	17.655000	13.913043	240.000000	320.000000
0	17.702000	13.913043	240.000000	320.000000
0	17.733000	13.913043	240.000000	320.000000
0	17.764000	13.913043	240.000000	320.000000
0	17.795000	13.913043	240.000000	320.000000
0	17.827000	13.913043	240.000000	320.000000
0	17.858000	13.913043	240.000000	320.000000
0	17.889000	13.913043	240.000000	320.000000
0	17.936000	13.913043	240.000000	320.000000
0	17.967000	13.913043	240.000000	320.000000
<\LEFT-PUPIL-DATA>
<RIGHT-PUPIL-ANALYSIS>
1
0	0	17	541	0	0	0.509000	17.518000	0.509000	15.983889	0.000000	0.000000	0.000000	0	1	1	1	1	0	0	0	0.000000	0.000000	0.000000	0.000000	0.000000	0.000000	0.000000	-1.000000	0.000000	1	1.281304	0.927130	1.289432	0.675896	1.265000	-0.023773	-1.008152	-1.000000	0.109060	1	1.281304	0.927130	1.289432	0.675896	1.265000	-0.014515	-0.961199	-1.000000	0.069882
<\RIGHT-PUPIL-ANALYSIS>
<LEFT-PUPIL-ANALYSIS>
1
0	0	17	541	0	0	0.509000	17.518000	0.509000	15.983889	0.000000	0.000000	0.000000	0	1	1	1	1	0	0	0	0.000000	0.000000	0.000000	0.000000	0.000000	0.000000	0.000000	-1.000000	0.000000	0	-0.034783	-0.034783	0.000950	0.000950	0.001000	0.000000	0.000000	-1.000000	0.000000	1	-0.034783	-0.034783	0.000950	0.000950	0.001000	-1000000.000000	-1000000.000000	-1.000000	0.000000
<\LEFT-PUPIL-ANALYSIS>
%%%%%%%%%
%%%%%%%%%
%%%%%%%%%
%%%	Measurement Tiime is: 2017-10-31 12:25:10
%%%	Subject ID is: C57BL6-28.09.17-DA-1mois-M4-1.2r
%%%	Note: 
%%%	RSS: Default Human Relative Spectral Sensitivity
%%%	Pupil Analysis:
%%%
%%%
%%%
%%%	Pulse Index:	0
%%%	Stimulus Session Index:	0
%%%	Right Pupil Stimulated
%%%	Light Metric is Photopic
%%%	Stimulus Start Time(sec):	0.51
%%%	Stimulus Duration(sec):	17.52
%%%	Stimulus Pulse Duration(sec):	0.51
%%%	Right Pulse:	15.98	(Red  )	-	0.00	(Red  )	[Lux ]
%%%	Left Pulse:	0.00	(Red  )	-	0.00	(Red  )	[Lux ]
%%%
%%%		RIGHT	LEFT	R.Pupil Mean	L.Pupil Mean	R.Stim Mean	R.Stim Mean
%%%	INPUT:	RAW DATA	RAW DATA
%%%	STATE:	ABNORMAL	ABNORMAL	ABNORMAL	ABNORMAL	ABNORMAL	ABNORMAL
%%%	MAX(mm):	0.00	0.00	0.00	0.00	0.00	0.00
%%%	MIN(mm):	0.00	0.00	0.00	0.00	0.00	0.00
%%%	DELTA(mm):						
%%%	CH(%):						
%%%	LAT(sec):	0.00	0.00	0.00	0.00	0.00	0.00
%%%	CV(mm/s):	0.00	0.00	0.00	0.00	0.00	0.00
%%%	MCV(mm/s):	0.00	0.00	0.00	0.00	0.00	0.00
%%%	DV(mm/s):	0.00	0.00	0.00	0.00	0.00	0.00
%%%%%%%%%
%%%%%%%%%
%%%%%%%%%
%%%	Right Pupil Profile (1st row -> 1 == valid tracking, 0 == invalid tracking; 2nd row -> time; 3rd row -> diameter (mm))
%%%	1	1	1	1	1	1	1	1	1	1	1	1	1	1	1	1	1	1	0	1	1	0	1	1	1	1	1	0	1	1	1	1	1	1	1	1	1	1	1	1	1	1	1	1	1	1	1	1	1	1	1	1	1	1	0	1	1	1	1	1	1	1	1	1	1	1	1	1	1	1	1	1	1	1	1	1	1	1	1	1	1	1	1	1	1	1	1	1	1	1	1	1	1	0	1	1	1	1	1	1	1	1	1	1	1	1	1	1	1	1	1	1	1	1	1	1	1	1	1	1	1	1	1	1	1	1	1	1	1	1	0	1	1	1	1	1	1	1	1	1	1	1	0	1	1	1	1	1	1	1	1	1	1	1	1	1	1	1	1	1	1	1	1	1	1	1	1	1	1	1	1	1	1	1	1	1	1	1	1	1	1	1	1	1	1	1	1	1	1	1	1	0	1	1	1	1	1	1	1	1	1	1	1	1	1	1	1	1	1	1	1	1	1	1	1	1	1	1	1	1	1	1	1	1	1	1	1	1	1	1	1	1	1	1	1	1	1	1	1	1	1	1	0	1	1	1	1	0	1	1	1	1	1	1	1	1	1	1	1	1	1	1	1	1	1	1	1	1	1	0	1	1	0	1	1	1	1	1	1	1	1	1	0	1	1	1	1	0	1	1	1	1	1	1	1	1	1	1	1	1	0	1	1	1	1	1	1	1	1	1	0	1	1	1	1	1	1	1	1	1	0	1	1	1	1	1	0	0	1	1	1	1	1	1	1	1	1	1	1	1	1	1	1	1	1	1	1	0	1	1	1	1	1	1	1	1	1	1	1	1	1	1	1	1	1	1	1	1	1	1	1	1	1	1	1	1	1	1	1	1	1	1	1	1	1	1	1	1	1	1	1	1	1	1	1	1	1	1	1	1	1	1	1	1	1	1	1	1	1	1	1	1	1	1	1	1	1	1	1	1	1	1	1	1	1	1	1	1	1	1	1	1	1	1	1	1	1	1	1	1	1	1	1	1	1	1	1	1	1	1	1	1	1	1	1	1	1	1	1	1	1	1	1	1	1	1	1	1	1	1	1	1	1	1	1	1	1	1	1	1	1	1	1	0	1	1	1	1	1	1	1	1	1	1	1	0	1	1	1	1	1	1	1	1	1	1	1	1	1	1	1	1	1	1	1	1	1	1	1	1	1	1	1	1	1	1	1	1	1	1	1	1	1	1	1	1	1	1	1	1	1	1
%%%	-0.067000	-0.020000	0.011000	0.042000	0.074000	0.105000	0.136000	0.167000	0.214000	0.245000	0.276000	0.308000	0.339000	0.370000	0.401000	0.432000	0.479000	0.510000	0.542000	0.573000	0.604000	0.635000	0.666000	0.698000	0.744000	0.776000	0.807000	0.838000	0.869000	0.900000	0.932000	0.978000	1.010000	1.041000	1.072000	1.103000	1.134000	1.166000	1.212000	1.244000	1.275000	1.306000	1.337000	1.368000	1.400000	1.431000	1.478000	1.509000	1.540000	1.571000	1.602000	1.634000	1.665000	1.712000	1.743000	1.774000	1.805000	1.836000	1.868000	1.899000	1.946000	1.977000	2.008000	2.039000	2.070000	2.102000	2.133000	2.164000	2.211000	2.242000	2.273000	2.304000	2.336000	2.367000	2.398000	2.445000	2.476000	2.507000	2.538000	2.570000	2.601000	2.632000	2.679000	2.710000	2.741000	2.772000	2.804000	2.835000	2.866000	2.897000	2.944000	2.975000	3.006000	3.038000	3.069000	3.100000	3.131000	3.178000	3.209000	3.240000	3.272000	3.303000	3.334000	3.365000	3.412000	3.443000	3.474000	3.506000	3.537000	3.568000	3.599000	3.630000	3.677000	3.708000	3.740000	3.771000	3.802000	3.833000	3.864000	3.911000	3.942000	3.974000	4.005000	4.036000	4.067000	4.098000	4.145000	4.176000	4.208000	4.239000	4.270000	4.301000	4.332000	4.364000	4.410000	4.442000	4.473000	4.504000	4.535000	4.566000	4.598000	4.644000	4.676000	4.707000	4.738000	4.769000	4.800000	4.832000	4.863000	4.910000	4.941000	4.972000	5.003000	5.034000	5.066000	5.097000	5.144000	5.175000	5.206000	5.237000	5.268000	5.300000	5.331000	5.378000	5.409000	5.440000	5.471000	5.502000	5.534000	5.565000	5.596000	5.643000	5.674000	5.705000	5.736000	5.768000	5.799000	5.830000	5.877000	5.908000	5.939000	5.970000	6.002000	6.033000	6.064000	6.095000	6.142000	6.173000	6.204000	6.236000	6.267000	6.298000	6.329000	6.376000	6.407000	6.438000	6.470000	6.501000	6.532000	6.563000	6.610000	6.641000	6.672000	6.704000	6.735000	6.766000	6.797000	6.828000	6.875000	6.906000	6.938000	6.969000	7.000000	7.031000	7.062000	7.109000	7.140000	7.172000	7.203000	7.234000	7.265000	7.296000	7.343000	7.374000	7.406000	7.437000	7.468000	7.499000	7.530000	7.562000	7.608000	7.640000	7.671000	7.702000	7.733000	7.764000	7.796000	7.842000	7.874000	7.905000	7.936000	7.967000	7.998000	8.030000	8.076000	8.108000	8.139000	8.170000	8.201000	8.232000	8.264000	8.295000	8.342000	8.373000	8.404000	8.435000	8.466000	8.498000	8.529000	8.576000	8.607000	8.638000	8.669000	8.700000	8.732000	8.763000	8.794000	8.841000	8.872000	8.903000	8.934000	8.966000	8.997000	9.028000	9.075000	9.106000	9.137000	9.168000	9.200000	9.231000	9.262000	9.309000	9.340000	9.371000	9.402000	9.434000	9.465000	9.496000	9.527000	9.574000	9.605000	9.636000	9.668000	9.699000	9.730000	9.761000	9.808000	9.839000	9.870000	9.902000	9.933000	9.964000	9.995000	10.042000	10.073000	10.104000	10.136000	10.167000	10.198000	10.229000	10.260000	10.307000	10.338000	10.370000	10.401000	10.432000	10.463000	10.494000	10.541000	10.572000	10.604000	10.635000	10.666000	10.697000	10.728000	10.775000	10.806000	10.838000	10.869000	10.900000	10.931000	10.962000	10.994000	11.040000	11.072000	11.103000	11.134000	11.165000	11.196000	11.228000	11.274000	11.306000	11.337000	11.368000	11.399000	11.430000	11.462000	11.508000	11.540000	11.571000	11.602000	11.633000	11.664000	11.696000	11.727000	11.774000	11.805000	11.836000	11.867000	11.898000	11.930000	11.961000	12.008000	12.039000	12.070000	12.101000	12.132000	12.164000	12.195000	12.242000	12.273000	12.304000	12.335000	12.366000	12.398000	12.429000	12.460000	12.507000	12.538000	12.569000	12.600000	12.632000	12.663000	12.694000	12.725000	12.772000	12.803000	12.834000	12.866000	12.897000	12.928000	12.959000	13.006000	13.037000	13.068000	13.100000	13.131000	13.162000	13.193000	13.240000	13.271000	13.302000	13.334000	13.365000	13.396000	13.427000	13.458000	13.505000	13.536000	13.568000	13.599000	13.630000	13.661000	13.692000	13.739000	13.770000	13.802000	13.833000	13.864000	13.895000	13.926000	13.973000	14.004000	14.036000	14.067000	14.098000	14.129000	14.160000	14.192000	14.238000	14.270000	14.301000	14.332000	14.363000	14.394000	14.426000	14.473000	14.504000	14.535000	14.566000	14.597000	14.629000	14.660000	14.707000	14.738000	14.769000	14.800000	14.831000	14.863000	14.894000	14.925000	14.972000	15.003000	15.034000	15.065000	15.097000	15.128000	15.159000	15.206000	15.237000	15.268000	15.299000	15.331000	15.362000	15.393000	15.440000	15.471000	15.502000	15.533000	15.565000	15.596000	15.627000	15.658000	15.705000	15.736000	15.767000	15.799000	15.830000	15.861000	15.892000	15.939000	15.970000	16.001000	16.033000	16.064000	16.095000	16.126000	16.173000	16.204000	16.235000	16.267000	16.298000	16.329000	16.360000	16.391000	16.438000	16.469000	16.501000	16.532000	16.563000	16.594000	16.625000	16.657000	16.703000	16.735000	16.766000	16.797000	16.828000	16.859000	16.891000	16.937000	16.969000	17.000000	17.031000	17.062000	17.093000	17.125000	17.171000	17.203000	17.234000	17.265000	17.296000	17.327000	17.359000	17.390000	17.437000	17.468000	17.499000	17.530000	17.561000	17.593000	17.624000	17.671000	17.702000	17.733000	17.764000	17.795000	17.827000	17.858000	17.905000	17.936000	17.967000
%%%	1.250725	1.200000	1.252174	1.220580	1.240290	1.252754	1.263623	1.238406	1.254493	1.298551	1.268551	1.283623	1.275362	1.286377	1.310145	1.263768	1.267246	1.277681	1.130435	1.281014	1.274058	1.105362	1.291159	1.286957	1.259710	1.205797	1.192464	1.079855	1.161449	1.149855	1.111884	1.100145	1.025507	1.079275	0.988551	1.042898	1.031884	1.055072	1.052174	1.008696	1.049275	1.062029	1.024928	1.025072	1.023913	1.044058	1.057970	1.003188	1.072319	1.066232	1.059710	1.101015	1.108841	1.104928	1.014493	1.078261	1.147826	1.095652	1.089710	1.061449	1.078261	0.998841	1.117971	1.071159	1.091884	1.079855	1.078261	1.094493	1.122319	1.120145	1.117971	1.131594	1.137681	1.105362	1.107102	1.171015	1.150580	1.060870	1.131014	1.106232	1.137536	1.151160	1.100580	1.118406	1.098406	1.072899	1.137101	1.115072	1.066232	1.069855	1.117971	1.062029	1.111449	1.020725	1.147826	1.115217	1.105507	1.118551	1.096812	1.116377	1.101015	1.113768	1.114203	1.089855	1.042754	1.098841	1.079275	0.977971	1.062464	1.007102	1.062464	1.074928	1.055072	1.098406	0.999420	1.031884	1.066667	1.097246	1.092898	1.104928	1.015072	0.991304	1.097246	1.018551	1.097246	1.094638	1.079855	1.066667	1.156522	1.113333	1.061449	1.070725	1.007681	1.096812	1.118551	1.138406	1.146232	1.101594	1.131594	1.158116	1.134058	1.082754	0.912464	1.127681	1.105507	1.135362	1.089855	1.092898	1.044638	1.078261	1.078261	1.081594	1.081015	1.089855	1.094493	1.095652	1.091884	1.068551	1.114203	1.097246	1.153623	1.111884	1.089855	1.133333	1.098841	1.113043	1.107536	1.084058	1.101449	1.043333	1.078261	1.111449	1.113768	1.096812	1.081449	1.077101	1.078261	1.117971	1.089710	1.098841	1.062029	1.078841	1.100725	1.063623	1.048985	1.121159	1.043478	1.096232	1.101015	1.094493	1.061449	0.998841	1.096812	1.078261	1.090290	1.094493	1.114203	1.084058	1.078261	1.095072	1.061449	1.062754	1.109855	1.117971	1.092464	1.090725	1.072464	1.079420	1.041159	1.124638	1.065797	1.083768	1.071739	1.007681	1.063188	1.078841	1.010580	1.117246	1.088116	1.098406	1.100725	1.054058	1.088116	1.059855	1.063333	1.048406	1.074058	1.078261	1.072464	1.037971	1.018406	1.026812	1.035507	1.075942	1.043478	1.084058	1.061449	1.070000	1.070725	1.062464	1.087536	1.079420	1.055072	1.042319	1.044058	1.072319	1.055072	0.962319	1.052899	1.078261	1.029855	1.055072	1.043188	1.062899	1.124638	0.967971	1.066377	1.078261	1.079420	1.096232	1.027246	1.078841	1.053188	1.078261	1.025942	1.078841	1.096812	1.062029	1.008116	0.962319	1.082029	0.896232	0.885362	1.061449	1.081449	1.050145	1.048841	1.062319	1.029999	1.044058	1.083623	0.988551	0.962319	1.068116	1.052174	1.078841	1.062464	0.939275	1.043333	1.028551	1.019275	1.079420	1.016232	1.044638	1.055072	1.055072	1.044058	1.050580	1.044058	1.007971	0.962319	1.043478	1.044058	1.046232	1.055072	1.061884	1.008696	1.060870	1.058116	1.049420	0.962319	1.059275	1.069565	1.061449	1.024928	1.059710	1.054203	1.070725	1.067536	1.041594	0.962319	1.044058	1.044058	1.000145	1.008696	1.013623	0.962319	0.962319	1.026087	1.040724	1.015072	1.043333	1.025942	1.042898	1.034928	0.962319	1.013478	1.055072	1.003188	1.044638	1.038406	1.043478	1.031884	1.017536	0.981594	0.983188	1.008116	1.055072	0.990725	0.990725	1.044493	1.008116	0.997681	1.000725	1.007536	1.022754	0.996667	1.045362	1.009420	1.041015	1.025362	0.996232	1.055072	0.991449	0.987971	1.020580	0.992464	1.004348	1.016232	1.010580	1.025942	1.020725	1.029275	1.002754	0.998841	1.008841	1.007536	1.008696	1.016812	0.950725	0.990290	0.973333	1.014638	0.962319	1.006377	0.989710	0.972319	0.971739	0.968985	0.955362	0.974058	0.962319	0.985362	1.007681	0.994058	0.974493	0.983768	0.973333	0.998406	1.006377	1.002899	0.970725	0.990145	1.020290	0.982464	0.990145	0.992898	1.000145	0.967971	0.991884	0.957102	0.968406	0.994058	1.007681	0.951159	0.970290	0.985507	1.025942	1.007102	1.003768	0.999420	1.007536	1.000145	0.960290	0.929855	0.954928	1.003768	0.976377	0.973768	1.007102	1.008116	0.994638	0.983188	1.008696	0.991449	1.007102	0.969710	0.988116	0.975072	0.988986	0.952319	0.977681	0.904493	0.990145	0.982464	1.007102	1.008116	0.955942	0.957681	0.988116	0.969130	0.991304	0.976667	1.012029	0.960290	0.990725	0.968406	0.998551	0.963623	0.968551	0.987536	1.020145	0.999420	0.972754	0.950725	0.954928	0.918841	0.869565	0.958116	0.938116	0.951015	0.968985	0.990290	0.973333	0.990145	0.987101	1.008116	0.964638	0.983768	0.967971	0.954928	0.957536	0.985507	0.962319	0.996232	0.996812	1.003623	1.007971	0.996232	0.951159	0.952754	0.979275	0.947971	0.974928	0.973333	0.915942	0.976667	0.996232	0.971159	0.968985	0.972464	0.972899	0.951594	0.987971	0.979710	0.955507	0.936377	0.964058	0.973333	0.929420	0.956377	0.972029	0.980725	0.967536	0.968985	0.959275	0.933188	1.003333	0.975507	0.997246	0.972899	0.989710	1.055072	1.015942	1.008696	1.033188	1.048985	1.014493	1.001015	0.973333	1.005362	0.988551	0.975072	0.996232	0.981015	0.991884	1.000145	1.018406	0.973333	1.017391	0.982609	1.005362
%%%	Left Pupil Profile (1st row -> 1 == valid tracking, 0 == invalid tracking; 2nd row -> time; 3rd row -> diameter (mm))
%%%	0	0	0	0	0	0	0	0	0	0	0	0	0	0	0	0	0	0	0	0	0	0	0	0	0	0	0	0	0	0	0	0	0	0	0	0	0	0	0	0	0	0	0	0	0	0	0	0	0	0	0	0	0	0	0	0	0	0	0	0	0	0	0	0	0	0	0	0	0	0	0	0	0	0	0	0	0	0	0	0	0	0	0	0	0	0	0	0	0	0	0	0	0	0	0	0	0	0	0	0	0	0	0	0	0	0	0	0	0	0	0	0	0	0	0	0	0	0	0	0	0	0	0	0	0	0	0	0	0	0	0	0	0	0	0	0	0	0	0	0	0	0	0	0	0	0	0	0	0	0	0	0	0	0	0	0	0	0	0	0	0	0	0	0	0	0	0	0	0	0	0	0	0	0	0	0	0	0	0	0	0	0	0	0	0	0	0	0	0	0	0	0	0	0	0	0	0	0	0	0	0	0	0	0	0	0	0	0	0	0	0	0	0	0	0	0	0	0	0	0	0	0	0	0	0	0	0	0	0	0	0	0	0	0	0	0	0	0	0	0	0	0	0	0	0	0	0	0	0	0	0	0	0	0	0	0	0	0	0	0	0	0	0	0	0	0	0	0	0	0	0	0	0	0	0	0	0	0	0	0	0	0	0	0	0	0	0	0	0	0	0	0	0	0	0	0	0	0	0	0	0	0	0	0	0	0	0	0	0	0	0	0	0	0	0	0	0	0	0	0	0	0	0	0	0	0	0	0	0	0	0	0	0	0	0	0	0	0	0	0	0	0	0	0	0	0	0	0	0	0	0	0	0	0	0	0	0	0	0	0	0	0	0	0	0	0	0	0	0	0	0	0	0	0	0	0	0	0	0	0	0	0	0	0	0	0	0	0	0	0	0	0	0	0	0	0	0	0	0	0	0	0	0	0	0	0	0	0	0	0	0	0	0	0	0	0	0	0	0	0	0	0	0	0	0	0	0	0	0	0	0	0	0	0	0	0	0	0	0	0	0	0	0	0	0	0	0	0	0	0	0	0	0	0	0	0	0	0	0	0	0	0	0	0	0	0	0	0	0	0	0	0	0	0	0	0	0	0	0	0	0	0	0	0	0	0	0	0	0	0	0	0	0	0	0	0	0	0	0	0	0	0	0	0	0	0	0	0	0	0	0	0	0	0	0	0	0	0	0	0	0	0	0	0	0	0	0	0	0	0	0	0	0	0	0	0	0	0	0	0	0	0
%%%	-0.067000	-0.036000	0.011000	0.042000	0.074000	0.105000	0.136000	0.167000	0.198000	0.230000	0.276000	0.308000	0.339000	0.370000	0.401000	0.432000	0.464000	0.510000	0.542000	0.573000	0.604000	0.635000	0.666000	0.698000	0.744000	0.776000	0.807000	0.838000	0.869000	0.900000	0.932000	0.963000	1.010000	1.041000	1.072000	1.103000	1.134000	1.166000	1.197000	1.244000	1.275000	1.306000	1.337000	1.368000	1.400000	1.431000	1.478000	1.509000	1.540000	1.571000	1.602000	1.634000	1.665000	1.696000	1.743000	1.774000	1.805000	1.836000	1.868000	1.899000	1.930000	1.977000	2.008000	2.039000	2.070000	2.102000	2.133000	2.164000	2.211000	2.242000	2.273000	2.304000	2.336000	2.367000	2.398000	2.429000	2.476000	2.507000	2.538000	2.570000	2.601000	2.632000	2.663000	2.710000	2.741000	2.772000	2.804000	2.835000	2.866000	2.897000	2.928000	2.975000	3.006000	3.038000	3.069000	3.100000	3.131000	3.162000	3.209000	3.240000	3.272000	3.303000	3.334000	3.365000	3.396000	3.443000	3.474000	3.506000	3.537000	3.568000	3.599000	3.630000	3.662000	3.708000	3.740000	3.771000	3.802000	3.833000	3.864000	3.896000	3.942000	3.974000	4.005000	4.036000	4.067000	4.098000	4.130000	4.161000	4.208000	4.239000	4.270000	4.301000	4.332000	4.364000	4.395000	4.442000	4.473000	4.504000	4.535000	4.566000	4.598000	4.629000	4.676000	4.707000	4.738000	4.769000	4.800000	4.832000	4.863000	4.894000	4.941000	4.972000	5.003000	5.034000	5.066000	5.097000	5.128000	5.175000	5.206000	5.237000	5.268000	5.300000	5.331000	5.362000	5.409000	5.440000	5.471000	5.502000	5.534000	5.565000	5.596000	5.627000	5.674000	5.705000	5.736000	5.768000	5.799000	5.830000	5.861000	5.908000	5.939000	5.970000	6.002000	6.033000	6.064000	6.095000	6.142000	6.173000	6.204000	6.236000	6.267000	6.298000	6.329000	6.360000	6.407000	6.438000	6.470000	6.501000	6.532000	6.563000	6.594000	6.641000	6.672000	6.704000	6.735000	6.766000	6.797000	6.828000	6.875000	6.906000	6.938000	6.969000	7.000000	7.031000	7.062000	7.094000	7.140000	7.172000	7.203000	7.234000	7.265000	7.296000	7.328000	7.374000	7.406000	7.437000	7.468000	7.499000	7.530000	7.562000	7.593000	7.640000	7.671000	7.702000	7.733000	7.764000	7.796000	7.827000	7.874000	7.905000	7.936000	7.967000	7.998000	8.030000	8.061000	8.092000	8.139000	8.170000	8.201000	8.232000	8.264000	8.295000	8.326000	8.373000	8.404000	8.435000	8.466000	8.498000	8.529000	8.560000	8.607000	8.638000	8.669000	8.700000	8.732000	8.763000	8.794000	8.825000	8.872000	8.903000	8.934000	8.966000	8.997000	9.028000	9.059000	9.106000	9.137000	9.168000	9.200000	9.231000	9.262000	9.293000	9.340000	9.371000	9.402000	9.434000	9.465000	9.496000	9.527000	9.558000	9.605000	9.636000	9.668000	9.699000	9.730000	9.761000	9.792000	9.839000	9.870000	9.902000	9.933000	9.964000	9.995000	10.026000	10.073000	10.104000	10.136000	10.167000	10.198000	10.229000	10.260000	10.292000	10.338000	10.370000	10.401000	10.432000	10.463000	10.494000	10.526000	10.572000	10.604000	10.635000	10.666000	10.697000	10.728000	10.760000	10.806000	10.838000	10.869000	10.900000	10.931000	10.962000	10.994000	11.025000	11.072000	11.103000	11.134000	11.165000	11.196000	11.228000	11.259000	11.306000	11.337000	11.368000	11.399000	11.430000	11.462000	11.493000	11.540000	11.571000	11.602000	11.633000	11.664000	11.696000	11.727000	11.758000	11.805000	11.836000	11.867000	11.898000	11.930000	11.961000	11.992000	12.023000	12.070000	12.101000	12.132000	12.164000	12.195000	12.226000	12.257000	12.304000	12.335000	12.366000	12.398000	12.429000	12.460000	12.491000	12.538000	12.569000	12.600000	12.632000	12.663000	12.694000	12.725000	12.756000	12.803000	12.834000	12.866000	12.897000	12.928000	12.959000	12.990000	13.037000	13.068000	13.100000	13.131000	13.162000	13.193000	13.224000	13.271000	13.302000	13.334000	13.365000	13.396000	13.427000	13.458000	13.490000	13.536000	13.568000	13.599000	13.630000	13.661000	13.692000	13.724000	13.770000	13.802000	13.833000	13.864000	13.895000	13.926000	13.958000	14.004000	14.036000	14.067000	14.098000	14.129000	14.160000	14.192000	14.223000	14.270000	14.301000	14.332000	14.363000	14.394000	14.426000	14.457000	14.504000	14.535000	14.566000	14.597000	14.629000	14.660000	14.691000	14.738000	14.769000	14.800000	14.831000	14.863000	14.894000	14.925000	14.956000	15.003000	15.034000	15.065000	15.097000	15.128000	15.159000	15.190000	15.237000	15.268000	15.299000	15.331000	15.362000	15.393000	15.424000	15.471000	15.502000	15.533000	15.565000	15.596000	15.627000	15.658000	15.689000	15.736000	15.767000	15.799000	15.830000	15.861000	15.892000	15.923000	15.955000	16.001000	16.033000	16.064000	16.095000	16.126000	16.157000	16.189000	16.235000	16.267000	16.298000	16.329000	16.360000	16.391000	16.423000	16.469000	16.501000	16.532000	16.563000	16.594000	16.625000	16.657000	16.688000	16.735000	16.766000	16.797000	16.828000	16.859000	16.891000	16.922000	16.969000	17.000000	17.031000	17.062000	17.093000	17.125000	17.156000	17.203000	17.234000	17.265000	17.296000	17.327000	17.359000	17.390000	17.421000	17.468000	17.499000	17.530000	17.561000	17.593000	17.624000	17.655000	17.702000	17.733000	17.764000	17.795000	17.827000	17.858000	17.889000	17.936000	17.967000
%%%	13.913043	13.913043	13.913043	13.913043	13.913043	13.913043	13.913043	13.913043	13.913043	13.913043	13.913043	13.913043	13.913043	13.913043	13.913043	13.913043	13.913043	13.913043	13.913043	13.913043	13.913043	13.913043	13.913043	13.913043	13.913043	13.913043	13.913043	13.913043	13.913043	13.913043	13.913043	13.913043	13.913043	13.913043	13.913043	13.913043	13.913043	13.913043	13.913043	13.913043	13.913043	13.913043	13.913043	13.913043	13.913043	13.913043	13.913043	13.913043	13.913043	13.913043	13.913043	13.913043	13.913043	13.913043	13.913043	13.913043	13.913043	13.913043	13.913043	13.913043	13.913043	13.913043	13.913043	13.913043	13.913043	13.913043	13.913043	13.913043	13.913043	13.913043	13.913043	13.913043	13.913043	13.913043	13.913043	13.913043	13.913043	13.913043	13.913043	13.913043	13.913043	13.913043	13.913043	13.913043	13.913043	13.913043	13.913043	13.913043	13.913043	13.913043	13.913043	13.913043	13.913043	13.913043	13.913043	13.913043	13.913043	13.913043	13.913043	13.913043	13.913043	13.913043	13.913043	13.913043	13.913043	13.913043	13.913043	13.913043	13.913043	13.913043	13.913043	13.913043	13.913043	13.913043	13.913043	13.913043	13.913043	13.913043	13.913043	13.913043	13.913043	13.913043	13.913043	13.913043	13.913043	13.913043	13.913043	13.913043	13.913043	13.913043	13.913043	13.913043	13.913043	13.913043	13.913043	13.913043	13.913043	13.913043	13.913043	13.913043	13.913043	13.913043	13.913043	13.913043	13.913043	13.913043	13.913043	13.913043	13.913043	13.913043	13.913043	13.913043	13.913043	13.913043	13.913043	13.913043	13.913043	13.913043	13.913043	13.913043	13.913043	13.913043	13.913043	13.913043	13.913043	13.913043	13.913043	13.913043	13.913043	13.913043	13.913043	13.913043	13.913043	13.913043	13.913043	13.913043	13.913043	13.913043	13.913043	13.913043	13.913043	13.913043	13.913043	13.913043	13.913043	13.913043	13.913043	13.913043	13.913043	13.913043	13.913043	13.913043	13.913043	13.913043	13.913043	13.913043	13.913043	13.913043	13.913043	13.913043	13.913043	13.913043	13.913043	13.913043	13.913043	13.913043	13.913043	13.913043	13.913043	13.913043	13.913043	13.913043	13.913043	13.913043	13.913043	13.913043	13.913043	13.913043	13.913043	13.913043	13.913043	13.913043	13.913043	13.913043	13.913043	13.913043	13.913043	13.913043	13.913043	13.913043	13.913043	13.913043	13.913043	13.913043	13.913043	13.913043	13.913043	13.913043	13.913043	13.913043	13.913043	13.913043	13.913043	13.913043	13.913043	13.913043	13.913043	13.913043	13.913043	13.913043	13.913043	13.913043	13.913043	13.913043	13.913043	13.913043	13.913043	13.913043	13.913043	13.913043	13.913043	13.913043	13.913043	13.913043	13.913043	13.913043	13.913043	13.913043	13.913043	13.913043	13.913043	13.913043	13.913043	13.913043	13.913043	13.913043	13.913043	13.913043	13.913043	13.913043	13.913043	13.913043	13.913043	13.913043	13.913043	13.913043	13.913043	13.913043	13.913043	13.913043	13.913043	13.913043	13.913043	13.913043	13.913043	13.913043	13.913043	13.913043	13.913043	13.913043	13.913043	13.913043	13.913043	13.913043	13.913043	13.913043	13.913043	13.913043	13.913043	13.913043	13.913043	13.913043	13.913043	13.913043	13.913043	13.913043	13.913043	13.913043	13.913043	13.913043	13.913043	13.913043	13.913043	13.913043	13.913043	13.913043	13.913043	13.913043	13.913043	13.913043	13.913043	13.913043	13.913043	13.913043	13.913043	13.913043	13.913043	13.913043	13.913043	13.913043	13.913043	13.913043	13.913043	13.913043	13.913043	13.913043	13.913043	13.913043	13.913043	13.913043	13.913043	13.913043	13.913043	13.913043	13.913043	13.913043	13.913043	13.913043	13.913043	13.913043	13.913043	13.913043	13.913043	13.913043	13.913043	13.913043	13.913043	13.913043	13.913043	13.913043	13.913043	13.913043	13.913043	13.913043	13.913043	13.913043	13.913043	13.913043	13.913043	13.913043	13.913043	13.913043	13.913043	13.913043	13.913043	13.913043	13.913043	13.913043	13.913043	13.913043	13.913043	13.913043	13.913043	13.913043	13.913043	13.913043	13.913043	13.913043	13.913043	13.913043	13.913043	13.913043	13.913043	13.913043	13.913043	13.913043	13.913043	13.913043	13.913043	13.913043	13.913043	13.913043	13.913043	13.913043	13.913043	13.913043	13.913043	13.913043	13.913043	13.913043	13.913043	13.913043	13.913043	13.913043	13.913043	13.913043	13.913043	13.913043	13.913043	13.913043	13.913043	13.913043	13.913043	13.913043	13.913043	13.913043	13.913043	13.913043	13.913043	13.913043	13.913043	13.913043	13.913043	13.913043	13.913043	13.913043	13.913043	13.913043	13.913043	13.913043	13.913043	13.913043	13.913043	13.913043	13.913043	13.913043	13.913043	13.913043	13.913043	13.913043	13.913043	13.913043	13.913043	13.913043	13.913043	13.913043	13.913043	13.913043	13.913043	13.913043	13.913043	13.913043	13.913043	13.913043	13.913043	13.913043	13.913043	13.913043	13.913043	13.913043	13.913043	13.913043	13.913043	13.913043	13.913043	13.913043	13.913043	13.913043	13.913043	13.913043	13.913043	13.913043	13.913043	13.913043	13.913043	13.913043	13.913043	13.913043	13.913043	13.913043	13.913043	13.913043	13.913043	13.913043	13.913043	13.913043	13.913043	13.913043	13.913043	13.913043	13.913043	13.913043	13.913043	13.913043	13.913043	13.913043	13.913043	13.913043	13.913043	13.913043	13.913043	13.913043	13.913043	13.913043	13.913043	13.913043	13.913043	13.913043	13.913043	13.913043	13.913043	13.913043	13.913043	13.913043	13.913043	13.913043	13.913043	13.913043	13.913043	13.913043	13.913043	13.913043
%%%	Pulse Index	Stimulus Section Index	Stimulus Section Start Index	Stimulus Section End Index	Pupil Stimulated: 0 = Right, 1 = Left, 2 = Both	Light Metric: 0 = Photopic, 1 = Scopotic, 2 = Radiometric	Stimulus Start Time	Stimulus Duration	Stimulus Pulse Duration	Right Pulse Max Level	Right Pulse Max Color (0123 = WRGB)	Right Pulse Min Level	Right Pulse Min Color (0123 = WRGB)	Left Pulse Max Level	Left Pulse Max Color (0123 = WRGB)	Left Pulse Min Level	Left Pulse Min Color (0123 = WRGB)	Right Data Input Type (0 == RAW DATA, 1 == FITTED DATA, 2 == M. OVERRIDED)	Right ANALYSIS STATE (0 == ABNORMAL, 1 == NORMAL)	Right MAX (mm) (EMPTY if INVALID)	Right MIN (mm) (EMPTY if INVALID)	Right DELTA (mm) (EMPTY if INVALID)	Right CH (%) (EMPTY if INVALID)	Right LAT (sec) (EMPTY if INVALID)	Right CV (mm/s) (EMPTY if INVALID)	Right MCV (mm/s) (EMPTY if INVALID)	Right DV (mm/s) (EMPTY if INVALID)	Left Data Input Type (0 == RAW DATA, 1 == FITTED DATA, 2 == M. OVERRIDED)	Left ANALYSIS STATE (0 == ABNORMAL, 1 == NORMAL)	Left MAX (mm) (EMPTY if INVALID)	Left MIN (mm) (EMPTY if INVALID)	Left DELTA (mm) (EMPTY if INVALID)	Left CH (%) (EMPTY if INVALID)	Left LAT (sec) (EMPTY if INVALID)	Left CV (mm/s) (EMPTY if INVALID)	Left MCV (mm/s) (EMPTY if INVALID)	Left DV (mm/s) (EMPTY if INVALID)
%%%	0	0	17	541	0	0	0.51	17.52	0.51	15.98	1	0.00	1	0.00	1	0.00	1	0	0	0.00	0.00			0.00	0.00	0.00	0.00	0	0	0.00	0.00			0.00	0.00	0.00	0.00
%%%%%%%%%
%%%%%%%%%
%%%%%%%%%
<\SESSION>
