<SESSION>
<VERSION>
2
<\VERSION>
<DATE>
2017-12-05 10:51:27
<\DATE>
<SUBJECT-ID>
c57bl6-4.11.17-1mois-DAOG-F1-1.2r
<\SUBJECT-ID>
<NOTE>

<\NOTE>
<MIN-MAX-PLOT>
0.100000 51880.761719
<\MIN-MAX-PLOT>
<STIMULUS-DEFINED>
Default
Default Human Relative Spectral Sensitivity
1	0
1	0.500000	0.500000	17.000000	1	1	1.200000	-100.000000	0.100000	-100.000000	0
<\STIMULUS-DEFINED>
<STIMULUS-GENERATED>
4
0	0	0.000000	1	0.000000	0.000000	1	0.000000	0.000000
0	1	0.509000	1	0.065221	15.983889	1	0.000000	0.000000
0	4	1.018000	1	0.000000	0.000000	1	0.000000	0.000000
-1	5	18.027000	0	0.000000	0.000000	0	0.000000	0.000000
<\STIMULUS-GENERATED>
<RIGHT-PUPIL-DATA>
542	1
1	-0.065000	0.981449	251.212494	389.649994
1	-0.034000	0.973333	251.375000	389.500000
1	-0.003000	0.987536	251.312500	389.312500
1	0.028000	0.973333	250.500000	389.500000
1	0.075000	0.988551	250.718750	390.718750
1	0.106000	0.985507	251.000000	391.000000
1	0.137000	0.984928	250.837494	390.199982
1	0.169000	0.964058	251.074982	390.024994
1	0.200000	0.970725	250.475006	389.850006
1	0.231000	0.962319	251.000000	390.000000
1	0.262000	0.892754	250.500000	390.500000
1	0.309000	0.951159	251.181244	388.818756
1	0.340000	0.951594	250.812500	389.187500
1	0.371000	0.964203	250.856232	389.993744
1	0.403000	0.959855	250.756256	389.943756
1	0.434000	0.957102	250.750000	390.750000
1	0.465000	0.977681	250.625000	390.062500
1	0.496000	0.967971	250.718750	390.031250
1	0.527000	0.968551	250.556244	389.981232
1	0.574000	0.967971	250.468750	389.956238
1	0.605000	1.000725	251.143738	389.581238
1	0.637000	0.985942	250.993744	389.306244
1	0.668000	0.999420	250.875000	389.562500
1	0.699000	0.915942	250.500000	390.500000
1	0.730000	0.998841	250.850006	390.399994
1	0.761000	0.990290	250.868744	390.756256
1	0.808000	0.991884	250.799988	391.799988
1	0.839000	0.976812	250.987488	391.125000
1	0.871000	0.966667	251.062500	390.862488
1	0.902000	0.927101	250.318756	390.556244
1	0.933000	0.917391	251.250000	390.625000
1	0.964000	0.904348	250.625000	390.625000
1	0.995000	0.800000	250.500000	390.500000
1	1.027000	0.872464	250.924988	390.174988
1	1.073000	0.874638	250.750000	390.187500
1	1.105000	0.800000	250.500000	390.500000
1	1.136000	0.800000	250.500000	390.500000
1	1.167000	0.836377	250.406250	391.406250
1	1.198000	0.835942	250.475006	391.399994
1	1.229000	0.814203	250.287506	390.287506
1	1.261000	0.800000	250.500000	390.500000
1	1.307000	0.823188	250.250000	390.250000
1	1.339000	0.794203	249.875000	389.125000
1	1.370000	0.809275	250.250000	388.875000
1	1.401000	0.840580	250.500000	389.000000
1	1.432000	0.814638	250.281250	388.718750
1	1.463000	0.849275	250.687500	389.187500
1	1.495000	0.839710	250.687500	389.549988
1	1.541000	0.800000	250.500000	390.500000
1	1.573000	0.853188	250.131256	390.293732
1	1.604000	0.800000	250.500000	390.500000
1	1.635000	0.869565	250.000000	389.000000
1	1.666000	0.869710	250.256256	388.993744
1	1.697000	0.898985	250.443756	389.443756
1	1.729000	0.887536	250.637512	389.062500
1	1.760000	0.901449	250.500000	389.500000
1	1.807000	0.892754	250.424988	389.862488
1	1.838000	0.926667	250.437500	389.562500
1	1.869000	0.914203	250.100006	390.100006
1	1.900000	0.919855	250.218750	390.343750
1	1.931000	0.920725	250.243744	391.243744
1	1.963000	0.941884	250.281250	390.718750
1	1.994000	0.935942	249.975006	390.337494
1	2.041000	0.949420	250.156250	390.218750
1	2.072000	0.914493	250.262512	389.737488
1	2.103000	0.932029	250.093750	389.593750
1	2.134000	0.933188	250.031250	389.656250
1	2.165000	0.968116	249.937500	389.062500
1	2.197000	0.957536	249.743744	389.068756
1	2.228000	0.938116	250.006256	389.493744
1	2.275000	0.935073	249.649963	389.500000
1	2.306000	0.920580	249.774994	389.725006
1	2.337000	0.927681	250.156250	389.531250
1	2.368000	0.931015	250.375000	389.625000
1	2.399000	0.939130	249.625000	389.375000
1	2.431000	0.937971	250.024994	389.287506
1	2.462000	0.926667	250.312500	388.687500
1	2.493000	0.929855	250.424988	389.424988
1	2.540000	0.947246	250.250000	389.375000
1	2.571000	0.929710	250.406250	389.393738
1	2.602000	0.915942	250.500000	390.500000
1	2.633000	0.937247	250.468750	389.468750
1	2.665000	0.947246	250.625000	389.625000
1	2.696000	0.915942	248.500000	388.500000
1	2.727000	0.967246	250.837494	388.962494
1	2.774000	0.933768	250.618744	388.618744
1	2.805000	0.939130	250.000000	388.000000
1	2.836000	0.978116	251.056244	388.181244
1	2.867000	0.972464	250.875000	388.125000
1	2.899000	0.892754	250.500000	386.500000
1	2.930000	0.985942	252.068756	388.931244
1	2.961000	0.968406	252.037506	387.962494
1	2.992000	0.968406	251.587494	389.037506
1	3.039000	0.981594	252.131256	390.368744
0	3.070000	0.892754	250.500000	386.500000
1	3.101000	0.975072	251.899994	390.012482
1	3.133000	0.987971	251.756256	389.243744
1	3.164000	0.959710	251.212494	389.350006
1	3.195000	0.957681	250.725006	389.287506
1	3.226000	0.941884	250.531250	389.281250
1	3.273000	0.964058	250.399994	389.100006
1	3.304000	0.939130	249.812500	389.062500
1	3.335000	0.934493	249.575012	389.500000
1	3.367000	0.916667	249.768738	389.593750
1	3.398000	0.929855	249.125000	389.362488
1	3.429000	0.922464	249.456238	388.768738
1	3.460000	0.929855	250.125000	387.437500
1	3.507000	0.939130	249.500000	387.500000
1	3.538000	0.916377	249.693756	387.381256
1	3.569000	0.927101	250.318756	387.443756
1	3.601000	0.919275	251.368744	387.556244
1	3.632000	0.929855	251.424988	387.424988
1	3.663000	0.937536	251.031250	387.518738
1	3.694000	0.951159	251.193756	387.181244
1	3.725000	0.939275	251.306244	386.506256
1	3.772000	0.941159	250.774994	386.287506
1	3.803000	0.931594	250.600006	385.475006
1	3.835000	0.960290	251.250000	385.062500
1	3.866000	0.957102	250.750000	384.687500
1	3.897000	0.967971	251.531250	384.956238
1	3.928000	0.967971	251.468750	384.968750
1	3.959000	0.968116	251.500000	386.000000
1	4.006000	0.984928	251.337494	386.087494
1	4.037000	0.981015	251.031250	386.656250
1	4.069000	0.992898	251.331238	386.156250
1	4.100000	1.007102	250.531250	386.518738
1	4.131000	0.990290	250.193756	387.243744
1	4.162000	0.991304	250.125000	386.125000
1	4.193000	1.008261	250.268799	385.468750
1	4.240000	1.008696	250.500000	386.500000
1	4.271000	1.003768	250.812500	386.500000
1	4.303000	0.996232	250.187500	387.125000
1	4.334000	1.013188	250.606232	386.381256
1	4.365000	1.002899	250.500000	386.000000
1	4.396000	0.996232	250.562500	386.625000
1	4.427000	0.990290	250.243744	386.756256
1	4.459000	1.013768	250.581238	387.456238
1	4.505000	0.988116	250.037506	387.712494
1	4.537000	0.990290	250.243744	386.243744
1	4.568000	1.008696	250.500000	386.500000
1	4.599000	0.992464	250.649994	386.975006
1	4.630000	0.988551	250.718750	386.706238
1	4.661000	0.987971	250.743744	386.743744
1	4.693000	0.977536	250.893738	386.206238
1	4.739000	0.971449	250.493774	386.518738
1	4.771000	0.987536	250.187500	386.312500
1	4.802000	0.979420	250.212494	386.037506
1	4.833000	0.992319	250.193756	386.193756
1	4.864000	0.979420	249.837494	385.912506
1	4.895000	0.981015	250.656250	385.893738
1	4.927000	0.985362	251.093750	385.718750
1	4.958000	0.988551	250.968750	385.281250
1	5.005000	0.978406	250.943756	385.618744
1	5.036000	0.981449	250.962494	385.649994
1	5.067000	0.987536	250.937500	385.312500
1	5.098000	0.975362	250.125000	385.000000
1	5.129000	0.978986	250.268738	385.918762
1	5.161000	1.007102	250.518738	386.518738
1	5.192000	0.979710	249.500000	387.500000
1	5.239000	0.985362	249.968750	386.718750
1	5.270000	1.009420	250.231262	385.981262
1	5.301000	1.007102	250.531250	385.531250
1	5.332000	0.996522	250.337494	385.149994
1	5.363000	0.987536	250.062500	384.750000
1	5.395000	1.003623	250.468750	384.581238
1	5.426000	0.990145	249.975006	384.662506
1	5.473000	1.000145	250.443756	384.881256
1	5.504000	0.981015	250.031250	385.656250
1	5.535000	0.996232	250.437500	386.437500
1	5.566000	0.986377	249.937500	386.125000
1	5.597000	1.008696	250.500000	386.500000
1	5.629000	0.973333	250.000000	385.500000
1	5.660000	1.000725	250.643707	385.456207
1	5.691000	0.987536	250.250000	384.750000
1	5.738000	1.004638	250.787506	384.524994
1	5.769000	0.983188	251.000000	383.875000
1	5.800000	1.007681	250.506256	384.006256
1	5.831000	0.990290	250.756256	383.931244
1	5.863000	1.008696	250.687500	383.562500
1	5.894000	1.009420	250.768738	384.981262
1	5.925000	1.008696	250.000000	385.000000
1	5.972000	0.998406	250.456238	386.143738
1	6.003000	1.025072	250.193756	385.243744
1	6.034000	0.977246	250.631256	384.568756
1	6.065000	0.954928	250.281250	383.768738
1	6.097000	0.950580	249.793762	384.156250
1	6.128000	0.981449	250.787506	384.350006
1	6.159000	0.972899	250.506256	384.506256
1	6.206000	0.974493	250.875000	385.000000
1	6.237000	0.974493	250.937500	386.875000
1	6.268000	0.959275	250.781250	387.968750
1	6.299000	0.944928	250.500000	387.500000
1	6.331000	0.904493	249.256256	388.193756
1	6.362000	0.956522	251.625000	387.375000
1	6.393000	0.939855	251.668762	387.531250
1	6.424000	0.957102	251.250000	387.750000
1	6.471000	0.967971	250.031250	387.968750
1	6.502000	0.959710	250.337494	387.037506
1	6.533000	0.939130	249.500000	385.500000
1	6.565000	0.972319	249.781250	386.468750
1	6.596000	0.966667	250.062500	386.862488
1	6.627000	0.935507	249.481262	386.393738
1	6.658000	0.971884	250.100006	386.899994
1	6.705000	0.954928	249.706238	387.268738
1	6.736000	0.957681	249.712494	387.725006
1	6.767000	0.959710	249.774994	386.962494
1	6.799000	0.942464	249.506256	386.243744
1	6.830000	0.950580	249.843750	386.156250
1	6.861000	0.941884	250.093750	385.281250
1	6.892000	0.950725	250.250000	384.750000
1	6.939000	0.927101	250.431244	384.556244
1	6.970000	0.946377	250.500000	385.125000
1	7.001000	0.959855	250.681244	385.231232
1	7.033000	0.944928	250.500000	385.500000
1	7.064000	0.964058	250.725006	385.975006
1	7.095000	0.938551	250.375000	386.000000
1	7.126000	0.962319	249.750000	386.250000
1	7.157000	0.967971	249.968750	384.956238
1	7.204000	0.968985	250.437500	384.937500
1	7.235000	0.971159	250.018738	384.918762
1	7.267000	0.985507	251.000000	385.000000
1	7.298000	0.967971	250.043762	384.956238
1	7.329000	0.979420	250.162506	384.837494
1	7.360000	0.970580	250.006256	384.881256
1	7.391000	0.962319	250.000000	386.000000
1	7.438000	0.982609	250.000000	386.250000
1	7.469000	0.915942	248.500000	384.500000
1	7.501000	0.972899	249.506256	386.493744
1	7.532000	1.004058	249.475006	385.524994
1	7.563000	0.971159	249.906250	385.468750
1	7.594000	0.973768	249.993744	384.881256
1	7.625000	0.987971	249.943756	384.256256
1	7.672000	0.939130	249.500000	383.500000
1	7.703000	0.964638	250.000000	384.000000
1	7.735000	0.977681	250.000000	383.987488
1	7.766000	0.981449	249.987518	384.350006
1	7.797000	0.983188	250.000000	385.750000
1	7.828000	0.985942	249.931244	386.068756
1	7.859000	0.994058	249.856262	386.168762
1	7.891000	0.987971	249.943756	386.256256
1	7.937000	0.973333	250.000000	385.500000
1	7.969000	0.987536	250.312500	385.687500
1	8.000000	1.007102	250.231262	385.468750
1	8.031000	1.008696	250.000000	385.000000
1	8.062000	1.008696	250.625000	385.375000
1	8.093000	1.010580	250.718750	385.281250
1	8.125000	1.007102	250.981262	385.518738
1	8.171000	1.007102	250.531250	385.468750
1	8.203000	0.992464	250.225006	386.225006
1	8.234000	0.974493	250.000000	386.000000
1	8.265000	1.006231	250.456146	387.293671
1	8.296000	0.979710	250.000000	386.500000
1	8.327000	0.981594	250.943756	386.193756
1	8.359000	0.974058	250.993744	385.493744
1	8.390000	0.972754	250.975006	385.274994
1	8.437000	0.971159	251.018738	385.018738
1	8.468000	0.978841	250.200073	384.812500
1	8.499000	0.972899	250.868805	384.993744
1	8.530000	0.973333	250.987488	384.500000
1	8.561000	0.970145	250.937500	384.937500
1	8.593000	0.981449	250.850006	385.212494
1	8.624000	0.951015	250.699982	386.212494
1	8.671000	0.951015	250.699982	386.837494
1	8.702000	0.970290	250.518738	385.956238
1	8.733000	0.976232	251.162476	385.549927
1	8.764000	0.987971	250.793732	385.243744
1	8.795000	0.974928	250.631256	384.943756
1	8.827000	0.978406	251.056244	385.443756
1	8.858000	0.998406	251.143738	385.456238
1	8.889000	0.990290	251.193756	385.243744
1	8.936000	0.998551	250.825012	386.174988
1	8.967000	0.985942	250.931244	386.068756
1	8.998000	0.992464	250.649994	386.350006
1	9.029000	0.979855	250.081238	387.031250
1	9.061000	0.991884	250.350037	387.799927
1	9.092000	0.982029	249.637512	386.799988
1	9.123000	0.963623	250.168762	386.593750
1	9.170000	0.935942	250.412506	387.024994
1	9.201000	0.926667	250.312500	387.125000
1	9.232000	0.928841	249.531250	387.093750
1	9.263000	0.927681	250.468750	387.531250
1	9.295000	0.934203	250.437500	388.062500
1	9.326000	0.930435	250.500000	388.250000
1	9.357000	0.915797	250.406250	388.718750
1	9.404000	0.921884	250.368744	388.806244
1	9.435000	0.932029	250.468750	389.406250
1	9.466000	0.920870	250.237488	389.512512
1	9.497000	0.935797	250.543732	389.243744
1	9.529000	0.938116	250.506256	387.543732
1	9.560000	0.931449	250.068756	387.618744
1	9.591000	0.938551	250.250000	387.000000
1	9.622000	0.939130	251.000000	387.000000
1	9.669000	0.964638	251.000000	386.000000
1	9.700000	0.964203	251.381256	386.131256
1	9.731000	0.951449	252.218750	386.706238
1	9.763000	0.973333	252.000000	386.500000
1	9.794000	0.972899	251.943756	386.943756
1	9.825000	0.972899	250.943756	386.943756
1	9.856000	0.960290	250.937500	386.687500
1	9.903000	0.984203	250.968750	385.781250
1	9.934000	0.964058	250.975006	385.024994
1	9.965000	0.964203	251.006256	385.006256
1	9.997000	0.957102	251.125000	384.799988
1	10.028000	0.985507	250.500000	386.500000
1	10.059000	0.964638	251.000000	384.625000
1	10.090000	0.938116	250.993744	385.006256
1	10.137000	0.961884	250.993744	385.006256
1	10.168000	0.955362	251.274994	385.725006
1	10.199000	0.951594	250.812500	386.187500
1	10.231000	0.967971	250.968750	386.156250
1	10.262000	0.972754	250.899994	386.537506
1	10.293000	0.964927	250.912445	386.037445
1	10.324000	0.953333	250.662506	385.337494
1	10.355000	0.957102	250.750000	385.687500
1	10.402000	0.967971	251.031250	385.968750
1	10.433000	0.892754	250.500000	386.500000
1	10.465000	0.965217	250.687500	385.937500
1	10.496000	0.954928	250.768738	386.281250
1	10.527000	0.939130	251.500000	385.500000
1	10.558000	0.955362	250.725006	386.225006
1	10.589000	0.967971	250.956238	386.956238
1	10.636000	0.959275	250.406250	387.031250
1	10.667000	0.937247	250.468750	387.481262
1	10.699000	0.968406	249.837494	386.912506
1	10.730000	0.972899	250.881256	387.493744
1	10.761000	0.939130	249.500000	387.500000
1	10.792000	0.962319	250.000000	388.000000
1	10.823000	0.977101	250.975006	387.412506
1	10.870000	0.974493	251.062500	386.987488
1	10.901000	0.976087	250.943756	387.006256
1	10.933000	0.968406	251.087494	386.912506
1	10.964000	0.967971	251.031250	386.968750
1	10.995000	0.991304	251.000000	387.500000
1	11.026000	0.987536	251.062500	387.250000
1	11.057000	0.994638	250.868744	387.368744
1	11.089000	0.987971	250.943756	387.306244
1	11.135000	0.985362	250.718750	386.031250
1	11.167000	0.979420	251.037506	385.162506
1	11.198000	0.986377	251.000000	385.312500
1	11.229000	0.981015	251.656250	385.843750
1	11.260000	0.977246	251.531342	386.043732
1	11.291000	0.964058	251.649994	385.600006
1	11.323000	0.953333	251.337494	385.774994
1	11.369000	0.950580	251.218750	385.156250
1	11.401000	0.892754	250.500000	386.500000
1	11.432000	0.938696	251.531250	385.518738
1	11.463000	0.939130	251.000000	385.000000
1	11.494000	0.964202	251.206207	386.018646
1	11.525000	0.935072	250.725006	385.524994
1	11.557000	0.935942	251.475006	385.387482
1	11.603000	0.935942	251.387482	385.412506
1	11.635000	0.951594	251.187500	385.362488
1	11.666000	0.956377	251.706207	385.743744
1	11.697000	0.944928	251.500000	385.500000
1	11.728000	0.939130	251.500000	385.500000
1	11.759000	0.938551	251.000000	386.000000
1	11.791000	0.955362	250.899994	386.274994
1	11.822000	0.959275	250.656250	386.031250
1	11.869000	0.939130	249.500000	385.500000
1	11.900000	0.973768	250.981262	386.906250
1	11.931000	0.970290	251.043762	386.956238
1	11.962000	0.939130	251.000000	387.000000
1	11.993000	0.990290	251.681244	387.318756
1	12.025000	0.977681	251.000000	386.562500
1	12.056000	0.987971	251.231232	386.743744
1	12.103000	1.000000	251.250000	387.000000
1	12.134000	0.985507	251.250000	386.250000
1	12.165000	0.988551	250.968750	385.718750
1	12.196000	0.990725	252.062500	386.250000
1	12.227000	1.007102	250.981262	386.468750
1	12.259000	0.985362	251.093750	386.906250
1	12.290000	0.992898	251.331238	387.218750
1	12.337000	0.985362	250.906250	387.093750
1	12.368000	0.985507	251.000000	386.000000
1	12.399000	0.974058	250.993744	386.006256
1	12.430000	0.985507	251.000000	385.000000
1	12.461000	0.966812	251.081238	385.593750
1	12.493000	0.981015	251.093750	385.656250
1	12.524000	0.974493	251.062500	386.000000
1	12.555000	0.974493	251.000000	386.500000
1	12.602000	0.974928	251.056244	386.131256
1	12.633000	0.988551	251.093750	386.718750
1	12.664000	0.989855	252.237488	387.799988
1	12.696000	1.000000	252.500000	387.250000
1	12.727000	1.029855	251.812500	388.437500
1	12.758000	0.990725	252.250000	387.937500
1	12.789000	0.986232	253.000000	387.750000
1	12.820000	0.985507	252.000000	386.000000
1	12.867000	1.009420	252.531250	385.768738
1	12.898000	1.009420	251.268738	385.518738
1	12.930000	0.998985	252.131256	385.631256
1	12.961000	0.992464	252.225006	385.225006
1	12.992000	0.991304	251.500000	385.000000
1	13.023000	1.020145	251.656250	385.343750
1	13.054000	0.998985	252.131256	385.668732
1	13.101000	1.010580	252.031250	385.468750
1	13.132000	1.078261	250.500000	386.500000
1	13.164000	1.007102	251.531250	385.531250
1	13.195000	1.008116	251.750000	385.000000
1	13.226000	0.993623	252.100006	385.324982
1	13.257000	1.007536	251.725006	385.774994
1	13.288000	0.985507	250.500000	386.500000
1	13.335000	0.993768	251.893768	385.743744
1	13.366000	0.977246	251.631256	384.931244
1	13.398000	0.987536	252.062500	385.187500
1	13.429000	0.985362	252.031250	385.706177
1	13.460000	0.989420	252.218750	385.681213
1	13.491000	1.003768	251.812500	385.500000
1	13.522000	0.999420	251.875000	385.437500
1	13.554000	0.990290	251.756256	385.756256
1	13.600000	0.994058	251.281250	384.718750
1	13.632000	0.985507	250.500000	382.500000
1	13.663000	0.988116	251.962494	382.725006
1	13.694000	0.987536	251.687500	381.750000
1	13.725000	0.983188	252.000000	381.750000
1	13.756000	1.007102	252.518738	381.568726
1	13.788000	0.999420	251.875000	381.875000
1	13.834000	1.026812	252.756256	382.231232
1	13.866000	1.016232	252.662506	382.350006
1	13.897000	1.007681	252.506256	382.543732
1	13.928000	1.023333	252.406250	383.206238
1	13.959000	1.026232	251.818756	383.181244
1	13.990000	1.008696	252.000000	383.000000
1	14.022000	0.987536	251.312500	382.187500
1	14.068000	0.988406	252.000000	381.250000
1	14.100000	1.000145	251.818756	381.118744
1	14.131000	1.000145	251.818756	381.618744
1	14.162000	0.987536	251.687500	381.312500
1	14.193000	0.996812	251.587494	381.587494
1	14.224000	1.003188	252.787506	382.475006
1	14.256000	0.974058	252.006256	381.993744
1	14.287000	0.978551	252.062500	382.037476
1	14.334000	0.987536	251.687500	381.312500
1	14.365000	1.021159	251.625000	382.312500
1	14.396000	0.975507	250.656250	382.906250
1	14.427000	1.005942	251.768738	383.281250
1	14.458000	0.987681	251.906250	381.831238
1	14.490000	1.008696	253.000000	382.000000
1	14.521000	1.004638	252.450012	381.500000
1	14.568000	0.998985	252.318756	381.668732
1	14.599000	1.018406	252.681244	382.131256
1	14.630000	1.008116	252.549988	382.000000
1	14.661000	1.007102	252.531250	382.531250
1	14.692000	1.005942	252.468750	382.518738
1	14.724000	1.007102	252.768738	382.481262
1	14.755000	0.994058	252.281250	382.281250
1	14.802000	0.990290	252.681244	382.756256
1	14.833000	1.002754	253.206238	382.793762
1	14.864000	1.001159	252.274994	383.024994
1	14.895000	1.007681	252.493744	382.443756
1	14.926000	1.019855	252.643738	381.156250
1	14.958000	1.003768	252.812500	380.937500
1	14.989000	0.984783	252.937500	381.000000
1	15.020000	0.996232	252.562500	380.437500
1	15.067000	1.000725	252.843750	381.143738
1	15.098000	1.025072	253.568756	381.243744
1	15.129000	1.021014	253.706238	381.206238
1	15.160000	1.007681	252.756195	380.993622
1	15.192000	1.018551	252.662506	380.649994
1	15.223000	1.022319	252.687500	381.187500
1	15.254000	1.008116	252.549988	381.000000
0	15.301000	0.892754	250.500000	378.500000
1	15.332000	1.029275	252.675018	381.537506
1	15.363000	1.017391	252.750000	380.750000
1	15.394000	1.011159	252.743744	380.443756
1	15.426000	0.999420	253.125000	380.187500
1	15.457000	1.020290	252.875000	379.625000
1	15.488000	0.998985	252.881256	380.131256
1	15.535000	1.002899	252.500000	379.500000
1	15.566000	0.998985	252.868744	379.668732
1	15.597000	1.007102	252.531250	379.468750
1	15.628000	1.008696	253.000000	379.000000
1	15.660000	1.000145	253.193756	379.118744
1	15.691000	0.990290	252.756256	378.756256
1	15.722000	0.990145	252.774994	378.725006
1	15.753000	1.009420	253.043732	379.231232
0	15.800000	0.892754	250.500000	378.500000
1	15.831000	0.996232	252.437500	380.562500
1	15.862000	1.016232	252.649994	379.350006
1	15.894000	1.008116	252.549988	379.000000
1	15.925000	0.998841	252.462494	379.149994
1	15.956000	1.007102	252.531250	378.518738
1	15.987000	1.007102	252.468750	377.531250
1	16.034000	1.003333	252.243744	378.181244
1	16.065000	1.008696	252.500000	378.500000
1	16.096000	1.008696	253.000000	379.000000
1	16.128000	1.008116	252.487488	379.000000
1	16.159000	1.002899	252.450012	379.549988
1	16.190000	1.014058	252.606232	379.693756
1	16.221000	1.008696	252.500000	380.500000
1	16.268000	0.994058	252.718750	380.331238
1	16.299000	1.008696	252.500000	380.500000
1	16.330000	1.004493	252.968689	380.481201
1	16.362000	0.974493	252.000000	379.500000
1	16.393000	0.999420	252.875000	379.562500
1	16.424000	0.988116	253.287506	379.712494
1	16.455000	0.984638	253.012482	378.999969
1	16.486000	0.990290	253.243744	378.243744
1	16.533000	1.003188	253.274994	378.475006
1	16.564000	0.971159	253.018738	378.481262
1	16.596000	0.982029	253.625000	379.375000
1	16.627000	1.003623	253.418762	379.468750
1	16.658000	0.973333	253.500000	379.500000
1	16.689000	0.978986	253.081238	379.956238
1	16.720000	0.996377	253.062500	380.125000
1	16.767000	0.990145	253.262482	380.225006
0	16.798000	0.892754	250.500000	378.500000
1	16.830000	1.003768	252.424988	380.500000
1	16.861000	0.990145	252.774994	380.212494
1	16.892000	0.985362	252.968750	379.981262
1	16.923000	0.994058	253.218750	380.281250
1	16.954000	0.985942	253.131256	380.693756
1	16.986000	0.975072	252.975006	380.149994
1	17.032000	1.006377	252.524994	380.475006
1	17.064000	0.985797	252.975006	380.274994
1	17.095000	0.972754	253.024994	379.899994
1	17.126000	0.972899	252.881256	379.506256
1	17.157000	0.977536	252.706238	379.793762
1	17.188000	0.987536	252.687500	379.750000
1	17.220000	0.977536	251.968750	379.793762
1	17.266000	0.985507	254.500000	378.500000
1	17.298000	0.979710	252.987488	381.075012
1	17.329000	0.982609	252.812500	381.687500
1	17.360000	1.007102	253.531250	381.018738
1	17.391000	0.989710	253.343750	380.781250
1	17.422000	0.996667	253.818756	381.568756
1	17.454000	1.007102	253.531250	381.468750
0	17.485000	0.985507	254.500000	378.500000
1	17.532000	0.987536	253.750000	381.687500
1	17.563000	0.978116	253.056244	381.431244
1	17.594000	0.977681	253.062500	381.437500
1	17.625000	1.003188	253.524994	382.449982
1	17.656000	0.976232	252.975006	382.012482
1	17.688000	0.983768	252.975006	382.774994
1	17.719000	0.978406	252.943756	382.931244
1	17.766000	0.987971	252.868744	383.756256
1	17.797000	0.974493	253.000000	384.000000
1	17.828000	0.979710	253.500000	383.500000
1	17.859000	0.995942	252.874969	382.924957
1	17.890000	0.977246	252.993744	383.006256
1	17.922000	0.980290	253.087494	383.037506
1	17.953000	0.996232	253.312500	382.562500
<\RIGHT-PUPIL-DATA>
<LEFT-PUPIL-DATA>
543	0
0	-0.065000	0.000000	250.000000	362.000000
0	-0.034000	0.000000	250.000000	362.000000
0	0.013000	0.000000	250.000000	362.000000
0	0.044000	0.000000	250.000000	362.000000
0	0.075000	0.000000	250.000000	362.000000
0	0.107000	0.000000	250.000000	362.000000
0	0.138000	0.000000	250.000000	362.000000
0	0.169000	0.000000	250.000000	362.000000
0	0.200000	0.000000	250.000000	362.000000
0	0.247000	0.000000	250.000000	362.000000
0	0.278000	0.000000	250.000000	362.000000
0	0.309000	0.000000	250.000000	362.000000
0	0.341000	0.000000	250.000000	362.000000
0	0.372000	0.000000	250.000000	362.000000
0	0.403000	0.000000	250.000000	362.000000
0	0.434000	0.000000	250.000000	362.000000
0	0.481000	0.000000	250.000000	362.000000
0	0.512000	0.000000	250.000000	362.000000
0	0.543000	0.000000	250.000000	362.000000
0	0.575000	0.000000	250.000000	362.000000
0	0.606000	0.000000	250.000000	362.000000
0	0.637000	0.000000	250.000000	362.000000
0	0.668000	0.000000	250.000000	362.000000
0	0.699000	0.000000	250.000000	362.000000
0	0.746000	0.000000	250.000000	362.000000
0	0.777000	0.000000	250.000000	362.000000
0	0.809000	0.000000	250.000000	362.000000
0	0.840000	0.000000	250.000000	362.000000
0	0.871000	0.000000	250.000000	362.000000
0	0.902000	0.000000	250.000000	362.000000
0	0.933000	0.000000	250.000000	362.000000
0	0.980000	0.000000	250.000000	362.000000
0	1.011000	0.000000	250.000000	362.000000
0	1.043000	0.000000	250.000000	362.000000
0	1.074000	0.000000	250.000000	362.000000
0	1.105000	0.000000	250.000000	362.000000
0	1.136000	0.000000	250.000000	362.000000
0	1.167000	0.000000	250.000000	362.000000
0	1.199000	0.000000	250.000000	362.000000
0	1.245000	0.000000	250.000000	362.000000
0	1.277000	0.000000	250.000000	362.000000
0	1.308000	0.000000	250.000000	362.000000
0	1.339000	0.000000	250.000000	362.000000
0	1.370000	0.000000	250.000000	362.000000
0	1.401000	0.000000	250.000000	362.000000
0	1.433000	0.000000	250.000000	362.000000
0	1.479000	0.000000	250.000000	362.000000
0	1.511000	0.000000	250.000000	362.000000
0	1.542000	0.000000	250.000000	362.000000
0	1.573000	0.000000	250.000000	362.000000
0	1.604000	0.000000	250.000000	362.000000
0	1.635000	0.000000	250.000000	362.000000
0	1.667000	0.000000	250.000000	362.000000
0	1.713000	0.000000	250.000000	362.000000
0	1.745000	0.000000	250.000000	362.000000
0	1.776000	0.000000	250.000000	362.000000
0	1.807000	0.000000	250.000000	362.000000
0	1.838000	0.000000	250.000000	362.000000
0	1.869000	0.000000	250.000000	362.000000
0	1.901000	0.000000	250.000000	362.000000
0	1.932000	0.000000	250.000000	362.000000
0	1.979000	0.000000	250.000000	362.000000
0	2.010000	0.000000	250.000000	362.000000
0	2.041000	0.000000	250.000000	362.000000
0	2.072000	0.000000	250.000000	362.000000
0	2.103000	0.000000	250.000000	362.000000
0	2.135000	0.000000	250.000000	362.000000
0	2.166000	0.000000	250.000000	362.000000
0	2.213000	0.000000	250.000000	362.000000
0	2.244000	0.000000	250.000000	362.000000
0	2.275000	0.000000	250.000000	362.000000
0	2.306000	0.000000	250.000000	362.000000
0	2.337000	0.000000	250.000000	362.000000
0	2.369000	0.000000	250.000000	362.000000
0	2.400000	0.000000	250.000000	362.000000
0	2.447000	0.000000	250.000000	362.000000
0	2.478000	0.000000	250.000000	362.000000
0	2.509000	0.000000	250.000000	362.000000
0	2.540000	0.000000	250.000000	362.000000
0	2.571000	0.000000	250.000000	362.000000
0	2.603000	0.000000	250.000000	362.000000
0	2.634000	0.000000	250.000000	362.000000
0	2.665000	0.000000	250.000000	362.000000
0	2.712000	0.000000	250.000000	362.000000
0	2.743000	0.000000	250.000000	362.000000
0	2.774000	0.000000	250.000000	362.000000
0	2.805000	0.000000	250.000000	362.000000
0	2.837000	0.000000	250.000000	362.000000
0	2.868000	0.000000	250.000000	362.000000
0	2.899000	0.000000	250.000000	362.000000
0	2.946000	0.000000	250.000000	362.000000
0	2.977000	0.000000	250.000000	362.000000
0	3.008000	0.000000	250.000000	362.000000
0	3.039000	0.000000	250.000000	362.000000
0	3.071000	0.000000	250.000000	362.000000
0	3.102000	0.000000	250.000000	362.000000
0	3.133000	0.000000	250.000000	362.000000
0	3.180000	0.000000	250.000000	362.000000
0	3.211000	0.000000	250.000000	362.000000
0	3.242000	0.000000	250.000000	362.000000
0	3.273000	0.000000	250.000000	362.000000
0	3.305000	0.000000	250.000000	362.000000
0	3.336000	0.000000	250.000000	362.000000
0	3.367000	0.000000	250.000000	362.000000
0	3.398000	0.000000	250.000000	362.000000
0	3.445000	0.000000	250.000000	362.000000
0	3.476000	0.000000	250.000000	362.000000
0	3.507000	0.000000	250.000000	362.000000
0	3.539000	0.000000	250.000000	362.000000
0	3.570000	0.000000	250.000000	362.000000
0	3.601000	0.000000	250.000000	362.000000
0	3.632000	0.000000	250.000000	362.000000
0	3.679000	0.000000	250.000000	362.000000
0	3.710000	0.000000	250.000000	362.000000
0	3.741000	0.000000	250.000000	362.000000
0	3.773000	0.000000	250.000000	362.000000
0	3.804000	0.000000	250.000000	362.000000
0	3.835000	0.000000	250.000000	362.000000
0	3.866000	0.000000	250.000000	362.000000
0	3.913000	0.000000	250.000000	362.000000
0	3.944000	0.000000	250.000000	362.000000
0	3.975000	0.000000	250.000000	362.000000
0	4.007000	0.000000	250.000000	362.000000
0	4.038000	0.000000	250.000000	362.000000
0	4.069000	0.000000	250.000000	362.000000
0	4.100000	0.000000	250.000000	362.000000
0	4.131000	0.000000	250.000000	362.000000
0	4.178000	0.000000	250.000000	362.000000
0	4.209000	0.000000	250.000000	362.000000
0	4.241000	0.000000	250.000000	362.000000
0	4.272000	0.000000	250.000000	362.000000
0	4.303000	0.000000	250.000000	362.000000
0	4.334000	0.000000	250.000000	362.000000
0	4.365000	0.000000	250.000000	362.000000
0	4.412000	0.000000	250.000000	362.000000
0	4.443000	0.000000	250.000000	362.000000
0	4.475000	0.000000	250.000000	362.000000
0	4.506000	0.000000	250.000000	362.000000
0	4.537000	0.000000	250.000000	362.000000
0	4.568000	0.000000	250.000000	362.000000
0	4.599000	0.000000	250.000000	362.000000
0	4.646000	0.000000	250.000000	362.000000
0	4.677000	0.000000	250.000000	362.000000
0	4.709000	0.000000	250.000000	362.000000
0	4.740000	0.000000	250.000000	362.000000
0	4.771000	0.000000	250.000000	362.000000
0	4.802000	0.000000	250.000000	362.000000
0	4.833000	0.000000	250.000000	362.000000
0	4.865000	0.000000	250.000000	362.000000
0	4.911000	0.000000	250.000000	362.000000
0	4.943000	0.000000	250.000000	362.000000
0	4.974000	0.000000	250.000000	362.000000
0	5.005000	0.000000	250.000000	362.000000
0	5.036000	0.000000	250.000000	362.000000
0	5.067000	0.000000	250.000000	362.000000
0	5.099000	0.000000	250.000000	362.000000
0	5.130000	0.000000	250.000000	362.000000
0	5.177000	0.000000	250.000000	362.000000
0	5.208000	0.000000	250.000000	362.000000
0	5.239000	0.000000	250.000000	362.000000
0	5.270000	0.000000	250.000000	362.000000
0	5.301000	0.000000	250.000000	362.000000
0	5.333000	0.000000	250.000000	362.000000
0	5.364000	0.000000	250.000000	362.000000
0	5.411000	0.000000	250.000000	362.000000
0	5.442000	0.000000	250.000000	362.000000
0	5.473000	0.000000	250.000000	362.000000
0	5.504000	0.000000	250.000000	362.000000
0	5.535000	0.000000	250.000000	362.000000
0	5.567000	0.000000	250.000000	362.000000
0	5.598000	0.000000	250.000000	362.000000
0	5.645000	0.000000	250.000000	362.000000
0	5.676000	0.000000	250.000000	362.000000
0	5.707000	0.000000	250.000000	362.000000
0	5.738000	0.000000	250.000000	362.000000
0	5.769000	0.000000	250.000000	362.000000
0	5.801000	0.000000	250.000000	362.000000
0	5.832000	0.000000	250.000000	362.000000
0	5.863000	0.000000	250.000000	362.000000
0	5.910000	0.000000	250.000000	362.000000
0	5.941000	0.000000	250.000000	362.000000
0	5.972000	0.000000	250.000000	362.000000
0	6.003000	0.000000	250.000000	362.000000
0	6.035000	0.000000	250.000000	362.000000
0	6.066000	0.000000	250.000000	362.000000
0	6.097000	0.000000	250.000000	362.000000
0	6.144000	0.000000	250.000000	362.000000
0	6.175000	0.000000	250.000000	362.000000
0	6.206000	0.000000	250.000000	362.000000
0	6.237000	0.000000	250.000000	362.000000
0	6.269000	0.000000	250.000000	362.000000
0	6.300000	0.000000	250.000000	362.000000
0	6.331000	0.000000	250.000000	362.000000
0	6.378000	0.000000	250.000000	362.000000
0	6.409000	0.000000	250.000000	362.000000
0	6.440000	0.000000	250.000000	362.000000
0	6.471000	0.000000	250.000000	362.000000
0	6.503000	0.000000	250.000000	362.000000
0	6.534000	0.000000	250.000000	362.000000
0	6.565000	0.000000	250.000000	362.000000
0	6.596000	0.000000	250.000000	362.000000
0	6.643000	0.000000	250.000000	362.000000
0	6.674000	0.000000	250.000000	362.000000
0	6.705000	0.000000	250.000000	362.000000
0	6.737000	0.000000	250.000000	362.000000
0	6.768000	0.000000	250.000000	362.000000
0	6.799000	0.000000	250.000000	362.000000
0	6.830000	0.000000	250.000000	362.000000
0	6.877000	0.000000	250.000000	362.000000
0	6.908000	0.000000	250.000000	362.000000
0	6.939000	0.000000	250.000000	362.000000
0	6.971000	0.000000	250.000000	362.000000
0	7.002000	0.000000	250.000000	362.000000
0	7.033000	0.000000	250.000000	362.000000
0	7.064000	0.000000	250.000000	362.000000
0	7.111000	0.000000	250.000000	362.000000
0	7.142000	0.000000	250.000000	362.000000
0	7.173000	0.000000	250.000000	362.000000
0	7.205000	0.000000	250.000000	362.000000
0	7.236000	0.000000	250.000000	362.000000
0	7.267000	0.000000	250.000000	362.000000
0	7.298000	0.000000	250.000000	362.000000
0	7.329000	0.000000	250.000000	362.000000
0	7.376000	0.000000	250.000000	362.000000
0	7.407000	0.000000	250.000000	362.000000
0	7.439000	0.000000	250.000000	362.000000
0	7.470000	0.000000	250.000000	362.000000
0	7.501000	0.000000	250.000000	362.000000
0	7.532000	0.000000	250.000000	362.000000
0	7.563000	0.000000	250.000000	362.000000
0	7.610000	0.000000	250.000000	362.000000
0	7.641000	0.000000	250.000000	362.000000
0	7.673000	0.000000	250.000000	362.000000
0	7.704000	0.000000	250.000000	362.000000
0	7.735000	0.000000	250.000000	362.000000
0	7.766000	0.000000	250.000000	362.000000
0	7.797000	0.000000	250.000000	362.000000
0	7.844000	0.000000	250.000000	362.000000
0	7.875000	0.000000	250.000000	362.000000
0	7.907000	0.000000	250.000000	362.000000
0	7.938000	0.000000	250.000000	362.000000
0	7.969000	0.000000	250.000000	362.000000
0	8.000000	0.000000	250.000000	362.000000
0	8.031000	0.000000	250.000000	362.000000
0	8.063000	0.000000	250.000000	362.000000
0	8.109000	0.000000	250.000000	362.000000
0	8.141000	0.000000	250.000000	362.000000
0	8.172000	0.000000	250.000000	362.000000
0	8.203000	0.000000	250.000000	362.000000
0	8.234000	0.000000	250.000000	362.000000
0	8.265000	0.000000	250.000000	362.000000
0	8.297000	0.000000	250.000000	362.000000
0	8.343000	0.000000	250.000000	362.000000
0	8.375000	0.000000	250.000000	362.000000
0	8.406000	0.000000	250.000000	362.000000
0	8.437000	0.000000	250.000000	362.000000
0	8.468000	0.000000	250.000000	362.000000
0	8.499000	0.000000	250.000000	362.000000
0	8.531000	0.000000	250.000000	362.000000
0	8.577000	0.000000	250.000000	362.000000
0	8.609000	0.000000	250.000000	362.000000
0	8.640000	0.000000	250.000000	362.000000
0	8.671000	0.000000	250.000000	362.000000
0	8.702000	0.000000	250.000000	362.000000
0	8.733000	0.000000	250.000000	362.000000
0	8.765000	0.000000	250.000000	362.000000
0	8.796000	0.000000	250.000000	362.000000
0	8.843000	0.000000	250.000000	362.000000
0	8.874000	0.000000	250.000000	362.000000
0	8.905000	0.000000	250.000000	362.000000
0	8.936000	0.000000	250.000000	362.000000
0	8.967000	0.000000	250.000000	362.000000
0	8.999000	0.000000	250.000000	362.000000
0	9.030000	0.000000	250.000000	362.000000
0	9.061000	0.000000	250.000000	362.000000
0	9.108000	0.000000	250.000000	362.000000
0	9.139000	0.000000	250.000000	362.000000
0	9.170000	0.000000	250.000000	362.000000
0	9.201000	0.000000	250.000000	362.000000
0	9.233000	0.000000	250.000000	362.000000
0	9.264000	0.000000	250.000000	362.000000
0	9.295000	0.000000	250.000000	362.000000
0	9.342000	0.000000	250.000000	362.000000
0	9.373000	0.000000	250.000000	362.000000
0	9.404000	0.000000	250.000000	362.000000
0	9.435000	0.000000	250.000000	362.000000
0	9.467000	0.000000	250.000000	362.000000
0	9.498000	0.000000	250.000000	362.000000
0	9.529000	0.000000	250.000000	362.000000
0	9.576000	0.000000	250.000000	362.000000
0	9.607000	0.000000	250.000000	362.000000
0	9.638000	0.000000	250.000000	362.000000
0	9.669000	0.000000	250.000000	362.000000
0	9.701000	0.000000	250.000000	362.000000
0	9.732000	0.000000	250.000000	362.000000
0	9.763000	0.000000	250.000000	362.000000
0	9.794000	0.000000	250.000000	362.000000
0	9.841000	0.000000	250.000000	362.000000
0	9.872000	0.000000	250.000000	362.000000
0	9.903000	0.000000	250.000000	362.000000
0	9.935000	0.000000	250.000000	362.000000
0	9.966000	0.000000	250.000000	362.000000
0	9.997000	0.000000	250.000000	362.000000
0	10.028000	0.000000	250.000000	362.000000
0	10.075000	0.000000	250.000000	362.000000
0	10.106000	0.000000	250.000000	362.000000
0	10.137000	0.000000	250.000000	362.000000
0	10.169000	0.000000	250.000000	362.000000
0	10.200000	0.000000	250.000000	362.000000
0	10.231000	0.000000	250.000000	362.000000
0	10.262000	0.000000	250.000000	362.000000
0	10.309000	0.000000	250.000000	362.000000
0	10.340000	0.000000	250.000000	362.000000
0	10.371000	0.000000	250.000000	362.000000
0	10.403000	0.000000	250.000000	362.000000
0	10.434000	0.000000	250.000000	362.000000
0	10.465000	0.000000	250.000000	362.000000
0	10.496000	0.000000	250.000000	362.000000
0	10.527000	0.000000	250.000000	362.000000
0	10.574000	0.000000	250.000000	362.000000
0	10.605000	0.000000	250.000000	362.000000
0	10.637000	0.000000	250.000000	362.000000
0	10.668000	0.000000	250.000000	362.000000
0	10.699000	0.000000	250.000000	362.000000
0	10.730000	0.000000	250.000000	362.000000
0	10.761000	0.000000	250.000000	362.000000
0	10.808000	0.000000	250.000000	362.000000
0	10.839000	0.000000	250.000000	362.000000
0	10.871000	0.000000	250.000000	362.000000
0	10.902000	0.000000	250.000000	362.000000
0	10.933000	0.000000	250.000000	362.000000
0	10.964000	0.000000	250.000000	362.000000
0	10.995000	0.000000	250.000000	362.000000
0	11.042000	0.000000	250.000000	362.000000
0	11.073000	0.000000	250.000000	362.000000
0	11.105000	0.000000	250.000000	362.000000
0	11.136000	0.000000	250.000000	362.000000
0	11.167000	0.000000	250.000000	362.000000
0	11.198000	0.000000	250.000000	362.000000
0	11.229000	0.000000	250.000000	362.000000
0	11.261000	0.000000	250.000000	362.000000
0	11.307000	0.000000	250.000000	362.000000
0	11.339000	0.000000	250.000000	362.000000
0	11.370000	0.000000	250.000000	362.000000
0	11.401000	0.000000	250.000000	362.000000
0	11.432000	0.000000	250.000000	362.000000
0	11.463000	0.000000	250.000000	362.000000
0	11.495000	0.000000	250.000000	362.000000
0	11.541000	0.000000	250.000000	362.000000
0	11.573000	0.000000	250.000000	362.000000
0	11.604000	0.000000	250.000000	362.000000
0	11.635000	0.000000	250.000000	362.000000
0	11.666000	0.000000	250.000000	362.000000
0	11.697000	0.000000	250.000000	362.000000
0	11.729000	0.000000	250.000000	362.000000
0	11.775000	0.000000	250.000000	362.000000
0	11.807000	0.000000	250.000000	362.000000
0	11.838000	0.000000	250.000000	362.000000
0	11.869000	0.000000	250.000000	362.000000
0	11.900000	0.000000	250.000000	362.000000
0	11.931000	0.000000	250.000000	362.000000
0	11.963000	0.000000	250.000000	362.000000
0	11.994000	0.000000	250.000000	362.000000
0	12.041000	0.000000	250.000000	362.000000
0	12.072000	0.000000	250.000000	362.000000
0	12.103000	0.000000	250.000000	362.000000
0	12.134000	0.000000	250.000000	362.000000
0	12.165000	0.000000	250.000000	362.000000
0	12.197000	0.000000	250.000000	362.000000
0	12.228000	0.000000	250.000000	362.000000
0	12.275000	0.000000	250.000000	362.000000
0	12.306000	0.000000	250.000000	362.000000
0	12.337000	0.000000	250.000000	362.000000
0	12.368000	0.000000	250.000000	362.000000
0	12.399000	0.000000	250.000000	362.000000
0	12.431000	0.000000	250.000000	362.000000
0	12.462000	0.000000	250.000000	362.000000
0	12.509000	0.000000	250.000000	362.000000
0	12.540000	0.000000	250.000000	362.000000
0	12.571000	0.000000	250.000000	362.000000
0	12.602000	0.000000	250.000000	362.000000
0	12.634000	0.000000	250.000000	362.000000
0	12.665000	0.000000	250.000000	362.000000
0	12.696000	0.000000	250.000000	362.000000
0	12.727000	0.000000	250.000000	362.000000
0	12.774000	0.000000	250.000000	362.000000
0	12.805000	0.000000	250.000000	362.000000
0	12.836000	0.000000	250.000000	362.000000
0	12.868000	0.000000	250.000000	362.000000
0	12.899000	0.000000	250.000000	362.000000
0	12.930000	0.000000	250.000000	362.000000
0	12.961000	0.000000	250.000000	362.000000
0	13.008000	0.000000	250.000000	362.000000
0	13.039000	0.000000	250.000000	362.000000
0	13.070000	0.000000	250.000000	362.000000
0	13.102000	0.000000	250.000000	362.000000
0	13.133000	0.000000	250.000000	362.000000
0	13.164000	0.000000	250.000000	362.000000
0	13.195000	0.000000	250.000000	362.000000
0	13.226000	0.000000	250.000000	362.000000
0	13.273000	0.000000	250.000000	362.000000
0	13.304000	0.000000	250.000000	362.000000
0	13.336000	0.000000	250.000000	362.000000
0	13.367000	0.000000	250.000000	362.000000
0	13.398000	0.000000	250.000000	362.000000
0	13.429000	0.000000	250.000000	362.000000
0	13.460000	0.000000	250.000000	362.000000
0	13.507000	0.000000	250.000000	362.000000
0	13.538000	0.000000	250.000000	362.000000
0	13.570000	0.000000	250.000000	362.000000
0	13.601000	0.000000	250.000000	362.000000
0	13.632000	0.000000	250.000000	362.000000
0	13.663000	0.000000	250.000000	362.000000
0	13.694000	0.000000	250.000000	362.000000
0	13.741000	0.000000	250.000000	362.000000
0	13.772000	0.000000	250.000000	362.000000
0	13.804000	0.000000	250.000000	362.000000
0	13.835000	0.000000	250.000000	362.000000
0	13.866000	0.000000	250.000000	362.000000
0	13.897000	0.000000	250.000000	362.000000
0	13.928000	0.000000	250.000000	362.000000
0	13.960000	0.000000	250.000000	362.000000
0	14.006000	0.000000	250.000000	362.000000
0	14.038000	0.000000	250.000000	362.000000
0	14.069000	0.000000	250.000000	362.000000
0	14.100000	0.000000	250.000000	362.000000
0	14.131000	0.000000	250.000000	362.000000
0	14.162000	0.000000	250.000000	362.000000
0	14.194000	0.000000	250.000000	362.000000
0	14.240000	0.000000	250.000000	362.000000
0	14.272000	0.000000	250.000000	362.000000
0	14.303000	0.000000	250.000000	362.000000
0	14.334000	0.000000	250.000000	362.000000
0	14.365000	0.000000	250.000000	362.000000
0	14.396000	0.000000	250.000000	362.000000
0	14.428000	0.000000	250.000000	362.000000
0	14.459000	0.000000	250.000000	362.000000
0	14.506000	0.000000	250.000000	362.000000
0	14.537000	0.000000	250.000000	362.000000
0	14.568000	0.000000	250.000000	362.000000
0	14.599000	0.000000	250.000000	362.000000
0	14.630000	0.000000	250.000000	362.000000
0	14.662000	0.000000	250.000000	362.000000
0	14.693000	0.000000	250.000000	362.000000
0	14.740000	0.000000	250.000000	362.000000
0	14.771000	0.000000	250.000000	362.000000
0	14.802000	0.000000	250.000000	362.000000
0	14.833000	0.000000	250.000000	362.000000
0	14.864000	0.000000	250.000000	362.000000
0	14.896000	0.000000	250.000000	362.000000
0	14.927000	0.000000	250.000000	362.000000
0	14.974000	0.000000	250.000000	362.000000
0	15.005000	0.000000	250.000000	362.000000
0	15.036000	0.000000	250.000000	362.000000
0	15.067000	0.000000	250.000000	362.000000
0	15.098000	0.000000	250.000000	362.000000
0	15.130000	0.000000	250.000000	362.000000
0	15.161000	0.000000	250.000000	362.000000
0	15.192000	0.000000	250.000000	362.000000
0	15.239000	0.000000	250.000000	362.000000
0	15.270000	0.000000	250.000000	362.000000
0	15.301000	0.000000	250.000000	362.000000
0	15.332000	0.000000	250.000000	362.000000
0	15.364000	0.000000	250.000000	362.000000
0	15.395000	0.000000	250.000000	362.000000
0	15.426000	0.000000	250.000000	362.000000
0	15.473000	0.000000	250.000000	362.000000
0	15.504000	0.000000	250.000000	362.000000
0	15.535000	0.000000	250.000000	362.000000
0	15.566000	0.000000	250.000000	362.000000
0	15.598000	0.000000	250.000000	362.000000
0	15.629000	0.000000	250.000000	362.000000
0	15.660000	0.000000	250.000000	362.000000
0	15.707000	0.000000	250.000000	362.000000
0	15.738000	0.000000	250.000000	362.000000
0	15.769000	0.000000	250.000000	362.000000
0	15.800000	0.000000	250.000000	362.000000
0	15.832000	0.000000	250.000000	362.000000
0	15.863000	0.000000	250.000000	362.000000
0	15.894000	0.000000	250.000000	362.000000
0	15.925000	0.000000	250.000000	362.000000
0	15.972000	0.000000	250.000000	362.000000
0	16.003000	0.000000	250.000000	362.000000
0	16.034000	0.000000	250.000000	362.000000
0	16.066000	0.000000	250.000000	362.000000
0	16.097000	0.000000	250.000000	362.000000
0	16.128000	0.000000	250.000000	362.000000
0	16.159000	0.000000	250.000000	362.000000
0	16.206000	0.000000	250.000000	362.000000
0	16.237000	0.000000	250.000000	362.000000
0	16.268000	0.000000	250.000000	362.000000
0	16.300000	0.000000	250.000000	362.000000
0	16.331000	0.000000	250.000000	362.000000
0	16.362000	0.000000	250.000000	362.000000
0	16.393000	0.000000	250.000000	362.000000
0	16.440000	0.000000	250.000000	362.000000
0	16.471000	0.000000	250.000000	362.000000
0	16.502000	0.000000	250.000000	362.000000
0	16.534000	0.000000	250.000000	362.000000
0	16.565000	0.000000	250.000000	362.000000
0	16.596000	0.000000	250.000000	362.000000
0	16.627000	0.000000	250.000000	362.000000
0	16.658000	0.000000	250.000000	362.000000
0	16.705000	0.000000	250.000000	362.000000
0	16.736000	0.000000	250.000000	362.000000
0	16.768000	0.000000	250.000000	362.000000
0	16.799000	0.000000	250.000000	362.000000
0	16.830000	0.000000	250.000000	362.000000
0	16.861000	0.000000	250.000000	362.000000
0	16.892000	0.000000	250.000000	362.000000
0	16.939000	0.000000	250.000000	362.000000
0	16.970000	0.000000	250.000000	362.000000
0	17.002000	0.000000	250.000000	362.000000
0	17.033000	0.000000	250.000000	362.000000
0	17.064000	0.000000	250.000000	362.000000
0	17.095000	0.000000	250.000000	362.000000
0	17.126000	0.000000	250.000000	362.000000
0	17.158000	0.000000	250.000000	362.000000
0	17.204000	0.000000	250.000000	362.000000
0	17.236000	0.000000	250.000000	362.000000
0	17.267000	0.000000	250.000000	362.000000
0	17.298000	0.000000	250.000000	362.000000
0	17.329000	0.000000	250.000000	362.000000
0	17.360000	0.000000	250.000000	362.000000
0	17.392000	0.000000	250.000000	362.000000
0	17.438000	0.000000	250.000000	362.000000
0	17.470000	0.000000	250.000000	362.000000
0	17.501000	0.000000	250.000000	362.000000
0	17.532000	0.000000	250.000000	362.000000
0	17.563000	0.000000	250.000000	362.000000
0	17.594000	0.000000	250.000000	362.000000
0	17.626000	0.000000	250.000000	362.000000
0	17.672000	0.000000	250.000000	362.000000
0	17.704000	0.000000	250.000000	362.000000
0	17.735000	0.000000	250.000000	362.000000
0	17.766000	0.000000	250.000000	362.000000
0	17.797000	0.000000	250.000000	362.000000
0	17.828000	0.000000	250.000000	362.000000
0	17.860000	0.000000	250.000000	362.000000
0	17.891000	0.000000	250.000000	362.000000
0	17.938000	0.000000	250.000000	362.000000
0	17.969000	0.000000	250.000000	362.000000
0	18.000000	0.000000	250.000000	362.000000
<\LEFT-PUPIL-DATA>
<RIGHT-PUPIL-ANALYSIS>
1
0	0	18	541	0	0	0.509000	17.518000	0.509000	15.983889	0.000000	0.000000	0.000000	0	1	1	1	1	0	0	0	0.000000	0.000000	0.000000	0.000000	0.000000	0.000000	0.000000	-1.000000	0.000000	1	0.984899	0.808174	0.761961	0.513061	0.299000	-0.354157	-1.140719	-1.000000	0.059929	1	0.984899	0.808174	0.761961	0.513061	0.299000	-0.350091	-1.140717	-1.000000	0.062629
<\RIGHT-PUPIL-ANALYSIS>
<LEFT-PUPIL-ANALYSIS>
1
0	0	17	542	0	0	0.509000	17.518000	0.509000	15.983889	0.000000	0.000000	0.000000	0	1	1	1	1	0	0	0	0.000000	0.000000	0.000000	0.000000	0.000000	0.000000	0.000000	-1.000000	0.000000	0	-0.034783	-0.034783	0.000950	0.000950	0.003000	0.000000	0.000000	-1.000000	0.000000	1	-0.034783	-0.034783	0.000950	0.000950	0.003000	-1000000.000000	-1000000.000000	-1.000000	0.000000
<\LEFT-PUPIL-ANALYSIS>
%%%%%%%%%
%%%%%%%%%
%%%%%%%%%
%%%	Measurement Tiime is: 2017-12-05 10:51:27
%%%	Subject ID is: c57bl6-4.11.17-1mois-DAOG-F1-1.2r
%%%	Note: 
%%%	RSS: Default Human Relative Spectral Sensitivity
%%%	Pupil Analysis:
%%%
%%%
%%%
%%%	Pulse Index:	0
%%%	Stimulus Session Index:	0
%%%	Right Pupil Stimulated
%%%	Light Metric is Photopic
%%%	Stimulus Start Time(sec):	0.51
%%%	Stimulus Duration(sec):	17.52
%%%	Stimulus Pulse Duration(sec):	0.51
%%%	Right Pulse:	15.98	(Red  )	-	0.00	(Red  )	[Lux ]
%%%	Left Pulse:	0.00	(Red  )	-	0.00	(Red  )	[Lux ]
%%%
%%%		RIGHT	LEFT	R.Pupil Mean	L.Pupil Mean	R.Stim Mean	R.Stim Mean
%%%	INPUT:	RAW DATA	RAW DATA
%%%	STATE:	ABNORMAL	ABNORMAL	ABNORMAL	ABNORMAL	ABNORMAL	ABNORMAL
%%%	MAX(mm):	0.00	0.00	0.00	0.00	0.00	0.00
%%%	MIN(mm):	0.00	0.00	0.00	0.00	0.00	0.00
%%%	DELTA(mm):						
%%%	CH(%):						
%%%	LAT(sec):	0.00	0.00	0.00	0.00	0.00	0.00
%%%	CV(mm/s):	0.00	0.00	0.00	0.00	0.00	0.00
%%%	MCV(mm/s):	0.00	0.00	0.00	0.00	0.00	0.00
%%%	DV(mm/s):	0.00	0.00	0.00	0.00	0.00	0.00
%%%%%%%%%
%%%%%%%%%
%%%%%%%%%
%%%	Right Pupil Profile (1st row -> 1 == valid tracking, 0 == invalid tracking; 2nd row -> time; 3rd row -> diameter (mm))
%%%	1	1	1	1	1	1	1	1	1	1	1	1	1	1	1	1	1	1	1	1	1	1	1	1	1	1	1	1	1	1	1	1	1	1	1	1	1	1	1	1	1	1	1	1	1	1	1	1	1	1	1	1	1	1	1	1	1	1	1	1	1	1	1	1	1	1	1	1	1	1	1	1	1	1	1	1	1	1	1	1	1	1	1	1	1	1	1	1	1	1	1	1	1	1	0	1	1	1	1	1	1	1	1	1	1	1	1	1	1	1	1	1	1	1	1	1	1	1	1	1	1	1	1	1	1	1	1	1	1	1	1	1	1	1	1	1	1	1	1	1	1	1	1	1	1	1	1	1	1	1	1	1	1	1	1	1	1	1	1	1	1	1	1	1	1	1	1	1	1	1	1	1	1	1	1	1	1	1	1	1	1	1	1	1	1	1	1	1	1	1	1	1	1	1	1	1	1	1	1	1	1	1	1	1	1	1	1	1	1	1	1	1	1	1	1	1	1	1	1	1	1	1	1	1	1	1	1	1	1	1	1	1	1	1	1	1	1	1	1	1	1	1	1	1	1	1	1	1	1	1	1	1	1	1	1	1	1	1	1	1	1	1	1	1	1	1	1	1	1	1	1	1	1	1	1	1	1	1	1	1	1	1	1	1	1	1	1	1	1	1	1	1	1	1	1	1	1	1	1	1	1	1	1	1	1	1	1	1	1	1	1	1	1	1	1	1	1	1	1	1	1	1	1	1	1	1	1	1	1	1	1	1	1	1	1	1	1	1	1	1	1	1	1	1	1	1	1	1	1	1	1	1	1	1	1	1	1	1	1	1	1	1	1	1	1	1	1	1	1	1	1	1	1	1	1	1	1	1	1	1	1	1	1	1	1	1	1	1	1	1	1	1	1	1	1	1	1	1	1	1	1	1	1	1	1	1	1	1	1	1	1	1	1	1	1	1	1	1	1	1	1	1	1	1	1	1	1	1	1	1	1	1	1	1	1	1	1	1	1	1	1	1	1	1	1	1	1	1	1	1	1	1	1	1	1	1	1	1	1	1	1	0	1	1	1	1	1	1	1	1	1	1	1	1	1	1	0	1	1	1	1	1	1	1	1	1	1	1	1	1	1	1	1	1	1	1	1	1	1	1	1	1	1	1	1	1	0	1	1	1	1	1	1	1	1	1	1	1	1	1	1	1	1	1	1	1	1	0	1	1	1	1	1	1	1	1	1	1	1	1	1	1
%%%	-0.065000	-0.034000	-0.003000	0.028000	0.075000	0.106000	0.137000	0.169000	0.200000	0.231000	0.262000	0.309000	0.340000	0.371000	0.403000	0.434000	0.465000	0.496000	0.527000	0.574000	0.605000	0.637000	0.668000	0.699000	0.730000	0.761000	0.808000	0.839000	0.871000	0.902000	0.933000	0.964000	0.995000	1.027000	1.073000	1.105000	1.136000	1.167000	1.198000	1.229000	1.261000	1.307000	1.339000	1.370000	1.401000	1.432000	1.463000	1.495000	1.541000	1.573000	1.604000	1.635000	1.666000	1.697000	1.729000	1.760000	1.807000	1.838000	1.869000	1.900000	1.931000	1.963000	1.994000	2.041000	2.072000	2.103000	2.134000	2.165000	2.197000	2.228000	2.275000	2.306000	2.337000	2.368000	2.399000	2.431000	2.462000	2.493000	2.540000	2.571000	2.602000	2.633000	2.665000	2.696000	2.727000	2.774000	2.805000	2.836000	2.867000	2.899000	2.930000	2.961000	2.992000	3.039000	3.070000	3.101000	3.133000	3.164000	3.195000	3.226000	3.273000	3.304000	3.335000	3.367000	3.398000	3.429000	3.460000	3.507000	3.538000	3.569000	3.601000	3.632000	3.663000	3.694000	3.725000	3.772000	3.803000	3.835000	3.866000	3.897000	3.928000	3.959000	4.006000	4.037000	4.069000	4.100000	4.131000	4.162000	4.193000	4.240000	4.271000	4.303000	4.334000	4.365000	4.396000	4.427000	4.459000	4.505000	4.537000	4.568000	4.599000	4.630000	4.661000	4.693000	4.739000	4.771000	4.802000	4.833000	4.864000	4.895000	4.927000	4.958000	5.005000	5.036000	5.067000	5.098000	5.129000	5.161000	5.192000	5.239000	5.270000	5.301000	5.332000	5.363000	5.395000	5.426000	5.473000	5.504000	5.535000	5.566000	5.597000	5.629000	5.660000	5.691000	5.738000	5.769000	5.800000	5.831000	5.863000	5.894000	5.925000	5.972000	6.003000	6.034000	6.065000	6.097000	6.128000	6.159000	6.206000	6.237000	6.268000	6.299000	6.331000	6.362000	6.393000	6.424000	6.471000	6.502000	6.533000	6.565000	6.596000	6.627000	6.658000	6.705000	6.736000	6.767000	6.799000	6.830000	6.861000	6.892000	6.939000	6.970000	7.001000	7.033000	7.064000	7.095000	7.126000	7.157000	7.204000	7.235000	7.267000	7.298000	7.329000	7.360000	7.391000	7.438000	7.469000	7.501000	7.532000	7.563000	7.594000	7.625000	7.672000	7.703000	7.735000	7.766000	7.797000	7.828000	7.859000	7.891000	7.937000	7.969000	8.000000	8.031000	8.062000	8.093000	8.125000	8.171000	8.203000	8.234000	8.265000	8.296000	8.327000	8.359000	8.390000	8.437000	8.468000	8.499000	8.530000	8.561000	8.593000	8.624000	8.671000	8.702000	8.733000	8.764000	8.795000	8.827000	8.858000	8.889000	8.936000	8.967000	8.998000	9.029000	9.061000	9.092000	9.123000	9.170000	9.201000	9.232000	9.263000	9.295000	9.326000	9.357000	9.404000	9.435000	9.466000	9.497000	9.529000	9.560000	9.591000	9.622000	9.669000	9.700000	9.731000	9.763000	9.794000	9.825000	9.856000	9.903000	9.934000	9.965000	9.997000	10.028000	10.059000	10.090000	10.137000	10.168000	10.199000	10.231000	10.262000	10.293000	10.324000	10.355000	10.402000	10.433000	10.465000	10.496000	10.527000	10.558000	10.589000	10.636000	10.667000	10.699000	10.730000	10.761000	10.792000	10.823000	10.870000	10.901000	10.933000	10.964000	10.995000	11.026000	11.057000	11.089000	11.135000	11.167000	11.198000	11.229000	11.260000	11.291000	11.323000	11.369000	11.401000	11.432000	11.463000	11.494000	11.525000	11.557000	11.603000	11.635000	11.666000	11.697000	11.728000	11.759000	11.791000	11.822000	11.869000	11.900000	11.931000	11.962000	11.993000	12.025000	12.056000	12.103000	12.134000	12.165000	12.196000	12.227000	12.259000	12.290000	12.337000	12.368000	12.399000	12.430000	12.461000	12.493000	12.524000	12.555000	12.602000	12.633000	12.664000	12.696000	12.727000	12.758000	12.789000	12.820000	12.867000	12.898000	12.930000	12.961000	12.992000	13.023000	13.054000	13.101000	13.132000	13.164000	13.195000	13.226000	13.257000	13.288000	13.335000	13.366000	13.398000	13.429000	13.460000	13.491000	13.522000	13.554000	13.600000	13.632000	13.663000	13.694000	13.725000	13.756000	13.788000	13.834000	13.866000	13.897000	13.928000	13.959000	13.990000	14.022000	14.068000	14.100000	14.131000	14.162000	14.193000	14.224000	14.256000	14.287000	14.334000	14.365000	14.396000	14.427000	14.458000	14.490000	14.521000	14.568000	14.599000	14.630000	14.661000	14.692000	14.724000	14.755000	14.802000	14.833000	14.864000	14.895000	14.926000	14.958000	14.989000	15.020000	15.067000	15.098000	15.129000	15.160000	15.192000	15.223000	15.254000	15.301000	15.332000	15.363000	15.394000	15.426000	15.457000	15.488000	15.535000	15.566000	15.597000	15.628000	15.660000	15.691000	15.722000	15.753000	15.800000	15.831000	15.862000	15.894000	15.925000	15.956000	15.987000	16.034000	16.065000	16.096000	16.128000	16.159000	16.190000	16.221000	16.268000	16.299000	16.330000	16.362000	16.393000	16.424000	16.455000	16.486000	16.533000	16.564000	16.596000	16.627000	16.658000	16.689000	16.720000	16.767000	16.798000	16.830000	16.861000	16.892000	16.923000	16.954000	16.986000	17.032000	17.064000	17.095000	17.126000	17.157000	17.188000	17.220000	17.266000	17.298000	17.329000	17.360000	17.391000	17.422000	17.454000	17.485000	17.532000	17.563000	17.594000	17.625000	17.656000	17.688000	17.719000	17.766000	17.797000	17.828000	17.859000	17.890000	17.922000	17.953000
%%%	0.981449	0.973333	0.987536	0.973333	0.988551	0.985507	0.984928	0.964058	0.970725	0.962319	0.892754	0.951159	0.951594	0.964203	0.959855	0.957102	0.977681	0.967971	0.968551	0.967971	1.000725	0.985942	0.999420	0.915942	0.998841	0.990290	0.991884	0.976812	0.966667	0.927101	0.917391	0.904348	0.800000	0.872464	0.874638	0.800000	0.800000	0.836377	0.835942	0.814203	0.800000	0.823188	0.794203	0.809275	0.840580	0.814638	0.849275	0.839710	0.800000	0.853188	0.800000	0.869565	0.869710	0.898985	0.887536	0.901449	0.892754	0.926667	0.914203	0.919855	0.920725	0.941884	0.935942	0.949420	0.914493	0.932029	0.933188	0.968116	0.957536	0.938116	0.935073	0.920580	0.927681	0.931015	0.939130	0.937971	0.926667	0.929855	0.947246	0.929710	0.915942	0.937247	0.947246	0.915942	0.967246	0.933768	0.939130	0.978116	0.972464	0.892754	0.985942	0.968406	0.968406	0.981594	0.892754	0.975072	0.987971	0.959710	0.957681	0.941884	0.964058	0.939130	0.934493	0.916667	0.929855	0.922464	0.929855	0.939130	0.916377	0.927101	0.919275	0.929855	0.937536	0.951159	0.939275	0.941159	0.931594	0.960290	0.957102	0.967971	0.967971	0.968116	0.984928	0.981015	0.992898	1.007102	0.990290	0.991304	1.008261	1.008696	1.003768	0.996232	1.013188	1.002899	0.996232	0.990290	1.013768	0.988116	0.990290	1.008696	0.992464	0.988551	0.987971	0.977536	0.971449	0.987536	0.979420	0.992319	0.979420	0.981015	0.985362	0.988551	0.978406	0.981449	0.987536	0.975362	0.978986	1.007102	0.979710	0.985362	1.009420	1.007102	0.996522	0.987536	1.003623	0.990145	1.000145	0.981015	0.996232	0.986377	1.008696	0.973333	1.000725	0.987536	1.004638	0.983188	1.007681	0.990290	1.008696	1.009420	1.008696	0.998406	1.025072	0.977246	0.954928	0.950580	0.981449	0.972899	0.974493	0.974493	0.959275	0.944928	0.904493	0.956522	0.939855	0.957102	0.967971	0.959710	0.939130	0.972319	0.966667	0.935507	0.971884	0.954928	0.957681	0.959710	0.942464	0.950580	0.941884	0.950725	0.927101	0.946377	0.959855	0.944928	0.964058	0.938551	0.962319	0.967971	0.968985	0.971159	0.985507	0.967971	0.979420	0.970580	0.962319	0.982609	0.915942	0.972899	1.004058	0.971159	0.973768	0.987971	0.939130	0.964638	0.977681	0.981449	0.983188	0.985942	0.994058	0.987971	0.973333	0.987536	1.007102	1.008696	1.008696	1.010580	1.007102	1.007102	0.992464	0.974493	1.006231	0.979710	0.981594	0.974058	0.972754	0.971159	0.978841	0.972899	0.973333	0.970145	0.981449	0.951015	0.951015	0.970290	0.976232	0.987971	0.974928	0.978406	0.998406	0.990290	0.998551	0.985942	0.992464	0.979855	0.991884	0.982029	0.963623	0.935942	0.926667	0.928841	0.927681	0.934203	0.930435	0.915797	0.921884	0.932029	0.920870	0.935797	0.938116	0.931449	0.938551	0.939130	0.964638	0.964203	0.951449	0.973333	0.972899	0.972899	0.960290	0.984203	0.964058	0.964203	0.957102	0.985507	0.964638	0.938116	0.961884	0.955362	0.951594	0.967971	0.972754	0.964927	0.953333	0.957102	0.967971	0.892754	0.965217	0.954928	0.939130	0.955362	0.967971	0.959275	0.937247	0.968406	0.972899	0.939130	0.962319	0.977101	0.974493	0.976087	0.968406	0.967971	0.991304	0.987536	0.994638	0.987971	0.985362	0.979420	0.986377	0.981015	0.977246	0.964058	0.953333	0.950580	0.892754	0.938696	0.939130	0.964202	0.935072	0.935942	0.935942	0.951594	0.956377	0.944928	0.939130	0.938551	0.955362	0.959275	0.939130	0.973768	0.970290	0.939130	0.990290	0.977681	0.987971	1.000000	0.985507	0.988551	0.990725	1.007102	0.985362	0.992898	0.985362	0.985507	0.974058	0.985507	0.966812	0.981015	0.974493	0.974493	0.974928	0.988551	0.989855	1.000000	1.029855	0.990725	0.986232	0.985507	1.009420	1.009420	0.998985	0.992464	0.991304	1.020145	0.998985	1.010580	1.078261	1.007102	1.008116	0.993623	1.007536	0.985507	0.993768	0.977246	0.987536	0.985362	0.989420	1.003768	0.999420	0.990290	0.994058	0.985507	0.988116	0.987536	0.983188	1.007102	0.999420	1.026812	1.016232	1.007681	1.023333	1.026232	1.008696	0.987536	0.988406	1.000145	1.000145	0.987536	0.996812	1.003188	0.974058	0.978551	0.987536	1.021159	0.975507	1.005942	0.987681	1.008696	1.004638	0.998985	1.018406	1.008116	1.007102	1.005942	1.007102	0.994058	0.990290	1.002754	1.001159	1.007681	1.019855	1.003768	0.984783	0.996232	1.000725	1.025072	1.021014	1.007681	1.018551	1.022319	1.008116	0.892754	1.029275	1.017391	1.011159	0.999420	1.020290	0.998985	1.002899	0.998985	1.007102	1.008696	1.000145	0.990290	0.990145	1.009420	0.892754	0.996232	1.016232	1.008116	0.998841	1.007102	1.007102	1.003333	1.008696	1.008696	1.008116	1.002899	1.014058	1.008696	0.994058	1.008696	1.004493	0.974493	0.999420	0.988116	0.984638	0.990290	1.003188	0.971159	0.982029	1.003623	0.973333	0.978986	0.996377	0.990145	0.892754	1.003768	0.990145	0.985362	0.994058	0.985942	0.975072	1.006377	0.985797	0.972754	0.972899	0.977536	0.987536	0.977536	0.985507	0.979710	0.982609	1.007102	0.989710	0.996667	1.007102	0.985507	0.987536	0.978116	0.977681	1.003188	0.976232	0.983768	0.978406	0.987971	0.974493	0.979710	0.995942	0.977246	0.980290	0.996232
%%%	Left Pupil Profile (1st row -> 1 == valid tracking, 0 == invalid tracking; 2nd row -> time; 3rd row -> diameter (mm))
%%%	0	0	0	0	0	0	0	0	0	0	0	0	0	0	0	0	0	0	0	0	0	0	0	0	0	0	0	0	0	0	0	0	0	0	0	0	0	0	0	0	0	0	0	0	0	0	0	0	0	0	0	0	0	0	0	0	0	0	0	0	0	0	0	0	0	0	0	0	0	0	0	0	0	0	0	0	0	0	0	0	0	0	0	0	0	0	0	0	0	0	0	0	0	0	0	0	0	0	0	0	0	0	0	0	0	0	0	0	0	0	0	0	0	0	0	0	0	0	0	0	0	0	0	0	0	0	0	0	0	0	0	0	0	0	0	0	0	0	0	0	0	0	0	0	0	0	0	0	0	0	0	0	0	0	0	0	0	0	0	0	0	0	0	0	0	0	0	0	0	0	0	0	0	0	0	0	0	0	0	0	0	0	0	0	0	0	0	0	0	0	0	0	0	0	0	0	0	0	0	0	0	0	0	0	0	0	0	0	0	0	0	0	0	0	0	0	0	0	0	0	0	0	0	0	0	0	0	0	0	0	0	0	0	0	0	0	0	0	0	0	0	0	0	0	0	0	0	0	0	0	0	0	0	0	0	0	0	0	0	0	0	0	0	0	0	0	0	0	0	0	0	0	0	0	0	0	0	0	0	0	0	0	0	0	0	0	0	0	0	0	0	0	0	0	0	0	0	0	0	0	0	0	0	0	0	0	0	0	0	0	0	0	0	0	0	0	0	0	0	0	0	0	0	0	0	0	0	0	0	0	0	0	0	0	0	0	0	0	0	0	0	0	0	0	0	0	0	0	0	0	0	0	0	0	0	0	0	0	0	0	0	0	0	0	0	0	0	0	0	0	0	0	0	0	0	0	0	0	0	0	0	0	0	0	0	0	0	0	0	0	0	0	0	0	0	0	0	0	0	0	0	0	0	0	0	0	0	0	0	0	0	0	0	0	0	0	0	0	0	0	0	0	0	0	0	0	0	0	0	0	0	0	0	0	0	0	0	0	0	0	0	0	0	0	0	0	0	0	0	0	0	0	0	0	0	0	0	0	0	0	0	0	0	0	0	0	0	0	0	0	0	0	0	0	0	0	0	0	0	0	0	0	0	0	0	0	0	0	0	0	0	0	0	0	0	0	0	0	0	0	0	0	0	0	0	0	0	0	0	0	0	0	0	0	0	0	0	0	0	0	0	0	0	0	0	0	0	0	0	0	0	0	0	0	0	0	0	0	0	0	0	0	0
%%%	-0.065000	-0.034000	0.013000	0.044000	0.075000	0.107000	0.138000	0.169000	0.200000	0.247000	0.278000	0.309000	0.341000	0.372000	0.403000	0.434000	0.481000	0.512000	0.543000	0.575000	0.606000	0.637000	0.668000	0.699000	0.746000	0.777000	0.809000	0.840000	0.871000	0.902000	0.933000	0.980000	1.011000	1.043000	1.074000	1.105000	1.136000	1.167000	1.199000	1.245000	1.277000	1.308000	1.339000	1.370000	1.401000	1.433000	1.479000	1.511000	1.542000	1.573000	1.604000	1.635000	1.667000	1.713000	1.745000	1.776000	1.807000	1.838000	1.869000	1.901000	1.932000	1.979000	2.010000	2.041000	2.072000	2.103000	2.135000	2.166000	2.213000	2.244000	2.275000	2.306000	2.337000	2.369000	2.400000	2.447000	2.478000	2.509000	2.540000	2.571000	2.603000	2.634000	2.665000	2.712000	2.743000	2.774000	2.805000	2.837000	2.868000	2.899000	2.946000	2.977000	3.008000	3.039000	3.071000	3.102000	3.133000	3.180000	3.211000	3.242000	3.273000	3.305000	3.336000	3.367000	3.398000	3.445000	3.476000	3.507000	3.539000	3.570000	3.601000	3.632000	3.679000	3.710000	3.741000	3.773000	3.804000	3.835000	3.866000	3.913000	3.944000	3.975000	4.007000	4.038000	4.069000	4.100000	4.131000	4.178000	4.209000	4.241000	4.272000	4.303000	4.334000	4.365000	4.412000	4.443000	4.475000	4.506000	4.537000	4.568000	4.599000	4.646000	4.677000	4.709000	4.740000	4.771000	4.802000	4.833000	4.865000	4.911000	4.943000	4.974000	5.005000	5.036000	5.067000	5.099000	5.130000	5.177000	5.208000	5.239000	5.270000	5.301000	5.333000	5.364000	5.411000	5.442000	5.473000	5.504000	5.535000	5.567000	5.598000	5.645000	5.676000	5.707000	5.738000	5.769000	5.801000	5.832000	5.863000	5.910000	5.941000	5.972000	6.003000	6.035000	6.066000	6.097000	6.144000	6.175000	6.206000	6.237000	6.269000	6.300000	6.331000	6.378000	6.409000	6.440000	6.471000	6.503000	6.534000	6.565000	6.596000	6.643000	6.674000	6.705000	6.737000	6.768000	6.799000	6.830000	6.877000	6.908000	6.939000	6.971000	7.002000	7.033000	7.064000	7.111000	7.142000	7.173000	7.205000	7.236000	7.267000	7.298000	7.329000	7.376000	7.407000	7.439000	7.470000	7.501000	7.532000	7.563000	7.610000	7.641000	7.673000	7.704000	7.735000	7.766000	7.797000	7.844000	7.875000	7.907000	7.938000	7.969000	8.000000	8.031000	8.063000	8.109000	8.141000	8.172000	8.203000	8.234000	8.265000	8.297000	8.343000	8.375000	8.406000	8.437000	8.468000	8.499000	8.531000	8.577000	8.609000	8.640000	8.671000	8.702000	8.733000	8.765000	8.796000	8.843000	8.874000	8.905000	8.936000	8.967000	8.999000	9.030000	9.061000	9.108000	9.139000	9.170000	9.201000	9.233000	9.264000	9.295000	9.342000	9.373000	9.404000	9.435000	9.467000	9.498000	9.529000	9.576000	9.607000	9.638000	9.669000	9.701000	9.732000	9.763000	9.794000	9.841000	9.872000	9.903000	9.935000	9.966000	9.997000	10.028000	10.075000	10.106000	10.137000	10.169000	10.200000	10.231000	10.262000	10.309000	10.340000	10.371000	10.403000	10.434000	10.465000	10.496000	10.527000	10.574000	10.605000	10.637000	10.668000	10.699000	10.730000	10.761000	10.808000	10.839000	10.871000	10.902000	10.933000	10.964000	10.995000	11.042000	11.073000	11.105000	11.136000	11.167000	11.198000	11.229000	11.261000	11.307000	11.339000	11.370000	11.401000	11.432000	11.463000	11.495000	11.541000	11.573000	11.604000	11.635000	11.666000	11.697000	11.729000	11.775000	11.807000	11.838000	11.869000	11.900000	11.931000	11.963000	11.994000	12.041000	12.072000	12.103000	12.134000	12.165000	12.197000	12.228000	12.275000	12.306000	12.337000	12.368000	12.399000	12.431000	12.462000	12.509000	12.540000	12.571000	12.602000	12.634000	12.665000	12.696000	12.727000	12.774000	12.805000	12.836000	12.868000	12.899000	12.930000	12.961000	13.008000	13.039000	13.070000	13.102000	13.133000	13.164000	13.195000	13.226000	13.273000	13.304000	13.336000	13.367000	13.398000	13.429000	13.460000	13.507000	13.538000	13.570000	13.601000	13.632000	13.663000	13.694000	13.741000	13.772000	13.804000	13.835000	13.866000	13.897000	13.928000	13.960000	14.006000	14.038000	14.069000	14.100000	14.131000	14.162000	14.194000	14.240000	14.272000	14.303000	14.334000	14.365000	14.396000	14.428000	14.459000	14.506000	14.537000	14.568000	14.599000	14.630000	14.662000	14.693000	14.740000	14.771000	14.802000	14.833000	14.864000	14.896000	14.927000	14.974000	15.005000	15.036000	15.067000	15.098000	15.130000	15.161000	15.192000	15.239000	15.270000	15.301000	15.332000	15.364000	15.395000	15.426000	15.473000	15.504000	15.535000	15.566000	15.598000	15.629000	15.660000	15.707000	15.738000	15.769000	15.800000	15.832000	15.863000	15.894000	15.925000	15.972000	16.003000	16.034000	16.066000	16.097000	16.128000	16.159000	16.206000	16.237000	16.268000	16.300000	16.331000	16.362000	16.393000	16.440000	16.471000	16.502000	16.534000	16.565000	16.596000	16.627000	16.658000	16.705000	16.736000	16.768000	16.799000	16.830000	16.861000	16.892000	16.939000	16.970000	17.002000	17.033000	17.064000	17.095000	17.126000	17.158000	17.204000	17.236000	17.267000	17.298000	17.329000	17.360000	17.392000	17.438000	17.470000	17.501000	17.532000	17.563000	17.594000	17.626000	17.672000	17.704000	17.735000	17.766000	17.797000	17.828000	17.860000	17.891000	17.938000	17.969000	18.000000
%%%	0.000000	0.000000	0.000000	0.000000	0.000000	0.000000	0.000000	0.000000	0.000000	0.000000	0.000000	0.000000	0.000000	0.000000	0.000000	0.000000	0.000000	0.000000	0.000000	0.000000	0.000000	0.000000	0.000000	0.000000	0.000000	0.000000	0.000000	0.000000	0.000000	0.000000	0.000000	0.000000	0.000000	0.000000	0.000000	0.000000	0.000000	0.000000	0.000000	0.000000	0.000000	0.000000	0.000000	0.000000	0.000000	0.000000	0.000000	0.000000	0.000000	0.000000	0.000000	0.000000	0.000000	0.000000	0.000000	0.000000	0.000000	0.000000	0.000000	0.000000	0.000000	0.000000	0.000000	0.000000	0.000000	0.000000	0.000000	0.000000	0.000000	0.000000	0.000000	0.000000	0.000000	0.000000	0.000000	0.000000	0.000000	0.000000	0.000000	0.000000	0.000000	0.000000	0.000000	0.000000	0.000000	0.000000	0.000000	0.000000	0.000000	0.000000	0.000000	0.000000	0.000000	0.000000	0.000000	0.000000	0.000000	0.000000	0.000000	0.000000	0.000000	0.000000	0.000000	0.000000	0.000000	0.000000	0.000000	0.000000	0.000000	0.000000	0.000000	0.000000	0.000000	0.000000	0.000000	0.000000	0.000000	0.000000	0.000000	0.000000	0.000000	0.000000	0.000000	0.000000	0.000000	0.000000	0.000000	0.000000	0.000000	0.000000	0.000000	0.000000	0.000000	0.000000	0.000000	0.000000	0.000000	0.000000	0.000000	0.000000	0.000000	0.000000	0.000000	0.000000	0.000000	0.000000	0.000000	0.000000	0.000000	0.000000	0.000000	0.000000	0.000000	0.000000	0.000000	0.000000	0.000000	0.000000	0.000000	0.000000	0.000000	0.000000	0.000000	0.000000	0.000000	0.000000	0.000000	0.000000	0.000000	0.000000	0.000000	0.000000	0.000000	0.000000	0.000000	0.000000	0.000000	0.000000	0.000000	0.000000	0.000000	0.000000	0.000000	0.000000	0.000000	0.000000	0.000000	0.000000	0.000000	0.000000	0.000000	0.000000	0.000000	0.000000	0.000000	0.000000	0.000000	0.000000	0.000000	0.000000	0.000000	0.000000	0.000000	0.000000	0.000000	0.000000	0.000000	0.000000	0.000000	0.000000	0.000000	0.000000	0.000000	0.000000	0.000000	0.000000	0.000000	0.000000	0.000000	0.000000	0.000000	0.000000	0.000000	0.000000	0.000000	0.000000	0.000000	0.000000	0.000000	0.000000	0.000000	0.000000	0.000000	0.000000	0.000000	0.000000	0.000000	0.000000	0.000000	0.000000	0.000000	0.000000	0.000000	0.000000	0.000000	0.000000	0.000000	0.000000	0.000000	0.000000	0.000000	0.000000	0.000000	0.000000	0.000000	0.000000	0.000000	0.000000	0.000000	0.000000	0.000000	0.000000	0.000000	0.000000	0.000000	0.000000	0.000000	0.000000	0.000000	0.000000	0.000000	0.000000	0.000000	0.000000	0.000000	0.000000	0.000000	0.000000	0.000000	0.000000	0.000000	0.000000	0.000000	0.000000	0.000000	0.000000	0.000000	0.000000	0.000000	0.000000	0.000000	0.000000	0.000000	0.000000	0.000000	0.000000	0.000000	0.000000	0.000000	0.000000	0.000000	0.000000	0.000000	0.000000	0.000000	0.000000	0.000000	0.000000	0.000000	0.000000	0.000000	0.000000	0.000000	0.000000	0.000000	0.000000	0.000000	0.000000	0.000000	0.000000	0.000000	0.000000	0.000000	0.000000	0.000000	0.000000	0.000000	0.000000	0.000000	0.000000	0.000000	0.000000	0.000000	0.000000	0.000000	0.000000	0.000000	0.000000	0.000000	0.000000	0.000000	0.000000	0.000000	0.000000	0.000000	0.000000	0.000000	0.000000	0.000000	0.000000	0.000000	0.000000	0.000000	0.000000	0.000000	0.000000	0.000000	0.000000	0.000000	0.000000	0.000000	0.000000	0.000000	0.000000	0.000000	0.000000	0.000000	0.000000	0.000000	0.000000	0.000000	0.000000	0.000000	0.000000	0.000000	0.000000	0.000000	0.000000	0.000000	0.000000	0.000000	0.000000	0.000000	0.000000	0.000000	0.000000	0.000000	0.000000	0.000000	0.000000	0.000000	0.000000	0.000000	0.000000	0.000000	0.000000	0.000000	0.000000	0.000000	0.000000	0.000000	0.000000	0.000000	0.000000	0.000000	0.000000	0.000000	0.000000	0.000000	0.000000	0.000000	0.000000	0.000000	0.000000	0.000000	0.000000	0.000000	0.000000	0.000000	0.000000	0.000000	0.000000	0.000000	0.000000	0.000000	0.000000	0.000000	0.000000	0.000000	0.000000	0.000000	0.000000	0.000000	0.000000	0.000000	0.000000	0.000000	0.000000	0.000000	0.000000	0.000000	0.000000	0.000000	0.000000	0.000000	0.000000	0.000000	0.000000	0.000000	0.000000	0.000000	0.000000	0.000000	0.000000	0.000000	0.000000	0.000000	0.000000	0.000000	0.000000	0.000000	0.000000	0.000000	0.000000	0.000000	0.000000	0.000000	0.000000	0.000000	0.000000	0.000000	0.000000	0.000000	0.000000	0.000000	0.000000	0.000000	0.000000	0.000000	0.000000	0.000000	0.000000	0.000000	0.000000	0.000000	0.000000	0.000000	0.000000	0.000000	0.000000	0.000000	0.000000	0.000000	0.000000	0.000000	0.000000	0.000000	0.000000	0.000000	0.000000	0.000000	0.000000	0.000000	0.000000	0.000000	0.000000	0.000000	0.000000	0.000000	0.000000	0.000000	0.000000	0.000000	0.000000	0.000000	0.000000	0.000000	0.000000	0.000000	0.000000	0.000000	0.000000	0.000000	0.000000	0.000000	0.000000	0.000000	0.000000	0.000000	0.000000	0.000000	0.000000	0.000000	0.000000	0.000000	0.000000	0.000000	0.000000	0.000000	0.000000	0.000000	0.000000	0.000000
%%%	Pulse Index	Stimulus Section Index	Stimulus Section Start Index	Stimulus Section End Index	Pupil Stimulated: 0 = Right, 1 = Left, 2 = Both	Light Metric: 0 = Photopic, 1 = Scopotic, 2 = Radiometric	Stimulus Start Time	Stimulus Duration	Stimulus Pulse Duration	Right Pulse Max Level	Right Pulse Max Color (0123 = WRGB)	Right Pulse Min Level	Right Pulse Min Color (0123 = WRGB)	Left Pulse Max Level	Left Pulse Max Color (0123 = WRGB)	Left Pulse Min Level	Left Pulse Min Color (0123 = WRGB)	Right Data Input Type (0 == RAW DATA, 1 == FITTED DATA, 2 == M. OVERRIDED)	Right ANALYSIS STATE (0 == ABNORMAL, 1 == NORMAL)	Right MAX (mm) (EMPTY if INVALID)	Right MIN (mm) (EMPTY if INVALID)	Right DELTA (mm) (EMPTY if INVALID)	Right CH (%) (EMPTY if INVALID)	Right LAT (sec) (EMPTY if INVALID)	Right CV (mm/s) (EMPTY if INVALID)	Right MCV (mm/s) (EMPTY if INVALID)	Right DV (mm/s) (EMPTY if INVALID)	Left Data Input Type (0 == RAW DATA, 1 == FITTED DATA, 2 == M. OVERRIDED)	Left ANALYSIS STATE (0 == ABNORMAL, 1 == NORMAL)	Left MAX (mm) (EMPTY if INVALID)	Left MIN (mm) (EMPTY if INVALID)	Left DELTA (mm) (EMPTY if INVALID)	Left CH (%) (EMPTY if INVALID)	Left LAT (sec) (EMPTY if INVALID)	Left CV (mm/s) (EMPTY if INVALID)	Left MCV (mm/s) (EMPTY if INVALID)	Left DV (mm/s) (EMPTY if INVALID)
%%%	0	0	18	541	0	0	0.51	17.52	0.51	15.98	1	0.00	1	0.00	1	0.00	1	0	0	0.00	0.00			0.00	0.00	0.00	0.00	0	0	0.00	0.00			0.00	0.00	0.00	0.00
%%%%%%%%%
%%%%%%%%%
%%%%%%%%%
<\SESSION>
