<SESSION>
<VERSION>
2
<\VERSION>
<DATE>
2017-12-05 10:39:48
<\DATE>
<SUBJECT-ID>
c57bl6-4.11.17-1mois-DAOG-M1-4.5r
<\SUBJECT-ID>
<NOTE>

<\NOTE>
<MIN-MAX-PLOT>
0.100000 51880.761719
<\MIN-MAX-PLOT>
<STIMULUS-DEFINED>
Default
Default Human Relative Spectral Sensitivity
1	0
1	0.500000	0.500000	17.000000	1	1	4.500000	-100.000000	0.100000	-100.000000	0
<\STIMULUS-DEFINED>
<STIMULUS-GENERATED>
4
0	0	0.000000	1	0.000000	0.000000	1	0.000000	0.000000
0	1	0.510000	1	129.044220	31625.173828	1	0.000000	0.000000
0	4	1.019000	1	0.000000	0.000000	1	0.000000	0.000000
-1	5	18.028000	0	0.000000	0.000000	0	0.000000	0.000000
<\STIMULUS-GENERATED>
<RIGHT-PUPIL-DATA>
542	1
1	-0.067000	1.008696	293.500000	391.000000
1	-0.035000	1.008696	293.500000	391.000000
1	-0.004000	1.008696	294.000000	390.500000
1	0.027000	1.050290	293.718750	391.456238
1	0.058000	1.039710	294.500000	391.437500
1	0.105000	0.996667	292.868744	391.406219
1	0.136000	0.991304	294.000000	391.000000
1	0.167000	0.988116	294.287506	390.962494
1	0.199000	1.039710	294.312500	391.562500
1	0.230000	1.010580	294.031250	391.281250
1	0.261000	1.061884	294.243744	391.756256
1	0.292000	1.025072	293.756256	390.756256
1	0.339000	1.059710	294.712494	391.225006
1	0.370000	1.042754	292.981262	390.981262
1	0.401000	0.989710	294.906250	390.781250
1	0.433000	1.070725	294.350006	391.149994
1	0.464000	1.008696	294.000000	390.500000
1	0.495000	0.994493	294.337494	390.162506
1	0.526000	1.033623	294.475006	390.149994
0	0.573000	0.937536	294.093750	388.468750
1	0.604000	1.005942	294.781250	389.718750
1	0.635000	1.020725	295.318756	390.318756
1	0.667000	1.008696	294.000000	390.500000
1	0.698000	1.048985	294.037506	390.037506
1	0.729000	1.008696	294.500000	390.000000
1	0.760000	1.008116	294.000000	390.000000
1	0.791000	0.995362	293.875000	390.150024
1	0.838000	0.970290	293.706238	389.043762
0	0.869000	0.895072	295.375000	387.875000
1	0.901000	0.931449	294.618744	389.618744
1	0.932000	0.800580	296.500000	388.487488
1	0.963000	0.959855	293.943756	390.243744
1	0.994000	0.939130	293.500000	390.000000
1	1.025000	0.912899	294.368744	390.318756
1	1.057000	0.916232	293.600006	390.237518
1	1.103000	0.866377	293.037506	390.212494
1	1.135000	0.844058	294.575012	389.750000
1	1.166000	0.839275	294.556244	391.318756
1	1.197000	0.865797	293.200134	391.037537
0	1.228000	0.707246	294.000000	388.500000
1	1.259000	0.825507	294.375000	391.250000
1	1.291000	0.708116	295.812500	389.862488
1	1.337000	0.689710	296.406250	391.406250
0	1.369000	0.614493	298.000000	388.500000
0	1.400000	0.720580	294.975006	390.225006
0	1.431000	0.707246	294.000000	388.500000
0	1.462000	0.727681	295.531250	390.031250
0	1.493000	0.718841	295.750000	389.250000
1	1.525000	0.742464	294.268768	390.681244
1	1.571000	0.717971	294.687500	390.562500
1	1.603000	0.695652	295.250000	390.750000
1	1.634000	0.711449	294.243835	390.106262
0	1.665000	0.707246	294.000000	388.500000
1	1.696000	0.707681	295.193756	390.818756
0	1.727000	0.660870	295.000000	389.500000
0	1.759000	0.707246	294.000000	388.500000
1	1.790000	0.712464	295.125000	391.125000
1	1.837000	0.690725	295.000000	390.437500
1	1.868000	0.690290	293.881256	390.568756
1	1.899000	0.662029	294.725006	390.512482
1	1.930000	0.679855	294.531250	390.468750
1	1.961000	0.689855	295.062500	390.312500
1	1.993000	0.671015	294.674988	390.674988
1	2.024000	0.669565	295.000000	390.500000
0	2.071000	0.707246	294.000000	388.500000
1	2.102000	0.668406	295.212494	390.274994
1	2.133000	0.692899	295.031250	390.531250
1	2.164000	0.690290	295.431244	390.568756
1	2.195000	0.702028	295.249847	390.899933
1	2.227000	0.661449	294.250000	390.500000
1	2.258000	0.672899	294.181244	390.318756
1	2.305000	0.695652	295.000000	390.500000
1	2.336000	0.690290	294.431244	390.568756
1	2.367000	0.670580	294.618744	391.368744
0	2.398000	0.707246	294.000000	388.500000
1	2.429000	0.715507	294.631256	391.881256
1	2.461000	0.670145	295.625000	392.375000
1	2.492000	0.725072	294.068756	392.068756
1	2.523000	0.735942	293.662506	392.162506
1	2.570000	0.727246	294.574982	392.037506
1	2.601000	0.695797	294.993744	391.681244
1	2.632000	0.745072	294.343750	391.718750
1	2.663000	0.735797	294.181244	392.181244
1	2.695000	0.742898	294.687500	392.312500
1	2.726000	0.724928	294.024994	392.087494
1	2.757000	0.744058	294.562500	392.312500
0	2.804000	0.707246	294.000000	388.500000
1	2.835000	0.739130	294.500000	392.250000
1	2.866000	0.751594	294.562500	391.362488
1	2.897000	0.721594	293.168732	392.018707
0	2.929000	0.690145	294.412506	391.587494
1	2.960000	0.747826	293.593750	392.718750
1	2.991000	0.730435	294.000000	392.500000
1	3.038000	0.707101	295.156250	392.781250
1	3.069000	0.725072	293.931244	392.568756
1	3.100000	0.690145	294.412506	392.587494
1	3.131000	0.698551	294.424988	391.987488
0	3.163000	0.347826	262.831360	396.343750
1	3.194000	0.712464	295.125000	392.750000
1	3.225000	0.744638	294.712494	392.537506
1	3.256000	0.746232	293.581238	392.331238
1	3.303000	0.722754	294.843719	391.993744
0	3.334000	0.707246	294.000000	388.500000
1	3.365000	0.728841	293.906250	391.906250
1	3.397000	0.761014	294.056244	392.431244
1	3.428000	0.764058	293.475006	391.475006
1	3.459000	0.759420	294.437500	391.562500
1	3.490000	0.777681	293.562500	392.174988
1	3.537000	0.779420	292.787506	392.212494
1	3.568000	0.759420	292.575165	392.124908
1	3.599000	0.731159	294.518738	392.156250
1	3.631000	0.764638	293.500000	392.500000
1	3.662000	0.742029	294.750000	391.250000
1	3.693000	0.796812	293.037506	392.899994
0	3.724000	0.730435	294.750000	391.250000
1	3.771000	0.742029	294.799988	391.799988
1	3.802000	0.755507	294.493744	391.818756
1	3.833000	0.795072	292.937500	391.062500
1	3.865000	0.811594	292.924988	390.924988
1	3.896000	0.800000	293.250000	390.250000
1	3.927000	0.781884	293.231262	390.231262
1	3.958000	0.794203	292.000000	390.500000
1	3.989000	0.745072	294.218750	390.718750
1	4.036000	0.746377	295.299988	391.262512
1	4.067000	0.763768	294.424988	391.500000
1	4.099000	0.801159	294.024994	391.975006
1	4.130000	0.765362	294.368744	391.043732
1	4.161000	0.805942	293.156250	391.781250
1	4.192000	0.761014	294.431244	391.568756
1	4.223000	0.811884	292.987518	391.712494
0	4.270000	0.765942	294.393738	391.531250
0	4.301000	0.742319	293.162506	390.662506
1	4.333000	0.805942	292.406250	391.843750
1	4.364000	0.823188	293.500000	392.000000
1	4.395000	0.779420	293.712494	390.787506
0	4.426000	0.711884	294.725006	390.899994
1	4.457000	0.707246	295.000000	389.500000
1	4.504000	0.814638	292.281250	391.331238
1	4.535000	0.810290	293.093750	391.218750
0	4.567000	0.732754	294.574982	389.725006
1	4.598000	0.782029	293.825012	390.299988
0	4.629000	0.746812	294.293732	389.756256
0	4.660000	0.765942	294.000000	390.437500
0	4.691000	0.742898	295.187500	390.312500
1	4.723000	0.834783	292.000000	391.500000
0	4.769000	0.707101	294.793762	389.843750
1	4.801000	0.765072	294.406158	390.993744
1	4.832000	0.773913	293.500000	390.750000
1	4.863000	0.756667	294.493744	391.506256
1	4.894000	0.718406	294.993744	390.681244
1	4.925000	0.796232	292.937500	391.937500
0	4.957000	0.709275	293.562500	390.862488
1	5.003000	0.801159	292.225006	392.024994
1	5.035000	0.820580	292.787506	391.212494
1	5.066000	0.742319	293.675018	390.699982
1	5.097000	0.784203	294.093750	391.768738
1	5.128000	0.742030	293.762512	390.300110
1	5.159000	0.808841	293.368744	391.756256
1	5.191000	0.800000	292.500000	392.000000
1	5.222000	0.856522	292.500000	391.125000
1	5.269000	0.807971	292.643738	391.643738
1	5.300000	0.834783	292.750000	391.750000
1	5.331000	0.864203	292.806244	392.193756
1	5.362000	0.836377	292.406250	392.593750
1	5.393000	0.839275	292.443756	392.556244
1	5.425000	0.820580	291.899994	392.399994
0	5.456000	0.745797	292.287506	392.037506
1	5.503000	0.832029	291.968750	392.968750
1	5.534000	0.743623	294.306244	392.318756
1	5.565000	0.815507	291.156250	392.718750
1	5.596000	0.805942	292.843750	392.781250
1	5.627000	0.776812	292.500000	392.000000
1	5.659000	0.736232	294.000000	392.000000
1	5.690000	0.831449	291.556244	392.556244
1	5.737000	0.822319	290.912476	392.237488
1	5.768000	0.825942	291.256256	392.868744
0	5.799000	0.741884	293.656250	391.331238
1	5.830000	0.746667	294.225006	391.375031
1	5.861000	0.840145	292.506256	392.318756
1	5.893000	0.788406	293.000000	391.500000
1	5.924000	0.834203	292.000000	391.562500
1	5.955000	0.817391	292.000000	391.500000
1	6.002000	0.857681	292.649994	392.162506
1	6.033000	0.853333	292.399994	391.850006
1	6.064000	0.839855	292.500000	391.937500
1	6.095000	0.870725	292.225006	392.100006
1	6.127000	0.788116	292.787506	391.662506
1	6.158000	0.845942	292.431244	392.493744
1	6.189000	0.845942	292.206268	392.493744
1	6.236000	0.848985	291.850006	392.899994
1	6.267000	0.852029	292.181244	392.831268
1	6.298000	0.835942	291.587494	392.975006
0	6.329000	0.760290	292.500000	391.562500
1	6.361000	0.857971	292.000000	392.500000
1	6.392000	0.840145	291.493744	392.668793
1	6.423000	0.854348	291.812500	392.812500
1	6.470000	0.852174	291.125000	392.375000
1	6.501000	0.855362	291.712494	392.649994
1	6.532000	0.857681	291.662506	392.662506
1	6.563000	0.840725	290.656250	392.156250
1	6.595000	0.815072	292.850006	392.337494
1	6.626000	0.836377	291.531250	392.968750
1	6.657000	0.861449	291.375000	392.750000
1	6.688000	0.861449	292.000000	392.250000
1	6.735000	0.840433	292.006653	392.193542
1	6.766000	0.839275	291.943756	392.556244
1	6.797000	0.848406	292.312500	392.562500
1	6.829000	0.869710	292.006256	392.256256
1	6.860000	0.857681	292.087494	392.162506
1	6.891000	0.779420	293.212494	390.787506
1	6.922000	0.835362	291.625000	392.000000
1	6.969000	0.839275	291.681244	391.443756
1	7.000000	0.845362	292.406250	391.468750
1	7.031000	0.835362	292.500000	391.000000
1	7.063000	0.833768	291.618744	391.568756
1	7.094000	0.839710	291.562500	390.875000
1	7.125000	0.847101	291.581238	390.831238
1	7.156000	0.809855	292.050018	390.225006
1	7.187000	0.851159	291.493744	390.806244
1	7.234000	0.835362	292.000000	390.500000
1	7.265000	0.829420	291.681244	391.068756
1	7.297000	0.835942	291.600006	391.412506
1	7.328000	0.834783	292.000000	391.500000
1	7.359000	0.839130	292.500000	391.375000
1	7.390000	0.776812	290.000000	390.500000
1	7.421000	0.846377	291.750000	391.750000
1	7.468000	0.831594	290.912506	391.537506
1	7.499000	0.831884	291.887512	392.512512
1	7.531000	0.837536	292.093628	392.018677
1	7.562000	0.835942	291.600006	392.475006
1	7.593000	0.852174	291.500000	393.000000
1	7.624000	0.857102	291.737549	392.187500
0	7.655000	0.744203	294.331238	391.293762
1	7.702000	0.851015	291.225006	392.350006
1	7.733000	0.801594	293.031250	391.968750
1	7.765000	0.859710	291.962494	392.774994
1	7.796000	0.786957	291.125000	391.625000
1	7.827000	0.837971	291.475006	392.412506
1	7.858000	0.829855	291.062500	392.062500
1	7.889000	0.858116	291.656250	392.718750
1	7.921000	0.834783	291.000000	392.500000
1	7.967000	0.853188	291.256256	392.306244
1	7.999000	0.859855	292.131256	392.818756
1	8.030000	0.866810	291.219086	392.980988
1	8.061000	0.844203	291.131256	392.693756
1	8.092000	0.846522	290.906281	392.543793
1	8.123000	0.869565	291.500000	393.000000
1	8.155000	0.866232	291.056244	393.556244
1	8.201000	0.858116	291.156250	393.343750
1	8.233000	0.838551	290.562500	393.437500
1	8.264000	0.870580	291.131256	393.868744
1	8.295000	0.869565	291.250000	394.250000
1	8.326000	0.892754	291.000000	395.500000
1	8.357000	0.872464	290.750000	394.250000
1	8.389000	0.865797	291.200012	394.000000
1	8.435000	0.864493	291.218719	393.293732
1	8.467000	0.860145	291.643738	392.793762
1	8.498000	0.864203	291.193756	393.243744
1	8.529000	0.871884	291.574982	392.899994
1	8.560000	0.708116	294.812500	392.812500
1	8.591000	0.839855	291.518738	393.468750
1	8.623000	0.847681	291.443756	393.756256
1	8.654000	0.870145	291.750000	393.500000
1	8.701000	0.866232	291.943756	393.806244
1	8.732000	0.835942	291.524994	392.899994
1	8.763000	0.846377	290.750000	392.424988
1	8.794000	0.852318	292.143982	392.306030
1	8.825000	0.835942	291.600006	392.475006
1	8.857000	0.874058	292.118744	391.881256
1	8.888000	0.881159	292.000000	391.500000
1	8.935000	0.834783	292.000000	391.500000
1	8.966000	0.866377	292.212494	392.037506
1	8.997000	0.865797	292.062500	391.437500
1	9.028000	0.839275	292.443756	391.443756
1	9.059000	0.839855	292.418762	391.418762
1	9.091000	0.835942	292.475006	391.399994
1	9.122000	0.870580	292.256256	390.256256
1	9.153000	0.865797	292.250000	390.250000
1	9.200000	0.837971	293.462494	390.537506
1	9.231000	0.853768	292.718750	390.156250
1	9.262000	0.833768	292.981232	389.556244
1	9.293000	0.857681	292.912506	390.087494
1	9.325000	0.846377	292.750000	389.250000
1	9.356000	0.846377	293.312500	388.812500
1	9.387000	0.857681	293.162506	389.337494
1	9.434000	0.875362	293.000000	389.000000
1	9.465000	0.866232	293.506256	389.056244
1	9.496000	0.846377	293.424988	388.924988
1	9.527000	0.857681	293.162506	388.837494
0	9.559000	0.776812	292.000000	388.500000
0	9.590000	0.744203	295.293640	388.293762
1	9.621000	0.839275	293.031219	389.443756
1	9.668000	0.855942	293.312500	389.687500
1	9.699000	0.814928	293.818756	389.743744
1	9.730000	0.855942	293.687500	390.125000
1	9.761000	0.837681	293.750000	390.000000
1	9.793000	0.837971	293.524994	389.462494
1	9.824000	0.823188	292.500000	389.000000
1	9.855000	0.835362	292.750000	389.500000
1	9.886000	0.840145	293.506256	389.493744
1	9.933000	0.835797	293.493744	389.618744
1	9.964000	0.869565	293.250000	389.250000
1	9.995000	0.860870	293.000000	389.250000
1	10.027000	0.857102	293.187500	389.812500
1	10.058000	0.855797	293.331238	389.343750
1	10.089000	0.833188	292.406250	388.981262
1	10.120000	0.871449	293.118744	389.843719
1	10.167000	0.800000	294.000000	388.500000
1	10.198000	0.835942	293.524994	389.975006
1	10.229000	0.835797	293.381256	390.006256
1	10.261000	0.847101	293.418762	389.781250
1	10.292000	0.801159	294.024994	389.024994
1	10.323000	0.854928	293.093750	389.281250
1	10.354000	0.823188	293.500000	389.000000
1	10.401000	0.857102	293.687500	389.062500
1	10.432000	0.866231	293.681274	388.243958
1	10.463000	0.865797	292.937500	388.812500
1	10.495000	0.835942	292.975006	388.475006
1	10.526000	0.759420	295.000000	388.000000
1	10.557000	0.866812	293.031250	389.218750
1	10.588000	0.851304	293.112518	388.875031
1	10.619000	0.857681	293.087494	389.162506
1	10.666000	0.839855	292.418762	389.343750
1	10.697000	0.838551	292.650055	389.487518
1	10.729000	0.805942	294.156250	388.968750
1	10.760000	0.837971	293.475006	389.475006
1	10.791000	0.838551	293.500000	389.562500
1	10.822000	0.835942	292.975006	389.975006
1	10.853000	0.825072	293.381256	390.256256
1	10.900000	0.846377	293.125000	390.625000
1	10.931000	0.834492	292.587769	390.487305
1	10.963000	0.855362	292.337494	389.712494
1	10.994000	0.852319	292.618744	389.868744
1	11.025000	0.847246	292.937500	390.174988
1	11.056000	0.835942	293.399994	389.975006
1	11.087000	0.820145	292.718750	389.781250
1	11.134000	0.862029	292.725006	390.024994
1	11.165000	0.869565	292.250000	389.750000
1	11.197000	0.852174	292.500000	389.500000
1	11.228000	0.828986	292.687469	389.512482
1	11.259000	0.854928	292.906250	390.093750
1	11.290000	0.855797	292.331238	390.281250
1	11.321000	0.843188	293.262512	390.500000
1	11.353000	0.866377	292.962494	390.787506
1	11.399000	0.858116	292.656250	390.656250
1	11.431000	0.861449	292.375000	390.000000
1	11.462000	0.857681	292.912506	391.162506
1	11.493000	0.836377	293.468750	391.406250
1	11.524000	0.858116	293.168762	390.156250
1	11.555000	0.866377	292.787506	389.412506
1	11.587000	0.834783	294.000000	389.500000
1	11.633000	0.774493	294.325012	388.825012
1	11.665000	0.757681	295.599945	388.425018
1	11.696000	0.811014	292.899994	389.100006
1	11.727000	0.814203	293.850006	389.712494
1	11.758000	0.796232	294.937500	389.062500
1	11.789000	0.815362	292.887543	389.324982
1	11.821000	0.800000	294.000000	388.500000
1	11.867000	0.834783	293.000000	389.500000
1	11.899000	0.863333	293.243744	390.256256
1	11.930000	0.821159	292.187500	390.812500
0	11.961000	0.804928	293.812500	389.187500
1	11.992000	0.798551	293.937500	390.549988
1	12.023000	0.834783	293.250000	391.250000
1	12.055000	0.815942	292.737488	392.112488
1	12.086000	0.836377	292.968750	392.468750
1	12.133000	0.850580	292.468750	391.831238
0	12.164000	0.747971	295.243744	390.618744
1	12.195000	0.853333	292.850006	391.149994
1	12.226000	0.838986	292.556244	391.506256
1	12.257000	0.836377	292.518738	391.468750
1	12.289000	0.857102	293.187500	390.312500
1	12.320000	0.851159	293.193756	390.818756
1	12.367000	0.863333	293.193756	390.756256
0	12.398000	0.796667	294.056244	391.056244
1	12.429000	0.843333	293.118744	390.306244
1	12.460000	0.857681	293.837494	390.162506
1	12.491000	0.835942	293.412506	390.399994
1	12.523000	0.844493	293.168732	390.381256
1	12.554000	0.840145	294.318756	390.056244
1	12.601000	0.857681	294.162506	389.837494
1	12.632000	0.864203	293.993744	389.756256
1	12.663000	0.857681	293.649994	389.087494
1	12.694000	0.868985	293.750000	389.750000
1	12.725000	0.857102	293.312500	390.299988
1	12.757000	0.866812	293.781250	390.468750
1	12.788000	0.865797	292.812500	390.187500
1	12.819000	0.838116	293.018829	390.493744
1	12.866000	0.835362	292.437500	390.437500
1	12.897000	0.866232	293.193756	391.056244
1	12.928000	0.828261	293.125000	390.562500
1	12.959000	0.865797	292.812500	391.062500
1	12.991000	0.861014	292.993744	391.243744
1	13.022000	0.820145	292.593750	391.218750
1	13.053000	0.857971	292.750000	391.250000
1	13.084000	0.862029	292.350006	391.024994
1	13.131000	0.831594	292.537506	390.462494
1	13.162000	0.847101	293.218750	391.581238
1	13.193000	0.857971	293.000000	391.500000
1	13.225000	0.879710	293.000000	391.250000
1	13.256000	0.866232	292.806244	391.756256
1	13.287000	0.876812	292.612488	391.887512
1	13.318000	0.869565	292.500000	392.000000
1	13.365000	0.869565	292.500000	392.000000
1	13.396000	0.878116	293.068756	391.318756
1	13.427000	0.857681	292.662506	391.912506
1	13.459000	0.852174	292.500000	392.500000
1	13.490000	0.840145	292.493744	392.106232
1	13.521000	0.863623	292.218750	392.031250
1	13.552000	0.847101	292.581238	392.218750
1	13.599000	0.852174	292.000000	392.500000
1	13.630000	0.857536	292.681244	392.631256
1	13.661000	0.857681	292.337494	391.912506
1	13.693000	0.866377	292.774994	392.225006
1	13.724000	0.880725	292.706238	392.031250
1	13.755000	0.881159	293.000000	390.500000
1	13.786000	0.879855	292.218750	390.643738
1	13.817000	0.848985	292.462494	390.787506
1	13.864000	0.848985	292.537506	391.100006
1	13.895000	0.881159	292.000000	391.500000
1	13.927000	0.857681	292.662506	391.087494
1	13.958000	0.857681	292.912506	391.912506
1	13.989000	0.876812	293.112488	391.612488
1	14.020000	0.851449	292.268738	392.268738
1	14.051000	0.874058	292.443756	392.118744
1	14.098000	0.839275	291.956268	392.443756
1	14.129000	0.886957	292.687500	391.687500
1	14.161000	0.875507	292.906250	391.093750
1	14.192000	0.835362	291.625000	390.500000
1	14.223000	0.853333	291.149994	390.600006
0	14.254000	0.807536	292.225006	390.050018
1	14.285000	0.813623	292.312500	390.312500
1	14.332000	0.820145	291.781250	390.218750
1	14.363000	0.892754	291.674988	391.575012
1	14.395000	0.869565	291.250000	390.750000
1	14.426000	0.861014	290.968719	390.231232
1	14.457000	0.874058	291.118744	389.868744
1	14.488000	0.857971	291.000000	390.500000
1	14.519000	0.835942	291.524994	389.975006
0	14.551000	0.776812	290.000000	390.500000
0	14.597000	0.794493	292.100006	390.537506
0	14.629000	0.811594	292.000000	390.500000
1	14.660000	0.859855	290.931305	391.318756
1	14.691000	0.873333	291.875000	391.875000
1	14.722000	0.870580	291.868744	392.131256
1	14.753000	0.866377	291.225006	391.774994
1	14.785000	0.834783	292.250000	390.750000
1	14.831000	0.883333	291.743622	392.006195
1	14.863000	0.874058	291.868744	392.118744
1	14.894000	0.865797	291.187500	391.799988
1	14.925000	0.840145	291.493744	391.493744
0	14.956000	0.783188	292.125000	390.750000
1	14.987000	0.848985	291.787506	392.537506
1	15.019000	0.783188	292.750000	390.750000
1	15.065000	0.871159	291.843750	392.843750
1	15.097000	0.852029	292.368744	393.243744
1	15.128000	0.843044	290.956299	393.493713
0	15.159000	0.795072	292.987488	392.112488
1	15.190000	0.849420	290.606262	392.831238
0	15.221000	0.743623	293.681244	390.318756
1	15.253000	0.876232	291.162506	391.912506
1	15.284000	0.868840	291.143768	392.056244
1	15.331000	0.893623	291.862366	391.874939
1	15.362000	0.849420	291.781250	391.418762
1	15.393000	0.857681	291.662506	391.337494
1	15.424000	0.857536	291.681244	391.681244
1	15.455000	0.886232	291.768738	390.768738
1	15.487000	0.835942	292.462494	390.975006
0	15.518000	0.800000	294.000000	388.500000
1	15.565000	0.851449	291.868774	391.168701
1	15.596000	0.869565	292.000000	390.500000
1	15.627000	0.835942	292.524994	390.975006
1	15.658000	0.835942	291.475006	391.524994
1	15.689000	0.857681	292.162506	390.837494
1	15.721000	0.877101	291.949982	390.350006
1	15.752000	0.874638	292.143738	391.143738
1	15.799000	0.840725	291.531250	391.531250
1	15.830000	0.869565	291.125000	391.125000
1	15.861000	0.846377	291.750000	391.250000
1	15.892000	0.862029	291.350006	391.725006
1	15.923000	0.846377	291.000000	391.500000
1	15.955000	0.896812	291.412506	391.837494
1	15.986000	0.875507	291.156250	391.906250
1	16.017000	0.892754	291.000000	391.500000
1	16.064000	0.878116	291.931244	391.868744
1	16.095000	0.896812	291.899994	391.837494
1	16.126000	0.866232	291.218750	391.193787
1	16.157000	0.885942	291.693756	391.993744
1	16.189000	0.871159	291.156250	391.093750
1	16.220000	0.901015	291.743744	391.556244
1	16.251000	0.881594	291.318756	391.318756
1	16.298000	0.857681	290.662506	391.662506
1	16.329000	0.874638	291.143738	391.143738
1	16.360000	0.915072	291.287506	391.287506
1	16.391000	0.903188	291.725006	391.524994
1	16.423000	0.876812	291.862488	390.987488
1	16.454000	0.874058	291.118744	391.193756
1	16.485000	0.892754	293.000000	391.500000
1	16.532000	0.874638	291.143738	391.106262
1	16.563000	0.874058	291.118744	391.118744
1	16.594000	0.874058	291.256256	391.168732
1	16.625000	0.913623	291.625000	391.687500
1	16.657000	0.865217	291.406250	391.218750
1	16.688000	0.869565	292.000000	390.500000
1	16.719000	0.877681	291.750000	391.612488
1	16.750000	0.875942	290.899994	390.587494
1	16.797000	0.877246	291.118744	390.631256
1	16.828000	0.892754	291.750000	390.750000
1	16.859000	0.875507	292.093750	390.568726
1	16.891000	0.866377	291.787506	390.787506
1	16.922000	0.866232	292.193756	390.931244
1	16.953000	0.871159	292.093750	390.156250
1	16.984000	0.866232	291.806213	390.806213
1	17.015000	0.865797	292.187500	390.549988
1	17.062000	0.853333	292.662506	391.100006
1	17.093000	0.866812	291.781250	391.031250
1	17.125000	0.874058	291.868744	391.118744
1	17.156000	0.857102	291.937500	391.187500
1	17.187000	0.896812	292.100006	391.100006
1	17.218000	0.903333	291.506256	391.506256
1	17.249000	0.892754	291.000000	391.500000
1	17.296000	0.874058	291.881256	392.118744
1	17.327000	0.885942	292.006256	391.993744
1	17.359000	0.874493	291.137512	391.562500
1	17.390000	0.896667	292.118744	391.818756
1	17.421000	0.909275	291.662445	391.662445
1	17.452000	0.894058	292.031250	391.843750
1	17.483000	0.902029	291.524994	391.524994
1	17.530000	0.912029	291.631256	391.743744
1	17.561000	0.885942	292.006256	391.693756
1	17.593000	0.914493	292.312500	390.737488
1	17.624000	0.904348	292.375000	391.625000
1	17.655000	0.869565	291.187500	391.312500
1	17.686000	0.923333	292.468750	391.531250
1	17.717000	0.931015	292.500000	391.500000
1	17.749000	0.920725	292.668732	391.568756
1	17.795000	0.914203	292.350006	390.662506
1	17.827000	0.913623	292.312500	390.687500
0	17.858000	0.800000	294.000000	388.500000
1	17.889000	0.937536	292.731262	390.018738
1	17.920000	0.904493	292.256256	390.556244
1	17.951000	0.927681	291.843750	390.593750
<\RIGHT-PUPIL-DATA>
<LEFT-PUPIL-DATA>
542	0
0	-0.051000	0.000000	250.000000	362.000000
0	-0.019000	0.000000	250.000000	362.000000
0	0.012000	0.000000	250.000000	362.000000
0	0.043000	0.000000	250.000000	362.000000
0	0.074000	0.000000	250.000000	362.000000
0	0.105000	0.000000	250.000000	362.000000
0	0.137000	0.000000	250.000000	362.000000
0	0.183000	0.000000	250.000000	362.000000
0	0.215000	0.000000	250.000000	362.000000
0	0.246000	0.000000	250.000000	362.000000
0	0.277000	0.000000	250.000000	362.000000
0	0.308000	0.000000	250.000000	362.000000
0	0.339000	0.000000	250.000000	362.000000
0	0.371000	0.000000	250.000000	362.000000
0	0.417000	0.000000	250.000000	362.000000
0	0.449000	0.000000	250.000000	362.000000
0	0.480000	0.000000	250.000000	362.000000
0	0.511000	0.000000	250.000000	362.000000
0	0.542000	0.000000	250.000000	362.000000
0	0.573000	0.000000	250.000000	362.000000
0	0.605000	0.000000	250.000000	362.000000
0	0.651000	0.000000	250.000000	362.000000
0	0.683000	0.000000	250.000000	362.000000
0	0.714000	0.000000	250.000000	362.000000
0	0.745000	0.000000	250.000000	362.000000
0	0.776000	0.000000	250.000000	362.000000
0	0.807000	0.000000	250.000000	362.000000
0	0.839000	0.000000	250.000000	362.000000
0	0.870000	0.000000	250.000000	362.000000
0	0.917000	0.000000	250.000000	362.000000
0	0.948000	0.000000	250.000000	362.000000
0	0.979000	0.000000	250.000000	362.000000
0	1.010000	0.000000	250.000000	362.000000
0	1.041000	0.000000	250.000000	362.000000
0	1.073000	0.000000	250.000000	362.000000
0	1.104000	0.000000	250.000000	362.000000
0	1.151000	0.000000	250.000000	362.000000
0	1.182000	0.000000	250.000000	362.000000
0	1.213000	0.000000	250.000000	362.000000
0	1.244000	0.000000	250.000000	362.000000
0	1.275000	0.000000	250.000000	362.000000
0	1.307000	0.000000	250.000000	362.000000
0	1.338000	0.000000	250.000000	362.000000
0	1.385000	0.000000	250.000000	362.000000
0	1.416000	0.000000	250.000000	362.000000
0	1.447000	0.000000	250.000000	362.000000
0	1.478000	0.000000	250.000000	362.000000
0	1.509000	0.000000	250.000000	362.000000
0	1.541000	0.000000	250.000000	362.000000
0	1.572000	0.000000	250.000000	362.000000
0	1.603000	0.000000	250.000000	362.000000
0	1.650000	0.000000	250.000000	362.000000
0	1.681000	0.000000	250.000000	362.000000
0	1.712000	0.000000	250.000000	362.000000
0	1.743000	0.000000	250.000000	362.000000
0	1.775000	0.000000	250.000000	362.000000
0	1.806000	0.000000	250.000000	362.000000
0	1.837000	0.000000	250.000000	362.000000
0	1.884000	0.000000	250.000000	362.000000
0	1.915000	0.000000	250.000000	362.000000
0	1.946000	0.000000	250.000000	362.000000
0	1.977000	0.000000	250.000000	362.000000
0	2.009000	0.000000	250.000000	362.000000
0	2.040000	0.000000	250.000000	362.000000
0	2.071000	0.000000	250.000000	362.000000
0	2.118000	0.000000	250.000000	362.000000
0	2.149000	0.000000	250.000000	362.000000
0	2.180000	0.000000	250.000000	362.000000
0	2.211000	0.000000	250.000000	362.000000
0	2.243000	0.000000	250.000000	362.000000
0	2.274000	0.000000	250.000000	362.000000
0	2.305000	0.000000	250.000000	362.000000
0	2.336000	0.000000	250.000000	362.000000
0	2.383000	0.000000	250.000000	362.000000
0	2.414000	0.000000	250.000000	362.000000
0	2.445000	0.000000	250.000000	362.000000
0	2.477000	0.000000	250.000000	362.000000
0	2.508000	0.000000	250.000000	362.000000
0	2.539000	0.000000	250.000000	362.000000
0	2.570000	0.000000	250.000000	362.000000
0	2.617000	0.000000	250.000000	362.000000
0	2.648000	0.000000	250.000000	362.000000
0	2.679000	0.000000	250.000000	362.000000
0	2.711000	0.000000	250.000000	362.000000
0	2.742000	0.000000	250.000000	362.000000
0	2.773000	0.000000	250.000000	362.000000
0	2.804000	0.000000	250.000000	362.000000
0	2.851000	0.000000	250.000000	362.000000
0	2.882000	0.000000	250.000000	362.000000
0	2.913000	0.000000	250.000000	362.000000
0	2.945000	0.000000	250.000000	362.000000
0	2.976000	0.000000	250.000000	362.000000
0	3.007000	0.000000	250.000000	362.000000
0	3.038000	0.000000	250.000000	362.000000
0	3.069000	0.000000	250.000000	362.000000
0	3.116000	0.000000	250.000000	362.000000
0	3.147000	0.000000	250.000000	362.000000
0	3.179000	0.000000	250.000000	362.000000
0	3.210000	0.000000	250.000000	362.000000
0	3.241000	0.000000	250.000000	362.000000
0	3.272000	0.000000	250.000000	362.000000
0	3.303000	0.000000	250.000000	362.000000
0	3.350000	0.000000	250.000000	362.000000
0	3.381000	0.000000	250.000000	362.000000
0	3.413000	0.000000	250.000000	362.000000
0	3.444000	0.000000	250.000000	362.000000
0	3.475000	0.000000	250.000000	362.000000
0	3.506000	0.000000	250.000000	362.000000
0	3.537000	0.000000	250.000000	362.000000
0	3.584000	0.000000	250.000000	362.000000
0	3.615000	0.000000	250.000000	362.000000
0	3.647000	0.000000	250.000000	362.000000
0	3.678000	0.000000	250.000000	362.000000
0	3.709000	0.000000	250.000000	362.000000
0	3.740000	0.000000	250.000000	362.000000
0	3.771000	0.000000	250.000000	362.000000
0	3.803000	0.000000	250.000000	362.000000
0	3.849000	0.000000	250.000000	362.000000
0	3.881000	0.000000	250.000000	362.000000
0	3.912000	0.000000	250.000000	362.000000
0	3.943000	0.000000	250.000000	362.000000
0	3.974000	0.000000	250.000000	362.000000
0	4.005000	0.000000	250.000000	362.000000
0	4.037000	0.000000	250.000000	362.000000
0	4.068000	0.000000	250.000000	362.000000
0	4.115000	0.000000	250.000000	362.000000
0	4.146000	0.000000	250.000000	362.000000
0	4.177000	0.000000	250.000000	362.000000
0	4.208000	0.000000	250.000000	362.000000
0	4.239000	0.000000	250.000000	362.000000
0	4.271000	0.000000	250.000000	362.000000
0	4.302000	0.000000	250.000000	362.000000
0	4.349000	0.000000	250.000000	362.000000
0	4.380000	0.000000	250.000000	362.000000
0	4.411000	0.000000	250.000000	362.000000
0	4.442000	0.000000	250.000000	362.000000
0	4.473000	0.000000	250.000000	362.000000
0	4.505000	0.000000	250.000000	362.000000
0	4.536000	0.000000	250.000000	362.000000
0	4.583000	0.000000	250.000000	362.000000
0	4.614000	0.000000	250.000000	362.000000
0	4.645000	0.000000	250.000000	362.000000
0	4.676000	0.000000	250.000000	362.000000
0	4.707000	0.000000	250.000000	362.000000
0	4.739000	0.000000	250.000000	362.000000
0	4.770000	0.000000	250.000000	362.000000
0	4.801000	0.000000	250.000000	362.000000
0	4.848000	0.000000	250.000000	362.000000
0	4.879000	0.000000	250.000000	362.000000
0	4.910000	0.000000	250.000000	362.000000
0	4.941000	0.000000	250.000000	362.000000
0	4.973000	0.000000	250.000000	362.000000
0	5.004000	0.000000	250.000000	362.000000
0	5.035000	0.000000	250.000000	362.000000
0	5.082000	0.000000	250.000000	362.000000
0	5.113000	0.000000	250.000000	362.000000
0	5.144000	0.000000	250.000000	362.000000
0	5.175000	0.000000	250.000000	362.000000
0	5.207000	0.000000	250.000000	362.000000
0	5.238000	0.000000	250.000000	362.000000
0	5.269000	0.000000	250.000000	362.000000
0	5.316000	0.000000	250.000000	362.000000
0	5.347000	0.000000	250.000000	362.000000
0	5.378000	0.000000	250.000000	362.000000
0	5.409000	0.000000	250.000000	362.000000
0	5.441000	0.000000	250.000000	362.000000
0	5.472000	0.000000	250.000000	362.000000
0	5.503000	0.000000	250.000000	362.000000
0	5.534000	0.000000	250.000000	362.000000
0	5.581000	0.000000	250.000000	362.000000
0	5.612000	0.000000	250.000000	362.000000
0	5.643000	0.000000	250.000000	362.000000
0	5.675000	0.000000	250.000000	362.000000
0	5.706000	0.000000	250.000000	362.000000
0	5.737000	0.000000	250.000000	362.000000
0	5.768000	0.000000	250.000000	362.000000
0	5.815000	0.000000	250.000000	362.000000
0	5.846000	0.000000	250.000000	362.000000
0	5.877000	0.000000	250.000000	362.000000
0	5.909000	0.000000	250.000000	362.000000
0	5.940000	0.000000	250.000000	362.000000
0	5.971000	0.000000	250.000000	362.000000
0	6.002000	0.000000	250.000000	362.000000
0	6.049000	0.000000	250.000000	362.000000
0	6.080000	0.000000	250.000000	362.000000
0	6.111000	0.000000	250.000000	362.000000
0	6.143000	0.000000	250.000000	362.000000
0	6.174000	0.000000	250.000000	362.000000
0	6.205000	0.000000	250.000000	362.000000
0	6.236000	0.000000	250.000000	362.000000
0	6.267000	0.000000	250.000000	362.000000
0	6.314000	0.000000	250.000000	362.000000
0	6.345000	0.000000	250.000000	362.000000
0	6.377000	0.000000	250.000000	362.000000
0	6.408000	0.000000	250.000000	362.000000
0	6.439000	0.000000	250.000000	362.000000
0	6.470000	0.000000	250.000000	362.000000
0	6.501000	0.000000	250.000000	362.000000
0	6.548000	0.000000	250.000000	362.000000
0	6.579000	0.000000	250.000000	362.000000
0	6.611000	0.000000	250.000000	362.000000
0	6.642000	0.000000	250.000000	362.000000
0	6.673000	0.000000	250.000000	362.000000
0	6.704000	0.000000	250.000000	362.000000
0	6.735000	0.000000	250.000000	362.000000
0	6.782000	0.000000	250.000000	362.000000
0	6.813000	0.000000	250.000000	362.000000
0	6.845000	0.000000	250.000000	362.000000
0	6.876000	0.000000	250.000000	362.000000
0	6.907000	0.000000	250.000000	362.000000
0	6.938000	0.000000	250.000000	362.000000
0	6.969000	0.000000	250.000000	362.000000
0	7.001000	0.000000	250.000000	362.000000
0	7.047000	0.000000	250.000000	362.000000
0	7.079000	0.000000	250.000000	362.000000
0	7.110000	0.000000	250.000000	362.000000
0	7.141000	0.000000	250.000000	362.000000
0	7.172000	0.000000	250.000000	362.000000
0	7.203000	0.000000	250.000000	362.000000
0	7.235000	0.000000	250.000000	362.000000
0	7.281000	0.000000	250.000000	362.000000
0	7.313000	0.000000	250.000000	362.000000
0	7.344000	0.000000	250.000000	362.000000
0	7.375000	0.000000	250.000000	362.000000
0	7.406000	0.000000	250.000000	362.000000
0	7.437000	0.000000	250.000000	362.000000
0	7.469000	0.000000	250.000000	362.000000
0	7.515000	0.000000	250.000000	362.000000
0	7.547000	0.000000	250.000000	362.000000
0	7.578000	0.000000	250.000000	362.000000
0	7.609000	0.000000	250.000000	362.000000
0	7.640000	0.000000	250.000000	362.000000
0	7.671000	0.000000	250.000000	362.000000
0	7.703000	0.000000	250.000000	362.000000
0	7.734000	0.000000	250.000000	362.000000
0	7.781000	0.000000	250.000000	362.000000
0	7.812000	0.000000	250.000000	362.000000
0	7.843000	0.000000	250.000000	362.000000
0	7.874000	0.000000	250.000000	362.000000
0	7.905000	0.000000	250.000000	362.000000
0	7.937000	0.000000	250.000000	362.000000
0	7.968000	0.000000	250.000000	362.000000
0	8.015000	0.000000	250.000000	362.000000
0	8.046000	0.000000	250.000000	362.000000
0	8.077000	0.000000	250.000000	362.000000
0	8.108000	0.000000	250.000000	362.000000
0	8.139000	0.000000	250.000000	362.000000
0	8.171000	0.000000	250.000000	362.000000
0	8.202000	0.000000	250.000000	362.000000
0	8.233000	0.000000	250.000000	362.000000
0	8.280000	0.000000	250.000000	362.000000
0	8.311000	0.000000	250.000000	362.000000
0	8.342000	0.000000	250.000000	362.000000
0	8.373000	0.000000	250.000000	362.000000
0	8.405000	0.000000	250.000000	362.000000
0	8.436000	0.000000	250.000000	362.000000
0	8.467000	0.000000	250.000000	362.000000
0	8.514000	0.000000	250.000000	362.000000
0	8.545000	0.000000	250.000000	362.000000
0	8.576000	0.000000	250.000000	362.000000
0	8.607000	0.000000	250.000000	362.000000
0	8.639000	0.000000	250.000000	362.000000
0	8.670000	0.000000	250.000000	362.000000
0	8.701000	0.000000	250.000000	362.000000
0	8.748000	0.000000	250.000000	362.000000
0	8.779000	0.000000	250.000000	362.000000
0	8.810000	0.000000	250.000000	362.000000
0	8.841000	0.000000	250.000000	362.000000
0	8.873000	0.000000	250.000000	362.000000
0	8.904000	0.000000	250.000000	362.000000
0	8.935000	0.000000	250.000000	362.000000
0	8.966000	0.000000	250.000000	362.000000
0	9.013000	0.000000	250.000000	362.000000
0	9.044000	0.000000	250.000000	362.000000
0	9.075000	0.000000	250.000000	362.000000
0	9.107000	0.000000	250.000000	362.000000
0	9.138000	0.000000	250.000000	362.000000
0	9.169000	0.000000	250.000000	362.000000
0	9.200000	0.000000	250.000000	362.000000
0	9.247000	0.000000	250.000000	362.000000
0	9.278000	0.000000	250.000000	362.000000
0	9.309000	0.000000	250.000000	362.000000
0	9.341000	0.000000	250.000000	362.000000
0	9.372000	0.000000	250.000000	362.000000
0	9.403000	0.000000	250.000000	362.000000
0	9.434000	0.000000	250.000000	362.000000
0	9.481000	0.000000	250.000000	362.000000
0	9.512000	0.000000	250.000000	362.000000
0	9.543000	0.000000	250.000000	362.000000
0	9.575000	0.000000	250.000000	362.000000
0	9.606000	0.000000	250.000000	362.000000
0	9.637000	0.000000	250.000000	362.000000
0	9.668000	0.000000	250.000000	362.000000
0	9.699000	0.000000	250.000000	362.000000
0	9.746000	0.000000	250.000000	362.000000
0	9.777000	0.000000	250.000000	362.000000
0	9.809000	0.000000	250.000000	362.000000
0	9.840000	0.000000	250.000000	362.000000
0	9.871000	0.000000	250.000000	362.000000
0	9.902000	0.000000	250.000000	362.000000
0	9.933000	0.000000	250.000000	362.000000
0	9.980000	0.000000	250.000000	362.000000
0	10.011000	0.000000	250.000000	362.000000
0	10.043000	0.000000	250.000000	362.000000
0	10.074000	0.000000	250.000000	362.000000
0	10.105000	0.000000	250.000000	362.000000
0	10.136000	0.000000	250.000000	362.000000
0	10.167000	0.000000	250.000000	362.000000
0	10.199000	0.000000	250.000000	362.000000
0	10.245000	0.000000	250.000000	362.000000
0	10.277000	0.000000	250.000000	362.000000
0	10.308000	0.000000	250.000000	362.000000
0	10.339000	0.000000	250.000000	362.000000
0	10.370000	0.000000	250.000000	362.000000
0	10.401000	0.000000	250.000000	362.000000
0	10.433000	0.000000	250.000000	362.000000
0	10.479000	0.000000	250.000000	362.000000
0	10.511000	0.000000	250.000000	362.000000
0	10.542000	0.000000	250.000000	362.000000
0	10.573000	0.000000	250.000000	362.000000
0	10.604000	0.000000	250.000000	362.000000
0	10.635000	0.000000	250.000000	362.000000
0	10.667000	0.000000	250.000000	362.000000
0	10.713000	0.000000	250.000000	362.000000
0	10.745000	0.000000	250.000000	362.000000
0	10.776000	0.000000	250.000000	362.000000
0	10.807000	0.000000	250.000000	362.000000
0	10.838000	0.000000	250.000000	362.000000
0	10.869000	0.000000	250.000000	362.000000
0	10.901000	0.000000	250.000000	362.000000
0	10.932000	0.000000	250.000000	362.000000
0	10.979000	0.000000	250.000000	362.000000
0	11.010000	0.000000	250.000000	362.000000
0	11.041000	0.000000	250.000000	362.000000
0	11.072000	0.000000	250.000000	362.000000
0	11.103000	0.000000	250.000000	362.000000
0	11.135000	0.000000	250.000000	362.000000
0	11.166000	0.000000	250.000000	362.000000
0	11.213000	0.000000	250.000000	362.000000
0	11.244000	0.000000	250.000000	362.000000
0	11.275000	0.000000	250.000000	362.000000
0	11.306000	0.000000	250.000000	362.000000
0	11.337000	0.000000	250.000000	362.000000
0	11.369000	0.000000	250.000000	362.000000
0	11.400000	0.000000	250.000000	362.000000
0	11.447000	0.000000	250.000000	362.000000
0	11.478000	0.000000	250.000000	362.000000
0	11.509000	0.000000	250.000000	362.000000
0	11.540000	0.000000	250.000000	362.000000
0	11.571000	0.000000	250.000000	362.000000
0	11.603000	0.000000	250.000000	362.000000
0	11.634000	0.000000	250.000000	362.000000
0	11.665000	0.000000	250.000000	362.000000
0	11.712000	0.000000	250.000000	362.000000
0	11.743000	0.000000	250.000000	362.000000
0	11.774000	0.000000	250.000000	362.000000
0	11.805000	0.000000	250.000000	362.000000
0	11.837000	0.000000	250.000000	362.000000
0	11.868000	0.000000	250.000000	362.000000
0	11.899000	0.000000	250.000000	362.000000
0	11.946000	0.000000	250.000000	362.000000
0	11.977000	0.000000	250.000000	362.000000
0	12.008000	0.000000	250.000000	362.000000
0	12.039000	0.000000	250.000000	362.000000
0	12.071000	0.000000	250.000000	362.000000
0	12.102000	0.000000	250.000000	362.000000
0	12.133000	0.000000	250.000000	362.000000
0	12.164000	0.000000	250.000000	362.000000
0	12.211000	0.000000	250.000000	362.000000
0	12.242000	0.000000	250.000000	362.000000
0	12.273000	0.000000	250.000000	362.000000
0	12.305000	0.000000	250.000000	362.000000
0	12.336000	0.000000	250.000000	362.000000
0	12.367000	0.000000	250.000000	362.000000
0	12.398000	0.000000	250.000000	362.000000
0	12.445000	0.000000	250.000000	362.000000
0	12.476000	0.000000	250.000000	362.000000
0	12.507000	0.000000	250.000000	362.000000
0	12.539000	0.000000	250.000000	362.000000
0	12.570000	0.000000	250.000000	362.000000
0	12.601000	0.000000	250.000000	362.000000
0	12.632000	0.000000	250.000000	362.000000
0	12.679000	0.000000	250.000000	362.000000
0	12.710000	0.000000	250.000000	362.000000
0	12.741000	0.000000	250.000000	362.000000
0	12.773000	0.000000	250.000000	362.000000
0	12.804000	0.000000	250.000000	362.000000
0	12.835000	0.000000	250.000000	362.000000
0	12.866000	0.000000	250.000000	362.000000
0	12.897000	0.000000	250.000000	362.000000
0	12.944000	0.000000	250.000000	362.000000
0	12.975000	0.000000	250.000000	362.000000
0	13.007000	0.000000	250.000000	362.000000
0	13.038000	0.000000	250.000000	362.000000
0	13.069000	0.000000	250.000000	362.000000
0	13.100000	0.000000	250.000000	362.000000
0	13.131000	0.000000	250.000000	362.000000
0	13.178000	0.000000	250.000000	362.000000
0	13.209000	0.000000	250.000000	362.000000
0	13.241000	0.000000	250.000000	362.000000
0	13.272000	0.000000	250.000000	362.000000
0	13.303000	0.000000	250.000000	362.000000
0	13.334000	0.000000	250.000000	362.000000
0	13.365000	0.000000	250.000000	362.000000
0	13.412000	0.000000	250.000000	362.000000
0	13.443000	0.000000	250.000000	362.000000
0	13.475000	0.000000	250.000000	362.000000
0	13.506000	0.000000	250.000000	362.000000
0	13.537000	0.000000	250.000000	362.000000
0	13.568000	0.000000	250.000000	362.000000
0	13.599000	0.000000	250.000000	362.000000
0	13.631000	0.000000	250.000000	362.000000
0	13.677000	0.000000	250.000000	362.000000
0	13.709000	0.000000	250.000000	362.000000
0	13.740000	0.000000	250.000000	362.000000
0	13.771000	0.000000	250.000000	362.000000
0	13.802000	0.000000	250.000000	362.000000
0	13.833000	0.000000	250.000000	362.000000
0	13.865000	0.000000	250.000000	362.000000
0	13.911000	0.000000	250.000000	362.000000
0	13.943000	0.000000	250.000000	362.000000
0	13.974000	0.000000	250.000000	362.000000
0	14.005000	0.000000	250.000000	362.000000
0	14.036000	0.000000	250.000000	362.000000
0	14.067000	0.000000	250.000000	362.000000
0	14.099000	0.000000	250.000000	362.000000
0	14.145000	0.000000	250.000000	362.000000
0	14.177000	0.000000	250.000000	362.000000
0	14.208000	0.000000	250.000000	362.000000
0	14.239000	0.000000	250.000000	362.000000
0	14.270000	0.000000	250.000000	362.000000
0	14.301000	0.000000	250.000000	362.000000
0	14.333000	0.000000	250.000000	362.000000
0	14.364000	0.000000	250.000000	362.000000
0	14.411000	0.000000	250.000000	362.000000
0	14.442000	0.000000	250.000000	362.000000
0	14.473000	0.000000	250.000000	362.000000
0	14.504000	0.000000	250.000000	362.000000
0	14.535000	0.000000	250.000000	362.000000
0	14.567000	0.000000	250.000000	362.000000
0	14.598000	0.000000	250.000000	362.000000
0	14.645000	0.000000	250.000000	362.000000
0	14.676000	0.000000	250.000000	362.000000
0	14.707000	0.000000	250.000000	362.000000
0	14.738000	0.000000	250.000000	362.000000
0	14.769000	0.000000	250.000000	362.000000
0	14.801000	0.000000	250.000000	362.000000
0	14.832000	0.000000	250.000000	362.000000
0	14.879000	0.000000	250.000000	362.000000
0	14.910000	0.000000	250.000000	362.000000
0	14.941000	0.000000	250.000000	362.000000
0	14.972000	0.000000	250.000000	362.000000
0	15.003000	0.000000	250.000000	362.000000
0	15.035000	0.000000	250.000000	362.000000
0	15.066000	0.000000	250.000000	362.000000
0	15.097000	0.000000	250.000000	362.000000
0	15.144000	0.000000	250.000000	362.000000
0	15.175000	0.000000	250.000000	362.000000
0	15.206000	0.000000	250.000000	362.000000
0	15.237000	0.000000	250.000000	362.000000
0	15.269000	0.000000	250.000000	362.000000
0	15.300000	0.000000	250.000000	362.000000
0	15.331000	0.000000	250.000000	362.000000
0	15.378000	0.000000	250.000000	362.000000
0	15.409000	0.000000	250.000000	362.000000
0	15.440000	0.000000	250.000000	362.000000
0	15.471000	0.000000	250.000000	362.000000
0	15.503000	0.000000	250.000000	362.000000
0	15.534000	0.000000	250.000000	362.000000
0	15.565000	0.000000	250.000000	362.000000
0	15.596000	0.000000	250.000000	362.000000
0	15.643000	0.000000	250.000000	362.000000
0	15.674000	0.000000	250.000000	362.000000
0	15.705000	0.000000	250.000000	362.000000
0	15.737000	0.000000	250.000000	362.000000
0	15.768000	0.000000	250.000000	362.000000
0	15.799000	0.000000	250.000000	362.000000
0	15.830000	0.000000	250.000000	362.000000
0	15.877000	0.000000	250.000000	362.000000
0	15.908000	0.000000	250.000000	362.000000
0	15.939000	0.000000	250.000000	362.000000
0	15.971000	0.000000	250.000000	362.000000
0	16.002000	0.000000	250.000000	362.000000
0	16.033000	0.000000	250.000000	362.000000
0	16.064000	0.000000	250.000000	362.000000
0	16.095000	0.000000	250.000000	362.000000
0	16.142000	0.000000	250.000000	362.000000
0	16.173000	0.000000	250.000000	362.000000
0	16.205000	0.000000	250.000000	362.000000
0	16.236000	0.000000	250.000000	362.000000
0	16.267000	0.000000	250.000000	362.000000
0	16.298000	0.000000	250.000000	362.000000
0	16.329000	0.000000	250.000000	362.000000
0	16.376000	0.000000	250.000000	362.000000
0	16.407000	0.000000	250.000000	362.000000
0	16.439000	0.000000	250.000000	362.000000
0	16.470000	0.000000	250.000000	362.000000
0	16.501000	0.000000	250.000000	362.000000
0	16.532000	0.000000	250.000000	362.000000
0	16.563000	0.000000	250.000000	362.000000
0	16.610000	0.000000	250.000000	362.000000
0	16.641000	0.000000	250.000000	362.000000
0	16.673000	0.000000	250.000000	362.000000
0	16.704000	0.000000	250.000000	362.000000
0	16.735000	0.000000	250.000000	362.000000
0	16.766000	0.000000	250.000000	362.000000
0	16.797000	0.000000	250.000000	362.000000
0	16.829000	0.000000	250.000000	362.000000
0	16.875000	0.000000	250.000000	362.000000
0	16.907000	0.000000	250.000000	362.000000
0	16.938000	0.000000	250.000000	362.000000
0	16.969000	0.000000	250.000000	362.000000
0	17.000000	0.000000	250.000000	362.000000
0	17.031000	0.000000	250.000000	362.000000
0	17.063000	0.000000	250.000000	362.000000
0	17.109000	0.000000	250.000000	362.000000
0	17.141000	0.000000	250.000000	362.000000
0	17.172000	0.000000	250.000000	362.000000
0	17.203000	0.000000	250.000000	362.000000
0	17.234000	0.000000	250.000000	362.000000
0	17.265000	0.000000	250.000000	362.000000
0	17.297000	0.000000	250.000000	362.000000
0	17.343000	0.000000	250.000000	362.000000
0	17.375000	0.000000	250.000000	362.000000
0	17.406000	0.000000	250.000000	362.000000
0	17.437000	0.000000	250.000000	362.000000
0	17.468000	0.000000	250.000000	362.000000
0	17.499000	0.000000	250.000000	362.000000
0	17.531000	0.000000	250.000000	362.000000
0	17.562000	0.000000	250.000000	362.000000
0	17.609000	0.000000	250.000000	362.000000
0	17.640000	0.000000	250.000000	362.000000
0	17.671000	0.000000	250.000000	362.000000
0	17.702000	0.000000	250.000000	362.000000
0	17.733000	0.000000	250.000000	362.000000
0	17.765000	0.000000	250.000000	362.000000
0	17.796000	0.000000	250.000000	362.000000
0	17.843000	0.000000	250.000000	362.000000
0	17.874000	0.000000	250.000000	362.000000
0	17.905000	0.000000	250.000000	362.000000
0	17.936000	0.000000	250.000000	362.000000
0	17.967000	0.000000	250.000000	362.000000
<\LEFT-PUPIL-DATA>
<RIGHT-PUPIL-ANALYSIS>
1
0	0	18	541	0	0	0.510000	17.518000	0.509000	31625.173828	0.000000	0.000000	0.000000	0	1	1	1	1	0	0	0	0.000000	0.000000	0.000000	0.000000	0.000000	0.000000	0.000000	-1.000000	0.000000	0	1.020486	0.675723	0.818081	0.358681	0.547000	-0.260002	-1.338940	-1.000000	0.056564	1	1.020486	0.675723	0.818081	0.358681	0.547000	-0.239944	-0.916204	-1.000000	0.056117
<\RIGHT-PUPIL-ANALYSIS>
<LEFT-PUPIL-ANALYSIS>
1
0	0	17	541	0	0	0.510000	17.518000	0.509000	31625.173828	0.000000	0.000000	0.000000	0	1	1	1	1	0	0	0	0.000000	0.000000	0.000000	0.000000	0.000000	0.000000	0.000000	-1.000000	0.000000	0	-0.034783	-0.034783	0.000950	0.000950	0.001000	0.000000	0.000000	-1.000000	0.000000	1	-0.034783	-0.034783	0.000950	0.000950	0.001000	-1000000.000000	-1000000.000000	-1.000000	0.000000
<\LEFT-PUPIL-ANALYSIS>
%%%%%%%%%
%%%%%%%%%
%%%%%%%%%
%%%	Measurement Tiime is: 2017-12-05 10:39:48
%%%	Subject ID is: c57bl6-4.11.17-1mois-DAOG-M1-4.5r
%%%	Note: 
%%%	RSS: Default Human Relative Spectral Sensitivity
%%%	Pupil Analysis:
%%%
%%%
%%%
%%%	Pulse Index:	0
%%%	Stimulus Session Index:	0
%%%	Right Pupil Stimulated
%%%	Light Metric is Photopic
%%%	Stimulus Start Time(sec):	0.51
%%%	Stimulus Duration(sec):	17.52
%%%	Stimulus Pulse Duration(sec):	0.51
%%%	Right Pulse:	31625.17	(Red  )	-	0.00	(Red  )	[Lux ]
%%%	Left Pulse:	0.00	(Red  )	-	0.00	(Red  )	[Lux ]
%%%
%%%		RIGHT	LEFT	R.Pupil Mean	L.Pupil Mean	R.Stim Mean	R.Stim Mean
%%%	INPUT:	RAW DATA	RAW DATA
%%%	STATE:	ABNORMAL	ABNORMAL	ABNORMAL	ABNORMAL	ABNORMAL	ABNORMAL
%%%	MAX(mm):	0.00	0.00	0.00	0.00	0.00	0.00
%%%	MIN(mm):	0.00	0.00	0.00	0.00	0.00	0.00
%%%	DELTA(mm):						
%%%	CH(%):						
%%%	LAT(sec):	0.00	0.00	0.00	0.00	0.00	0.00
%%%	CV(mm/s):	0.00	0.00	0.00	0.00	0.00	0.00
%%%	MCV(mm/s):	0.00	0.00	0.00	0.00	0.00	0.00
%%%	DV(mm/s):	0.00	0.00	0.00	0.00	0.00	0.00
%%%%%%%%%
%%%%%%%%%
%%%%%%%%%
%%%	Right Pupil Profile (1st row -> 1 == valid tracking, 0 == invalid tracking; 2nd row -> time; 3rd row -> diameter (mm))
%%%	1	1	1	1	1	1	1	1	1	1	1	1	1	1	1	1	1	1	1	0	1	1	1	1	1	1	1	1	0	1	1	1	1	1	1	1	1	1	1	0	1	1	1	0	0	0	0	0	1	1	1	1	0	1	0	0	1	1	1	1	1	1	1	1	0	1	1	1	1	1	1	1	1	1	0	1	1	1	1	1	1	1	1	1	1	1	0	1	1	1	0	1	1	1	1	1	1	0	1	1	1	1	0	1	1	1	1	1	1	1	1	1	1	1	0	1	1	1	1	1	1	1	1	1	1	1	1	1	1	1	0	0	1	1	1	0	1	1	1	0	1	0	0	0	1	0	1	1	1	1	1	0	1	1	1	1	1	1	1	1	1	1	1	1	1	1	0	1	1	1	1	1	1	1	1	1	0	1	1	1	1	1	1	1	1	1	1	1	1	1	1	1	0	1	1	1	1	1	1	1	1	1	1	1	1	1	1	1	1	1	1	1	1	1	1	1	1	1	1	1	1	1	1	1	1	1	1	1	1	1	1	1	0	1	1	1	1	1	1	1	1	1	1	1	1	1	1	1	1	1	1	1	1	1	1	1	1	1	1	1	1	1	1	1	1	1	1	1	1	1	1	1	1	1	1	1	1	1	1	1	1	1	1	1	1	1	1	1	1	0	0	1	1	1	1	1	1	1	1	1	1	1	1	1	1	1	1	1	1	1	1	1	1	1	1	1	1	1	1	1	1	1	1	1	1	1	1	1	1	1	1	1	1	1	1	1	1	1	1	1	1	1	1	1	1	1	1	1	1	1	1	1	1	1	1	1	1	1	1	1	1	0	1	1	1	1	1	0	1	1	1	1	1	1	0	1	1	1	1	1	1	1	1	1	1	1	1	1	1	1	1	1	1	1	1	1	1	1	1	1	1	1	1	1	1	1	1	1	1	1	1	1	1	1	1	1	1	1	1	1	1	1	1	1	1	1	1	1	1	1	0	1	1	1	1	1	1	1	1	0	0	0	1	1	1	1	1	1	1	1	1	0	1	1	1	1	1	0	1	0	1	1	1	1	1	1	1	1	0	1	1	1	1	1	1	1	1	1	1	1	1	1	1	1	1	1	1	1	1	1	1	1	1	1	1	1	1	1	1	1	1	1	1	1	1	1	1	1	1	1	1	1	1	1	1	1	1	1	1	1	1	1	1	1	1	1	1	1	1	1	1	1	1	1	1	1	1	1	0	1	1	1
%%%	-0.067000	-0.035000	-0.004000	0.027000	0.058000	0.105000	0.136000	0.167000	0.199000	0.230000	0.261000	0.292000	0.339000	0.370000	0.401000	0.433000	0.464000	0.495000	0.526000	0.573000	0.604000	0.635000	0.667000	0.698000	0.729000	0.760000	0.791000	0.838000	0.869000	0.901000	0.932000	0.963000	0.994000	1.025000	1.057000	1.103000	1.135000	1.166000	1.197000	1.228000	1.259000	1.291000	1.337000	1.369000	1.400000	1.431000	1.462000	1.493000	1.525000	1.571000	1.603000	1.634000	1.665000	1.696000	1.727000	1.759000	1.790000	1.837000	1.868000	1.899000	1.930000	1.961000	1.993000	2.024000	2.071000	2.102000	2.133000	2.164000	2.195000	2.227000	2.258000	2.305000	2.336000	2.367000	2.398000	2.429000	2.461000	2.492000	2.523000	2.570000	2.601000	2.632000	2.663000	2.695000	2.726000	2.757000	2.804000	2.835000	2.866000	2.897000	2.929000	2.960000	2.991000	3.038000	3.069000	3.100000	3.131000	3.163000	3.194000	3.225000	3.256000	3.303000	3.334000	3.365000	3.397000	3.428000	3.459000	3.490000	3.537000	3.568000	3.599000	3.631000	3.662000	3.693000	3.724000	3.771000	3.802000	3.833000	3.865000	3.896000	3.927000	3.958000	3.989000	4.036000	4.067000	4.099000	4.130000	4.161000	4.192000	4.223000	4.270000	4.301000	4.333000	4.364000	4.395000	4.426000	4.457000	4.504000	4.535000	4.567000	4.598000	4.629000	4.660000	4.691000	4.723000	4.769000	4.801000	4.832000	4.863000	4.894000	4.925000	4.957000	5.003000	5.035000	5.066000	5.097000	5.128000	5.159000	5.191000	5.222000	5.269000	5.300000	5.331000	5.362000	5.393000	5.425000	5.456000	5.503000	5.534000	5.565000	5.596000	5.627000	5.659000	5.690000	5.737000	5.768000	5.799000	5.830000	5.861000	5.893000	5.924000	5.955000	6.002000	6.033000	6.064000	6.095000	6.127000	6.158000	6.189000	6.236000	6.267000	6.298000	6.329000	6.361000	6.392000	6.423000	6.470000	6.501000	6.532000	6.563000	6.595000	6.626000	6.657000	6.688000	6.735000	6.766000	6.797000	6.829000	6.860000	6.891000	6.922000	6.969000	7.000000	7.031000	7.063000	7.094000	7.125000	7.156000	7.187000	7.234000	7.265000	7.297000	7.328000	7.359000	7.390000	7.421000	7.468000	7.499000	7.531000	7.562000	7.593000	7.624000	7.655000	7.702000	7.733000	7.765000	7.796000	7.827000	7.858000	7.889000	7.921000	7.967000	7.999000	8.030000	8.061000	8.092000	8.123000	8.155000	8.201000	8.233000	8.264000	8.295000	8.326000	8.357000	8.389000	8.435000	8.467000	8.498000	8.529000	8.560000	8.591000	8.623000	8.654000	8.701000	8.732000	8.763000	8.794000	8.825000	8.857000	8.888000	8.935000	8.966000	8.997000	9.028000	9.059000	9.091000	9.122000	9.153000	9.200000	9.231000	9.262000	9.293000	9.325000	9.356000	9.387000	9.434000	9.465000	9.496000	9.527000	9.559000	9.590000	9.621000	9.668000	9.699000	9.730000	9.761000	9.793000	9.824000	9.855000	9.886000	9.933000	9.964000	9.995000	10.027000	10.058000	10.089000	10.120000	10.167000	10.198000	10.229000	10.261000	10.292000	10.323000	10.354000	10.401000	10.432000	10.463000	10.495000	10.526000	10.557000	10.588000	10.619000	10.666000	10.697000	10.729000	10.760000	10.791000	10.822000	10.853000	10.900000	10.931000	10.963000	10.994000	11.025000	11.056000	11.087000	11.134000	11.165000	11.197000	11.228000	11.259000	11.290000	11.321000	11.353000	11.399000	11.431000	11.462000	11.493000	11.524000	11.555000	11.587000	11.633000	11.665000	11.696000	11.727000	11.758000	11.789000	11.821000	11.867000	11.899000	11.930000	11.961000	11.992000	12.023000	12.055000	12.086000	12.133000	12.164000	12.195000	12.226000	12.257000	12.289000	12.320000	12.367000	12.398000	12.429000	12.460000	12.491000	12.523000	12.554000	12.601000	12.632000	12.663000	12.694000	12.725000	12.757000	12.788000	12.819000	12.866000	12.897000	12.928000	12.959000	12.991000	13.022000	13.053000	13.084000	13.131000	13.162000	13.193000	13.225000	13.256000	13.287000	13.318000	13.365000	13.396000	13.427000	13.459000	13.490000	13.521000	13.552000	13.599000	13.630000	13.661000	13.693000	13.724000	13.755000	13.786000	13.817000	13.864000	13.895000	13.927000	13.958000	13.989000	14.020000	14.051000	14.098000	14.129000	14.161000	14.192000	14.223000	14.254000	14.285000	14.332000	14.363000	14.395000	14.426000	14.457000	14.488000	14.519000	14.551000	14.597000	14.629000	14.660000	14.691000	14.722000	14.753000	14.785000	14.831000	14.863000	14.894000	14.925000	14.956000	14.987000	15.019000	15.065000	15.097000	15.128000	15.159000	15.190000	15.221000	15.253000	15.284000	15.331000	15.362000	15.393000	15.424000	15.455000	15.487000	15.518000	15.565000	15.596000	15.627000	15.658000	15.689000	15.721000	15.752000	15.799000	15.830000	15.861000	15.892000	15.923000	15.955000	15.986000	16.017000	16.064000	16.095000	16.126000	16.157000	16.189000	16.220000	16.251000	16.298000	16.329000	16.360000	16.391000	16.423000	16.454000	16.485000	16.532000	16.563000	16.594000	16.625000	16.657000	16.688000	16.719000	16.750000	16.797000	16.828000	16.859000	16.891000	16.922000	16.953000	16.984000	17.015000	17.062000	17.093000	17.125000	17.156000	17.187000	17.218000	17.249000	17.296000	17.327000	17.359000	17.390000	17.421000	17.452000	17.483000	17.530000	17.561000	17.593000	17.624000	17.655000	17.686000	17.717000	17.749000	17.795000	17.827000	17.858000	17.889000	17.920000	17.951000
%%%	1.008696	1.008696	1.008696	1.050290	1.039710	0.996667	0.991304	0.988116	1.039710	1.010580	1.061884	1.025072	1.059710	1.042754	0.989710	1.070725	1.008696	0.994493	1.033623	0.937536	1.005942	1.020725	1.008696	1.048985	1.008696	1.008116	0.995362	0.970290	0.895072	0.931449	0.800580	0.959855	0.939130	0.912899	0.916232	0.866377	0.844058	0.839275	0.865797	0.707246	0.825507	0.708116	0.689710	0.614493	0.720580	0.707246	0.727681	0.718841	0.742464	0.717971	0.695652	0.711449	0.707246	0.707681	0.660870	0.707246	0.712464	0.690725	0.690290	0.662029	0.679855	0.689855	0.671015	0.669565	0.707246	0.668406	0.692899	0.690290	0.702028	0.661449	0.672899	0.695652	0.690290	0.670580	0.707246	0.715507	0.670145	0.725072	0.735942	0.727246	0.695797	0.745072	0.735797	0.742898	0.724928	0.744058	0.707246	0.739130	0.751594	0.721594	0.690145	0.747826	0.730435	0.707101	0.725072	0.690145	0.698551	0.347826	0.712464	0.744638	0.746232	0.722754	0.707246	0.728841	0.761014	0.764058	0.759420	0.777681	0.779420	0.759420	0.731159	0.764638	0.742029	0.796812	0.730435	0.742029	0.755507	0.795072	0.811594	0.800000	0.781884	0.794203	0.745072	0.746377	0.763768	0.801159	0.765362	0.805942	0.761014	0.811884	0.765942	0.742319	0.805942	0.823188	0.779420	0.711884	0.707246	0.814638	0.810290	0.732754	0.782029	0.746812	0.765942	0.742898	0.834783	0.707101	0.765072	0.773913	0.756667	0.718406	0.796232	0.709275	0.801159	0.820580	0.742319	0.784203	0.742030	0.808841	0.800000	0.856522	0.807971	0.834783	0.864203	0.836377	0.839275	0.820580	0.745797	0.832029	0.743623	0.815507	0.805942	0.776812	0.736232	0.831449	0.822319	0.825942	0.741884	0.746667	0.840145	0.788406	0.834203	0.817391	0.857681	0.853333	0.839855	0.870725	0.788116	0.845942	0.845942	0.848985	0.852029	0.835942	0.760290	0.857971	0.840145	0.854348	0.852174	0.855362	0.857681	0.840725	0.815072	0.836377	0.861449	0.861449	0.840433	0.839275	0.848406	0.869710	0.857681	0.779420	0.835362	0.839275	0.845362	0.835362	0.833768	0.839710	0.847101	0.809855	0.851159	0.835362	0.829420	0.835942	0.834783	0.839130	0.776812	0.846377	0.831594	0.831884	0.837536	0.835942	0.852174	0.857102	0.744203	0.851015	0.801594	0.859710	0.786957	0.837971	0.829855	0.858116	0.834783	0.853188	0.859855	0.866810	0.844203	0.846522	0.869565	0.866232	0.858116	0.838551	0.870580	0.869565	0.892754	0.872464	0.865797	0.864493	0.860145	0.864203	0.871884	0.708116	0.839855	0.847681	0.870145	0.866232	0.835942	0.846377	0.852318	0.835942	0.874058	0.881159	0.834783	0.866377	0.865797	0.839275	0.839855	0.835942	0.870580	0.865797	0.837971	0.853768	0.833768	0.857681	0.846377	0.846377	0.857681	0.875362	0.866232	0.846377	0.857681	0.776812	0.744203	0.839275	0.855942	0.814928	0.855942	0.837681	0.837971	0.823188	0.835362	0.840145	0.835797	0.869565	0.860870	0.857102	0.855797	0.833188	0.871449	0.800000	0.835942	0.835797	0.847101	0.801159	0.854928	0.823188	0.857102	0.866231	0.865797	0.835942	0.759420	0.866812	0.851304	0.857681	0.839855	0.838551	0.805942	0.837971	0.838551	0.835942	0.825072	0.846377	0.834492	0.855362	0.852319	0.847246	0.835942	0.820145	0.862029	0.869565	0.852174	0.828986	0.854928	0.855797	0.843188	0.866377	0.858116	0.861449	0.857681	0.836377	0.858116	0.866377	0.834783	0.774493	0.757681	0.811014	0.814203	0.796232	0.815362	0.800000	0.834783	0.863333	0.821159	0.804928	0.798551	0.834783	0.815942	0.836377	0.850580	0.747971	0.853333	0.838986	0.836377	0.857102	0.851159	0.863333	0.796667	0.843333	0.857681	0.835942	0.844493	0.840145	0.857681	0.864203	0.857681	0.868985	0.857102	0.866812	0.865797	0.838116	0.835362	0.866232	0.828261	0.865797	0.861014	0.820145	0.857971	0.862029	0.831594	0.847101	0.857971	0.879710	0.866232	0.876812	0.869565	0.869565	0.878116	0.857681	0.852174	0.840145	0.863623	0.847101	0.852174	0.857536	0.857681	0.866377	0.880725	0.881159	0.879855	0.848985	0.848985	0.881159	0.857681	0.857681	0.876812	0.851449	0.874058	0.839275	0.886957	0.875507	0.835362	0.853333	0.807536	0.813623	0.820145	0.892754	0.869565	0.861014	0.874058	0.857971	0.835942	0.776812	0.794493	0.811594	0.859855	0.873333	0.870580	0.866377	0.834783	0.883333	0.874058	0.865797	0.840145	0.783188	0.848985	0.783188	0.871159	0.852029	0.843044	0.795072	0.849420	0.743623	0.876232	0.868840	0.893623	0.849420	0.857681	0.857536	0.886232	0.835942	0.800000	0.851449	0.869565	0.835942	0.835942	0.857681	0.877101	0.874638	0.840725	0.869565	0.846377	0.862029	0.846377	0.896812	0.875507	0.892754	0.878116	0.896812	0.866232	0.885942	0.871159	0.901015	0.881594	0.857681	0.874638	0.915072	0.903188	0.876812	0.874058	0.892754	0.874638	0.874058	0.874058	0.913623	0.865217	0.869565	0.877681	0.875942	0.877246	0.892754	0.875507	0.866377	0.866232	0.871159	0.866232	0.865797	0.853333	0.866812	0.874058	0.857102	0.896812	0.903333	0.892754	0.874058	0.885942	0.874493	0.896667	0.909275	0.894058	0.902029	0.912029	0.885942	0.914493	0.904348	0.869565	0.923333	0.931015	0.920725	0.914203	0.913623	0.800000	0.937536	0.904493	0.927681
%%%	Left Pupil Profile (1st row -> 1 == valid tracking, 0 == invalid tracking; 2nd row -> time; 3rd row -> diameter (mm))
%%%	0	0	0	0	0	0	0	0	0	0	0	0	0	0	0	0	0	0	0	0	0	0	0	0	0	0	0	0	0	0	0	0	0	0	0	0	0	0	0	0	0	0	0	0	0	0	0	0	0	0	0	0	0	0	0	0	0	0	0	0	0	0	0	0	0	0	0	0	0	0	0	0	0	0	0	0	0	0	0	0	0	0	0	0	0	0	0	0	0	0	0	0	0	0	0	0	0	0	0	0	0	0	0	0	0	0	0	0	0	0	0	0	0	0	0	0	0	0	0	0	0	0	0	0	0	0	0	0	0	0	0	0	0	0	0	0	0	0	0	0	0	0	0	0	0	0	0	0	0	0	0	0	0	0	0	0	0	0	0	0	0	0	0	0	0	0	0	0	0	0	0	0	0	0	0	0	0	0	0	0	0	0	0	0	0	0	0	0	0	0	0	0	0	0	0	0	0	0	0	0	0	0	0	0	0	0	0	0	0	0	0	0	0	0	0	0	0	0	0	0	0	0	0	0	0	0	0	0	0	0	0	0	0	0	0	0	0	0	0	0	0	0	0	0	0	0	0	0	0	0	0	0	0	0	0	0	0	0	0	0	0	0	0	0	0	0	0	0	0	0	0	0	0	0	0	0	0	0	0	0	0	0	0	0	0	0	0	0	0	0	0	0	0	0	0	0	0	0	0	0	0	0	0	0	0	0	0	0	0	0	0	0	0	0	0	0	0	0	0	0	0	0	0	0	0	0	0	0	0	0	0	0	0	0	0	0	0	0	0	0	0	0	0	0	0	0	0	0	0	0	0	0	0	0	0	0	0	0	0	0	0	0	0	0	0	0	0	0	0	0	0	0	0	0	0	0	0	0	0	0	0	0	0	0	0	0	0	0	0	0	0	0	0	0	0	0	0	0	0	0	0	0	0	0	0	0	0	0	0	0	0	0	0	0	0	0	0	0	0	0	0	0	0	0	0	0	0	0	0	0	0	0	0	0	0	0	0	0	0	0	0	0	0	0	0	0	0	0	0	0	0	0	0	0	0	0	0	0	0	0	0	0	0	0	0	0	0	0	0	0	0	0	0	0	0	0	0	0	0	0	0	0	0	0	0	0	0	0	0	0	0	0	0	0	0	0	0	0	0	0	0	0	0	0	0	0	0	0	0	0	0	0	0	0	0	0	0	0	0	0	0	0	0	0	0	0	0	0	0	0	0	0	0	0	0	0	0	0	0	0	0	0
%%%	-0.051000	-0.019000	0.012000	0.043000	0.074000	0.105000	0.137000	0.183000	0.215000	0.246000	0.277000	0.308000	0.339000	0.371000	0.417000	0.449000	0.480000	0.511000	0.542000	0.573000	0.605000	0.651000	0.683000	0.714000	0.745000	0.776000	0.807000	0.839000	0.870000	0.917000	0.948000	0.979000	1.010000	1.041000	1.073000	1.104000	1.151000	1.182000	1.213000	1.244000	1.275000	1.307000	1.338000	1.385000	1.416000	1.447000	1.478000	1.509000	1.541000	1.572000	1.603000	1.650000	1.681000	1.712000	1.743000	1.775000	1.806000	1.837000	1.884000	1.915000	1.946000	1.977000	2.009000	2.040000	2.071000	2.118000	2.149000	2.180000	2.211000	2.243000	2.274000	2.305000	2.336000	2.383000	2.414000	2.445000	2.477000	2.508000	2.539000	2.570000	2.617000	2.648000	2.679000	2.711000	2.742000	2.773000	2.804000	2.851000	2.882000	2.913000	2.945000	2.976000	3.007000	3.038000	3.069000	3.116000	3.147000	3.179000	3.210000	3.241000	3.272000	3.303000	3.350000	3.381000	3.413000	3.444000	3.475000	3.506000	3.537000	3.584000	3.615000	3.647000	3.678000	3.709000	3.740000	3.771000	3.803000	3.849000	3.881000	3.912000	3.943000	3.974000	4.005000	4.037000	4.068000	4.115000	4.146000	4.177000	4.208000	4.239000	4.271000	4.302000	4.349000	4.380000	4.411000	4.442000	4.473000	4.505000	4.536000	4.583000	4.614000	4.645000	4.676000	4.707000	4.739000	4.770000	4.801000	4.848000	4.879000	4.910000	4.941000	4.973000	5.004000	5.035000	5.082000	5.113000	5.144000	5.175000	5.207000	5.238000	5.269000	5.316000	5.347000	5.378000	5.409000	5.441000	5.472000	5.503000	5.534000	5.581000	5.612000	5.643000	5.675000	5.706000	5.737000	5.768000	5.815000	5.846000	5.877000	5.909000	5.940000	5.971000	6.002000	6.049000	6.080000	6.111000	6.143000	6.174000	6.205000	6.236000	6.267000	6.314000	6.345000	6.377000	6.408000	6.439000	6.470000	6.501000	6.548000	6.579000	6.611000	6.642000	6.673000	6.704000	6.735000	6.782000	6.813000	6.845000	6.876000	6.907000	6.938000	6.969000	7.001000	7.047000	7.079000	7.110000	7.141000	7.172000	7.203000	7.235000	7.281000	7.313000	7.344000	7.375000	7.406000	7.437000	7.469000	7.515000	7.547000	7.578000	7.609000	7.640000	7.671000	7.703000	7.734000	7.781000	7.812000	7.843000	7.874000	7.905000	7.937000	7.968000	8.015000	8.046000	8.077000	8.108000	8.139000	8.171000	8.202000	8.233000	8.280000	8.311000	8.342000	8.373000	8.405000	8.436000	8.467000	8.514000	8.545000	8.576000	8.607000	8.639000	8.670000	8.701000	8.748000	8.779000	8.810000	8.841000	8.873000	8.904000	8.935000	8.966000	9.013000	9.044000	9.075000	9.107000	9.138000	9.169000	9.200000	9.247000	9.278000	9.309000	9.341000	9.372000	9.403000	9.434000	9.481000	9.512000	9.543000	9.575000	9.606000	9.637000	9.668000	9.699000	9.746000	9.777000	9.809000	9.840000	9.871000	9.902000	9.933000	9.980000	10.011000	10.043000	10.074000	10.105000	10.136000	10.167000	10.199000	10.245000	10.277000	10.308000	10.339000	10.370000	10.401000	10.433000	10.479000	10.511000	10.542000	10.573000	10.604000	10.635000	10.667000	10.713000	10.745000	10.776000	10.807000	10.838000	10.869000	10.901000	10.932000	10.979000	11.010000	11.041000	11.072000	11.103000	11.135000	11.166000	11.213000	11.244000	11.275000	11.306000	11.337000	11.369000	11.400000	11.447000	11.478000	11.509000	11.540000	11.571000	11.603000	11.634000	11.665000	11.712000	11.743000	11.774000	11.805000	11.837000	11.868000	11.899000	11.946000	11.977000	12.008000	12.039000	12.071000	12.102000	12.133000	12.164000	12.211000	12.242000	12.273000	12.305000	12.336000	12.367000	12.398000	12.445000	12.476000	12.507000	12.539000	12.570000	12.601000	12.632000	12.679000	12.710000	12.741000	12.773000	12.804000	12.835000	12.866000	12.897000	12.944000	12.975000	13.007000	13.038000	13.069000	13.100000	13.131000	13.178000	13.209000	13.241000	13.272000	13.303000	13.334000	13.365000	13.412000	13.443000	13.475000	13.506000	13.537000	13.568000	13.599000	13.631000	13.677000	13.709000	13.740000	13.771000	13.802000	13.833000	13.865000	13.911000	13.943000	13.974000	14.005000	14.036000	14.067000	14.099000	14.145000	14.177000	14.208000	14.239000	14.270000	14.301000	14.333000	14.364000	14.411000	14.442000	14.473000	14.504000	14.535000	14.567000	14.598000	14.645000	14.676000	14.707000	14.738000	14.769000	14.801000	14.832000	14.879000	14.910000	14.941000	14.972000	15.003000	15.035000	15.066000	15.097000	15.144000	15.175000	15.206000	15.237000	15.269000	15.300000	15.331000	15.378000	15.409000	15.440000	15.471000	15.503000	15.534000	15.565000	15.596000	15.643000	15.674000	15.705000	15.737000	15.768000	15.799000	15.830000	15.877000	15.908000	15.939000	15.971000	16.002000	16.033000	16.064000	16.095000	16.142000	16.173000	16.205000	16.236000	16.267000	16.298000	16.329000	16.376000	16.407000	16.439000	16.470000	16.501000	16.532000	16.563000	16.610000	16.641000	16.673000	16.704000	16.735000	16.766000	16.797000	16.829000	16.875000	16.907000	16.938000	16.969000	17.000000	17.031000	17.063000	17.109000	17.141000	17.172000	17.203000	17.234000	17.265000	17.297000	17.343000	17.375000	17.406000	17.437000	17.468000	17.499000	17.531000	17.562000	17.609000	17.640000	17.671000	17.702000	17.733000	17.765000	17.796000	17.843000	17.874000	17.905000	17.936000	17.967000
%%%	0.000000	0.000000	0.000000	0.000000	0.000000	0.000000	0.000000	0.000000	0.000000	0.000000	0.000000	0.000000	0.000000	0.000000	0.000000	0.000000	0.000000	0.000000	0.000000	0.000000	0.000000	0.000000	0.000000	0.000000	0.000000	0.000000	0.000000	0.000000	0.000000	0.000000	0.000000	0.000000	0.000000	0.000000	0.000000	0.000000	0.000000	0.000000	0.000000	0.000000	0.000000	0.000000	0.000000	0.000000	0.000000	0.000000	0.000000	0.000000	0.000000	0.000000	0.000000	0.000000	0.000000	0.000000	0.000000	0.000000	0.000000	0.000000	0.000000	0.000000	0.000000	0.000000	0.000000	0.000000	0.000000	0.000000	0.000000	0.000000	0.000000	0.000000	0.000000	0.000000	0.000000	0.000000	0.000000	0.000000	0.000000	0.000000	0.000000	0.000000	0.000000	0.000000	0.000000	0.000000	0.000000	0.000000	0.000000	0.000000	0.000000	0.000000	0.000000	0.000000	0.000000	0.000000	0.000000	0.000000	0.000000	0.000000	0.000000	0.000000	0.000000	0.000000	0.000000	0.000000	0.000000	0.000000	0.000000	0.000000	0.000000	0.000000	0.000000	0.000000	0.000000	0.000000	0.000000	0.000000	0.000000	0.000000	0.000000	0.000000	0.000000	0.000000	0.000000	0.000000	0.000000	0.000000	0.000000	0.000000	0.000000	0.000000	0.000000	0.000000	0.000000	0.000000	0.000000	0.000000	0.000000	0.000000	0.000000	0.000000	0.000000	0.000000	0.000000	0.000000	0.000000	0.000000	0.000000	0.000000	0.000000	0.000000	0.000000	0.000000	0.000000	0.000000	0.000000	0.000000	0.000000	0.000000	0.000000	0.000000	0.000000	0.000000	0.000000	0.000000	0.000000	0.000000	0.000000	0.000000	0.000000	0.000000	0.000000	0.000000	0.000000	0.000000	0.000000	0.000000	0.000000	0.000000	0.000000	0.000000	0.000000	0.000000	0.000000	0.000000	0.000000	0.000000	0.000000	0.000000	0.000000	0.000000	0.000000	0.000000	0.000000	0.000000	0.000000	0.000000	0.000000	0.000000	0.000000	0.000000	0.000000	0.000000	0.000000	0.000000	0.000000	0.000000	0.000000	0.000000	0.000000	0.000000	0.000000	0.000000	0.000000	0.000000	0.000000	0.000000	0.000000	0.000000	0.000000	0.000000	0.000000	0.000000	0.000000	0.000000	0.000000	0.000000	0.000000	0.000000	0.000000	0.000000	0.000000	0.000000	0.000000	0.000000	0.000000	0.000000	0.000000	0.000000	0.000000	0.000000	0.000000	0.000000	0.000000	0.000000	0.000000	0.000000	0.000000	0.000000	0.000000	0.000000	0.000000	0.000000	0.000000	0.000000	0.000000	0.000000	0.000000	0.000000	0.000000	0.000000	0.000000	0.000000	0.000000	0.000000	0.000000	0.000000	0.000000	0.000000	0.000000	0.000000	0.000000	0.000000	0.000000	0.000000	0.000000	0.000000	0.000000	0.000000	0.000000	0.000000	0.000000	0.000000	0.000000	0.000000	0.000000	0.000000	0.000000	0.000000	0.000000	0.000000	0.000000	0.000000	0.000000	0.000000	0.000000	0.000000	0.000000	0.000000	0.000000	0.000000	0.000000	0.000000	0.000000	0.000000	0.000000	0.000000	0.000000	0.000000	0.000000	0.000000	0.000000	0.000000	0.000000	0.000000	0.000000	0.000000	0.000000	0.000000	0.000000	0.000000	0.000000	0.000000	0.000000	0.000000	0.000000	0.000000	0.000000	0.000000	0.000000	0.000000	0.000000	0.000000	0.000000	0.000000	0.000000	0.000000	0.000000	0.000000	0.000000	0.000000	0.000000	0.000000	0.000000	0.000000	0.000000	0.000000	0.000000	0.000000	0.000000	0.000000	0.000000	0.000000	0.000000	0.000000	0.000000	0.000000	0.000000	0.000000	0.000000	0.000000	0.000000	0.000000	0.000000	0.000000	0.000000	0.000000	0.000000	0.000000	0.000000	0.000000	0.000000	0.000000	0.000000	0.000000	0.000000	0.000000	0.000000	0.000000	0.000000	0.000000	0.000000	0.000000	0.000000	0.000000	0.000000	0.000000	0.000000	0.000000	0.000000	0.000000	0.000000	0.000000	0.000000	0.000000	0.000000	0.000000	0.000000	0.000000	0.000000	0.000000	0.000000	0.000000	0.000000	0.000000	0.000000	0.000000	0.000000	0.000000	0.000000	0.000000	0.000000	0.000000	0.000000	0.000000	0.000000	0.000000	0.000000	0.000000	0.000000	0.000000	0.000000	0.000000	0.000000	0.000000	0.000000	0.000000	0.000000	0.000000	0.000000	0.000000	0.000000	0.000000	0.000000	0.000000	0.000000	0.000000	0.000000	0.000000	0.000000	0.000000	0.000000	0.000000	0.000000	0.000000	0.000000	0.000000	0.000000	0.000000	0.000000	0.000000	0.000000	0.000000	0.000000	0.000000	0.000000	0.000000	0.000000	0.000000	0.000000	0.000000	0.000000	0.000000	0.000000	0.000000	0.000000	0.000000	0.000000	0.000000	0.000000	0.000000	0.000000	0.000000	0.000000	0.000000	0.000000	0.000000	0.000000	0.000000	0.000000	0.000000	0.000000	0.000000	0.000000	0.000000	0.000000	0.000000	0.000000	0.000000	0.000000	0.000000	0.000000	0.000000	0.000000	0.000000	0.000000	0.000000	0.000000	0.000000	0.000000	0.000000	0.000000	0.000000	0.000000	0.000000	0.000000	0.000000	0.000000	0.000000	0.000000	0.000000	0.000000	0.000000	0.000000	0.000000	0.000000	0.000000	0.000000	0.000000	0.000000	0.000000	0.000000	0.000000	0.000000	0.000000	0.000000	0.000000	0.000000	0.000000	0.000000	0.000000	0.000000	0.000000	0.000000	0.000000	0.000000	0.000000	0.000000	0.000000	0.000000	0.000000	0.000000	0.000000
%%%	Pulse Index	Stimulus Section Index	Stimulus Section Start Index	Stimulus Section End Index	Pupil Stimulated: 0 = Right, 1 = Left, 2 = Both	Light Metric: 0 = Photopic, 1 = Scopotic, 2 = Radiometric	Stimulus Start Time	Stimulus Duration	Stimulus Pulse Duration	Right Pulse Max Level	Right Pulse Max Color (0123 = WRGB)	Right Pulse Min Level	Right Pulse Min Color (0123 = WRGB)	Left Pulse Max Level	Left Pulse Max Color (0123 = WRGB)	Left Pulse Min Level	Left Pulse Min Color (0123 = WRGB)	Right Data Input Type (0 == RAW DATA, 1 == FITTED DATA, 2 == M. OVERRIDED)	Right ANALYSIS STATE (0 == ABNORMAL, 1 == NORMAL)	Right MAX (mm) (EMPTY if INVALID)	Right MIN (mm) (EMPTY if INVALID)	Right DELTA (mm) (EMPTY if INVALID)	Right CH (%) (EMPTY if INVALID)	Right LAT (sec) (EMPTY if INVALID)	Right CV (mm/s) (EMPTY if INVALID)	Right MCV (mm/s) (EMPTY if INVALID)	Right DV (mm/s) (EMPTY if INVALID)	Left Data Input Type (0 == RAW DATA, 1 == FITTED DATA, 2 == M. OVERRIDED)	Left ANALYSIS STATE (0 == ABNORMAL, 1 == NORMAL)	Left MAX (mm) (EMPTY if INVALID)	Left MIN (mm) (EMPTY if INVALID)	Left DELTA (mm) (EMPTY if INVALID)	Left CH (%) (EMPTY if INVALID)	Left LAT (sec) (EMPTY if INVALID)	Left CV (mm/s) (EMPTY if INVALID)	Left MCV (mm/s) (EMPTY if INVALID)	Left DV (mm/s) (EMPTY if INVALID)
%%%	0	0	18	541	0	0	0.51	17.52	0.51	31625.17	1	0.00	1	0.00	1	0.00	1	0	0	0.00	0.00			0.00	0.00	0.00	0.00	0	0	0.00	0.00			0.00	0.00	0.00	0.00
%%%%%%%%%
%%%%%%%%%
%%%%%%%%%
<\SESSION>
