<SESSION>
<VERSION>
2
<\VERSION>
<DATE>
2017-12-05 10:37:37
<\DATE>
<SUBJECT-ID>
c57bl6-4.11.17-1mois-DAOG-M1-2r
<\SUBJECT-ID>
<NOTE>

<\NOTE>
<MIN-MAX-PLOT>
0.100000 51880.761719
<\MIN-MAX-PLOT>
<STIMULUS-DEFINED>
Default
Default Human Relative Spectral Sensitivity
1	0
1	0.500000	0.500000	17.000000	1	1	2.000000	-100.000000	0.100000	-100.000000	0
<\STIMULUS-DEFINED>
<STIMULUS-GENERATED>
4
0	0	0.000000	1	0.000000	0.000000	1	0.000000	0.000000
0	1	0.509000	1	0.406861	99.710426	1	0.000000	0.000000
0	4	1.019000	1	0.000000	0.000000	1	0.000000	0.000000
-1	5	18.028000	0	0.000000	0.000000	0	0.000000	0.000000
<\STIMULUS-GENERATED>
<RIGHT-PUPIL-DATA>
543	1
1	-0.066000	1.132754	305.324982	300.274994
1	-0.020000	1.096232	305.237488	299.250000
1	0.012000	1.119275	305.068726	299.068848
1	0.043000	1.118551	305.112518	298.899994
1	0.074000	1.120145	305.406250	298.593750
1	0.105000	1.120725	305.368744	298.431244
1	0.136000	1.124638	306.000000	298.000000
1	0.168000	1.100580	305.812500	298.687500
1	0.214000	1.101449	306.000000	300.000000
1	0.246000	1.105507	305.649994	299.949982
1	0.277000	1.096232	305.862488	300.750000
1	0.308000	1.101159	305.712494	300.212494
1	0.339000	1.112319	305.768738	298.981262
1	0.370000	1.098841	306.162506	298.712494
1	0.402000	1.112029	305.993744	298.993744
1	0.448000	1.098406	305.906250	299.218750
1	0.480000	1.096232	305.750000	299.500000
1	0.511000	1.055072	306.500000	299.500000
1	0.542000	1.094058	306.156250	298.781250
1	0.573000	1.101015	305.743744	299.118744
1	0.605000	1.105507	305.774994	299.350006
1	0.636000	1.100145	306.131256	299.693756
1	0.667000	1.097681	305.774994	300.225006
1	0.714000	1.100000	306.093750	299.843750
1	0.745000	1.103623	306.643738	299.231262
1	0.776000	1.099420	305.750000	298.750000
1	0.807000	1.055072	304.500000	297.500000
1	0.839000	1.070725	305.850006	298.149994
1	0.870000	1.044058	306.500000	297.000000
0	0.901000	0.915942	303.500000	294.500000
1	0.932000	0.996812	306.287506	297.412506
1	0.979000	0.939710	306.500000	296.500000
1	1.010000	0.985942	306.931244	296.818756
1	1.041000	0.938551	307.000000	297.450012
1	1.073000	0.869565	306.000000	297.000000
1	1.104000	0.908551	306.506256	297.381256
0	1.135000	0.747102	306.393768	295.681305
1	1.166000	0.814638	306.281250	295.281250
1	1.213000	0.797971	305.962433	295.137543
1	1.244000	0.834783	306.250000	295.750000
1	1.275000	0.814058	306.731232	296.306244
1	1.307000	0.796377	306.043762	296.031250
1	1.338000	0.814203	306.712494	295.287506
1	1.369000	0.789710	307.031250	295.156250
1	1.400000	0.814203	306.287506	295.712494
1	1.447000	0.808696	306.750000	296.250000
1	1.478000	0.787971	306.968536	295.981232
1	1.509000	0.829275	306.512543	297.512543
1	1.541000	0.841449	306.475006	297.712494
1	1.572000	0.759710	306.412506	296.037506
1	1.603000	0.851015	307.162506	297.350006
1	1.634000	0.834783	305.500000	296.500000
1	1.665000	0.788116	306.087494	295.912506
1	1.712000	0.808406	307.237518	295.612518
1	1.743000	0.894058	306.593750	296.406250
1	1.775000	0.901015	307.093719	296.493744
1	1.806000	0.926667	306.875000	297.312500
1	1.837000	0.855072	306.750000	295.750000
1	1.868000	0.892754	307.000000	297.000000
1	1.899000	0.916232	307.587494	296.662506
1	1.946000	0.920145	307.218750	296.781250
1	1.977000	0.925507	307.362488	297.312500
1	2.009000	0.929420	307.318756	296.881256
1	2.040000	0.868985	306.487488	295.500000
1	2.071000	0.823188	308.250000	294.250000
1	2.102000	0.893333	307.600006	295.600006
1	2.133000	0.921739	307.500000	296.000000
1	2.180000	0.869565	307.000000	295.000000
1	2.211000	0.894058	307.893738	296.406250
1	2.243000	0.926667	307.437500	296.312500
1	2.274000	0.848406	306.437500	295.812500
1	2.305000	0.933768	307.381256	296.943756
1	2.336000	0.924928	307.162506	296.524994
1	2.367000	0.922899	307.350006	296.774994
1	2.399000	0.933623	307.350006	298.037506
0	2.445000	0.861014	306.031281	296.756256
1	2.477000	0.937536	307.518738	297.031250
1	2.508000	0.866377	305.962494	296.212494
1	2.539000	0.933768	307.368744	296.606232
1	2.570000	0.936377	307.343750	296.656250
1	2.601000	0.931594	307.524994	296.600006
1	2.633000	0.932029	307.531250	296.593750
1	2.679000	0.966232	307.856232	297.056244
1	2.711000	0.896377	307.843750	296.143738
1	2.742000	0.950580	306.906250	295.843750
1	2.773000	0.920725	307.443756	295.756256
0	2.804000	0.808696	306.250000	294.000000
1	2.835000	0.938406	307.231262	296.481262
1	2.867000	0.929855	306.450012	296.424988
1	2.913000	0.866377	307.787506	293.537506
1	2.945000	0.918406	307.243744	294.243744
1	2.976000	0.922899	307.524994	293.774994
1	3.007000	0.939855	307.031250	294.668762
1	3.038000	0.939130	307.500000	294.500000
1	3.069000	0.889855	307.674988	293.375000
1	3.101000	0.935072	306.149994	294.475006
1	3.132000	0.931015	306.375000	294.625000
1	3.179000	0.937681	306.362488	295.000000
1	3.210000	0.884928	304.762482	294.287506
1	3.241000	0.920725	305.243744	295.493744
1	3.272000	0.927101	305.443756	295.431244
1	3.303000	0.939130	305.000000	295.000000
1	3.335000	0.933333	305.612488	294.612488
1	3.366000	0.946232	305.781250	294.218750
1	3.413000	0.922899	305.600006	294.350006
1	3.444000	0.954927	305.718811	293.718750
1	3.475000	0.937536	305.518738	293.968750
1	3.506000	0.913623	305.625000	293.687500
1	3.537000	0.936232	305.450012	294.000000
1	3.569000	0.939130	305.500000	294.500000
1	3.600000	0.933333	306.000000	294.000000
1	3.647000	0.936232	305.649963	294.549988
1	3.678000	0.931015	305.500000	294.612488
1	3.709000	0.921739	305.500000	294.500000
1	3.740000	0.967971	305.606262	295.081238
1	3.771000	0.933188	305.356262	294.518738
1	3.803000	0.929420	305.431244	294.506256
1	3.834000	0.938116	306.006256	294.006256
1	3.865000	0.927101	305.443756	294.356232
1	3.912000	0.931449	305.506256	294.418732
1	3.943000	0.951015	305.787506	293.837494
1	3.974000	0.938696	305.518738	294.231201
1	4.005000	0.955362	305.725006	294.274994
1	4.037000	0.940725	305.268799	294.518738
1	4.068000	0.959855	305.681244	295.231232
1	4.099000	0.948551	305.393738	295.106262
1	4.146000	0.955942	305.737488	295.299988
1	4.177000	0.957246	305.268738	294.868713
1	4.208000	0.939130	305.000000	294.000000
1	4.239000	0.938406	305.518738	294.518738
1	4.271000	0.933333	305.000000	294.000000
1	4.302000	0.951159	305.806244	294.356232
1	4.333000	0.939710	305.500000	294.250000
1	4.380000	0.957681	305.975006	294.274994
1	4.411000	0.931015	305.625000	294.375000
1	4.442000	0.950725	305.500000	294.500000
1	4.473000	0.964638	306.000000	295.125000
1	4.505000	0.920145	306.218750	294.781250
0	4.536000	0.823188	303.500000	294.500000
1	4.567000	0.938116	305.493744	296.493744
1	4.598000	0.960290	305.750000	295.312500
1	4.645000	0.950580	305.218750	295.218750
1	4.676000	0.955507	305.118744	295.256256
1	4.707000	0.938551	305.000000	295.250000
1	4.739000	0.950725	304.500000	294.500000
1	4.770000	0.933188	305.043762	294.643738
1	4.801000	0.968406	304.962494	295.037506
1	4.832000	0.968406	304.949982	295.037506
1	4.879000	0.937536	304.531250	294.668762
1	4.910000	0.957246	305.281250	295.268738
1	4.941000	0.969710	305.056244	295.068756
1	4.973000	0.963767	305.237579	295.862152
1	5.004000	0.922754	304.806244	295.493744
1	5.035000	0.938551	305.500000	295.549988
1	5.066000	0.975072	305.024994	294.975006
1	5.097000	0.964638	305.375000	294.000000
1	5.144000	0.939710	305.437500	293.500000
1	5.175000	0.950580	304.843750	294.218750
1	5.207000	0.956667	305.256256	293.293732
1	5.238000	0.959275	305.781250	294.031250
1	5.269000	0.937536	305.468872	294.518738
1	5.300000	0.959420	305.687500	294.687500
1	5.331000	0.968985	305.924988	294.562500
1	5.378000	0.886232	304.393738	294.768738
1	5.409000	0.954638	305.856293	295.256195
1	5.441000	0.931594	305.600006	295.100006
1	5.472000	0.931015	306.062500	294.625000
1	5.503000	0.966667	305.862488	294.937500
1	5.534000	0.959275	305.656250	294.343750
1	5.565000	0.941159	306.287506	294.524994
1	5.612000	0.937101	305.337494	294.524994
1	5.643000	0.939710	305.500000	295.375000
1	5.675000	0.956522	306.000000	295.000000
1	5.706000	0.969710	305.931244	295.068756
1	5.737000	0.952319	305.306244	294.806244
1	5.768000	0.944928	306.000000	294.500000
1	5.799000	0.964638	305.375000	295.062500
1	5.831000	0.927246	305.537506	294.662506
1	5.877000	0.938406	305.768738	295.518738
1	5.909000	0.915942	305.250000	294.750000
1	5.940000	0.927681	305.468750	294.531250
1	5.971000	0.935942	305.975006	294.399994
1	6.002000	0.935797	305.993744	293.993744
1	6.033000	0.936377	305.518738	293.981262
1	6.065000	0.937536	305.531250	293.968750
1	6.111000	0.937681	305.362488	293.000000
1	6.143000	0.894638	305.868744	292.818756
0	6.174000	0.823188	303.500000	290.500000
1	6.205000	0.915942	303.500000	294.500000
1	6.236000	0.904928	305.375000	293.000000
1	6.267000	0.927246	305.287506	293.149994
1	6.299000	0.937536	304.731262	293.018738
1	6.330000	0.939710	304.500000	293.500000
1	6.377000	0.934783	304.875000	292.500000
1	6.408000	0.857681	304.662506	291.662506
1	6.439000	0.934493	305.524994	291.624969
1	6.470000	0.823188	307.500000	290.500000
1	6.501000	0.939130	305.000000	292.000000
1	6.533000	0.937536	305.468750	291.668762
1	6.564000	0.930290	305.431244	291.368744
1	6.611000	0.951159	305.181244	291.193756
1	6.642000	0.933768	305.368744	291.943756
1	6.673000	0.955362	304.225006	292.100006
1	6.704000	0.922319	305.250000	292.375000
1	6.735000	0.931449	304.618744	293.381256
1	6.767000	0.927536	305.500000	292.500000
1	6.798000	0.948841	305.193756	292.668732
0	6.845000	0.823188	303.500000	290.500000
1	6.876000	0.946667	305.350006	291.649994
1	6.907000	0.951594	305.187500	292.062500
1	6.938000	0.951594	304.187500	292.187500
1	6.969000	0.962319	304.500000	293.500000
1	7.001000	0.935797	305.318756	291.993744
1	7.032000	0.929855	304.674957	292.425018
1	7.063000	0.937536	304.668823	292.493713
1	7.110000	0.970725	304.837494	292.912506
1	7.141000	0.968406	304.912506	292.912506
1	7.172000	0.951594	304.812500	293.187500
0	7.203000	0.823188	303.500000	290.500000
1	7.235000	0.950580	304.706238	292.218750
1	7.266000	0.953333	304.662506	292.162506
1	7.297000	0.951594	304.187500	292.187500
1	7.344000	0.941884	305.218750	291.718750
1	7.375000	0.927681	304.468750	292.531250
1	7.406000	0.915942	303.500000	290.500000
1	7.437000	0.972754	304.912506	291.962494
1	7.469000	0.927536	304.500000	291.500000
1	7.500000	0.978116	304.818756	292.181244
0	7.531000	0.823188	303.500000	290.500000
1	7.578000	0.954928	305.281250	293.281250
1	7.609000	0.939710	304.500000	293.500000
1	7.640000	0.975072	305.024994	293.975006
1	7.671000	0.952754	304.687500	293.250000
1	7.703000	1.008696	303.500000	294.500000
1	7.734000	0.939130	303.500000	292.500000
1	7.765000	0.940725	304.693726	293.281250
1	7.796000	0.957681	304.725006	293.850006
1	7.843000	0.947826	305.500000	294.250000
1	7.874000	0.948551	305.393738	294.156250
1	7.905000	0.953188	305.506256	294.256256
1	7.937000	0.968840	305.756256	294.518768
1	7.968000	0.944928	305.000000	294.500000
1	7.999000	0.959275	305.218750	295.156250
1	8.030000	0.939710	305.500000	295.500000
1	8.077000	0.904348	304.500000	294.500000
1	8.108000	0.951594	305.187500	294.674988
1	8.139000	0.939130	305.500000	294.500000
1	8.171000	0.955507	305.256256	294.256256
1	8.202000	0.964203	305.593719	295.006256
1	8.233000	0.938116	305.993744	295.006256
1	8.264000	0.964058	305.600006	295.087494
1	8.311000	0.957681	305.725006	295.149994
1	8.342000	0.939130	305.500000	294.500000
1	8.373000	0.951594	306.187500	295.187500
1	8.405000	0.988116	306.712494	295.712494
1	8.436000	0.937536	306.031250	295.468750
1	8.467000	0.939710	306.500000	295.500000
1	8.498000	0.931015	306.424988	295.625000
1	8.529000	0.928841	306.468750	295.593750
1	8.576000	0.972319	306.018738	295.531250
1	8.607000	0.972899	305.993744	295.006256
1	8.639000	0.965362	306.056244	295.118744
1	8.670000	0.915942	303.500000	294.500000
1	8.701000	0.988551	305.781250	294.718750
1	8.732000	0.955362	305.274994	294.725006
1	8.763000	0.955362	305.100006	294.274994
1	8.810000	0.939130	305.500000	294.500000
1	8.841000	0.972174	305.887512	294.662476
1	8.873000	0.938406	305.518738	294.518738
1	8.904000	0.959710	306.024994	294.587494
1	8.935000	0.933333	305.549988	294.625000
1	8.966000	0.951594	305.187500	294.362488
1	8.997000	0.955942	305.712402	294.737488
1	9.029000	0.950725	305.500000	293.500000
1	9.075000	0.959855	305.756256	293.943756
1	9.107000	0.915942	303.500000	294.500000
1	9.138000	0.956522	305.500000	293.500000
1	9.169000	0.937536	305.331238	293.518738
1	9.200000	0.892754	305.000000	293.000000
1	9.231000	0.950580	304.843750	293.218750
0	9.263000	0.823188	303.500000	290.500000
1	9.309000	0.928986	305.500000	293.375000
1	9.341000	0.931594	305.475006	293.399994
1	9.372000	0.942029	305.312500	294.187500
1	9.403000	0.939130	305.500000	294.500000
1	9.434000	0.931015	305.375000	294.924988
1	9.465000	0.930290	305.368744	294.368744
1	9.497000	0.939130	305.000000	294.000000
1	9.543000	0.937536	304.968750	294.231262
1	9.575000	0.950580	305.156250	293.843750
1	9.606000	0.939130	304.750000	293.750000
1	9.637000	0.950580	305.156250	294.156250
1	9.668000	0.950725	305.375000	294.125000
1	9.699000	0.939855	305.268738	294.268738
1	9.731000	0.941159	304.712494	294.462494
1	9.762000	0.922899	304.649994	294.725006
1	9.809000	0.951159	304.818756	295.193756
1	9.840000	0.962319	304.500000	293.500000
1	9.871000	0.941159	304.712494	294.287506
1	9.902000	0.944928	304.875000	293.875000
1	9.933000	0.929275	305.100006	293.899994
1	9.965000	0.940290	305.287506	293.475006
1	9.996000	0.940580	305.062500	293.737488
1	10.043000	0.939130	305.500000	294.500000
1	10.074000	0.953623	305.549927	294.099976
1	10.105000	0.952754	304.937500	293.687500
1	10.136000	0.937101	305.337494	293.524994
1	10.167000	0.972899	304.993744	294.081268
1	10.199000	0.972899	305.368744	293.993744
1	10.230000	0.955362	305.225006	294.100006
1	10.277000	0.940580	304.737488	294.262512
1	10.308000	0.956522	305.500000	294.000000
1	10.339000	0.969565	305.000000	294.000000
1	10.370000	0.939130	305.000000	294.000000
1	10.401000	0.939130	305.000000	294.000000
1	10.433000	0.939130	305.500000	294.500000
1	10.464000	0.969710	304.068756	294.068756
1	10.495000	0.968406	305.037506	294.574982
1	10.542000	0.941159	304.524994	294.949982
1	10.573000	0.967971	305.456238	295.081238
0	10.604000	0.823188	303.500000	294.500000
1	10.635000	0.937971	305.399994	296.024994
1	10.667000	0.938406	305.393738	296.506226
1	10.698000	0.950725	305.250000	295.750000
1	10.729000	0.931015	305.375000	295.612488
1	10.776000	0.931449	304.381256	295.381256
1	10.807000	0.951594	304.812500	295.187500
1	10.838000	0.929420	304.906281	295.318756
1	10.869000	0.936667	305.018738	295.718750
1	10.901000	0.929420	305.443756	295.568756
0	10.932000	0.823188	303.500000	294.500000
1	10.963000	0.868985	304.750000	294.750000
1	11.010000	0.915942	307.500000	294.500000
1	11.041000	0.948406	305.625000	295.250000
0	11.072000	0.915942	303.500000	298.500000
1	11.103000	0.857102	305.312500	294.687500
1	11.135000	0.951159	305.806244	296.193756
0	11.166000	0.898551	304.375000	294.625000
1	11.197000	0.939710	306.500000	295.500000
1	11.228000	0.967971	306.081238	295.043762
1	11.275000	0.934783	306.500000	295.500000
1	11.306000	0.963623	306.593750	295.593750
0	11.337000	0.915942	304.500000	295.500000
1	11.369000	0.869565	306.000000	294.000000
1	11.400000	0.915942	307.500000	294.500000
0	11.431000	0.774493	306.750000	293.750000
1	11.462000	0.935507	305.493805	295.593719
1	11.509000	0.931594	306.475006	295.612579
1	11.540000	0.933768	306.056244	296.381256
1	11.571000	0.929275	305.587494	296.462494
1	11.603000	0.934493	305.525024	296.500000
1	11.634000	0.935072	305.475006	296.637482
1	11.665000	0.927101	306.356232	295.431244
1	11.696000	0.915942	307.500000	294.500000
1	11.727000	0.968551	305.981232	295.818756
1	11.774000	0.948551	305.643738	295.393738
1	11.805000	0.911739	304.943756	295.318756
1	11.837000	0.947246	305.375000	295.125000
1	11.868000	0.970145	305.862488	295.112488
1	11.899000	0.933768	305.381256	294.943756
1	11.930000	0.927246	305.412506	294.662506
1	11.961000	0.957102	305.750000	295.237488
0	12.008000	0.823188	303.500000	294.500000
1	12.039000	0.951594	305.812500	295.812500
0	12.071000	0.876232	305.162506	294.912506
1	12.102000	0.933333	305.450012	295.450012
1	12.133000	0.920725	305.243744	294.743744
1	12.164000	0.931015	305.375000	294.625000
1	12.195000	0.950579	305.693665	294.843689
1	12.242000	0.939130	305.312500	295.187500
1	12.273000	0.890725	305.337494	294.337494
1	12.305000	0.951159	305.193756	294.806244
1	12.336000	0.929275	305.475006	294.662506
1	12.367000	0.914203	305.662506	294.100006
1	12.398000	0.931015	305.500000	294.625000
1	12.429000	0.964058	304.975006	295.024994
1	12.461000	0.933333	304.500000	295.500000
1	12.507000	0.934203	304.625000	295.562500
1	12.539000	0.937971	305.024994	295.512482
1	12.570000	0.948405	304.824951	294.824951
1	12.601000	0.920145	305.268738	294.218750
1	12.632000	0.940725	304.518738	294.518738
1	12.663000	0.946232	304.843750	294.343750
1	12.695000	0.950145	305.200073	294.199951
1	12.741000	0.951594	304.812500	294.187500
1	12.773000	0.939710	305.500000	294.262512
1	12.804000	0.922899	305.350006	293.725006
1	12.835000	0.990725	305.250000	294.250000
1	12.866000	0.957102	304.750000	294.299988
1	12.897000	0.931594	304.350006	294.600006
1	12.929000	0.972754	304.100006	295.524994
1	12.960000	0.973913	304.500000	295.500000
1	13.007000	0.950580	305.156250	294.843750
1	13.038000	0.969710	304.068756	294.068756
1	13.069000	0.975072	303.975006	293.475006
1	13.100000	0.955507	304.256256	293.256256
1	13.131000	0.951594	304.187500	293.674988
1	13.163000	0.946232	304.593750	293.781250
1	13.194000	0.957681	304.725006	293.524994
1	13.241000	0.939130	305.500000	294.500000
1	13.272000	0.951159	304.806244	295.306244
1	13.303000	0.938406	304.768738	295.518738
1	13.334000	0.950580	304.843750	295.218750
1	13.365000	0.933333	305.000000	295.000000
1	13.397000	0.946812	304.868744	294.743744
1	13.428000	0.951015	304.787506	294.787506
1	13.475000	0.947826	304.750000	294.250000
1	13.506000	0.909855	303.537506	294.912506
1	13.537000	0.921014	304.393738	294.793762
1	13.568000	0.950725	304.812500	295.187500
1	13.599000	0.939130	305.500000	294.500000
1	13.631000	0.938551	305.000000	295.250000
1	13.662000	0.947246	304.625000	295.875000
1	13.693000	0.929275	304.537506	296.087494
1	13.740000	0.936087	305.468719	296.668732
1	13.771000	0.931449	305.368744	296.618744
1	13.802000	0.931015	305.375000	296.625000
1	13.833000	0.929275	305.412506	296.587494
1	13.865000	0.947246	305.375000	296.375000
1	13.896000	0.938116	305.493744	295.993744
1	13.927000	0.933333	305.424896	295.612457
1	13.974000	0.920725	304.756256	294.756256
1	14.005000	0.951594	305.187500	294.812500
1	14.036000	0.937536	304.406250	295.518738
1	14.067000	0.937536	304.968750	295.668701
1	14.099000	0.939275	305.056305	295.543732
0	14.130000	0.915942	303.500000	298.500000
0	14.161000	0.823188	303.500000	294.500000
1	14.208000	0.942319	305.087494	296.762482
1	14.239000	0.956667	304.256256	296.168732
1	14.270000	0.951015	304.162506	295.787506
1	14.301000	0.946667	304.537506	295.737518
1	14.333000	0.970580	304.881256	295.981232
1	14.364000	0.954928	304.718750	295.281250
1	14.395000	0.927536	304.500000	295.500000
0	14.426000	0.915942	307.500000	294.500000
1	14.473000	0.954928	304.718750	295.281250
1	14.504000	0.950580	304.843750	295.843750
1	14.535000	0.948985	304.600006	296.162506
1	14.567000	0.956522	304.000000	296.000000
1	14.598000	0.937536	305.031250	295.531250
1	14.629000	0.939275	304.493744	296.493744
1	14.660000	0.944493	304.606232	296.793732
1	14.707000	0.946377	304.125000	296.500000
1	14.738000	0.950725	304.375000	296.125000
1	14.769000	0.939130	304.000000	296.000000
1	14.801000	0.953188	304.243744	296.556244
1	14.832000	0.934203	304.424988	295.625000
1	14.863000	0.929420	303.568756	295.493744
1	14.894000	0.904493	304.193756	295.256256
1	14.941000	0.929855	304.125000	295.750000
1	14.972000	0.931015	304.500000	295.625000
1	15.003000	0.928986	304.562500	295.674988
1	15.035000	0.938116	303.993744	296.006256
1	15.066000	0.935362	304.437500	296.000000
1	15.097000	0.945072	304.393738	296.106262
1	15.128000	0.951159	304.181244	296.193756
1	15.159000	0.939855	304.468750	296.668762
1	15.206000	0.947246	303.875000	296.187500
1	15.237000	0.933623	304.350006	296.037506
1	15.269000	0.955942	303.875000	295.750000
1	15.300000	0.927536	304.500000	295.500000
1	15.331000	0.925507	303.500000	295.812500
1	15.362000	0.939275	303.693756	295.556244
1	15.393000	0.950580	304.156250	295.843750
1	15.440000	0.929855	303.875000	295.625000
1	15.471000	0.931015	303.937500	295.625000
1	15.503000	0.939855	304.331238	296.031250
1	15.534000	0.937536	304.031250	296.031250
1	15.565000	0.920725	302.556244	296.756256
1	15.596000	0.936812	303.475006	297.024994
1	15.627000	0.938551	303.000000	296.687500
1	15.674000	0.927681	303.468750	296.156250
1	15.705000	0.933768	303.381256	296.056244
1	15.737000	0.931015	303.424988	295.625000
1	15.768000	0.926667	303.437500	296.312500
1	15.799000	0.937536	303.031250	295.518738
1	15.830000	0.929420	303.443756	296.118744
1	15.861000	0.956522	303.500000	295.500000
1	15.893000	0.933333	303.549988	295.612488
1	15.939000	0.937536	303.968750	295.968750
1	15.971000	0.871159	304.093750	294.843750
1	16.002000	0.939130	304.000000	296.000000
1	16.033000	0.931015	303.424988	296.375000
1	16.064000	0.939855	303.518738	296.968750
1	16.095000	0.949710	302.856293	297.206207
1	16.127000	0.941159	303.712494	296.712494
1	16.173000	0.938406	303.518738	296.518738
1	16.205000	0.942754	303.731262	296.506226
1	16.236000	0.963043	303.437500	296.000000
1	16.267000	0.955942	303.750000	295.875000
1	16.298000	0.929855	303.424988	295.625000
1	16.329000	0.946232	303.156250	295.606262
1	16.361000	0.920725	302.756256	296.243744
1	16.407000	0.931449	303.493744	296.618744
1	16.439000	0.938551	303.487488	297.000000
1	16.470000	0.885507	304.000000	296.262512
1	16.501000	0.936667	303.306274	297.531250
1	16.532000	0.939855	303.331238	298.031250
1	16.563000	0.947826	303.250000	298.250000
1	16.595000	0.951594	303.187500	298.312500
1	16.626000	0.947246	303.375000	298.375000
1	16.673000	0.939855	303.518738	297.968750
1	16.704000	0.920145	302.356262	298.231262
1	16.735000	0.921739	302.625000	298.125000
1	16.766000	0.935507	303.375000	298.000000
1	16.797000	0.939130	303.000000	298.000000
1	16.829000	0.947681	303.618744	298.193756
1	16.860000	0.968406	303.912506	298.087494
1	16.891000	0.900580	302.812500	298.937500
1	16.938000	0.951594	304.187500	298.187500
1	16.969000	0.971884	303.887482	298.012482
1	17.000000	0.956522	303.500000	297.500000
1	17.031000	0.953768	303.468750	298.406250
1	17.063000	0.955507	304.131256	298.743744
1	17.094000	0.927101	303.556244	299.443756
1	17.125000	0.929275	304.387482	298.899994
1	17.172000	0.950580	303.781250	298.843750
1	17.203000	0.953333	303.662506	298.774994
1	17.234000	0.933623	304.524994	298.962494
1	17.265000	0.927101	304.443756	299.431244
1	17.297000	0.950580	304.781250	299.156250
1	17.328000	0.950580	305.156250	298.781250
1	17.359000	0.963913	304.381256	298.806244
1	17.406000	0.939130	305.500000	298.500000
1	17.437000	0.939710	304.500000	299.312500
1	17.468000	0.918985	304.593750	299.343750
1	17.499000	0.932464	304.399994	299.637482
1	17.531000	0.937536	304.331238	299.968750
1	17.562000	0.937536	304.518738	300.031250
1	17.593000	0.931449	304.381256	299.618744
1	17.624000	0.934203	304.312500	299.500000
1	17.671000	0.937536	304.031250	299.031250
1	17.702000	0.915797	304.156250	299.343750
1	17.733000	0.920725	304.243744	298.793732
1	17.765000	0.937536	303.968750	298.468750
1	17.796000	0.933188	304.031250	298.581238
1	17.827000	0.915797	303.718750	298.656250
1	17.858000	0.937536	303.968750	298.468750
1	17.905000	0.935797	303.993744	298.481232
1	17.936000	0.931884	304.125000	298.375000
1	17.967000	0.922754	304.193756	298.493744
1	17.999000	0.939855	304.031311	298.518738
<\RIGHT-PUPIL-DATA>
<LEFT-PUPIL-DATA>
542	0
0	-0.066000	0.000000	250.000000	362.000000
0	-0.019000	0.000000	250.000000	362.000000
0	0.012000	0.000000	250.000000	362.000000
0	0.043000	0.000000	250.000000	362.000000
0	0.074000	0.000000	250.000000	362.000000
0	0.105000	0.000000	250.000000	362.000000
0	0.137000	0.000000	250.000000	362.000000
0	0.168000	0.000000	250.000000	362.000000
0	0.215000	0.000000	250.000000	362.000000
0	0.246000	0.000000	250.000000	362.000000
0	0.277000	0.000000	250.000000	362.000000
0	0.308000	0.000000	250.000000	362.000000
0	0.339000	0.000000	250.000000	362.000000
0	0.371000	0.000000	250.000000	362.000000
0	0.402000	0.000000	250.000000	362.000000
0	0.433000	0.000000	250.000000	362.000000
0	0.480000	0.000000	250.000000	362.000000
0	0.511000	0.000000	250.000000	362.000000
0	0.542000	0.000000	250.000000	362.000000
0	0.574000	0.000000	250.000000	362.000000
0	0.605000	0.000000	250.000000	362.000000
0	0.636000	0.000000	250.000000	362.000000
0	0.667000	0.000000	250.000000	362.000000
0	0.714000	0.000000	250.000000	362.000000
0	0.745000	0.000000	250.000000	362.000000
0	0.776000	0.000000	250.000000	362.000000
0	0.808000	0.000000	250.000000	362.000000
0	0.839000	0.000000	250.000000	362.000000
0	0.870000	0.000000	250.000000	362.000000
0	0.901000	0.000000	250.000000	362.000000
0	0.948000	0.000000	250.000000	362.000000
0	0.979000	0.000000	250.000000	362.000000
0	1.010000	0.000000	250.000000	362.000000
0	1.042000	0.000000	250.000000	362.000000
0	1.073000	0.000000	250.000000	362.000000
0	1.104000	0.000000	250.000000	362.000000
0	1.135000	0.000000	250.000000	362.000000
0	1.166000	0.000000	250.000000	362.000000
0	1.213000	0.000000	250.000000	362.000000
0	1.244000	0.000000	250.000000	362.000000
0	1.276000	0.000000	250.000000	362.000000
0	1.307000	0.000000	250.000000	362.000000
0	1.338000	0.000000	250.000000	362.000000
0	1.369000	0.000000	250.000000	362.000000
0	1.400000	0.000000	250.000000	362.000000
0	1.447000	0.000000	250.000000	362.000000
0	1.478000	0.000000	250.000000	362.000000
0	1.510000	0.000000	250.000000	362.000000
0	1.541000	0.000000	250.000000	362.000000
0	1.572000	0.000000	250.000000	362.000000
0	1.603000	0.000000	250.000000	362.000000
0	1.634000	0.000000	250.000000	362.000000
0	1.681000	0.000000	250.000000	362.000000
0	1.712000	0.000000	250.000000	362.000000
0	1.744000	0.000000	250.000000	362.000000
0	1.775000	0.000000	250.000000	362.000000
0	1.806000	0.000000	250.000000	362.000000
0	1.837000	0.000000	250.000000	362.000000
0	1.868000	0.000000	250.000000	362.000000
0	1.900000	0.000000	250.000000	362.000000
0	1.946000	0.000000	250.000000	362.000000
0	1.978000	0.000000	250.000000	362.000000
0	2.009000	0.000000	250.000000	362.000000
0	2.040000	0.000000	250.000000	362.000000
0	2.071000	0.000000	250.000000	362.000000
0	2.102000	0.000000	250.000000	362.000000
0	2.134000	0.000000	250.000000	362.000000
0	2.180000	0.000000	250.000000	362.000000
0	2.212000	0.000000	250.000000	362.000000
0	2.243000	0.000000	250.000000	362.000000
0	2.274000	0.000000	250.000000	362.000000
0	2.305000	0.000000	250.000000	362.000000
0	2.336000	0.000000	250.000000	362.000000
0	2.368000	0.000000	250.000000	362.000000
0	2.399000	0.000000	250.000000	362.000000
0	2.446000	0.000000	250.000000	362.000000
0	2.477000	0.000000	250.000000	362.000000
0	2.508000	0.000000	250.000000	362.000000
0	2.539000	0.000000	250.000000	362.000000
0	2.570000	0.000000	250.000000	362.000000
0	2.602000	0.000000	250.000000	362.000000
0	2.633000	0.000000	250.000000	362.000000
0	2.680000	0.000000	250.000000	362.000000
0	2.711000	0.000000	250.000000	362.000000
0	2.742000	0.000000	250.000000	362.000000
0	2.773000	0.000000	250.000000	362.000000
0	2.804000	0.000000	250.000000	362.000000
0	2.836000	0.000000	250.000000	362.000000
0	2.867000	0.000000	250.000000	362.000000
0	2.914000	0.000000	250.000000	362.000000
0	2.945000	0.000000	250.000000	362.000000
0	2.976000	0.000000	250.000000	362.000000
0	3.007000	0.000000	250.000000	362.000000
0	3.038000	0.000000	250.000000	362.000000
0	3.070000	0.000000	250.000000	362.000000
0	3.101000	0.000000	250.000000	362.000000
0	3.132000	0.000000	250.000000	362.000000
0	3.179000	0.000000	250.000000	362.000000
0	3.210000	0.000000	250.000000	362.000000
0	3.241000	0.000000	250.000000	362.000000
0	3.272000	0.000000	250.000000	362.000000
0	3.304000	0.000000	250.000000	362.000000
0	3.335000	0.000000	250.000000	362.000000
0	3.366000	0.000000	250.000000	362.000000
0	3.413000	0.000000	250.000000	362.000000
0	3.444000	0.000000	250.000000	362.000000
0	3.475000	0.000000	250.000000	362.000000
0	3.506000	0.000000	250.000000	362.000000
0	3.538000	0.000000	250.000000	362.000000
0	3.569000	0.000000	250.000000	362.000000
0	3.600000	0.000000	250.000000	362.000000
0	3.647000	0.000000	250.000000	362.000000
0	3.678000	0.000000	250.000000	362.000000
0	3.709000	0.000000	250.000000	362.000000
0	3.740000	0.000000	250.000000	362.000000
0	3.772000	0.000000	250.000000	362.000000
0	3.803000	0.000000	250.000000	362.000000
0	3.834000	0.000000	250.000000	362.000000
0	3.865000	0.000000	250.000000	362.000000
0	3.912000	0.000000	250.000000	362.000000
0	3.943000	0.000000	250.000000	362.000000
0	3.974000	0.000000	250.000000	362.000000
0	4.006000	0.000000	250.000000	362.000000
0	4.037000	0.000000	250.000000	362.000000
0	4.068000	0.000000	250.000000	362.000000
0	4.099000	0.000000	250.000000	362.000000
0	4.146000	0.000000	250.000000	362.000000
0	4.177000	0.000000	250.000000	362.000000
0	4.208000	0.000000	250.000000	362.000000
0	4.240000	0.000000	250.000000	362.000000
0	4.271000	0.000000	250.000000	362.000000
0	4.302000	0.000000	250.000000	362.000000
0	4.333000	0.000000	250.000000	362.000000
0	4.364000	0.000000	250.000000	362.000000
0	4.411000	0.000000	250.000000	362.000000
0	4.442000	0.000000	250.000000	362.000000
0	4.474000	0.000000	250.000000	362.000000
0	4.505000	0.000000	250.000000	362.000000
0	4.536000	0.000000	250.000000	362.000000
0	4.567000	0.000000	250.000000	362.000000
0	4.598000	0.000000	250.000000	362.000000
0	4.645000	0.000000	250.000000	362.000000
0	4.676000	0.000000	250.000000	362.000000
0	4.708000	0.000000	250.000000	362.000000
0	4.739000	0.000000	250.000000	362.000000
0	4.770000	0.000000	250.000000	362.000000
0	4.801000	0.000000	250.000000	362.000000
0	4.832000	0.000000	250.000000	362.000000
0	4.879000	0.000000	250.000000	362.000000
0	4.910000	0.000000	250.000000	362.000000
0	4.942000	0.000000	250.000000	362.000000
0	4.973000	0.000000	250.000000	362.000000
0	5.004000	0.000000	250.000000	362.000000
0	5.035000	0.000000	250.000000	362.000000
0	5.066000	0.000000	250.000000	362.000000
0	5.098000	0.000000	250.000000	362.000000
0	5.144000	0.000000	250.000000	362.000000
0	5.176000	0.000000	250.000000	362.000000
0	5.207000	0.000000	250.000000	362.000000
0	5.238000	0.000000	250.000000	362.000000
0	5.269000	0.000000	250.000000	362.000000
0	5.300000	0.000000	250.000000	362.000000
0	5.332000	0.000000	250.000000	362.000000
0	5.378000	0.000000	250.000000	362.000000
0	5.410000	0.000000	250.000000	362.000000
0	5.441000	0.000000	250.000000	362.000000
0	5.472000	0.000000	250.000000	362.000000
0	5.503000	0.000000	250.000000	362.000000
0	5.534000	0.000000	250.000000	362.000000
0	5.566000	0.000000	250.000000	362.000000
0	5.612000	0.000000	250.000000	362.000000
0	5.644000	0.000000	250.000000	362.000000
0	5.675000	0.000000	250.000000	362.000000
0	5.706000	0.000000	250.000000	362.000000
0	5.737000	0.000000	250.000000	362.000000
0	5.768000	0.000000	250.000000	362.000000
0	5.800000	0.000000	250.000000	362.000000
0	5.831000	0.000000	250.000000	362.000000
0	5.878000	0.000000	250.000000	362.000000
0	5.909000	0.000000	250.000000	362.000000
0	5.940000	0.000000	250.000000	362.000000
0	5.971000	0.000000	250.000000	362.000000
0	6.002000	0.000000	250.000000	362.000000
0	6.034000	0.000000	250.000000	362.000000
0	6.065000	0.000000	250.000000	362.000000
0	6.112000	0.000000	250.000000	362.000000
0	6.143000	0.000000	250.000000	362.000000
0	6.174000	0.000000	250.000000	362.000000
0	6.205000	0.000000	250.000000	362.000000
0	6.236000	0.000000	250.000000	362.000000
0	6.268000	0.000000	250.000000	362.000000
0	6.299000	0.000000	250.000000	362.000000
0	6.346000	0.000000	250.000000	362.000000
0	6.377000	0.000000	250.000000	362.000000
0	6.408000	0.000000	250.000000	362.000000
0	6.439000	0.000000	250.000000	362.000000
0	6.470000	0.000000	250.000000	362.000000
0	6.502000	0.000000	250.000000	362.000000
0	6.533000	0.000000	250.000000	362.000000
0	6.564000	0.000000	250.000000	362.000000
0	6.611000	0.000000	250.000000	362.000000
0	6.642000	0.000000	250.000000	362.000000
0	6.673000	0.000000	250.000000	362.000000
0	6.704000	0.000000	250.000000	362.000000
0	6.736000	0.000000	250.000000	362.000000
0	6.767000	0.000000	250.000000	362.000000
0	6.798000	0.000000	250.000000	362.000000
0	6.845000	0.000000	250.000000	362.000000
0	6.876000	0.000000	250.000000	362.000000
0	6.907000	0.000000	250.000000	362.000000
0	6.938000	0.000000	250.000000	362.000000
0	6.970000	0.000000	250.000000	362.000000
0	7.001000	0.000000	250.000000	362.000000
0	7.032000	0.000000	250.000000	362.000000
0	7.079000	0.000000	250.000000	362.000000
0	7.110000	0.000000	250.000000	362.000000
0	7.141000	0.000000	250.000000	362.000000
0	7.172000	0.000000	250.000000	362.000000
0	7.204000	0.000000	250.000000	362.000000
0	7.235000	0.000000	250.000000	362.000000
0	7.266000	0.000000	250.000000	362.000000
0	7.297000	0.000000	250.000000	362.000000
0	7.344000	0.000000	250.000000	362.000000
0	7.375000	0.000000	250.000000	362.000000
0	7.406000	0.000000	250.000000	362.000000
0	7.438000	0.000000	250.000000	362.000000
0	7.469000	0.000000	250.000000	362.000000
0	7.500000	0.000000	250.000000	362.000000
0	7.531000	0.000000	250.000000	362.000000
0	7.578000	0.000000	250.000000	362.000000
0	7.609000	0.000000	250.000000	362.000000
0	7.640000	0.000000	250.000000	362.000000
0	7.672000	0.000000	250.000000	362.000000
0	7.703000	0.000000	250.000000	362.000000
0	7.734000	0.000000	250.000000	362.000000
0	7.765000	0.000000	250.000000	362.000000
0	7.812000	0.000000	250.000000	362.000000
0	7.843000	0.000000	250.000000	362.000000
0	7.874000	0.000000	250.000000	362.000000
0	7.906000	0.000000	250.000000	362.000000
0	7.937000	0.000000	250.000000	362.000000
0	7.968000	0.000000	250.000000	362.000000
0	7.999000	0.000000	250.000000	362.000000
0	8.030000	0.000000	250.000000	362.000000
0	8.077000	0.000000	250.000000	362.000000
0	8.108000	0.000000	250.000000	362.000000
0	8.140000	0.000000	250.000000	362.000000
0	8.171000	0.000000	250.000000	362.000000
0	8.202000	0.000000	250.000000	362.000000
0	8.233000	0.000000	250.000000	362.000000
0	8.264000	0.000000	250.000000	362.000000
0	8.296000	0.000000	250.000000	362.000000
0	8.342000	0.000000	250.000000	362.000000
0	8.374000	0.000000	250.000000	362.000000
0	8.405000	0.000000	250.000000	362.000000
0	8.436000	0.000000	250.000000	362.000000
0	8.467000	0.000000	250.000000	362.000000
0	8.498000	0.000000	250.000000	362.000000
0	8.530000	0.000000	250.000000	362.000000
0	8.576000	0.000000	250.000000	362.000000
0	8.608000	0.000000	250.000000	362.000000
0	8.639000	0.000000	250.000000	362.000000
0	8.670000	0.000000	250.000000	362.000000
0	8.701000	0.000000	250.000000	362.000000
0	8.732000	0.000000	250.000000	362.000000
0	8.764000	0.000000	250.000000	362.000000
0	8.810000	0.000000	250.000000	362.000000
0	8.842000	0.000000	250.000000	362.000000
0	8.873000	0.000000	250.000000	362.000000
0	8.904000	0.000000	250.000000	362.000000
0	8.935000	0.000000	250.000000	362.000000
0	8.966000	0.000000	250.000000	362.000000
0	8.998000	0.000000	250.000000	362.000000
0	9.029000	0.000000	250.000000	362.000000
0	9.076000	0.000000	250.000000	362.000000
0	9.107000	0.000000	250.000000	362.000000
0	9.138000	0.000000	250.000000	362.000000
0	9.169000	0.000000	250.000000	362.000000
0	9.200000	0.000000	250.000000	362.000000
0	9.232000	0.000000	250.000000	362.000000
0	9.263000	0.000000	250.000000	362.000000
0	9.310000	0.000000	250.000000	362.000000
0	9.341000	0.000000	250.000000	362.000000
0	9.372000	0.000000	250.000000	362.000000
0	9.403000	0.000000	250.000000	362.000000
0	9.434000	0.000000	250.000000	362.000000
0	9.466000	0.000000	250.000000	362.000000
0	9.497000	0.000000	250.000000	362.000000
0	9.544000	0.000000	250.000000	362.000000
0	9.575000	0.000000	250.000000	362.000000
0	9.606000	0.000000	250.000000	362.000000
0	9.637000	0.000000	250.000000	362.000000
0	9.668000	0.000000	250.000000	362.000000
0	9.700000	0.000000	250.000000	362.000000
0	9.731000	0.000000	250.000000	362.000000
0	9.762000	0.000000	250.000000	362.000000
0	9.809000	0.000000	250.000000	362.000000
0	9.840000	0.000000	250.000000	362.000000
0	9.871000	0.000000	250.000000	362.000000
0	9.902000	0.000000	250.000000	362.000000
0	9.934000	0.000000	250.000000	362.000000
0	9.965000	0.000000	250.000000	362.000000
0	9.996000	0.000000	250.000000	362.000000
0	10.043000	0.000000	250.000000	362.000000
0	10.074000	0.000000	250.000000	362.000000
0	10.105000	0.000000	250.000000	362.000000
0	10.136000	0.000000	250.000000	362.000000
0	10.168000	0.000000	250.000000	362.000000
0	10.199000	0.000000	250.000000	362.000000
0	10.230000	0.000000	250.000000	362.000000
0	10.277000	0.000000	250.000000	362.000000
0	10.308000	0.000000	250.000000	362.000000
0	10.339000	0.000000	250.000000	362.000000
0	10.370000	0.000000	250.000000	362.000000
0	10.402000	0.000000	250.000000	362.000000
0	10.433000	0.000000	250.000000	362.000000
0	10.464000	0.000000	250.000000	362.000000
0	10.495000	0.000000	250.000000	362.000000
0	10.542000	0.000000	250.000000	362.000000
0	10.573000	0.000000	250.000000	362.000000
0	10.604000	0.000000	250.000000	362.000000
0	10.636000	0.000000	250.000000	362.000000
0	10.667000	0.000000	250.000000	362.000000
0	10.698000	0.000000	250.000000	362.000000
0	10.729000	0.000000	250.000000	362.000000
0	10.776000	0.000000	250.000000	362.000000
0	10.807000	0.000000	250.000000	362.000000
0	10.838000	0.000000	250.000000	362.000000
0	10.870000	0.000000	250.000000	362.000000
0	10.901000	0.000000	250.000000	362.000000
0	10.932000	0.000000	250.000000	362.000000
0	10.963000	0.000000	250.000000	362.000000
0	11.010000	0.000000	250.000000	362.000000
0	11.041000	0.000000	250.000000	362.000000
0	11.072000	0.000000	250.000000	362.000000
0	11.104000	0.000000	250.000000	362.000000
0	11.135000	0.000000	250.000000	362.000000
0	11.166000	0.000000	250.000000	362.000000
0	11.197000	0.000000	250.000000	362.000000
0	11.228000	0.000000	250.000000	362.000000
0	11.275000	0.000000	250.000000	362.000000
0	11.306000	0.000000	250.000000	362.000000
0	11.338000	0.000000	250.000000	362.000000
0	11.369000	0.000000	250.000000	362.000000
0	11.400000	0.000000	250.000000	362.000000
0	11.431000	0.000000	250.000000	362.000000
0	11.462000	0.000000	250.000000	362.000000
0	11.509000	0.000000	250.000000	362.000000
0	11.540000	0.000000	250.000000	362.000000
0	11.572000	0.000000	250.000000	362.000000
0	11.603000	0.000000	250.000000	362.000000
0	11.634000	0.000000	250.000000	362.000000
0	11.665000	0.000000	250.000000	362.000000
0	11.696000	0.000000	250.000000	362.000000
0	11.743000	0.000000	250.000000	362.000000
0	11.774000	0.000000	250.000000	362.000000
0	11.806000	0.000000	250.000000	362.000000
0	11.837000	0.000000	250.000000	362.000000
0	11.868000	0.000000	250.000000	362.000000
0	11.899000	0.000000	250.000000	362.000000
0	11.930000	0.000000	250.000000	362.000000
0	11.962000	0.000000	250.000000	362.000000
0	12.008000	0.000000	250.000000	362.000000
0	12.040000	0.000000	250.000000	362.000000
0	12.071000	0.000000	250.000000	362.000000
0	12.102000	0.000000	250.000000	362.000000
0	12.133000	0.000000	250.000000	362.000000
0	12.164000	0.000000	250.000000	362.000000
0	12.196000	0.000000	250.000000	362.000000
0	12.227000	0.000000	250.000000	362.000000
0	12.274000	0.000000	250.000000	362.000000
0	12.305000	0.000000	250.000000	362.000000
0	12.336000	0.000000	250.000000	362.000000
0	12.367000	0.000000	250.000000	362.000000
0	12.398000	0.000000	250.000000	362.000000
0	12.430000	0.000000	250.000000	362.000000
0	12.461000	0.000000	250.000000	362.000000
0	12.508000	0.000000	250.000000	362.000000
0	12.539000	0.000000	250.000000	362.000000
0	12.570000	0.000000	250.000000	362.000000
0	12.601000	0.000000	250.000000	362.000000
0	12.632000	0.000000	250.000000	362.000000
0	12.664000	0.000000	250.000000	362.000000
0	12.695000	0.000000	250.000000	362.000000
0	12.742000	0.000000	250.000000	362.000000
0	12.773000	0.000000	250.000000	362.000000
0	12.804000	0.000000	250.000000	362.000000
0	12.835000	0.000000	250.000000	362.000000
0	12.866000	0.000000	250.000000	362.000000
0	12.898000	0.000000	250.000000	362.000000
0	12.929000	0.000000	250.000000	362.000000
0	12.960000	0.000000	250.000000	362.000000
0	13.007000	0.000000	250.000000	362.000000
0	13.038000	0.000000	250.000000	362.000000
0	13.069000	0.000000	250.000000	362.000000
0	13.100000	0.000000	250.000000	362.000000
0	13.132000	0.000000	250.000000	362.000000
0	13.163000	0.000000	250.000000	362.000000
0	13.194000	0.000000	250.000000	362.000000
0	13.241000	0.000000	250.000000	362.000000
0	13.272000	0.000000	250.000000	362.000000
0	13.303000	0.000000	250.000000	362.000000
0	13.334000	0.000000	250.000000	362.000000
0	13.366000	0.000000	250.000000	362.000000
0	13.397000	0.000000	250.000000	362.000000
0	13.428000	0.000000	250.000000	362.000000
0	13.475000	0.000000	250.000000	362.000000
0	13.506000	0.000000	250.000000	362.000000
0	13.537000	0.000000	250.000000	362.000000
0	13.568000	0.000000	250.000000	362.000000
0	13.600000	0.000000	250.000000	362.000000
0	13.631000	0.000000	250.000000	362.000000
0	13.662000	0.000000	250.000000	362.000000
0	13.693000	0.000000	250.000000	362.000000
0	13.740000	0.000000	250.000000	362.000000
0	13.771000	0.000000	250.000000	362.000000
0	13.802000	0.000000	250.000000	362.000000
0	13.834000	0.000000	250.000000	362.000000
0	13.865000	0.000000	250.000000	362.000000
0	13.896000	0.000000	250.000000	362.000000
0	13.927000	0.000000	250.000000	362.000000
0	13.974000	0.000000	250.000000	362.000000
0	14.005000	0.000000	250.000000	362.000000
0	14.036000	0.000000	250.000000	362.000000
0	14.068000	0.000000	250.000000	362.000000
0	14.099000	0.000000	250.000000	362.000000
0	14.130000	0.000000	250.000000	362.000000
0	14.161000	0.000000	250.000000	362.000000
0	14.208000	0.000000	250.000000	362.000000
0	14.239000	0.000000	250.000000	362.000000
0	14.270000	0.000000	250.000000	362.000000
0	14.302000	0.000000	250.000000	362.000000
0	14.333000	0.000000	250.000000	362.000000
0	14.364000	0.000000	250.000000	362.000000
0	14.395000	0.000000	250.000000	362.000000
0	14.426000	0.000000	250.000000	362.000000
0	14.473000	0.000000	250.000000	362.000000
0	14.504000	0.000000	250.000000	362.000000
0	14.536000	0.000000	250.000000	362.000000
0	14.567000	0.000000	250.000000	362.000000
0	14.598000	0.000000	250.000000	362.000000
0	14.629000	0.000000	250.000000	362.000000
0	14.660000	0.000000	250.000000	362.000000
0	14.707000	0.000000	250.000000	362.000000
0	14.738000	0.000000	250.000000	362.000000
0	14.770000	0.000000	250.000000	362.000000
0	14.801000	0.000000	250.000000	362.000000
0	14.832000	0.000000	250.000000	362.000000
0	14.863000	0.000000	250.000000	362.000000
0	14.894000	0.000000	250.000000	362.000000
0	14.941000	0.000000	250.000000	362.000000
0	14.972000	0.000000	250.000000	362.000000
0	15.004000	0.000000	250.000000	362.000000
0	15.035000	0.000000	250.000000	362.000000
0	15.066000	0.000000	250.000000	362.000000
0	15.097000	0.000000	250.000000	362.000000
0	15.128000	0.000000	250.000000	362.000000
0	15.160000	0.000000	250.000000	362.000000
0	15.206000	0.000000	250.000000	362.000000
0	15.238000	0.000000	250.000000	362.000000
0	15.269000	0.000000	250.000000	362.000000
0	15.300000	0.000000	250.000000	362.000000
0	15.331000	0.000000	250.000000	362.000000
0	15.362000	0.000000	250.000000	362.000000
0	15.394000	0.000000	250.000000	362.000000
0	15.440000	0.000000	250.000000	362.000000
0	15.472000	0.000000	250.000000	362.000000
0	15.503000	0.000000	250.000000	362.000000
0	15.534000	0.000000	250.000000	362.000000
0	15.565000	0.000000	250.000000	362.000000
0	15.596000	0.000000	250.000000	362.000000
0	15.628000	0.000000	250.000000	362.000000
0	15.674000	0.000000	250.000000	362.000000
0	15.706000	0.000000	250.000000	362.000000
0	15.737000	0.000000	250.000000	362.000000
0	15.768000	0.000000	250.000000	362.000000
0	15.799000	0.000000	250.000000	362.000000
0	15.830000	0.000000	250.000000	362.000000
0	15.862000	0.000000	250.000000	362.000000
0	15.893000	0.000000	250.000000	362.000000
0	15.940000	0.000000	250.000000	362.000000
0	15.971000	0.000000	250.000000	362.000000
0	16.002000	0.000000	250.000000	362.000000
0	16.033000	0.000000	250.000000	362.000000
0	16.064000	0.000000	250.000000	362.000000
0	16.096000	0.000000	250.000000	362.000000
0	16.127000	0.000000	250.000000	362.000000
0	16.158000	0.000000	250.000000	362.000000
0	16.205000	0.000000	250.000000	362.000000
0	16.236000	0.000000	250.000000	362.000000
0	16.267000	0.000000	250.000000	362.000000
0	16.298000	0.000000	250.000000	362.000000
0	16.330000	0.000000	250.000000	362.000000
0	16.361000	0.000000	250.000000	362.000000
0	16.392000	0.000000	250.000000	362.000000
0	16.439000	0.000000	250.000000	362.000000
0	16.470000	0.000000	250.000000	362.000000
0	16.501000	0.000000	250.000000	362.000000
0	16.532000	0.000000	250.000000	362.000000
0	16.564000	0.000000	250.000000	362.000000
0	16.595000	0.000000	250.000000	362.000000
0	16.626000	0.000000	250.000000	362.000000
0	16.673000	0.000000	250.000000	362.000000
0	16.704000	0.000000	250.000000	362.000000
0	16.735000	0.000000	250.000000	362.000000
0	16.766000	0.000000	250.000000	362.000000
0	16.798000	0.000000	250.000000	362.000000
0	16.829000	0.000000	250.000000	362.000000
0	16.860000	0.000000	250.000000	362.000000
0	16.891000	0.000000	250.000000	362.000000
0	16.938000	0.000000	250.000000	362.000000
0	16.969000	0.000000	250.000000	362.000000
0	17.000000	0.000000	250.000000	362.000000
0	17.032000	0.000000	250.000000	362.000000
0	17.063000	0.000000	250.000000	362.000000
0	17.094000	0.000000	250.000000	362.000000
0	17.125000	0.000000	250.000000	362.000000
0	17.172000	0.000000	250.000000	362.000000
0	17.203000	0.000000	250.000000	362.000000
0	17.234000	0.000000	250.000000	362.000000
0	17.266000	0.000000	250.000000	362.000000
0	17.297000	0.000000	250.000000	362.000000
0	17.328000	0.000000	250.000000	362.000000
0	17.359000	0.000000	250.000000	362.000000
0	17.406000	0.000000	250.000000	362.000000
0	17.437000	0.000000	250.000000	362.000000
0	17.468000	0.000000	250.000000	362.000000
0	17.500000	0.000000	250.000000	362.000000
0	17.531000	0.000000	250.000000	362.000000
0	17.562000	0.000000	250.000000	362.000000
0	17.593000	0.000000	250.000000	362.000000
0	17.624000	0.000000	250.000000	362.000000
0	17.671000	0.000000	250.000000	362.000000
0	17.702000	0.000000	250.000000	362.000000
0	17.734000	0.000000	250.000000	362.000000
0	17.765000	0.000000	250.000000	362.000000
0	17.796000	0.000000	250.000000	362.000000
0	17.827000	0.000000	250.000000	362.000000
0	17.858000	0.000000	250.000000	362.000000
0	17.905000	0.000000	250.000000	362.000000
0	17.936000	0.000000	250.000000	362.000000
0	17.968000	0.000000	250.000000	362.000000
<\LEFT-PUPIL-DATA>
<RIGHT-PUPIL-ANALYSIS>
1
0	0	17	542	0	0	0.509000	17.518999	0.510000	99.710426	0.000000	0.000000	0.000000	0	1	1	1	1	0	0	0	0.000000	0.000000	0.000000	0.000000	0.000000	0.000000	0.000000	-1.000000	0.000000	1	1.101391	0.802956	0.952743	0.506484	0.236000	-0.407142	-1.057652	-1.000000	0.113463	1	1.101391	0.802956	0.952743	0.506484	0.236000	-0.440819	-1.057649	-1.000000	0.113463
<\RIGHT-PUPIL-ANALYSIS>
<LEFT-PUPIL-ANALYSIS>
1
0	0	17	541	0	0	0.509000	17.518999	0.510000	99.710426	0.000000	0.000000	0.000000	0	1	1	1	1	0	0	0	0.000000	0.000000	0.000000	0.000000	0.000000	0.000000	0.000000	-1.000000	0.000000	0	-0.034783	-0.034783	0.000950	0.000950	0.002000	0.000000	0.000000	-1.000000	0.000000	1	-0.034783	-0.034783	0.000950	0.000950	0.002000	-1000000.000000	-1000000.000000	-1.000000	0.000000
<\LEFT-PUPIL-ANALYSIS>
%%%%%%%%%
%%%%%%%%%
%%%%%%%%%
%%%	Measurement Tiime is: 2017-12-05 10:37:37
%%%	Subject ID is: c57bl6-4.11.17-1mois-DAOG-M1-2r
%%%	Note: 
%%%	RSS: Default Human Relative Spectral Sensitivity
%%%	Pupil Analysis:
%%%
%%%
%%%
%%%	Pulse Index:	0
%%%	Stimulus Session Index:	0
%%%	Right Pupil Stimulated
%%%	Light Metric is Photopic
%%%	Stimulus Start Time(sec):	0.51
%%%	Stimulus Duration(sec):	17.52
%%%	Stimulus Pulse Duration(sec):	0.51
%%%	Right Pulse:	99.71	(Red  )	-	0.00	(Red  )	[Lux ]
%%%	Left Pulse:	0.00	(Red  )	-	0.00	(Red  )	[Lux ]
%%%
%%%		RIGHT	LEFT	R.Pupil Mean	L.Pupil Mean	R.Stim Mean	R.Stim Mean
%%%	INPUT:	RAW DATA	RAW DATA
%%%	STATE:	ABNORMAL	ABNORMAL	ABNORMAL	ABNORMAL	ABNORMAL	ABNORMAL
%%%	MAX(mm):	0.00	0.00	0.00	0.00	0.00	0.00
%%%	MIN(mm):	0.00	0.00	0.00	0.00	0.00	0.00
%%%	DELTA(mm):						
%%%	CH(%):						
%%%	LAT(sec):	0.00	0.00	0.00	0.00	0.00	0.00
%%%	CV(mm/s):	0.00	0.00	0.00	0.00	0.00	0.00
%%%	MCV(mm/s):	0.00	0.00	0.00	0.00	0.00	0.00
%%%	DV(mm/s):	0.00	0.00	0.00	0.00	0.00	0.00
%%%%%%%%%
%%%%%%%%%
%%%%%%%%%
%%%	Right Pupil Profile (1st row -> 1 == valid tracking, 0 == invalid tracking; 2nd row -> time; 3rd row -> diameter (mm))
%%%	1	1	1	1	1	1	1	1	1	1	1	1	1	1	1	1	1	1	1	1	1	1	1	1	1	1	1	1	1	0	1	1	1	1	1	1	0	1	1	1	1	1	1	1	1	1	1	1	1	1	1	1	1	1	1	1	1	1	1	1	1	1	1	1	1	1	1	1	1	1	1	1	1	1	1	0	1	1	1	1	1	1	1	1	1	1	0	1	1	1	1	1	1	1	1	1	1	1	1	1	1	1	1	1	1	1	1	1	1	1	1	1	1	1	1	1	1	1	1	1	1	1	1	1	1	1	1	1	1	1	1	1	1	1	1	1	1	1	0	1	1	1	1	1	1	1	1	1	1	1	1	1	1	1	1	1	1	1	1	1	1	1	1	1	1	1	1	1	1	1	1	1	1	1	1	1	1	1	1	1	1	1	1	1	1	1	1	0	1	1	1	1	1	1	1	1	1	1	1	1	1	1	1	1	1	1	1	0	1	1	1	1	1	1	1	1	1	1	0	1	1	1	1	1	1	1	1	1	0	1	1	1	1	1	1	1	1	1	1	1	1	1	1	1	1	1	1	1	1	1	1	1	1	1	1	1	1	1	1	1	1	1	1	1	1	1	1	1	1	1	1	1	1	1	1	1	1	1	1	1	0	1	1	1	1	1	1	1	1	1	1	1	1	1	1	1	1	1	1	1	1	1	1	1	1	1	1	1	1	1	1	1	1	1	1	1	1	1	1	1	0	1	1	1	1	1	1	1	1	1	0	1	1	1	0	1	1	0	1	1	1	1	0	1	1	0	1	1	1	1	1	1	1	1	1	1	1	1	1	1	1	1	0	1	0	1	1	1	1	1	1	1	1	1	1	1	1	1	1	1	1	1	1	1	1	1	1	1	1	1	1	1	1	1	1	1	1	1	1	1	1	1	1	1	1	1	1	1	1	1	1	1	1	1	1	1	1	1	1	1	1	1	1	1	1	1	0	0	1	1	1	1	1	1	1	0	1	1	1	1	1	1	1	1	1	1	1	1	1	1	1	1	1	1	1	1	1	1	1	1	1	1	1	1	1	1	1	1	1	1	1	1	1	1	1	1	1	1	1	1	1	1	1	1	1	1	1	1	1	1	1	1	1	1	1	1	1	1	1	1	1	1	1	1	1	1	1	1	1	1	1	1	1	1	1	1	1	1	1	1	1	1	1	1	1	1	1	1	1	1	1	1	1	1	1	1	1	1	1	1	1	1	1
%%%	-0.066000	-0.020000	0.012000	0.043000	0.074000	0.105000	0.136000	0.168000	0.214000	0.246000	0.277000	0.308000	0.339000	0.370000	0.402000	0.448000	0.480000	0.511000	0.542000	0.573000	0.605000	0.636000	0.667000	0.714000	0.745000	0.776000	0.807000	0.839000	0.870000	0.901000	0.932000	0.979000	1.010000	1.041000	1.073000	1.104000	1.135000	1.166000	1.213000	1.244000	1.275000	1.307000	1.338000	1.369000	1.400000	1.447000	1.478000	1.509000	1.541000	1.572000	1.603000	1.634000	1.665000	1.712000	1.743000	1.775000	1.806000	1.837000	1.868000	1.899000	1.946000	1.977000	2.009000	2.040000	2.071000	2.102000	2.133000	2.180000	2.211000	2.243000	2.274000	2.305000	2.336000	2.367000	2.399000	2.445000	2.477000	2.508000	2.539000	2.570000	2.601000	2.633000	2.679000	2.711000	2.742000	2.773000	2.804000	2.835000	2.867000	2.913000	2.945000	2.976000	3.007000	3.038000	3.069000	3.101000	3.132000	3.179000	3.210000	3.241000	3.272000	3.303000	3.335000	3.366000	3.413000	3.444000	3.475000	3.506000	3.537000	3.569000	3.600000	3.647000	3.678000	3.709000	3.740000	3.771000	3.803000	3.834000	3.865000	3.912000	3.943000	3.974000	4.005000	4.037000	4.068000	4.099000	4.146000	4.177000	4.208000	4.239000	4.271000	4.302000	4.333000	4.380000	4.411000	4.442000	4.473000	4.505000	4.536000	4.567000	4.598000	4.645000	4.676000	4.707000	4.739000	4.770000	4.801000	4.832000	4.879000	4.910000	4.941000	4.973000	5.004000	5.035000	5.066000	5.097000	5.144000	5.175000	5.207000	5.238000	5.269000	5.300000	5.331000	5.378000	5.409000	5.441000	5.472000	5.503000	5.534000	5.565000	5.612000	5.643000	5.675000	5.706000	5.737000	5.768000	5.799000	5.831000	5.877000	5.909000	5.940000	5.971000	6.002000	6.033000	6.065000	6.111000	6.143000	6.174000	6.205000	6.236000	6.267000	6.299000	6.330000	6.377000	6.408000	6.439000	6.470000	6.501000	6.533000	6.564000	6.611000	6.642000	6.673000	6.704000	6.735000	6.767000	6.798000	6.845000	6.876000	6.907000	6.938000	6.969000	7.001000	7.032000	7.063000	7.110000	7.141000	7.172000	7.203000	7.235000	7.266000	7.297000	7.344000	7.375000	7.406000	7.437000	7.469000	7.500000	7.531000	7.578000	7.609000	7.640000	7.671000	7.703000	7.734000	7.765000	7.796000	7.843000	7.874000	7.905000	7.937000	7.968000	7.999000	8.030000	8.077000	8.108000	8.139000	8.171000	8.202000	8.233000	8.264000	8.311000	8.342000	8.373000	8.405000	8.436000	8.467000	8.498000	8.529000	8.576000	8.607000	8.639000	8.670000	8.701000	8.732000	8.763000	8.810000	8.841000	8.873000	8.904000	8.935000	8.966000	8.997000	9.029000	9.075000	9.107000	9.138000	9.169000	9.200000	9.231000	9.263000	9.309000	9.341000	9.372000	9.403000	9.434000	9.465000	9.497000	9.543000	9.575000	9.606000	9.637000	9.668000	9.699000	9.731000	9.762000	9.809000	9.840000	9.871000	9.902000	9.933000	9.965000	9.996000	10.043000	10.074000	10.105000	10.136000	10.167000	10.199000	10.230000	10.277000	10.308000	10.339000	10.370000	10.401000	10.433000	10.464000	10.495000	10.542000	10.573000	10.604000	10.635000	10.667000	10.698000	10.729000	10.776000	10.807000	10.838000	10.869000	10.901000	10.932000	10.963000	11.010000	11.041000	11.072000	11.103000	11.135000	11.166000	11.197000	11.228000	11.275000	11.306000	11.337000	11.369000	11.400000	11.431000	11.462000	11.509000	11.540000	11.571000	11.603000	11.634000	11.665000	11.696000	11.727000	11.774000	11.805000	11.837000	11.868000	11.899000	11.930000	11.961000	12.008000	12.039000	12.071000	12.102000	12.133000	12.164000	12.195000	12.242000	12.273000	12.305000	12.336000	12.367000	12.398000	12.429000	12.461000	12.507000	12.539000	12.570000	12.601000	12.632000	12.663000	12.695000	12.741000	12.773000	12.804000	12.835000	12.866000	12.897000	12.929000	12.960000	13.007000	13.038000	13.069000	13.100000	13.131000	13.163000	13.194000	13.241000	13.272000	13.303000	13.334000	13.365000	13.397000	13.428000	13.475000	13.506000	13.537000	13.568000	13.599000	13.631000	13.662000	13.693000	13.740000	13.771000	13.802000	13.833000	13.865000	13.896000	13.927000	13.974000	14.005000	14.036000	14.067000	14.099000	14.130000	14.161000	14.208000	14.239000	14.270000	14.301000	14.333000	14.364000	14.395000	14.426000	14.473000	14.504000	14.535000	14.567000	14.598000	14.629000	14.660000	14.707000	14.738000	14.769000	14.801000	14.832000	14.863000	14.894000	14.941000	14.972000	15.003000	15.035000	15.066000	15.097000	15.128000	15.159000	15.206000	15.237000	15.269000	15.300000	15.331000	15.362000	15.393000	15.440000	15.471000	15.503000	15.534000	15.565000	15.596000	15.627000	15.674000	15.705000	15.737000	15.768000	15.799000	15.830000	15.861000	15.893000	15.939000	15.971000	16.002000	16.033000	16.064000	16.095000	16.127000	16.173000	16.205000	16.236000	16.267000	16.298000	16.329000	16.361000	16.407000	16.439000	16.470000	16.501000	16.532000	16.563000	16.595000	16.626000	16.673000	16.704000	16.735000	16.766000	16.797000	16.829000	16.860000	16.891000	16.938000	16.969000	17.000000	17.031000	17.063000	17.094000	17.125000	17.172000	17.203000	17.234000	17.265000	17.297000	17.328000	17.359000	17.406000	17.437000	17.468000	17.499000	17.531000	17.562000	17.593000	17.624000	17.671000	17.702000	17.733000	17.765000	17.796000	17.827000	17.858000	17.905000	17.936000	17.967000	17.999000
%%%	1.132754	1.096232	1.119275	1.118551	1.120145	1.120725	1.124638	1.100580	1.101449	1.105507	1.096232	1.101159	1.112319	1.098841	1.112029	1.098406	1.096232	1.055072	1.094058	1.101015	1.105507	1.100145	1.097681	1.100000	1.103623	1.099420	1.055072	1.070725	1.044058	0.915942	0.996812	0.939710	0.985942	0.938551	0.869565	0.908551	0.747102	0.814638	0.797971	0.834783	0.814058	0.796377	0.814203	0.789710	0.814203	0.808696	0.787971	0.829275	0.841449	0.759710	0.851015	0.834783	0.788116	0.808406	0.894058	0.901015	0.926667	0.855072	0.892754	0.916232	0.920145	0.925507	0.929420	0.868985	0.823188	0.893333	0.921739	0.869565	0.894058	0.926667	0.848406	0.933768	0.924928	0.922899	0.933623	0.861014	0.937536	0.866377	0.933768	0.936377	0.931594	0.932029	0.966232	0.896377	0.950580	0.920725	0.808696	0.938406	0.929855	0.866377	0.918406	0.922899	0.939855	0.939130	0.889855	0.935072	0.931015	0.937681	0.884928	0.920725	0.927101	0.939130	0.933333	0.946232	0.922899	0.954927	0.937536	0.913623	0.936232	0.939130	0.933333	0.936232	0.931015	0.921739	0.967971	0.933188	0.929420	0.938116	0.927101	0.931449	0.951015	0.938696	0.955362	0.940725	0.959855	0.948551	0.955942	0.957246	0.939130	0.938406	0.933333	0.951159	0.939710	0.957681	0.931015	0.950725	0.964638	0.920145	0.823188	0.938116	0.960290	0.950580	0.955507	0.938551	0.950725	0.933188	0.968406	0.968406	0.937536	0.957246	0.969710	0.963767	0.922754	0.938551	0.975072	0.964638	0.939710	0.950580	0.956667	0.959275	0.937536	0.959420	0.968985	0.886232	0.954638	0.931594	0.931015	0.966667	0.959275	0.941159	0.937101	0.939710	0.956522	0.969710	0.952319	0.944928	0.964638	0.927246	0.938406	0.915942	0.927681	0.935942	0.935797	0.936377	0.937536	0.937681	0.894638	0.823188	0.915942	0.904928	0.927246	0.937536	0.939710	0.934783	0.857681	0.934493	0.823188	0.939130	0.937536	0.930290	0.951159	0.933768	0.955362	0.922319	0.931449	0.927536	0.948841	0.823188	0.946667	0.951594	0.951594	0.962319	0.935797	0.929855	0.937536	0.970725	0.968406	0.951594	0.823188	0.950580	0.953333	0.951594	0.941884	0.927681	0.915942	0.972754	0.927536	0.978116	0.823188	0.954928	0.939710	0.975072	0.952754	1.008696	0.939130	0.940725	0.957681	0.947826	0.948551	0.953188	0.968840	0.944928	0.959275	0.939710	0.904348	0.951594	0.939130	0.955507	0.964203	0.938116	0.964058	0.957681	0.939130	0.951594	0.988116	0.937536	0.939710	0.931015	0.928841	0.972319	0.972899	0.965362	0.915942	0.988551	0.955362	0.955362	0.939130	0.972174	0.938406	0.959710	0.933333	0.951594	0.955942	0.950725	0.959855	0.915942	0.956522	0.937536	0.892754	0.950580	0.823188	0.928986	0.931594	0.942029	0.939130	0.931015	0.930290	0.939130	0.937536	0.950580	0.939130	0.950580	0.950725	0.939855	0.941159	0.922899	0.951159	0.962319	0.941159	0.944928	0.929275	0.940290	0.940580	0.939130	0.953623	0.952754	0.937101	0.972899	0.972899	0.955362	0.940580	0.956522	0.969565	0.939130	0.939130	0.939130	0.969710	0.968406	0.941159	0.967971	0.823188	0.937971	0.938406	0.950725	0.931015	0.931449	0.951594	0.929420	0.936667	0.929420	0.823188	0.868985	0.915942	0.948406	0.915942	0.857102	0.951159	0.898551	0.939710	0.967971	0.934783	0.963623	0.915942	0.869565	0.915942	0.774493	0.935507	0.931594	0.933768	0.929275	0.934493	0.935072	0.927101	0.915942	0.968551	0.948551	0.911739	0.947246	0.970145	0.933768	0.927246	0.957102	0.823188	0.951594	0.876232	0.933333	0.920725	0.931015	0.950579	0.939130	0.890725	0.951159	0.929275	0.914203	0.931015	0.964058	0.933333	0.934203	0.937971	0.948405	0.920145	0.940725	0.946232	0.950145	0.951594	0.939710	0.922899	0.990725	0.957102	0.931594	0.972754	0.973913	0.950580	0.969710	0.975072	0.955507	0.951594	0.946232	0.957681	0.939130	0.951159	0.938406	0.950580	0.933333	0.946812	0.951015	0.947826	0.909855	0.921014	0.950725	0.939130	0.938551	0.947246	0.929275	0.936087	0.931449	0.931015	0.929275	0.947246	0.938116	0.933333	0.920725	0.951594	0.937536	0.937536	0.939275	0.915942	0.823188	0.942319	0.956667	0.951015	0.946667	0.970580	0.954928	0.927536	0.915942	0.954928	0.950580	0.948985	0.956522	0.937536	0.939275	0.944493	0.946377	0.950725	0.939130	0.953188	0.934203	0.929420	0.904493	0.929855	0.931015	0.928986	0.938116	0.935362	0.945072	0.951159	0.939855	0.947246	0.933623	0.955942	0.927536	0.925507	0.939275	0.950580	0.929855	0.931015	0.939855	0.937536	0.920725	0.936812	0.938551	0.927681	0.933768	0.931015	0.926667	0.937536	0.929420	0.956522	0.933333	0.937536	0.871159	0.939130	0.931015	0.939855	0.949710	0.941159	0.938406	0.942754	0.963043	0.955942	0.929855	0.946232	0.920725	0.931449	0.938551	0.885507	0.936667	0.939855	0.947826	0.951594	0.947246	0.939855	0.920145	0.921739	0.935507	0.939130	0.947681	0.968406	0.900580	0.951594	0.971884	0.956522	0.953768	0.955507	0.927101	0.929275	0.950580	0.953333	0.933623	0.927101	0.950580	0.950580	0.963913	0.939130	0.939710	0.918985	0.932464	0.937536	0.937536	0.931449	0.934203	0.937536	0.915797	0.920725	0.937536	0.933188	0.915797	0.937536	0.935797	0.931884	0.922754	0.939855
%%%	Left Pupil Profile (1st row -> 1 == valid tracking, 0 == invalid tracking; 2nd row -> time; 3rd row -> diameter (mm))
%%%	0	0	0	0	0	0	0	0	0	0	0	0	0	0	0	0	0	0	0	0	0	0	0	0	0	0	0	0	0	0	0	0	0	0	0	0	0	0	0	0	0	0	0	0	0	0	0	0	0	0	0	0	0	0	0	0	0	0	0	0	0	0	0	0	0	0	0	0	0	0	0	0	0	0	0	0	0	0	0	0	0	0	0	0	0	0	0	0	0	0	0	0	0	0	0	0	0	0	0	0	0	0	0	0	0	0	0	0	0	0	0	0	0	0	0	0	0	0	0	0	0	0	0	0	0	0	0	0	0	0	0	0	0	0	0	0	0	0	0	0	0	0	0	0	0	0	0	0	0	0	0	0	0	0	0	0	0	0	0	0	0	0	0	0	0	0	0	0	0	0	0	0	0	0	0	0	0	0	0	0	0	0	0	0	0	0	0	0	0	0	0	0	0	0	0	0	0	0	0	0	0	0	0	0	0	0	0	0	0	0	0	0	0	0	0	0	0	0	0	0	0	0	0	0	0	0	0	0	0	0	0	0	0	0	0	0	0	0	0	0	0	0	0	0	0	0	0	0	0	0	0	0	0	0	0	0	0	0	0	0	0	0	0	0	0	0	0	0	0	0	0	0	0	0	0	0	0	0	0	0	0	0	0	0	0	0	0	0	0	0	0	0	0	0	0	0	0	0	0	0	0	0	0	0	0	0	0	0	0	0	0	0	0	0	0	0	0	0	0	0	0	0	0	0	0	0	0	0	0	0	0	0	0	0	0	0	0	0	0	0	0	0	0	0	0	0	0	0	0	0	0	0	0	0	0	0	0	0	0	0	0	0	0	0	0	0	0	0	0	0	0	0	0	0	0	0	0	0	0	0	0	0	0	0	0	0	0	0	0	0	0	0	0	0	0	0	0	0	0	0	0	0	0	0	0	0	0	0	0	0	0	0	0	0	0	0	0	0	0	0	0	0	0	0	0	0	0	0	0	0	0	0	0	0	0	0	0	0	0	0	0	0	0	0	0	0	0	0	0	0	0	0	0	0	0	0	0	0	0	0	0	0	0	0	0	0	0	0	0	0	0	0	0	0	0	0	0	0	0	0	0	0	0	0	0	0	0	0	0	0	0	0	0	0	0	0	0	0	0	0	0	0	0	0	0	0	0	0	0	0	0	0	0	0	0	0	0	0	0	0	0	0	0	0	0	0	0	0	0	0	0	0	0	0	0	0	0	0	0	0	0	0
%%%	-0.066000	-0.019000	0.012000	0.043000	0.074000	0.105000	0.137000	0.168000	0.215000	0.246000	0.277000	0.308000	0.339000	0.371000	0.402000	0.433000	0.480000	0.511000	0.542000	0.574000	0.605000	0.636000	0.667000	0.714000	0.745000	0.776000	0.808000	0.839000	0.870000	0.901000	0.948000	0.979000	1.010000	1.042000	1.073000	1.104000	1.135000	1.166000	1.213000	1.244000	1.276000	1.307000	1.338000	1.369000	1.400000	1.447000	1.478000	1.510000	1.541000	1.572000	1.603000	1.634000	1.681000	1.712000	1.744000	1.775000	1.806000	1.837000	1.868000	1.900000	1.946000	1.978000	2.009000	2.040000	2.071000	2.102000	2.134000	2.180000	2.212000	2.243000	2.274000	2.305000	2.336000	2.368000	2.399000	2.446000	2.477000	2.508000	2.539000	2.570000	2.602000	2.633000	2.680000	2.711000	2.742000	2.773000	2.804000	2.836000	2.867000	2.914000	2.945000	2.976000	3.007000	3.038000	3.070000	3.101000	3.132000	3.179000	3.210000	3.241000	3.272000	3.304000	3.335000	3.366000	3.413000	3.444000	3.475000	3.506000	3.538000	3.569000	3.600000	3.647000	3.678000	3.709000	3.740000	3.772000	3.803000	3.834000	3.865000	3.912000	3.943000	3.974000	4.006000	4.037000	4.068000	4.099000	4.146000	4.177000	4.208000	4.240000	4.271000	4.302000	4.333000	4.364000	4.411000	4.442000	4.474000	4.505000	4.536000	4.567000	4.598000	4.645000	4.676000	4.708000	4.739000	4.770000	4.801000	4.832000	4.879000	4.910000	4.942000	4.973000	5.004000	5.035000	5.066000	5.098000	5.144000	5.176000	5.207000	5.238000	5.269000	5.300000	5.332000	5.378000	5.410000	5.441000	5.472000	5.503000	5.534000	5.566000	5.612000	5.644000	5.675000	5.706000	5.737000	5.768000	5.800000	5.831000	5.878000	5.909000	5.940000	5.971000	6.002000	6.034000	6.065000	6.112000	6.143000	6.174000	6.205000	6.236000	6.268000	6.299000	6.346000	6.377000	6.408000	6.439000	6.470000	6.502000	6.533000	6.564000	6.611000	6.642000	6.673000	6.704000	6.736000	6.767000	6.798000	6.845000	6.876000	6.907000	6.938000	6.970000	7.001000	7.032000	7.079000	7.110000	7.141000	7.172000	7.204000	7.235000	7.266000	7.297000	7.344000	7.375000	7.406000	7.438000	7.469000	7.500000	7.531000	7.578000	7.609000	7.640000	7.672000	7.703000	7.734000	7.765000	7.812000	7.843000	7.874000	7.906000	7.937000	7.968000	7.999000	8.030000	8.077000	8.108000	8.140000	8.171000	8.202000	8.233000	8.264000	8.296000	8.342000	8.374000	8.405000	8.436000	8.467000	8.498000	8.530000	8.576000	8.608000	8.639000	8.670000	8.701000	8.732000	8.764000	8.810000	8.842000	8.873000	8.904000	8.935000	8.966000	8.998000	9.029000	9.076000	9.107000	9.138000	9.169000	9.200000	9.232000	9.263000	9.310000	9.341000	9.372000	9.403000	9.434000	9.466000	9.497000	9.544000	9.575000	9.606000	9.637000	9.668000	9.700000	9.731000	9.762000	9.809000	9.840000	9.871000	9.902000	9.934000	9.965000	9.996000	10.043000	10.074000	10.105000	10.136000	10.168000	10.199000	10.230000	10.277000	10.308000	10.339000	10.370000	10.402000	10.433000	10.464000	10.495000	10.542000	10.573000	10.604000	10.636000	10.667000	10.698000	10.729000	10.776000	10.807000	10.838000	10.870000	10.901000	10.932000	10.963000	11.010000	11.041000	11.072000	11.104000	11.135000	11.166000	11.197000	11.228000	11.275000	11.306000	11.338000	11.369000	11.400000	11.431000	11.462000	11.509000	11.540000	11.572000	11.603000	11.634000	11.665000	11.696000	11.743000	11.774000	11.806000	11.837000	11.868000	11.899000	11.930000	11.962000	12.008000	12.040000	12.071000	12.102000	12.133000	12.164000	12.196000	12.227000	12.274000	12.305000	12.336000	12.367000	12.398000	12.430000	12.461000	12.508000	12.539000	12.570000	12.601000	12.632000	12.664000	12.695000	12.742000	12.773000	12.804000	12.835000	12.866000	12.898000	12.929000	12.960000	13.007000	13.038000	13.069000	13.100000	13.132000	13.163000	13.194000	13.241000	13.272000	13.303000	13.334000	13.366000	13.397000	13.428000	13.475000	13.506000	13.537000	13.568000	13.600000	13.631000	13.662000	13.693000	13.740000	13.771000	13.802000	13.834000	13.865000	13.896000	13.927000	13.974000	14.005000	14.036000	14.068000	14.099000	14.130000	14.161000	14.208000	14.239000	14.270000	14.302000	14.333000	14.364000	14.395000	14.426000	14.473000	14.504000	14.536000	14.567000	14.598000	14.629000	14.660000	14.707000	14.738000	14.770000	14.801000	14.832000	14.863000	14.894000	14.941000	14.972000	15.004000	15.035000	15.066000	15.097000	15.128000	15.160000	15.206000	15.238000	15.269000	15.300000	15.331000	15.362000	15.394000	15.440000	15.472000	15.503000	15.534000	15.565000	15.596000	15.628000	15.674000	15.706000	15.737000	15.768000	15.799000	15.830000	15.862000	15.893000	15.940000	15.971000	16.002000	16.033000	16.064000	16.096000	16.127000	16.158000	16.205000	16.236000	16.267000	16.298000	16.330000	16.361000	16.392000	16.439000	16.470000	16.501000	16.532000	16.564000	16.595000	16.626000	16.673000	16.704000	16.735000	16.766000	16.798000	16.829000	16.860000	16.891000	16.938000	16.969000	17.000000	17.032000	17.063000	17.094000	17.125000	17.172000	17.203000	17.234000	17.266000	17.297000	17.328000	17.359000	17.406000	17.437000	17.468000	17.500000	17.531000	17.562000	17.593000	17.624000	17.671000	17.702000	17.734000	17.765000	17.796000	17.827000	17.858000	17.905000	17.936000	17.968000
%%%	0.000000	0.000000	0.000000	0.000000	0.000000	0.000000	0.000000	0.000000	0.000000	0.000000	0.000000	0.000000	0.000000	0.000000	0.000000	0.000000	0.000000	0.000000	0.000000	0.000000	0.000000	0.000000	0.000000	0.000000	0.000000	0.000000	0.000000	0.000000	0.000000	0.000000	0.000000	0.000000	0.000000	0.000000	0.000000	0.000000	0.000000	0.000000	0.000000	0.000000	0.000000	0.000000	0.000000	0.000000	0.000000	0.000000	0.000000	0.000000	0.000000	0.000000	0.000000	0.000000	0.000000	0.000000	0.000000	0.000000	0.000000	0.000000	0.000000	0.000000	0.000000	0.000000	0.000000	0.000000	0.000000	0.000000	0.000000	0.000000	0.000000	0.000000	0.000000	0.000000	0.000000	0.000000	0.000000	0.000000	0.000000	0.000000	0.000000	0.000000	0.000000	0.000000	0.000000	0.000000	0.000000	0.000000	0.000000	0.000000	0.000000	0.000000	0.000000	0.000000	0.000000	0.000000	0.000000	0.000000	0.000000	0.000000	0.000000	0.000000	0.000000	0.000000	0.000000	0.000000	0.000000	0.000000	0.000000	0.000000	0.000000	0.000000	0.000000	0.000000	0.000000	0.000000	0.000000	0.000000	0.000000	0.000000	0.000000	0.000000	0.000000	0.000000	0.000000	0.000000	0.000000	0.000000	0.000000	0.000000	0.000000	0.000000	0.000000	0.000000	0.000000	0.000000	0.000000	0.000000	0.000000	0.000000	0.000000	0.000000	0.000000	0.000000	0.000000	0.000000	0.000000	0.000000	0.000000	0.000000	0.000000	0.000000	0.000000	0.000000	0.000000	0.000000	0.000000	0.000000	0.000000	0.000000	0.000000	0.000000	0.000000	0.000000	0.000000	0.000000	0.000000	0.000000	0.000000	0.000000	0.000000	0.000000	0.000000	0.000000	0.000000	0.000000	0.000000	0.000000	0.000000	0.000000	0.000000	0.000000	0.000000	0.000000	0.000000	0.000000	0.000000	0.000000	0.000000	0.000000	0.000000	0.000000	0.000000	0.000000	0.000000	0.000000	0.000000	0.000000	0.000000	0.000000	0.000000	0.000000	0.000000	0.000000	0.000000	0.000000	0.000000	0.000000	0.000000	0.000000	0.000000	0.000000	0.000000	0.000000	0.000000	0.000000	0.000000	0.000000	0.000000	0.000000	0.000000	0.000000	0.000000	0.000000	0.000000	0.000000	0.000000	0.000000	0.000000	0.000000	0.000000	0.000000	0.000000	0.000000	0.000000	0.000000	0.000000	0.000000	0.000000	0.000000	0.000000	0.000000	0.000000	0.000000	0.000000	0.000000	0.000000	0.000000	0.000000	0.000000	0.000000	0.000000	0.000000	0.000000	0.000000	0.000000	0.000000	0.000000	0.000000	0.000000	0.000000	0.000000	0.000000	0.000000	0.000000	0.000000	0.000000	0.000000	0.000000	0.000000	0.000000	0.000000	0.000000	0.000000	0.000000	0.000000	0.000000	0.000000	0.000000	0.000000	0.000000	0.000000	0.000000	0.000000	0.000000	0.000000	0.000000	0.000000	0.000000	0.000000	0.000000	0.000000	0.000000	0.000000	0.000000	0.000000	0.000000	0.000000	0.000000	0.000000	0.000000	0.000000	0.000000	0.000000	0.000000	0.000000	0.000000	0.000000	0.000000	0.000000	0.000000	0.000000	0.000000	0.000000	0.000000	0.000000	0.000000	0.000000	0.000000	0.000000	0.000000	0.000000	0.000000	0.000000	0.000000	0.000000	0.000000	0.000000	0.000000	0.000000	0.000000	0.000000	0.000000	0.000000	0.000000	0.000000	0.000000	0.000000	0.000000	0.000000	0.000000	0.000000	0.000000	0.000000	0.000000	0.000000	0.000000	0.000000	0.000000	0.000000	0.000000	0.000000	0.000000	0.000000	0.000000	0.000000	0.000000	0.000000	0.000000	0.000000	0.000000	0.000000	0.000000	0.000000	0.000000	0.000000	0.000000	0.000000	0.000000	0.000000	0.000000	0.000000	0.000000	0.000000	0.000000	0.000000	0.000000	0.000000	0.000000	0.000000	0.000000	0.000000	0.000000	0.000000	0.000000	0.000000	0.000000	0.000000	0.000000	0.000000	0.000000	0.000000	0.000000	0.000000	0.000000	0.000000	0.000000	0.000000	0.000000	0.000000	0.000000	0.000000	0.000000	0.000000	0.000000	0.000000	0.000000	0.000000	0.000000	0.000000	0.000000	0.000000	0.000000	0.000000	0.000000	0.000000	0.000000	0.000000	0.000000	0.000000	0.000000	0.000000	0.000000	0.000000	0.000000	0.000000	0.000000	0.000000	0.000000	0.000000	0.000000	0.000000	0.000000	0.000000	0.000000	0.000000	0.000000	0.000000	0.000000	0.000000	0.000000	0.000000	0.000000	0.000000	0.000000	0.000000	0.000000	0.000000	0.000000	0.000000	0.000000	0.000000	0.000000	0.000000	0.000000	0.000000	0.000000	0.000000	0.000000	0.000000	0.000000	0.000000	0.000000	0.000000	0.000000	0.000000	0.000000	0.000000	0.000000	0.000000	0.000000	0.000000	0.000000	0.000000	0.000000	0.000000	0.000000	0.000000	0.000000	0.000000	0.000000	0.000000	0.000000	0.000000	0.000000	0.000000	0.000000	0.000000	0.000000	0.000000	0.000000	0.000000	0.000000	0.000000	0.000000	0.000000	0.000000	0.000000	0.000000	0.000000	0.000000	0.000000	0.000000	0.000000	0.000000	0.000000	0.000000	0.000000	0.000000	0.000000	0.000000	0.000000	0.000000	0.000000	0.000000	0.000000	0.000000	0.000000	0.000000	0.000000	0.000000	0.000000	0.000000	0.000000	0.000000	0.000000	0.000000	0.000000	0.000000	0.000000	0.000000	0.000000	0.000000	0.000000	0.000000	0.000000	0.000000	0.000000	0.000000	0.000000	0.000000	0.000000	0.000000	0.000000
%%%	Pulse Index	Stimulus Section Index	Stimulus Section Start Index	Stimulus Section End Index	Pupil Stimulated: 0 = Right, 1 = Left, 2 = Both	Light Metric: 0 = Photopic, 1 = Scopotic, 2 = Radiometric	Stimulus Start Time	Stimulus Duration	Stimulus Pulse Duration	Right Pulse Max Level	Right Pulse Max Color (0123 = WRGB)	Right Pulse Min Level	Right Pulse Min Color (0123 = WRGB)	Left Pulse Max Level	Left Pulse Max Color (0123 = WRGB)	Left Pulse Min Level	Left Pulse Min Color (0123 = WRGB)	Right Data Input Type (0 == RAW DATA, 1 == FITTED DATA, 2 == M. OVERRIDED)	Right ANALYSIS STATE (0 == ABNORMAL, 1 == NORMAL)	Right MAX (mm) (EMPTY if INVALID)	Right MIN (mm) (EMPTY if INVALID)	Right DELTA (mm) (EMPTY if INVALID)	Right CH (%) (EMPTY if INVALID)	Right LAT (sec) (EMPTY if INVALID)	Right CV (mm/s) (EMPTY if INVALID)	Right MCV (mm/s) (EMPTY if INVALID)	Right DV (mm/s) (EMPTY if INVALID)	Left Data Input Type (0 == RAW DATA, 1 == FITTED DATA, 2 == M. OVERRIDED)	Left ANALYSIS STATE (0 == ABNORMAL, 1 == NORMAL)	Left MAX (mm) (EMPTY if INVALID)	Left MIN (mm) (EMPTY if INVALID)	Left DELTA (mm) (EMPTY if INVALID)	Left CH (%) (EMPTY if INVALID)	Left LAT (sec) (EMPTY if INVALID)	Left CV (mm/s) (EMPTY if INVALID)	Left MCV (mm/s) (EMPTY if INVALID)	Left DV (mm/s) (EMPTY if INVALID)
%%%	0	0	17	542	0	0	0.51	17.52	0.51	99.71	1	0.00	1	0.00	1	0.00	1	0	0	0.00	0.00			0.00	0.00	0.00	0.00	0	0	0.00	0.00			0.00	0.00	0.00	0.00
%%%%%%%%%
%%%%%%%%%
%%%%%%%%%
<\SESSION>
