<SESSION>
<VERSION>
2
<\VERSION>
<DATE>
2017-12-05 10:53:35
<\DATE>
<SUBJECT-ID>
c57bl6-4.11.17-1mois-DAOG-F1-2r
<\SUBJECT-ID>
<NOTE>

<\NOTE>
<MIN-MAX-PLOT>
0.100000 51880.761719
<\MIN-MAX-PLOT>
<STIMULUS-DEFINED>
Default
Default Human Relative Spectral Sensitivity
1	0
1	0.500000	0.500000	17.000000	1	1	2.000000	-100.000000	0.100000	-100.000000	0
<\STIMULUS-DEFINED>
<STIMULUS-GENERATED>
4
0	0	0.000000	1	0.000000	0.000000	1	0.000000	0.000000
0	1	0.510000	1	0.406861	99.710426	1	0.000000	0.000000
0	4	1.019000	1	0.000000	0.000000	1	0.000000	0.000000
-1	5	18.028000	0	0.000000	0.000000	0	0.000000	0.000000
<\STIMULUS-GENERATED>
<RIGHT-PUPIL-DATA>
543	1
1	-0.066000	0.932029	345.406250	302.531250
1	-0.020000	0.918985	345.406250	301.781250
1	0.012000	0.931015	345.625000	302.424988
1	0.043000	0.932029	345.406250	302.393738
1	0.074000	0.944493	345.806244	302.381256
1	0.105000	0.937536	345.968750	301.981262
1	0.136000	0.923333	345.468750	301.781250
1	0.168000	0.928841	345.593750	301.906250
1	0.214000	0.933188	345.481262	302.356262
1	0.246000	0.942319	345.912506	302.237518
1	0.277000	0.937681	345.500000	302.362488
1	0.308000	0.927101	345.556244	301.443756
1	0.339000	0.930580	345.418701	301.381165
1	0.370000	0.934203	345.687500	301.562500
1	0.402000	0.934493	345.500000	301.262512
1	0.433000	0.927101	345.556244	301.556244
1	0.480000	0.927681	345.656250	301.156250
1	0.511000	0.927102	345.668762	301.318665
1	0.542000	0.886957	346.000000	300.500000
1	0.573000	0.915797	346.343750	300.593750
1	0.604000	0.915797	346.343750	300.718750
1	0.636000	0.927681	345.656250	300.531250
1	0.667000	0.927536	346.000000	300.500000
1	0.714000	0.896232	345.875000	300.875000
1	0.745000	0.896232	345.525024	300.174988
1	0.776000	0.916667	345.593750	300.331238
1	0.807000	0.913623	345.687500	300.687500
1	0.838000	0.910145	346.000000	301.000000
1	0.870000	0.885362	346.031250	300.968750
1	0.901000	0.885942	345.993744	300.368744
1	0.948000	0.857971	346.000000	299.500000
1	0.979000	0.865797	345.799988	300.187500
1	1.010000	0.834783	346.250000	299.750000
1	1.041000	0.820145	345.656250	300.218750
1	1.072000	0.811884	345.712494	300.287506
0	1.104000	0.670725	346.787506	298.412506
0	1.135000	0.690580	346.456268	298.593719
1	1.166000	0.759275	346.456238	300.393738
0	1.213000	0.672319	347.656250	299.343750
0	1.244000	0.548985	349.600006	298.149994
0	1.275000	0.508986	348.937500	297.674988
1	1.306000	0.721448	346.012695	299.987549
0	1.338000	0.540145	349.506256	298.256256
0	1.369000	0.556377	349.081207	298.293671
1	1.400000	0.692899	347.406189	299.031250
0	1.447000	0.642464	347.506256	298.881256
1	1.478000	0.673333	347.187500	298.812500
1	1.509000	0.670580	347.318756	299.318756
1	1.540000	0.484928	350.012482	297.037506
0	1.572000	0.696377	347.018738	298.518738
0	1.603000	0.664638	346.750000	298.237488
0	1.634000	0.662319	346.762482	298.237457
0	1.681000	0.608696	347.625000	297.375000
0	1.712000	0.608696	347.312500	297.187500
0	1.743000	0.566812	348.843750	296.156250
1	1.774000	0.701449	346.500000	298.000000
0	1.806000	0.529420	349.418732	296.431244
0	1.837000	0.596667	348.568756	296.431244
1	1.868000	0.765362	346.506256	298.743744
1	1.899000	0.759275	345.468750	298.456238
0	1.946000	0.694928	346.981262	297.018738
1	1.977000	0.791884	346.000000	298.000000
1	2.008000	0.807246	346.781250	298.218750
0	2.040000	0.557681	350.725006	295.912506
0	2.071000	0.666232	348.306244	294.306244
0	2.102000	0.665797	348.312500	294.562500
0	2.133000	0.685942	349.006256	296.493744
0	2.180000	0.568986	349.937500	293.862488
1	2.211000	0.746232	348.743622	295.381317
1	2.242000	0.811884	347.337494	297.287506
0	2.274000	0.689566	348.074707	294.700317
0	2.305000	0.710580	347.781250	295.843750
0	2.336000	0.637101	348.149994	294.850006
0	2.367000	0.691884	347.562500	295.000000
1	2.414000	0.783333	347.068787	296.731262
0	2.445000	0.676377	348.306244	294.381256
0	2.476000	0.582464	348.931244	293.368744
1	2.508000	0.803188	346.774994	296.899994
0	2.539000	0.707681	347.193787	295.168701
0	2.570000	0.730435	346.500000	296.000000
1	2.601000	0.802899	347.125031	296.999969
0	2.632000	0.738551	348.375000	295.250000
1	2.679000	0.814638	346.718750	296.781250
1	2.710000	0.804928	346.812500	297.187500
0	2.742000	0.705942	347.206238	295.793762
1	2.773000	0.809275	346.187500	297.187500
0	2.804000	0.642319	348.050018	294.524994
1	2.835000	0.792898	346.843750	297.593750
0	2.866000	0.714058	347.106262	295.943726
0	2.913000	0.694058	347.968750	295.656250
1	2.944000	0.820725	346.193756	297.618744
1	2.976000	0.798406	345.968750	296.906250
1	3.007000	0.811594	346.924988	297.075012
1	3.038000	0.799420	345.937500	296.062500
1	3.069000	0.813623	346.312500	296.262512
0	3.100000	0.689710	347.406250	294.593750
0	3.147000	0.684058	346.750000	293.750000
0	3.178000	0.753188	346.506256	294.681244
1	3.210000	0.833188	347.018738	296.531250
1	3.241000	0.839275	346.556244	296.443756
0	3.272000	0.735942	347.287506	294.462494
1	3.303000	0.857681	346.162506	295.912506
1	3.334000	0.835942	346.475006	296.412506
1	3.366000	0.848406	346.562500	295.812500
1	3.412000	0.840290	346.475006	295.662506
1	3.444000	0.853188	346.681244	295.868744
1	3.475000	0.875942	346.899994	296.587494
1	3.506000	0.696232	348.500000	294.000000
1	3.537000	0.839855	346.418762	295.943726
0	3.568000	0.726811	347.056274	294.093689
1	3.600000	0.720290	347.674988	293.012512
1	3.646000	0.840725	346.531250	295.531250
1	3.678000	0.813623	346.262512	294.687500
1	3.709000	0.828116	346.087524	294.837524
1	3.740000	0.842898	346.500000	294.875000
1	3.771000	0.825507	346.375000	295.125000
1	3.802000	0.833188	346.531250	294.531250
1	3.834000	0.857971	346.500000	294.000000
0	3.865000	0.737971	348.524994	293.350006
1	3.912000	0.832464	347.074982	295.462494
1	3.943000	0.831449	346.556244	295.443756
0	3.974000	0.670145	348.187500	293.375000
0	4.005000	0.665797	347.700012	293.237488
1	4.036000	0.835362	346.562500	296.500000
0	4.068000	0.673333	346.687500	293.312500
1	4.099000	0.820145	346.206238	295.218750
1	4.146000	0.840145	346.493744	295.681244
1	4.177000	0.817536	346.181244	295.243744
0	4.208000	0.592029	349.518738	291.981262
0	4.239000	0.738551	346.750000	293.312500
1	4.270000	0.840725	346.531250	295.531250
1	4.302000	0.883768	346.274994	296.012482
1	4.333000	0.846377	345.750000	295.750000
0	4.364000	0.631014	349.762512	292.875000
1	4.411000	0.865362	346.531250	296.818665
0	4.442000	0.642319	347.725006	292.975006
1	4.473000	0.848985	346.787506	296.162506
0	4.504000	0.683623	347.506256	293.543732
1	4.536000	0.839855	346.356262	296.468750
1	4.567000	0.835942	346.412506	295.600006
0	4.598000	0.733623	347.149994	293.462494
0	4.645000	0.708841	346.818756	292.806244
1	4.676000	0.840725	346.531250	295.081238
1	4.707000	0.839710	345.687500	294.562500
1	4.738000	0.848406	345.812500	294.562500
1	4.770000	0.856377	346.306244	294.631256
0	4.801000	0.747971	347.381256	293.381256
1	4.832000	0.836377	345.981262	295.018738
1	4.879000	0.858116	345.706238	294.331238
0	4.910000	0.750290	348.393707	294.331268
1	4.941000	0.829420	346.068756	295.318695
1	4.972000	0.839855	346.581238	295.581238
0	5.004000	0.670725	347.712494	293.337494
1	5.035000	0.853333	346.662506	295.837494
1	5.066000	0.690725	347.437500	293.562500
0	5.097000	0.707101	347.793762	293.793762
1	5.144000	0.835942	346.975006	296.475006
0	5.175000	0.672899	348.181244	294.318756
0	5.206000	0.717971	347.062500	293.937500
1	5.238000	0.843478	346.312500	295.812500
0	5.269000	0.571014	350.250000	293.250000
1	5.300000	0.833768	346.431244	295.618744
1	5.331000	0.817536	346.243744	295.243744
0	5.378000	0.673333	348.362488	293.312500
1	5.409000	0.834783	346.000000	295.500000
1	5.440000	0.822899	346.212494	295.212494
1	5.472000	0.840145	346.493744	295.493744
1	5.503000	0.852754	346.375000	295.250000
1	5.534000	0.848985	346.774994	295.537506
1	5.565000	0.834057	346.381561	295.018341
0	5.612000	0.755362	347.524994	293.399994
1	5.643000	0.884928	346.987518	295.237518
1	5.674000	0.837971	346.350006	295.462494
1	5.706000	0.857681	346.662506	295.649994
1	5.737000	0.865072	346.431244	295.431244
1	5.768000	0.847101	346.543732	294.543671
0	5.799000	0.801594	347.031250	293.518738
1	5.830000	0.852754	345.875000	294.875000
0	5.877000	0.733768	347.443756	292.443756
1	5.908000	0.881159	345.500000	295.000000
1	5.940000	0.857971	345.750000	294.750000
0	5.971000	0.763623	347.018738	293.531250
0	6.002000	0.679855	347.531250	291.768738
1	6.033000	0.857681	345.912506	294.287506
1	6.064000	0.871884	346.787506	294.899994
1	6.111000	0.865797	345.937500	294.937500
1	6.142000	0.866812	346.781250	295.031250
1	6.174000	0.846667	346.100006	294.787506
0	6.205000	0.707101	347.093750	291.843750
1	6.236000	0.884058	346.750000	295.250000
1	6.267000	0.877536	345.956238	294.956238
1	6.298000	0.884928	346.274994	295.287506
1	6.345000	0.858116	345.706238	294.656250
0	6.376000	0.748406	347.375000	293.375000
1	6.408000	0.872754	346.124969	294.899994
1	6.439000	0.851015	346.725006	294.837494
0	6.470000	0.732029	348.093750	293.156250
0	6.501000	0.627536	348.612549	291.037537
1	6.532000	0.866812	346.218750	294.781250
1	6.564000	0.845797	345.600006	294.774994
0	6.610000	0.690725	348.062500	291.562500
0	6.642000	0.729275	347.850006	292.475006
1	6.673000	0.869565	346.625000	295.375000
1	6.704000	0.876232	345.912506	294.912506
0	6.735000	0.775507	346.843750	293.756226
1	6.766000	0.881159	346.000000	295.500000
0	6.798000	0.590145	350.024994	291.475006
1	6.844000	0.866377	346.037506	294.412506
1	6.876000	0.902029	345.524994	294.524994
1	6.907000	0.901594	346.518738	294.481262
1	6.938000	0.876812	345.862457	293.887482
1	6.969000	0.894058	346.156250	294.156250
1	7.000000	0.876232	345.912506	293.912506
1	7.032000	0.904348	346.500000	294.000000
1	7.078000	0.925072	345.968781	294.556244
0	7.110000	0.732174	347.962585	291.549988
1	7.141000	0.922319	346.437500	294.500000
1	7.172000	0.886232	345.768738	293.968750
1	7.203000	0.912029	346.368744	293.631256
1	7.234000	0.924928	346.837494	294.524994
1	7.266000	0.883623	345.993744	293.993744
0	7.297000	0.881159	346.500000	292.000000
1	7.344000	0.877536	345.956238	295.206238
1	7.375000	0.903333	346.506256	295.493744
1	7.406000	0.895072	346.150024	294.825012
1	7.437000	0.892754	346.250000	294.750000
0	7.468000	0.573188	351.031250	291.268738
1	7.500000	0.874638	345.856262	294.106262
0	7.531000	0.790725	347.625000	293.362488
0	7.578000	0.788406	342.500000	292.000000
1	7.609000	0.878986	346.168762	294.393738
1	7.640000	0.886667	346.312500	294.262451
0	7.671000	0.736232	347.500000	292.000000
1	7.702000	0.870580	346.868744	294.543732
1	7.734000	0.872464	345.924988	293.924988
0	7.765000	0.568551	350.931244	290.881256
1	7.812000	0.869565	346.750000	294.750000
1	7.843000	0.903333	346.493744	294.756256
1	7.874000	0.862029	345.962494	294.975006
1	7.905000	0.912899	346.368744	295.631256
0	7.936000	0.733188	348.468750	293.218750
1	7.968000	0.886377	346.250000	295.000000
1	7.999000	0.901449	346.500000	295.549988
1	8.030000	0.902754	346.531250	295.531250
0	8.077000	0.707681	348.181244	292.818756
1	8.108000	0.916377	346.381256	296.118744
1	8.139000	0.916377	346.568756	296.368744
0	8.170000	0.745362	347.606262	294.243774
1	8.202000	0.892754	346.625000	296.625000
1	8.233000	0.888116	347.262482	295.725006
1	8.264000	0.883623	347.006256	295.993744
1	8.295000	0.895072	347.125000	296.125000
1	8.342000	0.865797	346.562500	295.812500
0	8.373000	0.689710	348.406250	294.093750
1	8.404000	0.849420	349.718750	295.781250
1	8.436000	0.846232	349.093750	295.093750
0	8.467000	0.742898	348.687500	294.312500
0	8.498000	0.741594	348.368774	294.456177
1	8.529000	0.834783	349.500000	297.000000
0	8.576000	0.672899	348.681244	292.318756
1	8.607000	0.855942	348.887512	296.700012
1	8.638000	0.857971	348.500000	296.000000
1	8.670000	0.859710	346.962494	296.287506
0	8.701000	0.753768	347.406250	294.656250
0	8.732000	0.721159	347.325012	293.625000
1	8.763000	0.849420	346.581238	295.781250
1	8.810000	0.857681	346.662506	295.662506
1	8.841000	0.889855	346.375000	295.375000
0	8.872000	0.648985	349.975006	291.975006
1	8.904000	0.878406	346.931244	295.806244
1	8.935000	0.883623	346.993744	295.731232
1	8.966000	0.866812	346.781250	295.781250
1	8.997000	0.859275	346.706238	295.343750
1	9.028000	0.866812	346.031250	295.218750
0	9.075000	0.618986	350.406250	291.843750
1	9.106000	0.862318	346.762390	295.062317
0	9.138000	0.624928	349.975006	292.225006
1	9.169000	0.878406	347.693756	296.193756
1	9.200000	0.862464	347.406219	295.731232
0	9.231000	0.692754	348.075104	292.987396
0	9.262000	0.781884	347.893738	294.768738
1	9.309000	0.840580	347.000000	295.000000
1	9.340000	0.857681	346.837494	295.162506
0	9.372000	0.744638	347.462494	293.537506
0	9.403000	0.712899	348.243744	292.756256
1	9.434000	0.857681	346.837494	295.162506
0	9.465000	0.727246	348.899994	293.037506
0	9.497000	0.744058	348.062500	293.362488
1	9.543000	0.865797	346.812500	295.062500
0	9.575000	0.713188	348.743744	293.743744
1	9.606000	0.875942	346.899994	295.587494
1	9.637000	0.865797	346.549988	295.250000
1	9.668000	0.872464	346.549988	295.075012
1	9.699000	0.877536	346.956238	295.956238
1	9.731000	0.892898	346.406250	295.593750
1	9.762000	0.907971	347.956238	296.331238
1	9.809000	0.920580	346.725006	295.774994
1	9.840000	0.923333	347.468750	296.268738
1	9.871000	0.886667	346.312500	295.687500
1	9.902000	0.909855	347.287506	296.037506
1	9.933000	0.891884	346.437500	295.562500
1	9.965000	0.866812	346.031250	295.218750
1	9.996000	0.910145	346.674988	296.325012
1	10.043000	0.932029	347.468750	296.593750
1	10.074000	0.916812	347.312500	296.737488
1	10.105000	0.931015	347.375000	296.625000
1	10.136000	0.920725	347.381256	296.743744
1	10.167000	0.876232	345.912506	296.087494
1	10.199000	0.922899	347.225006	297.212494
1	10.230000	0.904348	346.875000	296.625000
1	10.277000	0.964493	347.806244	297.006256
0	10.308000	0.655507	349.931244	293.068756
0	10.339000	0.845797	349.399994	296.850006
0	10.370000	0.789710	348.906250	293.968750
1	10.401000	0.935797	349.056244	296.318756
1	10.433000	0.905072	349.768738	298.018738
0	10.464000	0.822899	348.399994	295.412506
1	10.495000	0.885942	349.993744	295.756256
0	10.542000	0.723333	348.343750	294.168762
0	10.573000	0.672899	352.181244	294.318756
0	10.604000	0.788406	350.500000	296.000000
0	10.635000	0.788406	350.500000	296.000000
1	10.667000	0.857681	347.662506	297.662506
1	10.698000	0.910290	348.218750	298.331238
1	10.729000	0.869565	347.875000	297.875000
0	10.776000	0.812464	348.262512	296.312500
1	10.807000	0.883623	347.993744	297.993744
1	10.838000	0.857102	346.937500	297.312500
0	10.869000	0.745072	348.281250	296.281250
0	10.901000	0.788406	348.000000	296.500000
1	10.932000	0.874638	347.856262	297.918762
0	10.963000	0.510145	354.500000	292.000000
1	11.010000	0.904348	348.000000	298.500000
0	11.041000	0.777246	348.568756	296.318756
1	11.072000	0.869565	347.625000	298.125000
0	11.103000	0.582319	351.250031	294.912506
1	11.135000	0.857681	347.912506	298.287506
0	11.166000	0.783188	347.625000	296.875000
1	11.197000	0.866232	347.806244	298.506256
1	11.228000	0.892754	348.250000	299.250000
1	11.275000	0.886957	348.187500	298.687500
0	11.306000	0.634203	351.112488	294.875000
0	11.337000	0.604928	350.562500	294.562500
0	11.369000	0.642464	352.493744	294.881256
0	11.400000	0.779420	347.912506	296.787506
1	11.431000	0.874638	347.856262	298.456238
1	11.462000	0.908551	348.381256	298.618744
0	11.509000	0.746377	348.637482	296.274933
1	11.540000	0.920580	348.225006	298.774994
0	11.571000	0.601594	350.906250	294.656250
1	11.603000	0.900000	347.500000	297.875000
1	11.634000	0.910145	347.562500	297.812500
0	11.665000	0.614493	351.750000	294.750000
1	11.696000	0.937536	347.968750	298.968750
1	11.743000	0.922899	347.775146	299.524963
1	11.774000	0.915942	348.125000	299.375000
1	11.805000	0.933188	348.406250	298.643738
1	11.837000	0.950725	347.375000	298.875000
1	11.868000	0.935942	347.412506	298.412506
1	11.899000	0.902754	346.531250	297.568726
1	11.930000	0.916812	348.312500	297.737488
1	11.961000	0.931015	347.500000	297.937500
0	12.008000	0.788406	350.500000	296.000000
1	12.039000	0.937971	348.024994	297.975006
1	12.071000	0.927101	347.681244	297.568756
0	12.102000	0.625072	350.756256	293.943756
1	12.133000	0.937971	347.975006	298.024994
1	12.164000	0.900580	347.512512	297.937500
1	12.195000	0.923333	347.468750	298.393738
1	12.242000	0.933768	347.631256	298.056244
1	12.273000	0.918985	347.593750	298.406250
1	12.305000	0.937536	348.031250	298.531250
0	12.336000	0.712464	347.750000	294.875000
1	12.367000	0.914203	346.649994	298.350006
1	12.398000	0.932029	348.406250	298.406250
1	12.429000	0.916377	347.681244	298.381256
1	12.461000	0.937536	347.531250	298.031250
1	12.507000	0.927681	347.406250	297.843750
1	12.539000	0.917971	347.687500	297.562500
1	12.570000	0.950580	348.156250	297.281250
1	12.601000	0.932029	348.468750	297.393738
1	12.632000	0.931015	347.625000	297.500000
0	12.663000	0.753623	347.500000	295.000000
1	12.695000	0.925507	348.187500	297.362488
0	12.741000	0.731159	349.518738	294.156250
1	12.773000	0.921739	348.500000	297.500000
1	12.804000	0.950580	348.218750	296.843750
1	12.835000	0.941884	348.281250	296.906250
1	12.866000	0.930290	348.368744	296.906219
0	12.897000	0.792029	348.843750	294.643738
1	12.929000	0.892898	348.081238	297.093750
0	12.960000	0.614638	351.843750	293.656250
1	13.007000	0.931015	348.500000	297.375000
1	13.038000	0.915797	348.343750	297.343750
1	13.069000	0.937536	348.031250	297.968750
1	13.100000	0.927681	348.406250	297.468750
1	13.131000	0.921739	348.500000	297.500000
1	13.163000	0.930435	348.562500	297.937500
0	13.194000	0.798841	350.475006	296.149994
1	13.241000	0.951594	348.187500	297.512512
1	13.272000	0.923333	348.468750	298.031250
1	13.303000	0.955507	348.243744	298.743744
1	13.334000	0.940290	348.225006	298.524994
1	13.365000	0.950725	348.500000	298.000000
1	13.397000	0.961884	348.931244	298.806244
1	13.428000	0.955507	347.881256	298.693756
1	13.475000	0.926667	347.875000	298.437500
1	13.506000	0.947971	348.631256	298.368744
0	13.537000	0.796812	348.912506	295.037506
1	13.568000	0.933768	348.543732	297.381256
1	13.599000	0.957102	348.312500	297.750000
1	13.631000	0.968985	348.937500	298.062500
1	13.662000	0.947971	348.181244	298.368744
1	13.693000	0.955362	348.899994	297.725006
1	13.740000	0.937536	348.031250	298.031250
1	13.771000	0.923333	348.468750	298.218750
1	13.802000	0.950580	347.831238	298.381226
0	13.833000	0.644928	351.937500	295.012512
0	13.865000	0.604928	351.562500	294.562500
1	13.896000	0.939855	348.518738	298.968750
0	13.927000	0.634928	351.868744	295.868744
0	13.974000	0.740144	347.781342	296.518585
0	14.005000	0.792464	348.149994	296.975006
1	14.036000	0.956522	348.500000	300.000000
1	14.067000	0.929275	348.412506	300.600006
1	14.099000	0.924493	348.343750	300.156250
1	14.130000	0.951159	348.806244	300.193756
1	14.161000	0.911160	348.343750	300.343750
1	14.208000	0.932754	348.649963	300.599976
1	14.239000	0.927536	349.500000	301.000000
1	14.270000	0.961884	349.006256	299.756256
0	14.301000	0.672319	350.156250	296.343750
1	14.333000	0.977246	348.131256	300.631256
1	14.364000	0.954928	349.281250	299.768738
1	14.395000	0.959855	348.681244	299.943756
1	14.426000	0.927536	349.500000	301.000000
1	14.473000	0.938116	348.006256	299.006256
1	14.504000	0.936377	348.481262	298.968750
1	14.535000	0.951015	347.837494	297.837494
1	14.567000	0.973913	346.500000	296.000000
0	14.598000	0.614493	349.500000	287.000000
0	14.629000	0.539275	349.243744	275.493744
0	14.660000	0.610725	340.787506	252.787506
0	14.707000	0.347826	243.806915	375.000000
0	14.738000	1.546232	363.718750	338.718750
0	14.769000	4.729276	302.975128	311.975006
0	14.801000	0.347826	283.743805	352.293671
0	14.832000	4.101015	359.056244	302.943756
0	14.863000	4.730435	337.931244	312.000000
0	14.894000	4.730435	343.093597	312.000000
0	14.941000	4.730435	343.093597	312.000000
0	14.972000	4.730435	335.931244	312.000000
0	15.003000	4.730435	318.381256	312.000000
0	15.035000	4.730435	345.792938	312.000000
0	15.066000	4.730435	343.093597	312.000000
0	15.097000	4.730435	343.093597	312.000000
0	15.128000	4.730435	337.931244	312.000000
0	15.159000	4.730435	332.118744	312.000000
0	15.206000	4.730435	343.093597	312.000000
0	15.237000	4.730435	345.792938	312.000000
0	15.269000	4.730435	345.792938	312.000000
0	15.300000	4.730435	337.931244	312.000000
0	15.331000	4.730435	345.792938	312.000000
0	15.362000	4.730435	343.093597	312.000000
0	15.393000	4.730435	343.093597	312.000000
0	15.440000	4.730435	343.093597	312.000000
0	15.471000	4.730435	342.118744	312.000000
0	15.503000	4.730435	343.093597	312.000000
0	15.534000	4.730435	345.792938	312.000000
0	15.565000	4.730435	318.381256	312.000000
0	15.596000	4.730435	320.381256	312.000000
0	15.627000	4.730435	343.093597	312.000000
0	15.674000	4.730435	343.093597	312.000000
0	15.705000	4.730435	343.093597	312.000000
0	15.737000	4.730435	345.792938	312.000000
0	15.768000	4.730435	345.792938	312.000000
0	15.799000	4.730435	320.381256	312.000000
0	15.830000	4.730435	333.931244	312.000000
0	15.861000	4.730435	337.931244	312.000000
0	15.893000	4.730435	318.381256	312.000000
0	15.939000	4.730435	337.931244	312.000000
0	15.971000	4.730435	343.093597	312.000000
0	16.002000	4.730435	342.118744	312.000000
0	16.033000	4.730435	343.093597	312.000000
0	16.064000	4.730435	343.093597	312.000000
0	16.095000	4.730435	341.118744	312.000000
0	16.127000	4.730435	340.118744	312.000000
0	16.173000	4.730435	345.792938	312.000000
0	16.205000	4.730435	337.931244	312.000000
0	16.236000	4.730435	345.792938	312.000000
0	16.267000	4.730435	343.093597	312.000000
0	16.298000	4.730435	339.931244	312.000000
0	16.329000	4.730435	319.381256	312.000000
0	16.361000	4.730435	335.931244	312.000000
0	16.392000	4.730435	337.931244	312.000000
0	16.439000	4.730435	318.006256	312.000000
0	16.470000	4.730435	336.931244	312.000000
0	16.501000	4.730435	345.792938	312.000000
0	16.532000	4.730435	342.118744	312.000000
0	16.563000	4.730435	343.093597	312.000000
0	16.595000	4.730435	318.381256	312.000000
0	16.626000	4.730435	330.118744	312.000000
0	16.673000	4.730435	318.381256	312.000000
0	16.704000	4.730435	342.118744	312.000000
0	16.735000	4.730435	345.792938	312.000000
0	16.766000	4.730435	328.118744	312.000000
0	16.797000	4.730435	337.931244	312.000000
0	16.829000	4.730435	343.093597	312.000000
0	16.860000	4.730435	320.381256	312.000000
0	16.907000	4.730435	337.931244	312.000000
0	16.938000	4.730435	341.118744	312.000000
0	16.969000	4.730435	320.381256	312.000000
0	17.000000	4.730435	342.381256	312.000000
0	17.031000	4.730435	335.931244	312.000000
0	17.063000	4.730435	318.381256	312.000000
0	17.094000	4.730435	324.318756	312.000000
0	17.125000	4.730435	328.118744	312.000000
0	17.172000	4.730435	342.381256	312.000000
0	17.203000	4.730435	345.792938	312.000000
0	17.234000	4.730435	320.381256	312.000000
0	17.265000	4.730435	339.931244	312.000000
0	17.297000	4.730435	335.931244	312.000000
0	17.328000	4.730435	343.093597	312.000000
0	17.359000	4.730435	343.093597	312.000000
0	17.406000	4.730435	318.006256	312.000000
0	17.437000	4.730435	320.006256	312.000000
0	17.468000	4.730435	343.093597	312.000000
0	17.499000	4.730435	345.792938	312.000000
0	17.531000	4.730435	330.381256	312.000000
0	17.562000	4.730435	342.118744	312.000000
0	17.593000	4.730435	335.931244	312.000000
0	17.640000	4.730435	343.093597	312.000000
0	17.671000	4.730435	337.931244	312.000000
0	17.702000	4.730435	318.381256	312.000000
0	17.733000	4.730435	337.931244	312.000000
0	17.765000	4.730435	337.931244	312.000000
0	17.796000	4.730435	343.093597	312.000000
0	17.827000	4.730435	341.318756	312.000000
0	17.858000	4.730435	320.381256	312.000000
0	17.905000	4.730435	343.093597	312.000000
0	17.936000	4.730435	342.118744	312.000000
0	17.967000	4.730435	343.093597	312.000000
0	17.999000	4.730435	345.792938	312.000000
<\RIGHT-PUPIL-DATA>
<LEFT-PUPIL-DATA>
542	0
0	-0.051000	0.000000	250.000000	362.000000
0	-0.020000	0.000000	250.000000	362.000000
0	0.011000	0.000000	250.000000	362.000000
0	0.042000	0.000000	250.000000	362.000000
0	0.074000	0.000000	250.000000	362.000000
0	0.120000	0.000000	250.000000	362.000000
0	0.152000	0.000000	250.000000	362.000000
0	0.183000	0.000000	250.000000	362.000000
0	0.214000	0.000000	250.000000	362.000000
0	0.245000	0.000000	250.000000	362.000000
0	0.276000	0.000000	250.000000	362.000000
0	0.308000	0.000000	250.000000	362.000000
0	0.339000	0.000000	250.000000	362.000000
0	0.386000	0.000000	250.000000	362.000000
0	0.417000	0.000000	250.000000	362.000000
0	0.448000	0.000000	250.000000	362.000000
0	0.479000	0.000000	250.000000	362.000000
0	0.510000	0.000000	250.000000	362.000000
0	0.542000	0.000000	250.000000	362.000000
0	0.573000	0.000000	250.000000	362.000000
0	0.620000	0.000000	250.000000	362.000000
0	0.651000	0.000000	250.000000	362.000000
0	0.682000	0.000000	250.000000	362.000000
0	0.713000	0.000000	250.000000	362.000000
0	0.744000	0.000000	250.000000	362.000000
0	0.776000	0.000000	250.000000	362.000000
0	0.807000	0.000000	250.000000	362.000000
0	0.838000	0.000000	250.000000	362.000000
0	0.885000	0.000000	250.000000	362.000000
0	0.916000	0.000000	250.000000	362.000000
0	0.947000	0.000000	250.000000	362.000000
0	0.978000	0.000000	250.000000	362.000000
0	1.010000	0.000000	250.000000	362.000000
0	1.041000	0.000000	250.000000	362.000000
0	1.072000	0.000000	250.000000	362.000000
0	1.119000	0.000000	250.000000	362.000000
0	1.150000	0.000000	250.000000	362.000000
0	1.181000	0.000000	250.000000	362.000000
0	1.212000	0.000000	250.000000	362.000000
0	1.244000	0.000000	250.000000	362.000000
0	1.275000	0.000000	250.000000	362.000000
0	1.306000	0.000000	250.000000	362.000000
0	1.353000	0.000000	250.000000	362.000000
0	1.384000	0.000000	250.000000	362.000000
0	1.415000	0.000000	250.000000	362.000000
0	1.446000	0.000000	250.000000	362.000000
0	1.478000	0.000000	250.000000	362.000000
0	1.509000	0.000000	250.000000	362.000000
0	1.540000	0.000000	250.000000	362.000000
0	1.571000	0.000000	250.000000	362.000000
0	1.618000	0.000000	250.000000	362.000000
0	1.649000	0.000000	250.000000	362.000000
0	1.680000	0.000000	250.000000	362.000000
0	1.712000	0.000000	250.000000	362.000000
0	1.743000	0.000000	250.000000	362.000000
0	1.774000	0.000000	250.000000	362.000000
0	1.805000	0.000000	250.000000	362.000000
0	1.852000	0.000000	250.000000	362.000000
0	1.883000	0.000000	250.000000	362.000000
0	1.914000	0.000000	250.000000	362.000000
0	1.946000	0.000000	250.000000	362.000000
0	1.977000	0.000000	250.000000	362.000000
0	2.008000	0.000000	250.000000	362.000000
0	2.039000	0.000000	250.000000	362.000000
0	2.086000	0.000000	250.000000	362.000000
0	2.117000	0.000000	250.000000	362.000000
0	2.148000	0.000000	250.000000	362.000000
0	2.180000	0.000000	250.000000	362.000000
0	2.211000	0.000000	250.000000	362.000000
0	2.242000	0.000000	250.000000	362.000000
0	2.273000	0.000000	250.000000	362.000000
0	2.304000	0.000000	250.000000	362.000000
0	2.351000	0.000000	250.000000	362.000000
0	2.382000	0.000000	250.000000	362.000000
0	2.414000	0.000000	250.000000	362.000000
0	2.445000	0.000000	250.000000	362.000000
0	2.476000	0.000000	250.000000	362.000000
0	2.507000	0.000000	250.000000	362.000000
0	2.538000	0.000000	250.000000	362.000000
0	2.585000	0.000000	250.000000	362.000000
0	2.616000	0.000000	250.000000	362.000000
0	2.648000	0.000000	250.000000	362.000000
0	2.679000	0.000000	250.000000	362.000000
0	2.710000	0.000000	250.000000	362.000000
0	2.741000	0.000000	250.000000	362.000000
0	2.772000	0.000000	250.000000	362.000000
0	2.819000	0.000000	250.000000	362.000000
0	2.850000	0.000000	250.000000	362.000000
0	2.882000	0.000000	250.000000	362.000000
0	2.913000	0.000000	250.000000	362.000000
0	2.944000	0.000000	250.000000	362.000000
0	2.975000	0.000000	250.000000	362.000000
0	3.006000	0.000000	250.000000	362.000000
0	3.038000	0.000000	250.000000	362.000000
0	3.084000	0.000000	250.000000	362.000000
0	3.116000	0.000000	250.000000	362.000000
0	3.147000	0.000000	250.000000	362.000000
0	3.178000	0.000000	250.000000	362.000000
0	3.209000	0.000000	250.000000	362.000000
0	3.240000	0.000000	250.000000	362.000000
0	3.272000	0.000000	250.000000	362.000000
0	3.318000	0.000000	250.000000	362.000000
0	3.350000	0.000000	250.000000	362.000000
0	3.381000	0.000000	250.000000	362.000000
0	3.412000	0.000000	250.000000	362.000000
0	3.443000	0.000000	250.000000	362.000000
0	3.474000	0.000000	250.000000	362.000000
0	3.506000	0.000000	250.000000	362.000000
0	3.552000	0.000000	250.000000	362.000000
0	3.584000	0.000000	250.000000	362.000000
0	3.615000	0.000000	250.000000	362.000000
0	3.646000	0.000000	250.000000	362.000000
0	3.677000	0.000000	250.000000	362.000000
0	3.708000	0.000000	250.000000	362.000000
0	3.740000	0.000000	250.000000	362.000000
0	3.771000	0.000000	250.000000	362.000000
0	3.818000	0.000000	250.000000	362.000000
0	3.849000	0.000000	250.000000	362.000000
0	3.880000	0.000000	250.000000	362.000000
0	3.911000	0.000000	250.000000	362.000000
0	3.942000	0.000000	250.000000	362.000000
0	3.974000	0.000000	250.000000	362.000000
0	4.005000	0.000000	250.000000	362.000000
0	4.052000	0.000000	250.000000	362.000000
0	4.083000	0.000000	250.000000	362.000000
0	4.114000	0.000000	250.000000	362.000000
0	4.145000	0.000000	250.000000	362.000000
0	4.176000	0.000000	250.000000	362.000000
0	4.208000	0.000000	250.000000	362.000000
0	4.239000	0.000000	250.000000	362.000000
0	4.270000	0.000000	250.000000	362.000000
0	4.317000	0.000000	250.000000	362.000000
0	4.348000	0.000000	250.000000	362.000000
0	4.379000	0.000000	250.000000	362.000000
0	4.410000	0.000000	250.000000	362.000000
0	4.442000	0.000000	250.000000	362.000000
0	4.473000	0.000000	250.000000	362.000000
0	4.504000	0.000000	250.000000	362.000000
0	4.551000	0.000000	250.000000	362.000000
0	4.582000	0.000000	250.000000	362.000000
0	4.613000	0.000000	250.000000	362.000000
0	4.644000	0.000000	250.000000	362.000000
0	4.676000	0.000000	250.000000	362.000000
0	4.707000	0.000000	250.000000	362.000000
0	4.738000	0.000000	250.000000	362.000000
0	4.785000	0.000000	250.000000	362.000000
0	4.816000	0.000000	250.000000	362.000000
0	4.847000	0.000000	250.000000	362.000000
0	4.878000	0.000000	250.000000	362.000000
0	4.910000	0.000000	250.000000	362.000000
0	4.941000	0.000000	250.000000	362.000000
0	4.972000	0.000000	250.000000	362.000000
0	5.003000	0.000000	250.000000	362.000000
0	5.050000	0.000000	250.000000	362.000000
0	5.081000	0.000000	250.000000	362.000000
0	5.112000	0.000000	250.000000	362.000000
0	5.144000	0.000000	250.000000	362.000000
0	5.175000	0.000000	250.000000	362.000000
0	5.206000	0.000000	250.000000	362.000000
0	5.237000	0.000000	250.000000	362.000000
0	5.284000	0.000000	250.000000	362.000000
0	5.315000	0.000000	250.000000	362.000000
0	5.346000	0.000000	250.000000	362.000000
0	5.378000	0.000000	250.000000	362.000000
0	5.409000	0.000000	250.000000	362.000000
0	5.440000	0.000000	250.000000	362.000000
0	5.471000	0.000000	250.000000	362.000000
0	5.518000	0.000000	250.000000	362.000000
0	5.549000	0.000000	250.000000	362.000000
0	5.580000	0.000000	250.000000	362.000000
0	5.612000	0.000000	250.000000	362.000000
0	5.643000	0.000000	250.000000	362.000000
0	5.674000	0.000000	250.000000	362.000000
0	5.705000	0.000000	250.000000	362.000000
0	5.736000	0.000000	250.000000	362.000000
0	5.783000	0.000000	250.000000	362.000000
0	5.814000	0.000000	250.000000	362.000000
0	5.846000	0.000000	250.000000	362.000000
0	5.877000	0.000000	250.000000	362.000000
0	5.908000	0.000000	250.000000	362.000000
0	5.939000	0.000000	250.000000	362.000000
0	5.970000	0.000000	250.000000	362.000000
0	6.017000	0.000000	250.000000	362.000000
0	6.048000	0.000000	250.000000	362.000000
0	6.080000	0.000000	250.000000	362.000000
0	6.111000	0.000000	250.000000	362.000000
0	6.142000	0.000000	250.000000	362.000000
0	6.173000	0.000000	250.000000	362.000000
0	6.204000	0.000000	250.000000	362.000000
0	6.236000	0.000000	250.000000	362.000000
0	6.282000	0.000000	250.000000	362.000000
0	6.314000	0.000000	250.000000	362.000000
0	6.345000	0.000000	250.000000	362.000000
0	6.376000	0.000000	250.000000	362.000000
0	6.407000	0.000000	250.000000	362.000000
0	6.438000	0.000000	250.000000	362.000000
0	6.470000	0.000000	250.000000	362.000000
0	6.516000	0.000000	250.000000	362.000000
0	6.548000	0.000000	250.000000	362.000000
0	6.579000	0.000000	250.000000	362.000000
0	6.610000	0.000000	250.000000	362.000000
0	6.641000	0.000000	250.000000	362.000000
0	6.672000	0.000000	250.000000	362.000000
0	6.704000	0.000000	250.000000	362.000000
0	6.750000	0.000000	250.000000	362.000000
0	6.782000	0.000000	250.000000	362.000000
0	6.813000	0.000000	250.000000	362.000000
0	6.844000	0.000000	250.000000	362.000000
0	6.875000	0.000000	250.000000	362.000000
0	6.906000	0.000000	250.000000	362.000000
0	6.938000	0.000000	250.000000	362.000000
0	6.969000	0.000000	250.000000	362.000000
0	7.016000	0.000000	250.000000	362.000000
0	7.047000	0.000000	250.000000	362.000000
0	7.078000	0.000000	250.000000	362.000000
0	7.109000	0.000000	250.000000	362.000000
0	7.140000	0.000000	250.000000	362.000000
0	7.172000	0.000000	250.000000	362.000000
0	7.203000	0.000000	250.000000	362.000000
0	7.250000	0.000000	250.000000	362.000000
0	7.281000	0.000000	250.000000	362.000000
0	7.312000	0.000000	250.000000	362.000000
0	7.343000	0.000000	250.000000	362.000000
0	7.374000	0.000000	250.000000	362.000000
0	7.406000	0.000000	250.000000	362.000000
0	7.437000	0.000000	250.000000	362.000000
0	7.484000	0.000000	250.000000	362.000000
0	7.515000	0.000000	250.000000	362.000000
0	7.546000	0.000000	250.000000	362.000000
0	7.577000	0.000000	250.000000	362.000000
0	7.608000	0.000000	250.000000	362.000000
0	7.640000	0.000000	250.000000	362.000000
0	7.671000	0.000000	250.000000	362.000000
0	7.702000	0.000000	250.000000	362.000000
0	7.749000	0.000000	250.000000	362.000000
0	7.780000	0.000000	250.000000	362.000000
0	7.811000	0.000000	250.000000	362.000000
0	7.842000	0.000000	250.000000	362.000000
0	7.874000	0.000000	250.000000	362.000000
0	7.905000	0.000000	250.000000	362.000000
0	7.936000	0.000000	250.000000	362.000000
0	7.983000	0.000000	250.000000	362.000000
0	8.014000	0.000000	250.000000	362.000000
0	8.045000	0.000000	250.000000	362.000000
0	8.076000	0.000000	250.000000	362.000000
0	8.108000	0.000000	250.000000	362.000000
0	8.139000	0.000000	250.000000	362.000000
0	8.170000	0.000000	250.000000	362.000000
0	8.201000	0.000000	250.000000	362.000000
0	8.248000	0.000000	250.000000	362.000000
0	8.279000	0.000000	250.000000	362.000000
0	8.310000	0.000000	250.000000	362.000000
0	8.342000	0.000000	250.000000	362.000000
0	8.373000	0.000000	250.000000	362.000000
0	8.404000	0.000000	250.000000	362.000000
0	8.435000	0.000000	250.000000	362.000000
0	8.482000	0.000000	250.000000	362.000000
0	8.513000	0.000000	250.000000	362.000000
0	8.544000	0.000000	250.000000	362.000000
0	8.576000	0.000000	250.000000	362.000000
0	8.607000	0.000000	250.000000	362.000000
0	8.638000	0.000000	250.000000	362.000000
0	8.669000	0.000000	250.000000	362.000000
0	8.716000	0.000000	250.000000	362.000000
0	8.747000	0.000000	250.000000	362.000000
0	8.778000	0.000000	250.000000	362.000000
0	8.810000	0.000000	250.000000	362.000000
0	8.841000	0.000000	250.000000	362.000000
0	8.872000	0.000000	250.000000	362.000000
0	8.903000	0.000000	250.000000	362.000000
0	8.934000	0.000000	250.000000	362.000000
0	8.981000	0.000000	250.000000	362.000000
0	9.012000	0.000000	250.000000	362.000000
0	9.044000	0.000000	250.000000	362.000000
0	9.075000	0.000000	250.000000	362.000000
0	9.106000	0.000000	250.000000	362.000000
0	9.137000	0.000000	250.000000	362.000000
0	9.168000	0.000000	250.000000	362.000000
0	9.215000	0.000000	250.000000	362.000000
0	9.246000	0.000000	250.000000	362.000000
0	9.278000	0.000000	250.000000	362.000000
0	9.309000	0.000000	250.000000	362.000000
0	9.340000	0.000000	250.000000	362.000000
0	9.371000	0.000000	250.000000	362.000000
0	9.403000	0.000000	250.000000	362.000000
0	9.449000	0.000000	250.000000	362.000000
0	9.481000	0.000000	250.000000	362.000000
0	9.512000	0.000000	250.000000	362.000000
0	9.543000	0.000000	250.000000	362.000000
0	9.574000	0.000000	250.000000	362.000000
0	9.605000	0.000000	250.000000	362.000000
0	9.637000	0.000000	250.000000	362.000000
0	9.668000	0.000000	250.000000	362.000000
0	9.715000	0.000000	250.000000	362.000000
0	9.746000	0.000000	250.000000	362.000000
0	9.777000	0.000000	250.000000	362.000000
0	9.808000	0.000000	250.000000	362.000000
0	9.839000	0.000000	250.000000	362.000000
0	9.871000	0.000000	250.000000	362.000000
0	9.902000	0.000000	250.000000	362.000000
0	9.949000	0.000000	250.000000	362.000000
0	9.980000	0.000000	250.000000	362.000000
0	10.011000	0.000000	250.000000	362.000000
0	10.042000	0.000000	250.000000	362.000000
0	10.073000	0.000000	250.000000	362.000000
0	10.105000	0.000000	250.000000	362.000000
0	10.136000	0.000000	250.000000	362.000000
0	10.183000	0.000000	250.000000	362.000000
0	10.214000	0.000000	250.000000	362.000000
0	10.245000	0.000000	250.000000	362.000000
0	10.276000	0.000000	250.000000	362.000000
0	10.307000	0.000000	250.000000	362.000000
0	10.339000	0.000000	250.000000	362.000000
0	10.370000	0.000000	250.000000	362.000000
0	10.401000	0.000000	250.000000	362.000000
0	10.448000	0.000000	250.000000	362.000000
0	10.479000	0.000000	250.000000	362.000000
0	10.510000	0.000000	250.000000	362.000000
0	10.541000	0.000000	250.000000	362.000000
0	10.573000	0.000000	250.000000	362.000000
0	10.604000	0.000000	250.000000	362.000000
0	10.635000	0.000000	250.000000	362.000000
0	10.682000	0.000000	250.000000	362.000000
0	10.713000	0.000000	250.000000	362.000000
0	10.744000	0.000000	250.000000	362.000000
0	10.775000	0.000000	250.000000	362.000000
0	10.807000	0.000000	250.000000	362.000000
0	10.838000	0.000000	250.000000	362.000000
0	10.869000	0.000000	250.000000	362.000000
0	10.900000	0.000000	250.000000	362.000000
0	10.947000	0.000000	250.000000	362.000000
0	10.978000	0.000000	250.000000	362.000000
0	11.009000	0.000000	250.000000	362.000000
0	11.041000	0.000000	250.000000	362.000000
0	11.072000	0.000000	250.000000	362.000000
0	11.103000	0.000000	250.000000	362.000000
0	11.134000	0.000000	250.000000	362.000000
0	11.181000	0.000000	250.000000	362.000000
0	11.212000	0.000000	250.000000	362.000000
0	11.243000	0.000000	250.000000	362.000000
0	11.275000	0.000000	250.000000	362.000000
0	11.306000	0.000000	250.000000	362.000000
0	11.337000	0.000000	250.000000	362.000000
0	11.368000	0.000000	250.000000	362.000000
0	11.415000	0.000000	250.000000	362.000000
0	11.446000	0.000000	250.000000	362.000000
0	11.477000	0.000000	250.000000	362.000000
0	11.509000	0.000000	250.000000	362.000000
0	11.540000	0.000000	250.000000	362.000000
0	11.571000	0.000000	250.000000	362.000000
0	11.602000	0.000000	250.000000	362.000000
0	11.633000	0.000000	250.000000	362.000000
0	11.680000	0.000000	250.000000	362.000000
0	11.711000	0.000000	250.000000	362.000000
0	11.743000	0.000000	250.000000	362.000000
0	11.774000	0.000000	250.000000	362.000000
0	11.805000	0.000000	250.000000	362.000000
0	11.836000	0.000000	250.000000	362.000000
0	11.867000	0.000000	250.000000	362.000000
0	11.914000	0.000000	250.000000	362.000000
0	11.945000	0.000000	250.000000	362.000000
0	11.977000	0.000000	250.000000	362.000000
0	12.008000	0.000000	250.000000	362.000000
0	12.039000	0.000000	250.000000	362.000000
0	12.070000	0.000000	250.000000	362.000000
0	12.101000	0.000000	250.000000	362.000000
0	12.133000	0.000000	250.000000	362.000000
0	12.179000	0.000000	250.000000	362.000000
0	12.211000	0.000000	250.000000	362.000000
0	12.242000	0.000000	250.000000	362.000000
0	12.273000	0.000000	250.000000	362.000000
0	12.304000	0.000000	250.000000	362.000000
0	12.335000	0.000000	250.000000	362.000000
0	12.367000	0.000000	250.000000	362.000000
0	12.413000	0.000000	250.000000	362.000000
0	12.445000	0.000000	250.000000	362.000000
0	12.476000	0.000000	250.000000	362.000000
0	12.507000	0.000000	250.000000	362.000000
0	12.538000	0.000000	250.000000	362.000000
0	12.569000	0.000000	250.000000	362.000000
0	12.601000	0.000000	250.000000	362.000000
0	12.647000	0.000000	250.000000	362.000000
0	12.679000	0.000000	250.000000	362.000000
0	12.710000	0.000000	250.000000	362.000000
0	12.741000	0.000000	250.000000	362.000000
0	12.772000	0.000000	250.000000	362.000000
0	12.803000	0.000000	250.000000	362.000000
0	12.835000	0.000000	250.000000	362.000000
0	12.866000	0.000000	250.000000	362.000000
0	12.913000	0.000000	250.000000	362.000000
0	12.944000	0.000000	250.000000	362.000000
0	12.975000	0.000000	250.000000	362.000000
0	13.006000	0.000000	250.000000	362.000000
0	13.037000	0.000000	250.000000	362.000000
0	13.069000	0.000000	250.000000	362.000000
0	13.100000	0.000000	250.000000	362.000000
0	13.147000	0.000000	250.000000	362.000000
0	13.178000	0.000000	250.000000	362.000000
0	13.209000	0.000000	250.000000	362.000000
0	13.240000	0.000000	250.000000	362.000000
0	13.271000	0.000000	250.000000	362.000000
0	13.303000	0.000000	250.000000	362.000000
0	13.334000	0.000000	250.000000	362.000000
0	13.381000	0.000000	250.000000	362.000000
0	13.412000	0.000000	250.000000	362.000000
0	13.443000	0.000000	250.000000	362.000000
0	13.474000	0.000000	250.000000	362.000000
0	13.505000	0.000000	250.000000	362.000000
0	13.537000	0.000000	250.000000	362.000000
0	13.568000	0.000000	250.000000	362.000000
0	13.599000	0.000000	250.000000	362.000000
0	13.646000	0.000000	250.000000	362.000000
0	13.677000	0.000000	250.000000	362.000000
0	13.708000	0.000000	250.000000	362.000000
0	13.739000	0.000000	250.000000	362.000000
0	13.771000	0.000000	250.000000	362.000000
0	13.802000	0.000000	250.000000	362.000000
0	13.833000	0.000000	250.000000	362.000000
0	13.880000	0.000000	250.000000	362.000000
0	13.911000	0.000000	250.000000	362.000000
0	13.942000	0.000000	250.000000	362.000000
0	13.973000	0.000000	250.000000	362.000000
0	14.005000	0.000000	250.000000	362.000000
0	14.036000	0.000000	250.000000	362.000000
0	14.067000	0.000000	250.000000	362.000000
0	14.114000	0.000000	250.000000	362.000000
0	14.145000	0.000000	250.000000	362.000000
0	14.176000	0.000000	250.000000	362.000000
0	14.207000	0.000000	250.000000	362.000000
0	14.239000	0.000000	250.000000	362.000000
0	14.270000	0.000000	250.000000	362.000000
0	14.301000	0.000000	250.000000	362.000000
0	14.332000	0.000000	250.000000	362.000000
0	14.379000	0.000000	250.000000	362.000000
0	14.410000	0.000000	250.000000	362.000000
0	14.441000	0.000000	250.000000	362.000000
0	14.473000	0.000000	250.000000	362.000000
0	14.504000	0.000000	250.000000	362.000000
0	14.535000	0.000000	250.000000	362.000000
0	14.566000	0.000000	250.000000	362.000000
0	14.613000	0.000000	250.000000	362.000000
0	14.644000	0.000000	250.000000	362.000000
0	14.675000	0.000000	250.000000	362.000000
0	14.707000	0.000000	250.000000	362.000000
0	14.738000	0.000000	250.000000	362.000000
0	14.769000	0.000000	250.000000	362.000000
0	14.800000	0.000000	250.000000	362.000000
0	14.847000	0.000000	250.000000	362.000000
0	14.878000	0.000000	250.000000	362.000000
0	14.909000	0.000000	250.000000	362.000000
0	14.941000	0.000000	250.000000	362.000000
0	14.972000	0.000000	250.000000	362.000000
0	15.003000	0.000000	250.000000	362.000000
0	15.034000	0.000000	250.000000	362.000000
0	15.065000	0.000000	250.000000	362.000000
0	15.112000	0.000000	250.000000	362.000000
0	15.143000	0.000000	250.000000	362.000000
0	15.175000	0.000000	250.000000	362.000000
0	15.206000	0.000000	250.000000	362.000000
0	15.237000	0.000000	250.000000	362.000000
0	15.268000	0.000000	250.000000	362.000000
0	15.299000	0.000000	250.000000	362.000000
0	15.346000	0.000000	250.000000	362.000000
0	15.377000	0.000000	250.000000	362.000000
0	15.409000	0.000000	250.000000	362.000000
0	15.440000	0.000000	250.000000	362.000000
0	15.471000	0.000000	250.000000	362.000000
0	15.502000	0.000000	250.000000	362.000000
0	15.533000	0.000000	250.000000	362.000000
0	15.580000	0.000000	250.000000	362.000000
0	15.611000	0.000000	250.000000	362.000000
0	15.643000	0.000000	250.000000	362.000000
0	15.674000	0.000000	250.000000	362.000000
0	15.705000	0.000000	250.000000	362.000000
0	15.736000	0.000000	250.000000	362.000000
0	15.767000	0.000000	250.000000	362.000000
0	15.799000	0.000000	250.000000	362.000000
0	15.845000	0.000000	250.000000	362.000000
0	15.877000	0.000000	250.000000	362.000000
0	15.908000	0.000000	250.000000	362.000000
0	15.939000	0.000000	250.000000	362.000000
0	15.970000	0.000000	250.000000	362.000000
0	16.001000	0.000000	250.000000	362.000000
0	16.033000	0.000000	250.000000	362.000000
0	16.064000	0.000000	250.000000	362.000000
0	16.111000	0.000000	250.000000	362.000000
0	16.142000	0.000000	250.000000	362.000000
0	16.173000	0.000000	250.000000	362.000000
0	16.204000	0.000000	250.000000	362.000000
0	16.235000	0.000000	250.000000	362.000000
0	16.267000	0.000000	250.000000	362.000000
0	16.298000	0.000000	250.000000	362.000000
0	16.345000	0.000000	250.000000	362.000000
0	16.376000	0.000000	250.000000	362.000000
0	16.407000	0.000000	250.000000	362.000000
0	16.438000	0.000000	250.000000	362.000000
0	16.469000	0.000000	250.000000	362.000000
0	16.501000	0.000000	250.000000	362.000000
0	16.532000	0.000000	250.000000	362.000000
0	16.579000	0.000000	250.000000	362.000000
0	16.610000	0.000000	250.000000	362.000000
0	16.641000	0.000000	250.000000	362.000000
0	16.672000	0.000000	250.000000	362.000000
0	16.703000	0.000000	250.000000	362.000000
0	16.735000	0.000000	250.000000	362.000000
0	16.766000	0.000000	250.000000	362.000000
0	16.797000	0.000000	250.000000	362.000000
0	16.844000	0.000000	250.000000	362.000000
0	16.875000	0.000000	250.000000	362.000000
0	16.906000	0.000000	250.000000	362.000000
0	16.937000	0.000000	250.000000	362.000000
0	16.969000	0.000000	250.000000	362.000000
0	17.000000	0.000000	250.000000	362.000000
0	17.031000	0.000000	250.000000	362.000000
0	17.078000	0.000000	250.000000	362.000000
0	17.109000	0.000000	250.000000	362.000000
0	17.140000	0.000000	250.000000	362.000000
0	17.171000	0.000000	250.000000	362.000000
0	17.203000	0.000000	250.000000	362.000000
0	17.234000	0.000000	250.000000	362.000000
0	17.265000	0.000000	250.000000	362.000000
0	17.312000	0.000000	250.000000	362.000000
0	17.343000	0.000000	250.000000	362.000000
0	17.374000	0.000000	250.000000	362.000000
0	17.405000	0.000000	250.000000	362.000000
0	17.437000	0.000000	250.000000	362.000000
0	17.468000	0.000000	250.000000	362.000000
0	17.499000	0.000000	250.000000	362.000000
0	17.530000	0.000000	250.000000	362.000000
0	17.577000	0.000000	250.000000	362.000000
0	17.608000	0.000000	250.000000	362.000000
0	17.639000	0.000000	250.000000	362.000000
0	17.671000	0.000000	250.000000	362.000000
0	17.702000	0.000000	250.000000	362.000000
0	17.733000	0.000000	250.000000	362.000000
0	17.764000	0.000000	250.000000	362.000000
0	17.811000	0.000000	250.000000	362.000000
0	17.842000	0.000000	250.000000	362.000000
0	17.873000	0.000000	250.000000	362.000000
0	17.905000	0.000000	250.000000	362.000000
0	17.936000	0.000000	250.000000	362.000000
0	17.967000	0.000000	250.000000	362.000000
<\LEFT-PUPIL-DATA>
<RIGHT-PUPIL-ANALYSIS>
1
0	0	17	542	0	0	0.510000	17.518000	0.509000	99.710426	0.000000	0.000000	0.000000	0	1	1	1	1	0	0	0	0.000000	0.000000	0.000000	0.000000	0.000000	0.000000	0.000000	-1.000000	0.000000	0	0.916812	0.675837	0.660351	0.358745	0.328000	-0.234183	-0.488414	-1.000000	0.093311	1	0.916812	0.675837	0.660351	0.358745	0.328000	-0.322601	-0.488414	-1.000000	0.092006
<\RIGHT-PUPIL-ANALYSIS>
<LEFT-PUPIL-ANALYSIS>
1
0	0	17	541	0	0	0.510000	17.518000	0.509000	99.710426	0.000000	0.000000	0.000000	0	1	1	1	1	0	0	0	0.000000	0.000000	0.000000	0.000000	0.000000	0.000000	0.000000	-1.000000	0.000000	0	-0.034783	-0.034783	0.000950	0.000950	0.000000	0.000000	0.000000	-1.000000	0.000000	1	-0.034783	-0.034783	0.000950	0.000950	0.000000	-1000000.000000	-1000000.000000	-1.000000	0.000000
<\LEFT-PUPIL-ANALYSIS>
%%%%%%%%%
%%%%%%%%%
%%%%%%%%%
%%%	Measurement Tiime is: 2017-12-05 10:53:35
%%%	Subject ID is: c57bl6-4.11.17-1mois-DAOG-F1-2r
%%%	Note: 
%%%	RSS: Default Human Relative Spectral Sensitivity
%%%	Pupil Analysis:
%%%
%%%
%%%
%%%	Pulse Index:	0
%%%	Stimulus Session Index:	0
%%%	Right Pupil Stimulated
%%%	Light Metric is Photopic
%%%	Stimulus Start Time(sec):	0.51
%%%	Stimulus Duration(sec):	17.52
%%%	Stimulus Pulse Duration(sec):	0.51
%%%	Right Pulse:	99.71	(Red  )	-	0.00	(Red  )	[Lux ]
%%%	Left Pulse:	0.00	(Red  )	-	0.00	(Red  )	[Lux ]
%%%
%%%		RIGHT	LEFT	R.Pupil Mean	L.Pupil Mean	R.Stim Mean	R.Stim Mean
%%%	INPUT:	RAW DATA	RAW DATA
%%%	STATE:	ABNORMAL	ABNORMAL	ABNORMAL	ABNORMAL	ABNORMAL	ABNORMAL
%%%	MAX(mm):	0.00	0.00	0.00	0.00	0.00	0.00
%%%	MIN(mm):	0.00	0.00	0.00	0.00	0.00	0.00
%%%	DELTA(mm):						
%%%	CH(%):						
%%%	LAT(sec):	0.00	0.00	0.00	0.00	0.00	0.00
%%%	CV(mm/s):	0.00	0.00	0.00	0.00	0.00	0.00
%%%	MCV(mm/s):	0.00	0.00	0.00	0.00	0.00	0.00
%%%	DV(mm/s):	0.00	0.00	0.00	0.00	0.00	0.00
%%%%%%%%%
%%%%%%%%%
%%%%%%%%%
%%%	Right Pupil Profile (1st row -> 1 == valid tracking, 0 == invalid tracking; 2nd row -> time; 3rd row -> diameter (mm))
%%%	1	1	1	1	1	1	1	1	1	1	1	1	1	1	1	1	1	1	1	1	1	1	1	1	1	1	1	1	1	1	1	1	1	1	1	0	0	1	0	0	0	1	0	0	1	0	1	1	1	0	0	0	0	0	0	1	0	0	1	1	0	1	1	0	0	0	0	0	1	1	0	0	0	0	1	0	0	1	0	0	1	0	1	1	0	1	0	1	0	0	1	1	1	1	1	0	0	0	1	1	0	1	1	1	1	1	1	1	1	0	1	1	1	1	1	1	1	1	0	1	1	0	0	1	0	1	1	1	0	0	1	1	1	0	1	0	1	0	1	1	0	0	1	1	1	1	0	1	1	0	1	1	0	1	1	0	1	0	0	1	0	1	1	0	1	1	1	1	1	1	0	1	1	1	1	1	0	1	0	1	1	0	0	1	1	1	1	1	0	1	1	1	1	0	1	1	0	0	1	1	0	0	1	1	0	1	0	1	1	1	1	1	1	1	1	0	1	1	1	1	1	0	1	1	1	1	0	1	0	0	1	1	0	1	1	0	1	1	1	1	0	1	1	1	0	1	1	0	1	1	1	1	1	0	1	1	0	0	1	0	1	1	1	0	0	1	1	1	0	1	1	1	1	1	0	1	0	1	1	0	0	1	1	0	0	1	0	0	1	0	1	1	1	1	1	1	1	1	1	1	1	1	1	1	1	1	1	1	1	1	1	0	0	0	1	1	0	1	0	0	0	0	1	1	1	0	1	1	0	0	1	0	1	0	1	0	1	0	1	1	1	0	0	0	0	1	1	0	1	0	1	1	0	1	1	1	1	1	1	1	1	1	0	1	1	0	1	1	1	1	1	1	0	1	1	1	1	1	1	1	1	1	0	1	0	1	1	1	1	0	1	0	1	1	1	1	1	1	0	1	1	1	1	1	1	1	1	1	0	1	1	1	1	1	1	1	1	0	0	1	0	0	0	1	1	1	1	1	1	1	1	0	1	1	1	1	1	1	1	1	0	0	0	0	0	0	0	0	0	0	0	0	0	0	0	0	0	0	0	0	0	0	0	0	0	0	0	0	0	0	0	0	0	0	0	0	0	0	0	0	0	0	0	0	0	0	0	0	0	0	0	0	0	0	0	0	0	0	0	0	0	0	0	0	0	0	0	0	0	0	0	0	0	0	0	0	0	0	0	0	0	0	0	0	0	0	0	0	0	0	0	0	0	0	0	0	0	0	0	0	0	0	0
%%%	-0.066000	-0.020000	0.012000	0.043000	0.074000	0.105000	0.136000	0.168000	0.214000	0.246000	0.277000	0.308000	0.339000	0.370000	0.402000	0.433000	0.480000	0.511000	0.542000	0.573000	0.604000	0.636000	0.667000	0.714000	0.745000	0.776000	0.807000	0.838000	0.870000	0.901000	0.948000	0.979000	1.010000	1.041000	1.072000	1.104000	1.135000	1.166000	1.213000	1.244000	1.275000	1.306000	1.338000	1.369000	1.400000	1.447000	1.478000	1.509000	1.540000	1.572000	1.603000	1.634000	1.681000	1.712000	1.743000	1.774000	1.806000	1.837000	1.868000	1.899000	1.946000	1.977000	2.008000	2.040000	2.071000	2.102000	2.133000	2.180000	2.211000	2.242000	2.274000	2.305000	2.336000	2.367000	2.414000	2.445000	2.476000	2.508000	2.539000	2.570000	2.601000	2.632000	2.679000	2.710000	2.742000	2.773000	2.804000	2.835000	2.866000	2.913000	2.944000	2.976000	3.007000	3.038000	3.069000	3.100000	3.147000	3.178000	3.210000	3.241000	3.272000	3.303000	3.334000	3.366000	3.412000	3.444000	3.475000	3.506000	3.537000	3.568000	3.600000	3.646000	3.678000	3.709000	3.740000	3.771000	3.802000	3.834000	3.865000	3.912000	3.943000	3.974000	4.005000	4.036000	4.068000	4.099000	4.146000	4.177000	4.208000	4.239000	4.270000	4.302000	4.333000	4.364000	4.411000	4.442000	4.473000	4.504000	4.536000	4.567000	4.598000	4.645000	4.676000	4.707000	4.738000	4.770000	4.801000	4.832000	4.879000	4.910000	4.941000	4.972000	5.004000	5.035000	5.066000	5.097000	5.144000	5.175000	5.206000	5.238000	5.269000	5.300000	5.331000	5.378000	5.409000	5.440000	5.472000	5.503000	5.534000	5.565000	5.612000	5.643000	5.674000	5.706000	5.737000	5.768000	5.799000	5.830000	5.877000	5.908000	5.940000	5.971000	6.002000	6.033000	6.064000	6.111000	6.142000	6.174000	6.205000	6.236000	6.267000	6.298000	6.345000	6.376000	6.408000	6.439000	6.470000	6.501000	6.532000	6.564000	6.610000	6.642000	6.673000	6.704000	6.735000	6.766000	6.798000	6.844000	6.876000	6.907000	6.938000	6.969000	7.000000	7.032000	7.078000	7.110000	7.141000	7.172000	7.203000	7.234000	7.266000	7.297000	7.344000	7.375000	7.406000	7.437000	7.468000	7.500000	7.531000	7.578000	7.609000	7.640000	7.671000	7.702000	7.734000	7.765000	7.812000	7.843000	7.874000	7.905000	7.936000	7.968000	7.999000	8.030000	8.077000	8.108000	8.139000	8.170000	8.202000	8.233000	8.264000	8.295000	8.342000	8.373000	8.404000	8.436000	8.467000	8.498000	8.529000	8.576000	8.607000	8.638000	8.670000	8.701000	8.732000	8.763000	8.810000	8.841000	8.872000	8.904000	8.935000	8.966000	8.997000	9.028000	9.075000	9.106000	9.138000	9.169000	9.200000	9.231000	9.262000	9.309000	9.340000	9.372000	9.403000	9.434000	9.465000	9.497000	9.543000	9.575000	9.606000	9.637000	9.668000	9.699000	9.731000	9.762000	9.809000	9.840000	9.871000	9.902000	9.933000	9.965000	9.996000	10.043000	10.074000	10.105000	10.136000	10.167000	10.199000	10.230000	10.277000	10.308000	10.339000	10.370000	10.401000	10.433000	10.464000	10.495000	10.542000	10.573000	10.604000	10.635000	10.667000	10.698000	10.729000	10.776000	10.807000	10.838000	10.869000	10.901000	10.932000	10.963000	11.010000	11.041000	11.072000	11.103000	11.135000	11.166000	11.197000	11.228000	11.275000	11.306000	11.337000	11.369000	11.400000	11.431000	11.462000	11.509000	11.540000	11.571000	11.603000	11.634000	11.665000	11.696000	11.743000	11.774000	11.805000	11.837000	11.868000	11.899000	11.930000	11.961000	12.008000	12.039000	12.071000	12.102000	12.133000	12.164000	12.195000	12.242000	12.273000	12.305000	12.336000	12.367000	12.398000	12.429000	12.461000	12.507000	12.539000	12.570000	12.601000	12.632000	12.663000	12.695000	12.741000	12.773000	12.804000	12.835000	12.866000	12.897000	12.929000	12.960000	13.007000	13.038000	13.069000	13.100000	13.131000	13.163000	13.194000	13.241000	13.272000	13.303000	13.334000	13.365000	13.397000	13.428000	13.475000	13.506000	13.537000	13.568000	13.599000	13.631000	13.662000	13.693000	13.740000	13.771000	13.802000	13.833000	13.865000	13.896000	13.927000	13.974000	14.005000	14.036000	14.067000	14.099000	14.130000	14.161000	14.208000	14.239000	14.270000	14.301000	14.333000	14.364000	14.395000	14.426000	14.473000	14.504000	14.535000	14.567000	14.598000	14.629000	14.660000	14.707000	14.738000	14.769000	14.801000	14.832000	14.863000	14.894000	14.941000	14.972000	15.003000	15.035000	15.066000	15.097000	15.128000	15.159000	15.206000	15.237000	15.269000	15.300000	15.331000	15.362000	15.393000	15.440000	15.471000	15.503000	15.534000	15.565000	15.596000	15.627000	15.674000	15.705000	15.737000	15.768000	15.799000	15.830000	15.861000	15.893000	15.939000	15.971000	16.002000	16.033000	16.064000	16.095000	16.127000	16.173000	16.205000	16.236000	16.267000	16.298000	16.329000	16.361000	16.392000	16.439000	16.470000	16.501000	16.532000	16.563000	16.595000	16.626000	16.673000	16.704000	16.735000	16.766000	16.797000	16.829000	16.860000	16.907000	16.938000	16.969000	17.000000	17.031000	17.063000	17.094000	17.125000	17.172000	17.203000	17.234000	17.265000	17.297000	17.328000	17.359000	17.406000	17.437000	17.468000	17.499000	17.531000	17.562000	17.593000	17.640000	17.671000	17.702000	17.733000	17.765000	17.796000	17.827000	17.858000	17.905000	17.936000	17.967000	17.999000
%%%	0.932029	0.918985	0.931015	0.932029	0.944493	0.937536	0.923333	0.928841	0.933188	0.942319	0.937681	0.927101	0.930580	0.934203	0.934493	0.927101	0.927681	0.927102	0.886957	0.915797	0.915797	0.927681	0.927536	0.896232	0.896232	0.916667	0.913623	0.910145	0.885362	0.885942	0.857971	0.865797	0.834783	0.820145	0.811884	0.670725	0.690580	0.759275	0.672319	0.548985	0.508986	0.721448	0.540145	0.556377	0.692899	0.642464	0.673333	0.670580	0.484928	0.696377	0.664638	0.662319	0.608696	0.608696	0.566812	0.701449	0.529420	0.596667	0.765362	0.759275	0.694928	0.791884	0.807246	0.557681	0.666232	0.665797	0.685942	0.568986	0.746232	0.811884	0.689566	0.710580	0.637101	0.691884	0.783333	0.676377	0.582464	0.803188	0.707681	0.730435	0.802899	0.738551	0.814638	0.804928	0.705942	0.809275	0.642319	0.792898	0.714058	0.694058	0.820725	0.798406	0.811594	0.799420	0.813623	0.689710	0.684058	0.753188	0.833188	0.839275	0.735942	0.857681	0.835942	0.848406	0.840290	0.853188	0.875942	0.696232	0.839855	0.726811	0.720290	0.840725	0.813623	0.828116	0.842898	0.825507	0.833188	0.857971	0.737971	0.832464	0.831449	0.670145	0.665797	0.835362	0.673333	0.820145	0.840145	0.817536	0.592029	0.738551	0.840725	0.883768	0.846377	0.631014	0.865362	0.642319	0.848985	0.683623	0.839855	0.835942	0.733623	0.708841	0.840725	0.839710	0.848406	0.856377	0.747971	0.836377	0.858116	0.750290	0.829420	0.839855	0.670725	0.853333	0.690725	0.707101	0.835942	0.672899	0.717971	0.843478	0.571014	0.833768	0.817536	0.673333	0.834783	0.822899	0.840145	0.852754	0.848985	0.834057	0.755362	0.884928	0.837971	0.857681	0.865072	0.847101	0.801594	0.852754	0.733768	0.881159	0.857971	0.763623	0.679855	0.857681	0.871884	0.865797	0.866812	0.846667	0.707101	0.884058	0.877536	0.884928	0.858116	0.748406	0.872754	0.851015	0.732029	0.627536	0.866812	0.845797	0.690725	0.729275	0.869565	0.876232	0.775507	0.881159	0.590145	0.866377	0.902029	0.901594	0.876812	0.894058	0.876232	0.904348	0.925072	0.732174	0.922319	0.886232	0.912029	0.924928	0.883623	0.881159	0.877536	0.903333	0.895072	0.892754	0.573188	0.874638	0.790725	0.788406	0.878986	0.886667	0.736232	0.870580	0.872464	0.568551	0.869565	0.903333	0.862029	0.912899	0.733188	0.886377	0.901449	0.902754	0.707681	0.916377	0.916377	0.745362	0.892754	0.888116	0.883623	0.895072	0.865797	0.689710	0.849420	0.846232	0.742898	0.741594	0.834783	0.672899	0.855942	0.857971	0.859710	0.753768	0.721159	0.849420	0.857681	0.889855	0.648985	0.878406	0.883623	0.866812	0.859275	0.866812	0.618986	0.862318	0.624928	0.878406	0.862464	0.692754	0.781884	0.840580	0.857681	0.744638	0.712899	0.857681	0.727246	0.744058	0.865797	0.713188	0.875942	0.865797	0.872464	0.877536	0.892898	0.907971	0.920580	0.923333	0.886667	0.909855	0.891884	0.866812	0.910145	0.932029	0.916812	0.931015	0.920725	0.876232	0.922899	0.904348	0.964493	0.655507	0.845797	0.789710	0.935797	0.905072	0.822899	0.885942	0.723333	0.672899	0.788406	0.788406	0.857681	0.910290	0.869565	0.812464	0.883623	0.857102	0.745072	0.788406	0.874638	0.510145	0.904348	0.777246	0.869565	0.582319	0.857681	0.783188	0.866232	0.892754	0.886957	0.634203	0.604928	0.642464	0.779420	0.874638	0.908551	0.746377	0.920580	0.601594	0.900000	0.910145	0.614493	0.937536	0.922899	0.915942	0.933188	0.950725	0.935942	0.902754	0.916812	0.931015	0.788406	0.937971	0.927101	0.625072	0.937971	0.900580	0.923333	0.933768	0.918985	0.937536	0.712464	0.914203	0.932029	0.916377	0.937536	0.927681	0.917971	0.950580	0.932029	0.931015	0.753623	0.925507	0.731159	0.921739	0.950580	0.941884	0.930290	0.792029	0.892898	0.614638	0.931015	0.915797	0.937536	0.927681	0.921739	0.930435	0.798841	0.951594	0.923333	0.955507	0.940290	0.950725	0.961884	0.955507	0.926667	0.947971	0.796812	0.933768	0.957102	0.968985	0.947971	0.955362	0.937536	0.923333	0.950580	0.644928	0.604928	0.939855	0.634928	0.740144	0.792464	0.956522	0.929275	0.924493	0.951159	0.911160	0.932754	0.927536	0.961884	0.672319	0.977246	0.954928	0.959855	0.927536	0.938116	0.936377	0.951015	0.973913	0.614493	0.539275	0.610725	0.347826	1.546232	4.729276	0.347826	4.101015	4.730435	4.730435	4.730435	4.730435	4.730435	4.730435	4.730435	4.730435	4.730435	4.730435	4.730435	4.730435	4.730435	4.730435	4.730435	4.730435	4.730435	4.730435	4.730435	4.730435	4.730435	4.730435	4.730435	4.730435	4.730435	4.730435	4.730435	4.730435	4.730435	4.730435	4.730435	4.730435	4.730435	4.730435	4.730435	4.730435	4.730435	4.730435	4.730435	4.730435	4.730435	4.730435	4.730435	4.730435	4.730435	4.730435	4.730435	4.730435	4.730435	4.730435	4.730435	4.730435	4.730435	4.730435	4.730435	4.730435	4.730435	4.730435	4.730435	4.730435	4.730435	4.730435	4.730435	4.730435	4.730435	4.730435	4.730435	4.730435	4.730435	4.730435	4.730435	4.730435	4.730435	4.730435	4.730435	4.730435	4.730435	4.730435	4.730435	4.730435	4.730435	4.730435	4.730435	4.730435	4.730435	4.730435	4.730435	4.730435	4.730435	4.730435	4.730435	4.730435	4.730435	4.730435	4.730435
%%%	Left Pupil Profile (1st row -> 1 == valid tracking, 0 == invalid tracking; 2nd row -> time; 3rd row -> diameter (mm))
%%%	0	0	0	0	0	0	0	0	0	0	0	0	0	0	0	0	0	0	0	0	0	0	0	0	0	0	0	0	0	0	0	0	0	0	0	0	0	0	0	0	0	0	0	0	0	0	0	0	0	0	0	0	0	0	0	0	0	0	0	0	0	0	0	0	0	0	0	0	0	0	0	0	0	0	0	0	0	0	0	0	0	0	0	0	0	0	0	0	0	0	0	0	0	0	0	0	0	0	0	0	0	0	0	0	0	0	0	0	0	0	0	0	0	0	0	0	0	0	0	0	0	0	0	0	0	0	0	0	0	0	0	0	0	0	0	0	0	0	0	0	0	0	0	0	0	0	0	0	0	0	0	0	0	0	0	0	0	0	0	0	0	0	0	0	0	0	0	0	0	0	0	0	0	0	0	0	0	0	0	0	0	0	0	0	0	0	0	0	0	0	0	0	0	0	0	0	0	0	0	0	0	0	0	0	0	0	0	0	0	0	0	0	0	0	0	0	0	0	0	0	0	0	0	0	0	0	0	0	0	0	0	0	0	0	0	0	0	0	0	0	0	0	0	0	0	0	0	0	0	0	0	0	0	0	0	0	0	0	0	0	0	0	0	0	0	0	0	0	0	0	0	0	0	0	0	0	0	0	0	0	0	0	0	0	0	0	0	0	0	0	0	0	0	0	0	0	0	0	0	0	0	0	0	0	0	0	0	0	0	0	0	0	0	0	0	0	0	0	0	0	0	0	0	0	0	0	0	0	0	0	0	0	0	0	0	0	0	0	0	0	0	0	0	0	0	0	0	0	0	0	0	0	0	0	0	0	0	0	0	0	0	0	0	0	0	0	0	0	0	0	0	0	0	0	0	0	0	0	0	0	0	0	0	0	0	0	0	0	0	0	0	0	0	0	0	0	0	0	0	0	0	0	0	0	0	0	0	0	0	0	0	0	0	0	0	0	0	0	0	0	0	0	0	0	0	0	0	0	0	0	0	0	0	0	0	0	0	0	0	0	0	0	0	0	0	0	0	0	0	0	0	0	0	0	0	0	0	0	0	0	0	0	0	0	0	0	0	0	0	0	0	0	0	0	0	0	0	0	0	0	0	0	0	0	0	0	0	0	0	0	0	0	0	0	0	0	0	0	0	0	0	0	0	0	0	0	0	0	0	0	0	0	0	0	0	0	0	0	0	0	0	0	0	0	0	0	0	0	0	0	0	0	0	0	0	0	0	0	0	0	0	0
%%%	-0.051000	-0.020000	0.011000	0.042000	0.074000	0.120000	0.152000	0.183000	0.214000	0.245000	0.276000	0.308000	0.339000	0.386000	0.417000	0.448000	0.479000	0.510000	0.542000	0.573000	0.620000	0.651000	0.682000	0.713000	0.744000	0.776000	0.807000	0.838000	0.885000	0.916000	0.947000	0.978000	1.010000	1.041000	1.072000	1.119000	1.150000	1.181000	1.212000	1.244000	1.275000	1.306000	1.353000	1.384000	1.415000	1.446000	1.478000	1.509000	1.540000	1.571000	1.618000	1.649000	1.680000	1.712000	1.743000	1.774000	1.805000	1.852000	1.883000	1.914000	1.946000	1.977000	2.008000	2.039000	2.086000	2.117000	2.148000	2.180000	2.211000	2.242000	2.273000	2.304000	2.351000	2.382000	2.414000	2.445000	2.476000	2.507000	2.538000	2.585000	2.616000	2.648000	2.679000	2.710000	2.741000	2.772000	2.819000	2.850000	2.882000	2.913000	2.944000	2.975000	3.006000	3.038000	3.084000	3.116000	3.147000	3.178000	3.209000	3.240000	3.272000	3.318000	3.350000	3.381000	3.412000	3.443000	3.474000	3.506000	3.552000	3.584000	3.615000	3.646000	3.677000	3.708000	3.740000	3.771000	3.818000	3.849000	3.880000	3.911000	3.942000	3.974000	4.005000	4.052000	4.083000	4.114000	4.145000	4.176000	4.208000	4.239000	4.270000	4.317000	4.348000	4.379000	4.410000	4.442000	4.473000	4.504000	4.551000	4.582000	4.613000	4.644000	4.676000	4.707000	4.738000	4.785000	4.816000	4.847000	4.878000	4.910000	4.941000	4.972000	5.003000	5.050000	5.081000	5.112000	5.144000	5.175000	5.206000	5.237000	5.284000	5.315000	5.346000	5.378000	5.409000	5.440000	5.471000	5.518000	5.549000	5.580000	5.612000	5.643000	5.674000	5.705000	5.736000	5.783000	5.814000	5.846000	5.877000	5.908000	5.939000	5.970000	6.017000	6.048000	6.080000	6.111000	6.142000	6.173000	6.204000	6.236000	6.282000	6.314000	6.345000	6.376000	6.407000	6.438000	6.470000	6.516000	6.548000	6.579000	6.610000	6.641000	6.672000	6.704000	6.750000	6.782000	6.813000	6.844000	6.875000	6.906000	6.938000	6.969000	7.016000	7.047000	7.078000	7.109000	7.140000	7.172000	7.203000	7.250000	7.281000	7.312000	7.343000	7.374000	7.406000	7.437000	7.484000	7.515000	7.546000	7.577000	7.608000	7.640000	7.671000	7.702000	7.749000	7.780000	7.811000	7.842000	7.874000	7.905000	7.936000	7.983000	8.014000	8.045000	8.076000	8.108000	8.139000	8.170000	8.201000	8.248000	8.279000	8.310000	8.342000	8.373000	8.404000	8.435000	8.482000	8.513000	8.544000	8.576000	8.607000	8.638000	8.669000	8.716000	8.747000	8.778000	8.810000	8.841000	8.872000	8.903000	8.934000	8.981000	9.012000	9.044000	9.075000	9.106000	9.137000	9.168000	9.215000	9.246000	9.278000	9.309000	9.340000	9.371000	9.403000	9.449000	9.481000	9.512000	9.543000	9.574000	9.605000	9.637000	9.668000	9.715000	9.746000	9.777000	9.808000	9.839000	9.871000	9.902000	9.949000	9.980000	10.011000	10.042000	10.073000	10.105000	10.136000	10.183000	10.214000	10.245000	10.276000	10.307000	10.339000	10.370000	10.401000	10.448000	10.479000	10.510000	10.541000	10.573000	10.604000	10.635000	10.682000	10.713000	10.744000	10.775000	10.807000	10.838000	10.869000	10.900000	10.947000	10.978000	11.009000	11.041000	11.072000	11.103000	11.134000	11.181000	11.212000	11.243000	11.275000	11.306000	11.337000	11.368000	11.415000	11.446000	11.477000	11.509000	11.540000	11.571000	11.602000	11.633000	11.680000	11.711000	11.743000	11.774000	11.805000	11.836000	11.867000	11.914000	11.945000	11.977000	12.008000	12.039000	12.070000	12.101000	12.133000	12.179000	12.211000	12.242000	12.273000	12.304000	12.335000	12.367000	12.413000	12.445000	12.476000	12.507000	12.538000	12.569000	12.601000	12.647000	12.679000	12.710000	12.741000	12.772000	12.803000	12.835000	12.866000	12.913000	12.944000	12.975000	13.006000	13.037000	13.069000	13.100000	13.147000	13.178000	13.209000	13.240000	13.271000	13.303000	13.334000	13.381000	13.412000	13.443000	13.474000	13.505000	13.537000	13.568000	13.599000	13.646000	13.677000	13.708000	13.739000	13.771000	13.802000	13.833000	13.880000	13.911000	13.942000	13.973000	14.005000	14.036000	14.067000	14.114000	14.145000	14.176000	14.207000	14.239000	14.270000	14.301000	14.332000	14.379000	14.410000	14.441000	14.473000	14.504000	14.535000	14.566000	14.613000	14.644000	14.675000	14.707000	14.738000	14.769000	14.800000	14.847000	14.878000	14.909000	14.941000	14.972000	15.003000	15.034000	15.065000	15.112000	15.143000	15.175000	15.206000	15.237000	15.268000	15.299000	15.346000	15.377000	15.409000	15.440000	15.471000	15.502000	15.533000	15.580000	15.611000	15.643000	15.674000	15.705000	15.736000	15.767000	15.799000	15.845000	15.877000	15.908000	15.939000	15.970000	16.001000	16.033000	16.064000	16.111000	16.142000	16.173000	16.204000	16.235000	16.267000	16.298000	16.345000	16.376000	16.407000	16.438000	16.469000	16.501000	16.532000	16.579000	16.610000	16.641000	16.672000	16.703000	16.735000	16.766000	16.797000	16.844000	16.875000	16.906000	16.937000	16.969000	17.000000	17.031000	17.078000	17.109000	17.140000	17.171000	17.203000	17.234000	17.265000	17.312000	17.343000	17.374000	17.405000	17.437000	17.468000	17.499000	17.530000	17.577000	17.608000	17.639000	17.671000	17.702000	17.733000	17.764000	17.811000	17.842000	17.873000	17.905000	17.936000	17.967000
%%%	0.000000	0.000000	0.000000	0.000000	0.000000	0.000000	0.000000	0.000000	0.000000	0.000000	0.000000	0.000000	0.000000	0.000000	0.000000	0.000000	0.000000	0.000000	0.000000	0.000000	0.000000	0.000000	0.000000	0.000000	0.000000	0.000000	0.000000	0.000000	0.000000	0.000000	0.000000	0.000000	0.000000	0.000000	0.000000	0.000000	0.000000	0.000000	0.000000	0.000000	0.000000	0.000000	0.000000	0.000000	0.000000	0.000000	0.000000	0.000000	0.000000	0.000000	0.000000	0.000000	0.000000	0.000000	0.000000	0.000000	0.000000	0.000000	0.000000	0.000000	0.000000	0.000000	0.000000	0.000000	0.000000	0.000000	0.000000	0.000000	0.000000	0.000000	0.000000	0.000000	0.000000	0.000000	0.000000	0.000000	0.000000	0.000000	0.000000	0.000000	0.000000	0.000000	0.000000	0.000000	0.000000	0.000000	0.000000	0.000000	0.000000	0.000000	0.000000	0.000000	0.000000	0.000000	0.000000	0.000000	0.000000	0.000000	0.000000	0.000000	0.000000	0.000000	0.000000	0.000000	0.000000	0.000000	0.000000	0.000000	0.000000	0.000000	0.000000	0.000000	0.000000	0.000000	0.000000	0.000000	0.000000	0.000000	0.000000	0.000000	0.000000	0.000000	0.000000	0.000000	0.000000	0.000000	0.000000	0.000000	0.000000	0.000000	0.000000	0.000000	0.000000	0.000000	0.000000	0.000000	0.000000	0.000000	0.000000	0.000000	0.000000	0.000000	0.000000	0.000000	0.000000	0.000000	0.000000	0.000000	0.000000	0.000000	0.000000	0.000000	0.000000	0.000000	0.000000	0.000000	0.000000	0.000000	0.000000	0.000000	0.000000	0.000000	0.000000	0.000000	0.000000	0.000000	0.000000	0.000000	0.000000	0.000000	0.000000	0.000000	0.000000	0.000000	0.000000	0.000000	0.000000	0.000000	0.000000	0.000000	0.000000	0.000000	0.000000	0.000000	0.000000	0.000000	0.000000	0.000000	0.000000	0.000000	0.000000	0.000000	0.000000	0.000000	0.000000	0.000000	0.000000	0.000000	0.000000	0.000000	0.000000	0.000000	0.000000	0.000000	0.000000	0.000000	0.000000	0.000000	0.000000	0.000000	0.000000	0.000000	0.000000	0.000000	0.000000	0.000000	0.000000	0.000000	0.000000	0.000000	0.000000	0.000000	0.000000	0.000000	0.000000	0.000000	0.000000	0.000000	0.000000	0.000000	0.000000	0.000000	0.000000	0.000000	0.000000	0.000000	0.000000	0.000000	0.000000	0.000000	0.000000	0.000000	0.000000	0.000000	0.000000	0.000000	0.000000	0.000000	0.000000	0.000000	0.000000	0.000000	0.000000	0.000000	0.000000	0.000000	0.000000	0.000000	0.000000	0.000000	0.000000	0.000000	0.000000	0.000000	0.000000	0.000000	0.000000	0.000000	0.000000	0.000000	0.000000	0.000000	0.000000	0.000000	0.000000	0.000000	0.000000	0.000000	0.000000	0.000000	0.000000	0.000000	0.000000	0.000000	0.000000	0.000000	0.000000	0.000000	0.000000	0.000000	0.000000	0.000000	0.000000	0.000000	0.000000	0.000000	0.000000	0.000000	0.000000	0.000000	0.000000	0.000000	0.000000	0.000000	0.000000	0.000000	0.000000	0.000000	0.000000	0.000000	0.000000	0.000000	0.000000	0.000000	0.000000	0.000000	0.000000	0.000000	0.000000	0.000000	0.000000	0.000000	0.000000	0.000000	0.000000	0.000000	0.000000	0.000000	0.000000	0.000000	0.000000	0.000000	0.000000	0.000000	0.000000	0.000000	0.000000	0.000000	0.000000	0.000000	0.000000	0.000000	0.000000	0.000000	0.000000	0.000000	0.000000	0.000000	0.000000	0.000000	0.000000	0.000000	0.000000	0.000000	0.000000	0.000000	0.000000	0.000000	0.000000	0.000000	0.000000	0.000000	0.000000	0.000000	0.000000	0.000000	0.000000	0.000000	0.000000	0.000000	0.000000	0.000000	0.000000	0.000000	0.000000	0.000000	0.000000	0.000000	0.000000	0.000000	0.000000	0.000000	0.000000	0.000000	0.000000	0.000000	0.000000	0.000000	0.000000	0.000000	0.000000	0.000000	0.000000	0.000000	0.000000	0.000000	0.000000	0.000000	0.000000	0.000000	0.000000	0.000000	0.000000	0.000000	0.000000	0.000000	0.000000	0.000000	0.000000	0.000000	0.000000	0.000000	0.000000	0.000000	0.000000	0.000000	0.000000	0.000000	0.000000	0.000000	0.000000	0.000000	0.000000	0.000000	0.000000	0.000000	0.000000	0.000000	0.000000	0.000000	0.000000	0.000000	0.000000	0.000000	0.000000	0.000000	0.000000	0.000000	0.000000	0.000000	0.000000	0.000000	0.000000	0.000000	0.000000	0.000000	0.000000	0.000000	0.000000	0.000000	0.000000	0.000000	0.000000	0.000000	0.000000	0.000000	0.000000	0.000000	0.000000	0.000000	0.000000	0.000000	0.000000	0.000000	0.000000	0.000000	0.000000	0.000000	0.000000	0.000000	0.000000	0.000000	0.000000	0.000000	0.000000	0.000000	0.000000	0.000000	0.000000	0.000000	0.000000	0.000000	0.000000	0.000000	0.000000	0.000000	0.000000	0.000000	0.000000	0.000000	0.000000	0.000000	0.000000	0.000000	0.000000	0.000000	0.000000	0.000000	0.000000	0.000000	0.000000	0.000000	0.000000	0.000000	0.000000	0.000000	0.000000	0.000000	0.000000	0.000000	0.000000	0.000000	0.000000	0.000000	0.000000	0.000000	0.000000	0.000000	0.000000	0.000000	0.000000	0.000000	0.000000	0.000000	0.000000	0.000000	0.000000	0.000000	0.000000	0.000000	0.000000	0.000000	0.000000	0.000000	0.000000	0.000000	0.000000	0.000000	0.000000	0.000000	0.000000	0.000000
%%%	Pulse Index	Stimulus Section Index	Stimulus Section Start Index	Stimulus Section End Index	Pupil Stimulated: 0 = Right, 1 = Left, 2 = Both	Light Metric: 0 = Photopic, 1 = Scopotic, 2 = Radiometric	Stimulus Start Time	Stimulus Duration	Stimulus Pulse Duration	Right Pulse Max Level	Right Pulse Max Color (0123 = WRGB)	Right Pulse Min Level	Right Pulse Min Color (0123 = WRGB)	Left Pulse Max Level	Left Pulse Max Color (0123 = WRGB)	Left Pulse Min Level	Left Pulse Min Color (0123 = WRGB)	Right Data Input Type (0 == RAW DATA, 1 == FITTED DATA, 2 == M. OVERRIDED)	Right ANALYSIS STATE (0 == ABNORMAL, 1 == NORMAL)	Right MAX (mm) (EMPTY if INVALID)	Right MIN (mm) (EMPTY if INVALID)	Right DELTA (mm) (EMPTY if INVALID)	Right CH (%) (EMPTY if INVALID)	Right LAT (sec) (EMPTY if INVALID)	Right CV (mm/s) (EMPTY if INVALID)	Right MCV (mm/s) (EMPTY if INVALID)	Right DV (mm/s) (EMPTY if INVALID)	Left Data Input Type (0 == RAW DATA, 1 == FITTED DATA, 2 == M. OVERRIDED)	Left ANALYSIS STATE (0 == ABNORMAL, 1 == NORMAL)	Left MAX (mm) (EMPTY if INVALID)	Left MIN (mm) (EMPTY if INVALID)	Left DELTA (mm) (EMPTY if INVALID)	Left CH (%) (EMPTY if INVALID)	Left LAT (sec) (EMPTY if INVALID)	Left CV (mm/s) (EMPTY if INVALID)	Left MCV (mm/s) (EMPTY if INVALID)	Left DV (mm/s) (EMPTY if INVALID)
%%%	0	0	17	542	0	0	0.51	17.52	0.51	99.71	1	0.00	1	0.00	1	0.00	1	0	0	0.00	0.00			0.00	0.00	0.00	0.00	0	0	0.00	0.00			0.00	0.00	0.00	0.00
%%%%%%%%%
%%%%%%%%%
%%%%%%%%%
<\SESSION>
