<SESSION>
<VERSION>
2
<\VERSION>
<DATE>
2017-12-05 10:44:58
<\DATE>
<SUBJECT-ID>
c57bl6-4.11.17-1mois-DAOG-M2-2r
<\SUBJECT-ID>
<NOTE>

<\NOTE>
<MIN-MAX-PLOT>
0.100000 51880.761719
<\MIN-MAX-PLOT>
<STIMULUS-DEFINED>
Default
Default Human Relative Spectral Sensitivity
1	0
1	0.500000	0.500000	17.000000	1	1	2.000000	-100.000000	0.100000	-100.000000	0
<\STIMULUS-DEFINED>
<STIMULUS-GENERATED>
4
0	0	0.000000	1	0.000000	0.000000	1	0.000000	0.000000
0	1	0.509000	1	0.406861	99.710426	1	0.000000	0.000000
0	4	1.018000	1	0.000000	0.000000	1	0.000000	0.000000
-1	5	18.028000	0	0.000000	0.000000	0	0.000000	0.000000
<\STIMULUS-GENERATED>
<RIGHT-PUPIL-DATA>
543	1
1	-0.066000	1.308116	278.862488	360.862488
1	-0.035000	1.279420	279.274994	360.274994
1	-0.003000	1.298406	279.656250	360.343750
1	0.028000	1.294493	279.149994	360.649933
1	0.075000	1.282464	279.193756	360.056244
1	0.106000	1.281014	279.031250	359.343750
1	0.137000	1.283623	280.006256	359.143768
1	0.168000	1.265797	280.187500	359.424988
1	0.199000	1.303188	279.600006	360.100006
1	0.231000	1.292464	279.412506	359.912506
1	0.262000	1.304348	279.625000	359.125000
1	0.309000	1.322319	279.500000	360.312500
1	0.340000	1.300000	279.625000	359.125000
1	0.371000	1.326087	279.500000	359.125000
1	0.402000	1.340290	279.600006	359.399994
1	0.433000	1.344058	279.312500	359.687500
1	0.465000	1.305507	280.225006	359.225006
1	0.496000	1.374493	279.125000	360.000000
1	0.543000	1.341884	278.718750	359.718750
1	0.574000	1.366377	278.975006	359.975006
1	0.605000	1.340290	278.662506	359.600006
1	0.636000	1.365797	278.962524	360.037476
1	0.667000	1.319420	278.425018	359.925018
1	0.699000	1.309275	279.062500	359.312500
1	0.730000	1.283623	278.943756	359.181244
1	0.761000	1.279420	278.975006	359.725006
1	0.808000	1.271884	278.887482	360.149994
1	0.839000	1.228841	278.781250	360.156250
1	0.870000	1.211884	278.912506	360.662506
1	0.901000	1.163623	278.843750	360.843750
1	0.933000	1.137971	279.162506	360.199982
1	0.964000	1.117536	278.931244	360.181244
1	0.995000	1.081015	278.468750	359.968750
1	1.042000	1.046232	278.656250	360.018738
1	1.073000	1.048406	278.437500	360.562500
1	1.104000	1.008696	278.750000	360.250000
1	1.135000	0.994928	278.643738	360.856262
1	1.167000	0.997681	278.575012	360.825012
1	1.198000	0.983188	278.250000	361.687500
1	1.229000	0.978986	278.593750	361.918762
1	1.276000	0.980290	278.412506	362.037506
1	1.307000	1.011449	278.593750	361.406250
1	1.338000	0.955362	278.712494	361.899994
1	1.369000	0.986957	278.906250	361.093750
1	1.401000	1.018985	278.656250	362.343750
1	1.432000	1.033623	278.612518	361.475006
1	1.463000	1.007102	278.568726	362.018738
1	1.494000	1.056667	278.231232	362.218719
1	1.541000	1.059855	278.806244	361.743744
1	1.572000	1.065942	278.706238	361.706238
1	1.603000	1.086812	277.618744	361.931244
1	1.635000	1.082029	278.487488	362.437500
1	1.666000	1.081015	277.531250	362.581238
1	1.697000	1.104928	278.312500	362.250000
1	1.728000	1.104928	278.250000	362.375000
1	1.759000	1.096232	277.750000	362.750000
1	1.806000	1.113189	278.031250	362.856262
1	1.837000	1.113043	278.000000	363.000000
1	1.869000	1.081015	278.018738	363.968750
1	1.900000	1.111884	277.975006	364.162506
1	1.931000	1.121159	277.062500	364.375000
1	1.962000	1.124638	277.375000	364.125000
1	1.993000	1.118986	278.093750	364.531250
1	2.040000	1.117971	277.562500	364.437500
1	2.071000	1.104203	277.681244	364.743744
1	2.103000	1.100145	277.693756	364.693756
1	2.134000	1.124638	277.000000	365.000000
1	2.165000	1.097246	277.218750	365.768738
1	2.196000	1.113623	277.875000	366.000000
1	2.227000	1.107102	277.281250	367.031250
1	2.274000	1.098841	277.725006	367.274994
1	2.305000	1.099275	277.206238	367.093750
1	2.337000	1.085362	276.906250	366.968750
1	2.368000	1.118551	277.087494	367.350006
1	2.399000	1.121739	276.812500	367.937500
1	2.430000	1.124638	276.750000	367.250000
1	2.461000	1.101159	276.837494	367.912506
1	2.493000	1.113043	278.000000	369.000000
1	2.539000	1.106812	276.768738	369.218750
1	2.571000	1.118986	276.531250	370.093750
1	2.602000	1.127101	276.931244	370.193756
1	2.633000	1.132754	276.725006	369.725006
1	2.664000	1.131594	276.324982	370.524994
1	2.695000	1.124203	276.868744	370.568756
1	2.727000	1.144928	276.250000	371.250000
1	2.773000	1.137971	277.162506	370.837494
1	2.805000	1.135362	276.250000	371.187500
1	2.836000	1.113043	276.000000	371.000000
1	2.867000	1.145072	276.518738	371.768738
1	2.898000	1.146812	276.256256	372.256256
1	2.929000	1.118551	276.037506	371.537506
1	2.961000	1.136377	276.156250	372.281250
1	3.007000	1.111884	275.975006	372.662506
1	3.039000	1.105362	275.756256	372.631256
1	3.070000	1.113043	275.000000	374.000000
1	3.101000	1.122464	275.893738	373.406250
1	3.132000	1.136232	275.000000	374.000000
1	3.163000	1.123333	275.643738	373.406250
1	3.195000	1.120725	275.431244	373.068756
1	3.226000	1.113043	275.000000	374.000000
1	3.273000	1.135507	275.268738	373.106262
1	3.304000	1.113043	275.000000	374.000000
1	3.335000	1.130725	275.299988	372.687439
1	3.366000	1.131594	275.649994	372.524994
1	3.397000	1.136377	275.531250	372.156250
1	3.429000	1.107971	275.956238	372.831238
1	3.460000	1.146377	275.750000	372.250000
1	3.507000	1.150580	275.968750	372.968750
1	3.538000	1.142029	275.500000	372.500000
1	3.569000	1.160290	275.687500	372.312500
1	3.600000	1.151160	275.318756	372.056244
1	3.631000	1.149855	275.524994	372.037506
1	3.663000	1.140580	275.875000	371.875000
1	3.694000	1.147826	276.000000	372.000000
1	3.741000	1.149710	275.668762	372.968689
1	3.772000	1.147826	276.000000	373.000000
1	3.803000	1.113043	275.000000	374.000000
1	3.834000	1.138986	275.368744	372.818756
1	3.865000	1.146667	275.725006	373.774994
1	3.897000	1.113043	275.000000	374.000000
1	3.928000	1.182464	275.043732	373.993744
1	3.959000	1.182029	275.375000	373.750000
1	4.006000	1.159420	276.000000	373.000000
1	4.037000	1.146232	275.281250	373.718750
1	4.068000	1.153333	275.287506	374.412506
1	4.099000	1.142029	275.174988	374.424988
1	4.131000	1.113043	275.000000	374.000000
1	4.162000	1.113043	275.000000	374.000000
1	4.193000	1.165797	274.875000	374.625000
1	4.240000	1.150580	275.456238	374.718750
1	4.271000	1.131159	275.250000	375.000000
1	4.302000	1.151160	275.056244	374.056244
1	4.333000	1.147826	275.000000	374.000000
1	4.365000	1.142029	274.575012	374.325012
1	4.396000	1.141449	275.600006	374.100006
1	4.427000	1.154928	275.406250	374.593750
1	4.474000	1.138116	275.081268	374.181244
1	4.505000	1.159420	275.250000	374.250000
1	4.536000	1.145072	275.456238	374.093750
1	4.567000	1.149855	275.662506	374.037506
1	4.599000	1.151160	274.693756	374.031281
1	4.630000	1.148696	275.237518	373.762543
1	4.661000	1.113043	275.000000	374.000000
1	4.692000	1.150000	274.750000	374.312500
1	4.739000	1.158116	274.956238	374.293762
1	4.770000	1.139855	275.356262	374.206238
1	4.801000	1.153188	275.256256	374.606232
1	4.833000	1.154928	275.406250	374.968750
1	4.864000	1.143623	275.243744	375.881256
1	4.895000	1.150435	275.599976	375.312500
1	4.926000	1.142029	275.424988	374.825012
1	4.973000	1.146812	275.743744	375.256256
1	5.004000	1.150580	275.406250	375.031250
1	5.035000	1.142029	275.500000	375.000000
1	5.067000	1.159275	275.093750	375.906250
1	5.098000	1.147246	275.500000	375.250000
1	5.129000	1.142029	275.575012	375.575012
1	5.160000	1.157971	275.112488	375.674988
1	5.207000	1.165217	275.125000	374.875000
1	5.238000	1.155507	275.381256	374.631256
1	5.269000	1.166232	274.806244	374.806244
1	5.301000	1.185797	275.462494	375.462494
1	5.332000	1.155507	274.993744	374.993744
1	5.363000	1.174638	274.856262	374.418762
1	5.394000	1.153623	275.375000	374.875000
1	5.425000	1.147826	275.187500	374.812500
1	5.472000	1.169420	275.806244	375.556244
1	5.503000	1.191304	275.187500	375.437500
1	5.535000	1.177101	275.649994	375.350006
1	5.566000	1.191884	275.174988	375.875000
1	5.597000	1.204058	275.687500	375.250000
1	5.628000	1.209710	275.368744	375.306244
1	5.659000	1.204058	275.250000	375.000061
1	5.706000	1.159420	276.000000	375.000000
1	5.737000	1.159420	276.000000	375.000000
1	5.769000	1.203333	274.943756	374.631256
1	5.800000	1.178986	275.843781	374.643707
1	5.831000	1.209855	274.787506	375.350006
1	5.862000	1.223188	275.500000	375.500000
1	5.893000	1.211449	275.343750	376.093750
1	5.925000	1.159420	276.000000	375.000000
1	5.971000	1.211884	275.087494	376.087494
1	6.003000	1.209855	275.037506	375.350006
1	6.034000	1.204058	274.975006	375.337494
1	6.065000	1.222899	275.537506	375.225006
1	6.096000	1.214638	275.143738	375.218750
1	6.127000	1.209855	275.212494	375.350006
1	6.159000	1.206377	275.274994	375.024994
1	6.205000	1.206522	275.243744	375.256256
1	6.237000	1.181594	275.993744	374.993744
1	6.268000	1.163623	275.156250	374.968750
1	6.299000	1.182464	274.993744	374.993744
1	6.330000	1.201014	275.506256	375.293732
1	6.361000	1.181014	274.968750	375.406250
1	6.393000	1.205942	275.281250	374.718750
1	6.439000	1.176812	275.500000	374.500000
1	6.471000	1.194203	275.000000	375.000000
1	6.502000	1.171015	275.000000	374.000000
1	6.533000	1.194203	275.000000	375.000000
1	6.564000	1.185362	275.531250	374.468750
1	6.595000	1.185362	275.531311	374.481262
1	6.627000	1.194203	275.000000	375.000000
1	6.658000	1.192464	275.837494	374.149994
1	6.705000	1.194638	275.431244	375.131256
1	6.736000	1.196667	274.931244	374.931244
1	6.767000	1.165797	274.750000	374.750000
1	6.798000	1.194638	275.568756	375.131256
1	6.829000	1.181594	274.993744	375.618744
1	6.861000	1.205797	276.000000	375.000000
1	6.892000	1.202029	275.274994	375.037506
1	6.939000	1.222319	275.000000	375.437500
1	6.970000	1.182609	274.500000	375.500000
1	7.001000	1.212029	274.306244	374.818756
1	7.032000	1.194493	274.412506	375.412506
1	7.063000	1.206522	274.043793	375.743744
1	7.095000	1.211884	274.287506	375.837494
0	7.126000	1.298551	271.000000	374.000000
1	7.157000	1.182609	274.500000	375.500000
1	7.204000	1.185797	274.537506	376.462494
1	7.235000	1.185362	273.531250	376.531250
1	7.266000	1.192899	273.906250	377.156250
1	7.297000	1.187971	273.506256	377.193756
1	7.329000	1.194638	274.118744	377.443756
1	7.360000	1.207681	274.243744	377.006256
1	7.391000	1.187971	274.106232	377.493744
1	7.438000	1.187681	274.043762	377.468750
1	7.469000	1.191884	274.125000	377.125000
1	7.500000	1.209855	273.724976	377.500000
1	7.531000	1.207101	274.093750	377.718750
1	7.563000	1.212029	273.931244	378.318756
1	7.594000	1.175073	272.850006	377.399994
1	7.625000	1.222319	273.437500	378.000000
1	7.672000	1.207101	273.731262	377.231262
1	7.703000	1.208696	274.000000	377.750000
1	7.734000	1.205797	274.250000	377.750000
1	7.765000	1.225073	273.556244	377.743744
1	7.797000	1.234783	273.687500	377.937500
1	7.828000	1.217971	273.375000	378.375000
1	7.859000	1.191160	274.168762	378.456299
1	7.890000	1.203333	273.693756	378.943756
1	7.937000	1.205507	273.387482	379.274994
1	7.968000	1.231159	273.706238	379.293762
1	7.999000	1.217391	273.750000	379.250000
1	8.031000	1.228841	274.406250	379.156250
1	8.062000	1.216232	273.899994	379.100006
1	8.093000	1.204203	274.006256	379.243744
1	8.124000	1.217971	273.500000	379.500000
1	8.171000	1.211884	274.162506	378.912506
1	8.202000	1.226667	273.562500	379.437500
1	8.233000	1.212464	273.937500	379.687500
1	8.265000	1.213623	273.437500	380.125000
1	8.296000	1.226667	273.500000	380.375000
1	8.327000	1.228985	272.500000	380.500000
1	8.358000	1.235942	273.649994	380.649994
1	8.405000	1.222899	273.524994	381.162506
1	8.436000	1.236377	273.468750	380.406250
1	8.467000	1.239710	273.562500	380.375000
1	8.499000	1.251014	273.975006	379.600006
1	8.530000	1.229275	273.912506	379.337494
1	8.561000	1.212029	273.181244	380.318756
1	8.592000	1.229855	273.674988	379.937500
1	8.623000	1.298551	271.000000	378.000000
1	8.670000	1.230580	273.681244	379.318756
1	8.701000	1.240725	273.593750	379.593750
1	8.733000	1.231159	273.756226	379.706238
1	8.764000	1.215797	273.843750	379.843750
1	8.795000	1.238986	273.568756	379.431244
1	8.826000	1.211594	273.500000	380.000000
1	8.857000	1.207536	272.975006	380.274994
1	8.904000	1.205797	274.000000	379.000000
1	8.935000	1.211884	272.837494	379.337494
1	8.967000	1.215797	272.843750	379.906250
1	8.998000	1.205797	272.000000	379.000000
1	9.029000	1.204203	273.006256	379.756256
1	9.060000	1.205507	273.337494	379.662506
1	9.091000	1.263623	273.093750	380.093750
1	9.138000	1.249420	272.968750	379.656250
1	9.169000	1.220725	272.943756	380.193756
1	9.201000	1.237536	272.831238	380.218750
1	9.232000	1.257536	273.318756	380.681244
1	9.263000	1.234638	272.743744	380.868744
1	9.294000	1.252754	274.049988	381.000000
1	9.325000	1.252174	274.500000	381.500000
1	9.357000	1.249420	273.468750	380.531250
1	9.403000	1.209855	273.024994	380.725006
1	9.435000	1.233623	273.100006	381.149994
1	9.466000	1.229855	273.437500	380.437500
1	9.497000	1.214203	272.962494	380.899994
1	9.528000	1.298551	275.000000	382.000000
1	9.559000	1.238116	273.693756	380.568756
1	9.591000	1.203333	273.306244	381.256256
1	9.637000	1.211884	273.337494	380.912506
1	9.669000	1.228985	273.500000	381.500000
1	9.700000	1.217971	273.375000	380.187500
1	9.731000	1.203188	273.712494	380.712494
1	9.762000	1.187971	273.493744	380.493744
1	9.793000	1.179855	273.031250	380.343750
1	9.825000	1.174493	273.625000	380.375000
1	9.856000	1.207536	273.287506	379.774994
1	9.903000	1.202899	273.062500	380.200012
1	9.934000	1.200580	273.200012	381.250000
1	9.965000	1.185362	273.531250	381.031250
1	9.996000	1.211594	273.500000	381.500000
1	10.027000	1.203188	272.987518	380.712494
1	10.059000	1.209275	273.375000	381.062500
1	10.090000	1.251594	273.375000	380.437500
1	10.137000	1.243623	273.056244	380.306244
1	10.168000	1.205797	275.000000	378.000000
1	10.199000	1.269565	273.125000	380.375000
1	10.230000	1.276667	273.093750	380.406250
1	10.261000	1.291884	273.875000	380.937500
1	10.293000	1.309710	273.306244	381.181244
1	10.324000	1.325362	273.437500	381.437500
1	10.371000	1.295797	273.843842	380.831268
1	10.402000	1.327246	273.587494	380.412506
1	10.433000	1.291884	273.062500	380.062500
1	10.464000	1.334203	273.437500	380.062500
1	10.495000	1.333333	273.375000	380.625000
1	10.527000	1.325073	273.556244	380.056244
1	10.558000	1.323333	273.531250	379.656250
1	10.589000	1.325073	273.506256	380.493744
1	10.636000	1.274638	273.281250	381.143738
1	10.667000	1.283188	273.000000	381.187500
1	10.698000	1.281594	273.381256	380.993744
1	10.729000	1.280725	273.168762	381.781250
1	10.761000	1.282464	273.193756	381.193756
1	10.792000	1.205797	275.000000	378.000000
1	10.823000	1.267246	273.824982	380.774994
1	10.870000	1.283768	273.024994	381.212494
1	10.901000	1.295797	273.368744	381.131256
1	10.932000	1.294058	273.156250	381.593750
1	10.963000	1.285362	273.218811	382.031250
1	10.995000	1.309275	273.312500	382.312500
1	11.026000	1.322899	273.475006	382.475006
1	11.057000	1.344928	274.000000	381.000000
1	11.104000	1.300580	274.062500	381.812500
1	11.135000	1.320580	273.337494	381.537506
1	11.166000	1.318406	273.931244	381.493744
1	11.197000	1.305942	273.781250	380.906250
1	11.229000	1.321159	274.000000	381.500000
1	11.260000	1.297536	273.843750	381.843750
1	11.291000	1.310145	273.750000	382.250000
1	11.322000	1.300580	273.687500	381.812500
1	11.369000	1.295507	273.993744	381.993744
1	11.400000	1.281594	273.581329	382.006256
1	11.431000	1.288261	274.118744	383.006256
1	11.463000	1.295652	273.949982	382.837494
1	11.494000	1.205797	275.000000	382.000000
1	11.525000	1.293333	274.037506	382.850006
1	11.556000	1.282754	273.993683	382.943756
1	11.603000	1.283188	274.062500	382.062500
1	11.634000	1.285942	273.993744	382.181244
1	11.665000	1.289855	273.750000	382.075012
1	11.697000	1.281014	273.968750	383.031250
1	11.728000	1.275362	273.500000	383.500000
1	11.759000	1.299420	273.687500	383.674988
1	11.790000	1.265942	273.831238	383.206238
1	11.837000	1.272319	273.843750	383.156250
1	11.868000	1.267246	273.774994	383.100006
1	11.899000	1.228985	275.000000	382.000000
1	11.931000	1.273188	273.331238	382.843750
1	11.962000	1.246377	274.000000	382.500000
1	11.993000	1.264493	273.281250	382.218750
1	12.024000	1.242464	273.631256	382.631256
1	12.055000	1.253188	273.631256	382.743744
1	12.102000	1.265942	273.543762	382.843750
1	12.133000	1.255362	273.774994	382.537506
1	12.165000	1.237536	273.218750	382.218750
1	12.196000	1.255797	273.543671	382.556305
1	12.227000	1.255507	273.443756	382.006256
1	12.258000	1.272899	273.818756	382.243744
1	12.289000	1.287681	273.518738	382.231262
1	12.336000	1.277681	272.875000	382.737488
1	12.367000	1.283768	273.037506	382.399994
1	12.399000	1.283188	273.062500	382.812500
1	12.430000	1.272899	273.181244	382.931244
1	12.461000	1.262899	273.462494	383.162506
1	12.492000	1.298551	271.000000	382.000000
1	12.523000	1.274493	273.262512	383.812500
1	12.570000	1.279420	273.350006	383.350006
1	12.601000	1.242899	273.375000	383.625000
1	12.633000	1.256667	272.806244	383.556244
1	12.664000	1.233768	273.293732	383.506256
1	12.695000	1.227681	273.468750	383.581238
1	12.726000	1.235942	273.649994	383.149994
1	12.757000	1.229420	273.356232	382.818756
1	12.789000	1.228985	272.500000	382.500000
1	12.835000	1.231449	273.456268	382.881256
1	12.867000	1.240725	273.406250	382.656250
1	12.898000	1.220145	273.031250	383.031250
1	12.929000	1.220145	273.031250	383.656250
1	12.960000	1.205797	275.000000	382.000000
1	12.991000	1.225507	273.000000	383.487488
1	13.023000	1.241884	273.143738	383.656250
1	13.069000	1.228841	272.906250	383.293762
1	13.101000	1.237681	272.750000	383.500000
1	13.132000	1.229275	273.287506	383.662506
1	13.163000	1.205507	273.337494	383.662506
1	13.194000	1.251594	273.000000	383.750000
1	13.225000	1.240290	272.787506	383.600006
1	13.257000	1.231159	273.293762	385.293762
1	13.288000	1.234783	273.000000	385.000000
1	13.335000	1.211449	272.843750	384.843750
1	13.366000	1.235362	273.187500	384.625000
1	13.397000	1.227681	272.531250	384.593750
1	13.428000	1.237536	272.406250	384.406250
1	13.459000	1.205797	273.250000	384.250000
1	13.491000	1.205797	274.000000	385.000000
1	13.522000	1.204638	272.699982	384.274994
1	13.569000	1.234783	273.000000	384.500000
1	13.600000	1.216667	272.768738	385.218750
1	13.631000	1.205507	272.287506	385.287506
1	13.662000	1.214928	272.618744	385.631256
1	13.693000	1.208696	272.250000	386.000000
1	13.725000	1.205362	272.318756	386.681244
1	13.756000	1.217971	272.500000	386.500000
1	13.787000	1.200725	272.831238	386.918762
1	13.834000	1.182609	272.500000	386.500000
1	13.865000	1.171015	273.000000	387.000000
1	13.896000	1.222899	272.587494	387.587494
1	13.927000	1.185942	272.506256	387.493744
1	13.959000	1.225507	272.450012	387.737488
1	13.990000	1.203333	273.056244	388.693756
1	14.021000	1.207536	272.274994	388.225006
1	14.068000	1.225507	272.437500	388.062500
1	14.099000	1.207536	272.299988	388.724976
1	14.130000	1.225507	272.262512	388.549988
1	14.161000	1.227101	272.306244	388.506256
1	14.193000	1.216232	272.412506	388.899994
1	14.224000	1.216667	272.231262	388.156250
1	14.255000	1.207971	272.393738	388.031250
1	14.302000	1.200580	272.200012	388.250000
1	14.333000	1.212029	272.181244	388.318756
1	14.364000	1.191884	272.174988	388.875000
1	14.395000	1.220145	272.443726	389.231262
1	14.427000	1.182029	272.375000	388.375000
1	14.458000	1.298551	275.000000	386.000000
1	14.489000	1.192899	272.143738	388.343750
1	14.520000	1.201449	272.312500	387.987488
1	14.567000	1.165217	272.500000	388.000000
1	14.598000	1.159275	272.906250	388.093750
1	14.629000	1.173913	272.562500	388.312500
1	14.661000	1.205797	272.000000	389.000000
1	14.692000	1.155507	272.618744	388.381256
1	14.723000	1.176667	271.718750	388.656250
1	14.754000	1.205362	272.306244	388.318756
1	14.801000	1.194638	272.431244	388.443756
1	14.832000	1.165217	272.500000	388.000000
1	14.863000	1.192464	272.100006	387.850006
1	14.895000	1.200580	272.250000	387.312500
1	14.926000	1.181014	272.018738	387.593750
1	14.957000	1.199275	272.218750	387.968750
1	14.988000	1.171015	272.250000	387.250000
1	15.035000	1.171015	272.000000	388.000000
1	15.066000	1.182609	271.750000	387.750000
1	15.097000	1.191159	272.443756	387.568756
1	15.129000	1.181449	271.975006	387.524994
1	15.160000	1.113043	271.000000	386.000000
1	15.191000	1.159420	272.000000	385.000000
1	15.222000	1.182609	272.250000	387.750000
1	15.253000	1.188406	272.500000	387.000000
1	15.300000	1.165072	271.818756	387.181244
1	15.331000	1.180435	271.993744	388.006256
1	15.363000	1.181594	271.606293	388.006256
1	15.394000	1.182754	271.993744	388.056244
1	15.425000	1.182029	272.000000	389.000000
1	15.456000	1.171884	271.912506	388.662506
1	15.487000	1.168551	271.806244	388.881256
1	15.534000	1.168551	271.806244	389.193756
1	15.565000	1.182609	271.500000	388.500000
1	15.597000	1.168116	271.750000	388.750000
1	15.628000	1.162464	272.281250	389.343750
1	15.659000	1.165942	271.812500	389.687500
1	15.690000	1.176667	271.906250	389.343750
1	15.721000	1.153188	272.306244	389.368744
1	15.768000	1.157101	271.937500	389.625000
1	15.799000	1.153188	271.743744	389.693756
1	15.831000	1.172464	271.887512	389.862488
1	15.862000	1.150580	271.968750	390.281250
1	15.893000	1.142029	272.612488	390.174988
1	15.924000	1.187101	271.931244	390.806244
1	15.955000	1.164203	271.868744	390.131256
1	15.987000	1.147826	272.000000	390.000000
1	16.033000	1.148551	272.081238	389.718750
1	16.065000	1.139275	272.181244	389.818756
1	16.096000	1.146232	271.768738	389.718750
1	16.127000	1.138116	271.768768	390.131256
1	16.158000	1.162029	271.787506	389.899994
1	16.189000	1.113043	271.000000	390.000000
1	16.221000	1.135797	271.556244	390.193756
1	16.267000	1.149855	271.962494	390.287506
1	16.299000	1.148986	271.712494	390.475006
1	16.330000	1.155362	271.637482	390.399994
1	16.361000	1.171159	271.831238	390.456238
1	16.392000	1.159275	271.656250	391.093750
1	16.423000	1.205797	272.000000	391.000000
1	16.455000	1.178841	271.987488	391.312500
1	16.501000	1.159855	271.681244	390.631256
1	16.533000	1.165797	271.875000	390.750000
1	16.564000	1.182754	271.956268	390.943756
1	16.595000	1.168551	271.806244	391.193756
1	16.626000	1.157536	271.681244	391.881256
1	16.657000	1.155507	271.618744	392.618744
1	16.689000	1.168551	271.856232	391.806244
1	16.720000	1.089855	271.000000	392.000000
1	16.767000	1.168116	271.750000	392.750000
1	16.798000	1.138551	272.174988	392.812500
1	16.829000	1.149710	271.668762	392.331299
1	16.860000	1.177101	271.662506	393.324982
1	16.891000	1.140725	271.393738	393.406250
1	16.923000	1.146232	271.343750	393.718750
1	16.954000	1.143478	271.000000	394.125000
1	17.001000	1.113043	271.000000	394.000000
1	17.032000	1.150580	271.531250	394.718750
1	17.063000	1.136812	270.850006	395.149994
1	17.094000	1.155507	271.381256	394.381256
1	17.125000	1.166232	270.806244	394.756256
1	17.157000	1.159855	271.068756	395.068756
1	17.188000	1.162464	271.218750	395.593750
1	17.235000	1.147826	271.000000	395.000000
1	17.266000	1.152899	270.731232	395.068756
1	17.297000	1.152464	270.999969	394.712494
1	17.328000	1.150580	271.281250	395.468750
1	17.359000	1.159855	270.931244	395.681244
1	17.391000	1.150580	271.456238	395.718750
1	17.422000	1.113043	271.000000	394.000000
1	17.453000	1.113043	271.000000	394.000000
1	17.500000	1.171015	271.250000	396.250000
1	17.531000	1.131594	271.324982	395.475006
1	17.562000	1.158116	270.956238	395.706238
1	17.593000	1.164058	270.725006	395.524994
1	17.625000	1.157536	271.131195	395.318756
1	17.656000	1.155507	270.668732	395.381256
1	17.687000	1.169420	271.443756	394.806244
1	17.718000	1.173913	270.937500	395.437500
1	17.765000	1.154058	270.731232	395.731293
1	17.796000	1.165362	270.818756	395.506256
1	17.827000	1.154928	270.406250	395.593750
1	17.859000	1.154928	270.406250	395.406250
1	17.890000	1.133768	270.256256	395.081268
1	17.921000	1.157101	270.562500	395.625000
1	17.968000	1.135797	270.556244	395.243744
1	17.999000	1.153623	271.000000	395.500000
<\RIGHT-PUPIL-DATA>
<LEFT-PUPIL-DATA>
543	0
0	-0.050000	0.000000	250.000000	362.000000
0	-0.019000	0.000000	250.000000	362.000000
0	0.013000	0.000000	250.000000	362.000000
0	0.044000	0.000000	250.000000	362.000000
0	0.075000	0.000000	250.000000	362.000000
0	0.106000	0.000000	250.000000	362.000000
0	0.137000	0.000000	250.000000	362.000000
0	0.184000	0.000000	250.000000	362.000000
0	0.215000	0.000000	250.000000	362.000000
0	0.247000	0.000000	250.000000	362.000000
0	0.278000	0.000000	250.000000	362.000000
0	0.309000	0.000000	250.000000	362.000000
0	0.340000	0.000000	250.000000	362.000000
0	0.371000	0.000000	250.000000	362.000000
0	0.418000	0.000000	250.000000	362.000000
0	0.449000	0.000000	250.000000	362.000000
0	0.481000	0.000000	250.000000	362.000000
0	0.512000	0.000000	250.000000	362.000000
0	0.543000	0.000000	250.000000	362.000000
0	0.574000	0.000000	250.000000	362.000000
0	0.605000	0.000000	250.000000	362.000000
0	0.637000	0.000000	250.000000	362.000000
0	0.683000	0.000000	250.000000	362.000000
0	0.715000	0.000000	250.000000	362.000000
0	0.746000	0.000000	250.000000	362.000000
0	0.777000	0.000000	250.000000	362.000000
0	0.808000	0.000000	250.000000	362.000000
0	0.839000	0.000000	250.000000	362.000000
0	0.871000	0.000000	250.000000	362.000000
0	0.917000	0.000000	250.000000	362.000000
0	0.949000	0.000000	250.000000	362.000000
0	0.980000	0.000000	250.000000	362.000000
0	1.011000	0.000000	250.000000	362.000000
0	1.042000	0.000000	250.000000	362.000000
0	1.073000	0.000000	250.000000	362.000000
0	1.105000	0.000000	250.000000	362.000000
0	1.151000	0.000000	250.000000	362.000000
0	1.183000	0.000000	250.000000	362.000000
0	1.214000	0.000000	250.000000	362.000000
0	1.245000	0.000000	250.000000	362.000000
0	1.276000	0.000000	250.000000	362.000000
0	1.307000	0.000000	250.000000	362.000000
0	1.339000	0.000000	250.000000	362.000000
0	1.370000	0.000000	250.000000	362.000000
0	1.417000	0.000000	250.000000	362.000000
0	1.448000	0.000000	250.000000	362.000000
0	1.479000	0.000000	250.000000	362.000000
0	1.510000	0.000000	250.000000	362.000000
0	1.541000	0.000000	250.000000	362.000000
0	1.573000	0.000000	250.000000	362.000000
0	1.604000	0.000000	250.000000	362.000000
0	1.651000	0.000000	250.000000	362.000000
0	1.682000	0.000000	250.000000	362.000000
0	1.713000	0.000000	250.000000	362.000000
0	1.744000	0.000000	250.000000	362.000000
0	1.775000	0.000000	250.000000	362.000000
0	1.807000	0.000000	250.000000	362.000000
0	1.838000	0.000000	250.000000	362.000000
0	1.885000	0.000000	250.000000	362.000000
0	1.916000	0.000000	250.000000	362.000000
0	1.947000	0.000000	250.000000	362.000000
0	1.978000	0.000000	250.000000	362.000000
0	2.009000	0.000000	250.000000	362.000000
0	2.041000	0.000000	250.000000	362.000000
0	2.072000	0.000000	250.000000	362.000000
0	2.103000	0.000000	250.000000	362.000000
0	2.150000	0.000000	250.000000	362.000000
0	2.181000	0.000000	250.000000	362.000000
0	2.212000	0.000000	250.000000	362.000000
0	2.243000	0.000000	250.000000	362.000000
0	2.275000	0.000000	250.000000	362.000000
0	2.306000	0.000000	250.000000	362.000000
0	2.337000	0.000000	250.000000	362.000000
0	2.384000	0.000000	250.000000	362.000000
0	2.415000	0.000000	250.000000	362.000000
0	2.446000	0.000000	250.000000	362.000000
0	2.477000	0.000000	250.000000	362.000000
0	2.509000	0.000000	250.000000	362.000000
0	2.540000	0.000000	250.000000	362.000000
0	2.571000	0.000000	250.000000	362.000000
0	2.618000	0.000000	250.000000	362.000000
0	2.649000	0.000000	250.000000	362.000000
0	2.680000	0.000000	250.000000	362.000000
0	2.711000	0.000000	250.000000	362.000000
0	2.743000	0.000000	250.000000	362.000000
0	2.774000	0.000000	250.000000	362.000000
0	2.805000	0.000000	250.000000	362.000000
0	2.836000	0.000000	250.000000	362.000000
0	2.883000	0.000000	250.000000	362.000000
0	2.914000	0.000000	250.000000	362.000000
0	2.945000	0.000000	250.000000	362.000000
0	2.977000	0.000000	250.000000	362.000000
0	3.008000	0.000000	250.000000	362.000000
0	3.039000	0.000000	250.000000	362.000000
0	3.070000	0.000000	250.000000	362.000000
0	3.117000	0.000000	250.000000	362.000000
0	3.148000	0.000000	250.000000	362.000000
0	3.179000	0.000000	250.000000	362.000000
0	3.211000	0.000000	250.000000	362.000000
0	3.242000	0.000000	250.000000	362.000000
0	3.273000	0.000000	250.000000	362.000000
0	3.304000	0.000000	250.000000	362.000000
0	3.351000	0.000000	250.000000	362.000000
0	3.382000	0.000000	250.000000	362.000000
0	3.413000	0.000000	250.000000	362.000000
0	3.445000	0.000000	250.000000	362.000000
0	3.476000	0.000000	250.000000	362.000000
0	3.507000	0.000000	250.000000	362.000000
0	3.538000	0.000000	250.000000	362.000000
0	3.569000	0.000000	250.000000	362.000000
0	3.616000	0.000000	250.000000	362.000000
0	3.647000	0.000000	250.000000	362.000000
0	3.679000	0.000000	250.000000	362.000000
0	3.710000	0.000000	250.000000	362.000000
0	3.741000	0.000000	250.000000	362.000000
0	3.772000	0.000000	250.000000	362.000000
0	3.803000	0.000000	250.000000	362.000000
0	3.850000	0.000000	250.000000	362.000000
0	3.881000	0.000000	250.000000	362.000000
0	3.913000	0.000000	250.000000	362.000000
0	3.944000	0.000000	250.000000	362.000000
0	3.975000	0.000000	250.000000	362.000000
0	4.006000	0.000000	250.000000	362.000000
0	4.037000	0.000000	250.000000	362.000000
0	4.069000	0.000000	250.000000	362.000000
0	4.115000	0.000000	250.000000	362.000000
0	4.147000	0.000000	250.000000	362.000000
0	4.178000	0.000000	250.000000	362.000000
0	4.209000	0.000000	250.000000	362.000000
0	4.240000	0.000000	250.000000	362.000000
0	4.271000	0.000000	250.000000	362.000000
0	4.303000	0.000000	250.000000	362.000000
0	4.349000	0.000000	250.000000	362.000000
0	4.381000	0.000000	250.000000	362.000000
0	4.412000	0.000000	250.000000	362.000000
0	4.443000	0.000000	250.000000	362.000000
0	4.474000	0.000000	250.000000	362.000000
0	4.505000	0.000000	250.000000	362.000000
0	4.537000	0.000000	250.000000	362.000000
0	4.583000	0.000000	250.000000	362.000000
0	4.615000	0.000000	250.000000	362.000000
0	4.646000	0.000000	250.000000	362.000000
0	4.677000	0.000000	250.000000	362.000000
0	4.708000	0.000000	250.000000	362.000000
0	4.739000	0.000000	250.000000	362.000000
0	4.771000	0.000000	250.000000	362.000000
0	4.802000	0.000000	250.000000	362.000000
0	4.849000	0.000000	250.000000	362.000000
0	4.880000	0.000000	250.000000	362.000000
0	4.911000	0.000000	250.000000	362.000000
0	4.942000	0.000000	250.000000	362.000000
0	4.973000	0.000000	250.000000	362.000000
0	5.005000	0.000000	250.000000	362.000000
0	5.036000	0.000000	250.000000	362.000000
0	5.083000	0.000000	250.000000	362.000000
0	5.114000	0.000000	250.000000	362.000000
0	5.145000	0.000000	250.000000	362.000000
0	5.176000	0.000000	250.000000	362.000000
0	5.207000	0.000000	250.000000	362.000000
0	5.239000	0.000000	250.000000	362.000000
0	5.270000	0.000000	250.000000	362.000000
0	5.301000	0.000000	250.000000	362.000000
0	5.348000	0.000000	250.000000	362.000000
0	5.379000	0.000000	250.000000	362.000000
0	5.410000	0.000000	250.000000	362.000000
0	5.441000	0.000000	250.000000	362.000000
0	5.473000	0.000000	250.000000	362.000000
0	5.504000	0.000000	250.000000	362.000000
0	5.535000	0.000000	250.000000	362.000000
0	5.582000	0.000000	250.000000	362.000000
0	5.613000	0.000000	250.000000	362.000000
0	5.644000	0.000000	250.000000	362.000000
0	5.675000	0.000000	250.000000	362.000000
0	5.707000	0.000000	250.000000	362.000000
0	5.738000	0.000000	250.000000	362.000000
0	5.769000	0.000000	250.000000	362.000000
0	5.816000	0.000000	250.000000	362.000000
0	5.847000	0.000000	250.000000	362.000000
0	5.878000	0.000000	250.000000	362.000000
0	5.909000	0.000000	250.000000	362.000000
0	5.941000	0.000000	250.000000	362.000000
0	5.972000	0.000000	250.000000	362.000000
0	6.003000	0.000000	250.000000	362.000000
0	6.034000	0.000000	250.000000	362.000000
0	6.081000	0.000000	250.000000	362.000000
0	6.112000	0.000000	250.000000	362.000000
0	6.143000	0.000000	250.000000	362.000000
0	6.175000	0.000000	250.000000	362.000000
0	6.206000	0.000000	250.000000	362.000000
0	6.237000	0.000000	250.000000	362.000000
0	6.268000	0.000000	250.000000	362.000000
0	6.315000	0.000000	250.000000	362.000000
0	6.346000	0.000000	250.000000	362.000000
0	6.377000	0.000000	250.000000	362.000000
0	6.409000	0.000000	250.000000	362.000000
0	6.440000	0.000000	250.000000	362.000000
0	6.471000	0.000000	250.000000	362.000000
0	6.502000	0.000000	250.000000	362.000000
0	6.549000	0.000000	250.000000	362.000000
0	6.580000	0.000000	250.000000	362.000000
0	6.611000	0.000000	250.000000	362.000000
0	6.643000	0.000000	250.000000	362.000000
0	6.674000	0.000000	250.000000	362.000000
0	6.705000	0.000000	250.000000	362.000000
0	6.736000	0.000000	250.000000	362.000000
0	6.767000	0.000000	250.000000	362.000000
0	6.814000	0.000000	250.000000	362.000000
0	6.845000	0.000000	250.000000	362.000000
0	6.877000	0.000000	250.000000	362.000000
0	6.908000	0.000000	250.000000	362.000000
0	6.939000	0.000000	250.000000	362.000000
0	6.970000	0.000000	250.000000	362.000000
0	7.001000	0.000000	250.000000	362.000000
0	7.048000	0.000000	250.000000	362.000000
0	7.079000	0.000000	250.000000	362.000000
0	7.111000	0.000000	250.000000	362.000000
0	7.142000	0.000000	250.000000	362.000000
0	7.173000	0.000000	250.000000	362.000000
0	7.204000	0.000000	250.000000	362.000000
0	7.235000	0.000000	250.000000	362.000000
0	7.282000	0.000000	250.000000	362.000000
0	7.313000	0.000000	250.000000	362.000000
0	7.345000	0.000000	250.000000	362.000000
0	7.376000	0.000000	250.000000	362.000000
0	7.407000	0.000000	250.000000	362.000000
0	7.438000	0.000000	250.000000	362.000000
0	7.469000	0.000000	250.000000	362.000000
0	7.501000	0.000000	250.000000	362.000000
0	7.547000	0.000000	250.000000	362.000000
0	7.579000	0.000000	250.000000	362.000000
0	7.610000	0.000000	250.000000	362.000000
0	7.641000	0.000000	250.000000	362.000000
0	7.672000	0.000000	250.000000	362.000000
0	7.703000	0.000000	250.000000	362.000000
0	7.735000	0.000000	250.000000	362.000000
0	7.781000	0.000000	250.000000	362.000000
0	7.813000	0.000000	250.000000	362.000000
0	7.844000	0.000000	250.000000	362.000000
0	7.875000	0.000000	250.000000	362.000000
0	7.906000	0.000000	250.000000	362.000000
0	7.937000	0.000000	250.000000	362.000000
0	7.969000	0.000000	250.000000	362.000000
0	8.000000	0.000000	250.000000	362.000000
0	8.047000	0.000000	250.000000	362.000000
0	8.078000	0.000000	250.000000	362.000000
0	8.109000	0.000000	250.000000	362.000000
0	8.140000	0.000000	250.000000	362.000000
0	8.171000	0.000000	250.000000	362.000000
0	8.203000	0.000000	250.000000	362.000000
0	8.234000	0.000000	250.000000	362.000000
0	8.281000	0.000000	250.000000	362.000000
0	8.312000	0.000000	250.000000	362.000000
0	8.343000	0.000000	250.000000	362.000000
0	8.374000	0.000000	250.000000	362.000000
0	8.405000	0.000000	250.000000	362.000000
0	8.437000	0.000000	250.000000	362.000000
0	8.468000	0.000000	250.000000	362.000000
0	8.515000	0.000000	250.000000	362.000000
0	8.546000	0.000000	250.000000	362.000000
0	8.577000	0.000000	250.000000	362.000000
0	8.608000	0.000000	250.000000	362.000000
0	8.639000	0.000000	250.000000	362.000000
0	8.671000	0.000000	250.000000	362.000000
0	8.702000	0.000000	250.000000	362.000000
0	8.733000	0.000000	250.000000	362.000000
0	8.780000	0.000000	250.000000	362.000000
0	8.811000	0.000000	250.000000	362.000000
0	8.842000	0.000000	250.000000	362.000000
0	8.873000	0.000000	250.000000	362.000000
0	8.905000	0.000000	250.000000	362.000000
0	8.936000	0.000000	250.000000	362.000000
0	8.967000	0.000000	250.000000	362.000000
0	9.014000	0.000000	250.000000	362.000000
0	9.045000	0.000000	250.000000	362.000000
0	9.076000	0.000000	250.000000	362.000000
0	9.107000	0.000000	250.000000	362.000000
0	9.139000	0.000000	250.000000	362.000000
0	9.170000	0.000000	250.000000	362.000000
0	9.201000	0.000000	250.000000	362.000000
0	9.248000	0.000000	250.000000	362.000000
0	9.279000	0.000000	250.000000	362.000000
0	9.310000	0.000000	250.000000	362.000000
0	9.341000	0.000000	250.000000	362.000000
0	9.373000	0.000000	250.000000	362.000000
0	9.404000	0.000000	250.000000	362.000000
0	9.435000	0.000000	250.000000	362.000000
0	9.466000	0.000000	250.000000	362.000000
0	9.513000	0.000000	250.000000	362.000000
0	9.544000	0.000000	250.000000	362.000000
0	9.575000	0.000000	250.000000	362.000000
0	9.607000	0.000000	250.000000	362.000000
0	9.638000	0.000000	250.000000	362.000000
0	9.669000	0.000000	250.000000	362.000000
0	9.700000	0.000000	250.000000	362.000000
0	9.747000	0.000000	250.000000	362.000000
0	9.778000	0.000000	250.000000	362.000000
0	9.809000	0.000000	250.000000	362.000000
0	9.841000	0.000000	250.000000	362.000000
0	9.872000	0.000000	250.000000	362.000000
0	9.903000	0.000000	250.000000	362.000000
0	9.934000	0.000000	250.000000	362.000000
0	9.965000	0.000000	250.000000	362.000000
0	10.012000	0.000000	250.000000	362.000000
0	10.043000	0.000000	250.000000	362.000000
0	10.075000	0.000000	250.000000	362.000000
0	10.106000	0.000000	250.000000	362.000000
0	10.137000	0.000000	250.000000	362.000000
0	10.168000	0.000000	250.000000	362.000000
0	10.199000	0.000000	250.000000	362.000000
0	10.246000	0.000000	250.000000	362.000000
0	10.277000	0.000000	250.000000	362.000000
0	10.309000	0.000000	250.000000	362.000000
0	10.340000	0.000000	250.000000	362.000000
0	10.371000	0.000000	250.000000	362.000000
0	10.402000	0.000000	250.000000	362.000000
0	10.433000	0.000000	250.000000	362.000000
0	10.480000	0.000000	250.000000	362.000000
0	10.511000	0.000000	250.000000	362.000000
0	10.543000	0.000000	250.000000	362.000000
0	10.574000	0.000000	250.000000	362.000000
0	10.605000	0.000000	250.000000	362.000000
0	10.636000	0.000000	250.000000	362.000000
0	10.667000	0.000000	250.000000	362.000000
0	10.699000	0.000000	250.000000	362.000000
0	10.745000	0.000000	250.000000	362.000000
0	10.777000	0.000000	250.000000	362.000000
0	10.808000	0.000000	250.000000	362.000000
0	10.839000	0.000000	250.000000	362.000000
0	10.870000	0.000000	250.000000	362.000000
0	10.901000	0.000000	250.000000	362.000000
0	10.933000	0.000000	250.000000	362.000000
0	10.979000	0.000000	250.000000	362.000000
0	11.011000	0.000000	250.000000	362.000000
0	11.042000	0.000000	250.000000	362.000000
0	11.073000	0.000000	250.000000	362.000000
0	11.104000	0.000000	250.000000	362.000000
0	11.135000	0.000000	250.000000	362.000000
0	11.167000	0.000000	250.000000	362.000000
0	11.213000	0.000000	250.000000	362.000000
0	11.245000	0.000000	250.000000	362.000000
0	11.276000	0.000000	250.000000	362.000000
0	11.307000	0.000000	250.000000	362.000000
0	11.338000	0.000000	250.000000	362.000000
0	11.369000	0.000000	250.000000	362.000000
0	11.401000	0.000000	250.000000	362.000000
0	11.432000	0.000000	250.000000	362.000000
0	11.479000	0.000000	250.000000	362.000000
0	11.510000	0.000000	250.000000	362.000000
0	11.541000	0.000000	250.000000	362.000000
0	11.572000	0.000000	250.000000	362.000000
0	11.603000	0.000000	250.000000	362.000000
0	11.635000	0.000000	250.000000	362.000000
0	11.666000	0.000000	250.000000	362.000000
0	11.713000	0.000000	250.000000	362.000000
0	11.744000	0.000000	250.000000	362.000000
0	11.775000	0.000000	250.000000	362.000000
0	11.806000	0.000000	250.000000	362.000000
0	11.837000	0.000000	250.000000	362.000000
0	11.869000	0.000000	250.000000	362.000000
0	11.900000	0.000000	250.000000	362.000000
0	11.931000	0.000000	250.000000	362.000000
0	11.978000	0.000000	250.000000	362.000000
0	12.009000	0.000000	250.000000	362.000000
0	12.040000	0.000000	250.000000	362.000000
0	12.071000	0.000000	250.000000	362.000000
0	12.103000	0.000000	250.000000	362.000000
0	12.134000	0.000000	250.000000	362.000000
0	12.165000	0.000000	250.000000	362.000000
0	12.212000	0.000000	250.000000	362.000000
0	12.243000	0.000000	250.000000	362.000000
0	12.274000	0.000000	250.000000	362.000000
0	12.305000	0.000000	250.000000	362.000000
0	12.337000	0.000000	250.000000	362.000000
0	12.368000	0.000000	250.000000	362.000000
0	12.399000	0.000000	250.000000	362.000000
0	12.446000	0.000000	250.000000	362.000000
0	12.477000	0.000000	250.000000	362.000000
0	12.508000	0.000000	250.000000	362.000000
0	12.539000	0.000000	250.000000	362.000000
0	12.571000	0.000000	250.000000	362.000000
0	12.602000	0.000000	250.000000	362.000000
0	12.633000	0.000000	250.000000	362.000000
0	12.664000	0.000000	250.000000	362.000000
0	12.711000	0.000000	250.000000	362.000000
0	12.742000	0.000000	250.000000	362.000000
0	12.773000	0.000000	250.000000	362.000000
0	12.805000	0.000000	250.000000	362.000000
0	12.836000	0.000000	250.000000	362.000000
0	12.867000	0.000000	250.000000	362.000000
0	12.898000	0.000000	250.000000	362.000000
0	12.945000	0.000000	250.000000	362.000000
0	12.976000	0.000000	250.000000	362.000000
0	13.007000	0.000000	250.000000	362.000000
0	13.039000	0.000000	250.000000	362.000000
0	13.070000	0.000000	250.000000	362.000000
0	13.101000	0.000000	250.000000	362.000000
0	13.132000	0.000000	250.000000	362.000000
0	13.179000	0.000000	250.000000	362.000000
0	13.210000	0.000000	250.000000	362.000000
0	13.241000	0.000000	250.000000	362.000000
0	13.273000	0.000000	250.000000	362.000000
0	13.304000	0.000000	250.000000	362.000000
0	13.335000	0.000000	250.000000	362.000000
0	13.366000	0.000000	250.000000	362.000000
0	13.397000	0.000000	250.000000	362.000000
0	13.444000	0.000000	250.000000	362.000000
0	13.475000	0.000000	250.000000	362.000000
0	13.507000	0.000000	250.000000	362.000000
0	13.538000	0.000000	250.000000	362.000000
0	13.569000	0.000000	250.000000	362.000000
0	13.600000	0.000000	250.000000	362.000000
0	13.631000	0.000000	250.000000	362.000000
0	13.678000	0.000000	250.000000	362.000000
0	13.709000	0.000000	250.000000	362.000000
0	13.741000	0.000000	250.000000	362.000000
0	13.772000	0.000000	250.000000	362.000000
0	13.803000	0.000000	250.000000	362.000000
0	13.834000	0.000000	250.000000	362.000000
0	13.865000	0.000000	250.000000	362.000000
0	13.912000	0.000000	250.000000	362.000000
0	13.943000	0.000000	250.000000	362.000000
0	13.975000	0.000000	250.000000	362.000000
0	14.006000	0.000000	250.000000	362.000000
0	14.037000	0.000000	250.000000	362.000000
0	14.068000	0.000000	250.000000	362.000000
0	14.099000	0.000000	250.000000	362.000000
0	14.131000	0.000000	250.000000	362.000000
0	14.177000	0.000000	250.000000	362.000000
0	14.209000	0.000000	250.000000	362.000000
0	14.240000	0.000000	250.000000	362.000000
0	14.271000	0.000000	250.000000	362.000000
0	14.302000	0.000000	250.000000	362.000000
0	14.333000	0.000000	250.000000	362.000000
0	14.365000	0.000000	250.000000	362.000000
0	14.411000	0.000000	250.000000	362.000000
0	14.443000	0.000000	250.000000	362.000000
0	14.474000	0.000000	250.000000	362.000000
0	14.505000	0.000000	250.000000	362.000000
0	14.536000	0.000000	250.000000	362.000000
0	14.567000	0.000000	250.000000	362.000000
0	14.599000	0.000000	250.000000	362.000000
0	14.645000	0.000000	250.000000	362.000000
0	14.677000	0.000000	250.000000	362.000000
0	14.708000	0.000000	250.000000	362.000000
0	14.739000	0.000000	250.000000	362.000000
0	14.770000	0.000000	250.000000	362.000000
0	14.801000	0.000000	250.000000	362.000000
0	14.833000	0.000000	250.000000	362.000000
0	14.864000	0.000000	250.000000	362.000000
0	14.911000	0.000000	250.000000	362.000000
0	14.942000	0.000000	250.000000	362.000000
0	14.973000	0.000000	250.000000	362.000000
0	15.004000	0.000000	250.000000	362.000000
0	15.035000	0.000000	250.000000	362.000000
0	15.067000	0.000000	250.000000	362.000000
0	15.098000	0.000000	250.000000	362.000000
0	15.145000	0.000000	250.000000	362.000000
0	15.176000	0.000000	250.000000	362.000000
0	15.207000	0.000000	250.000000	362.000000
0	15.238000	0.000000	250.000000	362.000000
0	15.269000	0.000000	250.000000	362.000000
0	15.301000	0.000000	250.000000	362.000000
0	15.332000	0.000000	250.000000	362.000000
0	15.363000	0.000000	250.000000	362.000000
0	15.410000	0.000000	250.000000	362.000000
0	15.441000	0.000000	250.000000	362.000000
0	15.472000	0.000000	250.000000	362.000000
0	15.503000	0.000000	250.000000	362.000000
0	15.535000	0.000000	250.000000	362.000000
0	15.566000	0.000000	250.000000	362.000000
0	15.597000	0.000000	250.000000	362.000000
0	15.644000	0.000000	250.000000	362.000000
0	15.675000	0.000000	250.000000	362.000000
0	15.706000	0.000000	250.000000	362.000000
0	15.737000	0.000000	250.000000	362.000000
0	15.769000	0.000000	250.000000	362.000000
0	15.800000	0.000000	250.000000	362.000000
0	15.831000	0.000000	250.000000	362.000000
0	15.862000	0.000000	250.000000	362.000000
0	15.909000	0.000000	250.000000	362.000000
0	15.940000	0.000000	250.000000	362.000000
0	15.971000	0.000000	250.000000	362.000000
0	16.003000	0.000000	250.000000	362.000000
0	16.034000	0.000000	250.000000	362.000000
0	16.065000	0.000000	250.000000	362.000000
0	16.096000	0.000000	250.000000	362.000000
0	16.143000	0.000000	250.000000	362.000000
0	16.174000	0.000000	250.000000	362.000000
0	16.205000	0.000000	250.000000	362.000000
0	16.237000	0.000000	250.000000	362.000000
0	16.268000	0.000000	250.000000	362.000000
0	16.299000	0.000000	250.000000	362.000000
0	16.330000	0.000000	250.000000	362.000000
0	16.377000	0.000000	250.000000	362.000000
0	16.408000	0.000000	250.000000	362.000000
0	16.439000	0.000000	250.000000	362.000000
0	16.471000	0.000000	250.000000	362.000000
0	16.502000	0.000000	250.000000	362.000000
0	16.533000	0.000000	250.000000	362.000000
0	16.564000	0.000000	250.000000	362.000000
0	16.595000	0.000000	250.000000	362.000000
0	16.642000	0.000000	250.000000	362.000000
0	16.673000	0.000000	250.000000	362.000000
0	16.705000	0.000000	250.000000	362.000000
0	16.736000	0.000000	250.000000	362.000000
0	16.767000	0.000000	250.000000	362.000000
0	16.798000	0.000000	250.000000	362.000000
0	16.829000	0.000000	250.000000	362.000000
0	16.876000	0.000000	250.000000	362.000000
0	16.907000	0.000000	250.000000	362.000000
0	16.939000	0.000000	250.000000	362.000000
0	16.970000	0.000000	250.000000	362.000000
0	17.001000	0.000000	250.000000	362.000000
0	17.032000	0.000000	250.000000	362.000000
0	17.063000	0.000000	250.000000	362.000000
0	17.110000	0.000000	250.000000	362.000000
0	17.141000	0.000000	250.000000	362.000000
0	17.173000	0.000000	250.000000	362.000000
0	17.204000	0.000000	250.000000	362.000000
0	17.235000	0.000000	250.000000	362.000000
0	17.266000	0.000000	250.000000	362.000000
0	17.297000	0.000000	250.000000	362.000000
0	17.329000	0.000000	250.000000	362.000000
0	17.375000	0.000000	250.000000	362.000000
0	17.407000	0.000000	250.000000	362.000000
0	17.438000	0.000000	250.000000	362.000000
0	17.469000	0.000000	250.000000	362.000000
0	17.500000	0.000000	250.000000	362.000000
0	17.531000	0.000000	250.000000	362.000000
0	17.563000	0.000000	250.000000	362.000000
0	17.609000	0.000000	250.000000	362.000000
0	17.641000	0.000000	250.000000	362.000000
0	17.672000	0.000000	250.000000	362.000000
0	17.703000	0.000000	250.000000	362.000000
0	17.734000	0.000000	250.000000	362.000000
0	17.765000	0.000000	250.000000	362.000000
0	17.797000	0.000000	250.000000	362.000000
0	17.843000	0.000000	250.000000	362.000000
0	17.875000	0.000000	250.000000	362.000000
0	17.906000	0.000000	250.000000	362.000000
0	17.937000	0.000000	250.000000	362.000000
0	17.968000	0.000000	250.000000	362.000000
0	17.999000	0.000000	250.000000	362.000000
<\LEFT-PUPIL-DATA>
<RIGHT-PUPIL-ANALYSIS>
1
0	0	18	542	0	0	0.509000	17.518999	0.509000	99.710426	0.000000	0.000000	0.000000	0	1	1	1	1	0	0	0	0.000000	0.000000	0.000000	0.000000	0.000000	0.000000	0.000000	-1.000000	0.000000	1	1.351246	0.981855	1.434147	0.757404	0.127000	-0.526199	-1.068725	-1.000000	0.100313	1	1.351246	0.981855	1.434147	0.757404	0.127000	-0.562186	-1.068720	-1.000000	0.101035
<\RIGHT-PUPIL-ANALYSIS>
<LEFT-PUPIL-ANALYSIS>
1
0	0	17	542	0	0	0.509000	17.518999	0.509000	99.710426	0.000000	0.000000	0.000000	0	1	1	1	1	0	0	0	0.000000	0.000000	0.000000	0.000000	0.000000	0.000000	0.000000	-1.000000	0.000000	0	-0.034783	-0.034783	0.000950	0.000950	0.003000	0.000000	0.000000	-1.000000	0.000000	1	-0.034783	-0.034783	0.000950	0.000950	0.003000	-1000000.000000	-1000000.000000	-1.000000	0.000000
<\LEFT-PUPIL-ANALYSIS>
%%%%%%%%%
%%%%%%%%%
%%%%%%%%%
%%%	Measurement Tiime is: 2017-12-05 10:44:58
%%%	Subject ID is: c57bl6-4.11.17-1mois-DAOG-M2-2r
%%%	Note: 
%%%	RSS: Default Human Relative Spectral Sensitivity
%%%	Pupil Analysis:
%%%
%%%
%%%
%%%	Pulse Index:	0
%%%	Stimulus Session Index:	0
%%%	Right Pupil Stimulated
%%%	Light Metric is Photopic
%%%	Stimulus Start Time(sec):	0.51
%%%	Stimulus Duration(sec):	17.52
%%%	Stimulus Pulse Duration(sec):	0.51
%%%	Right Pulse:	99.71	(Red  )	-	0.00	(Red  )	[Lux ]
%%%	Left Pulse:	0.00	(Red  )	-	0.00	(Red  )	[Lux ]
%%%
%%%		RIGHT	LEFT	R.Pupil Mean	L.Pupil Mean	R.Stim Mean	R.Stim Mean
%%%	INPUT:	RAW DATA	RAW DATA
%%%	STATE:	ABNORMAL	ABNORMAL	ABNORMAL	ABNORMAL	ABNORMAL	ABNORMAL
%%%	MAX(mm):	0.00	0.00	0.00	0.00	0.00	0.00
%%%	MIN(mm):	0.00	0.00	0.00	0.00	0.00	0.00
%%%	DELTA(mm):						
%%%	CH(%):						
%%%	LAT(sec):	0.00	0.00	0.00	0.00	0.00	0.00
%%%	CV(mm/s):	0.00	0.00	0.00	0.00	0.00	0.00
%%%	MCV(mm/s):	0.00	0.00	0.00	0.00	0.00	0.00
%%%	DV(mm/s):	0.00	0.00	0.00	0.00	0.00	0.00
%%%%%%%%%
%%%%%%%%%
%%%%%%%%%
%%%	Right Pupil Profile (1st row -> 1 == valid tracking, 0 == invalid tracking; 2nd row -> time; 3rd row -> diameter (mm))
%%%	1	1	1	1	1	1	1	1	1	1	1	1	1	1	1	1	1	1	1	1	1	1	1	1	1	1	1	1	1	1	1	1	1	1	1	1	1	1	1	1	1	1	1	1	1	1	1	1	1	1	1	1	1	1	1	1	1	1	1	1	1	1	1	1	1	1	1	1	1	1	1	1	1	1	1	1	1	1	1	1	1	1	1	1	1	1	1	1	1	1	1	1	1	1	1	1	1	1	1	1	1	1	1	1	1	1	1	1	1	1	1	1	1	1	1	1	1	1	1	1	1	1	1	1	1	1	1	1	1	1	1	1	1	1	1	1	1	1	1	1	1	1	1	1	1	1	1	1	1	1	1	1	1	1	1	1	1	1	1	1	1	1	1	1	1	1	1	1	1	1	1	1	1	1	1	1	1	1	1	1	1	1	1	1	1	1	1	1	1	1	1	1	1	1	1	1	1	1	1	1	1	1	1	1	1	1	1	1	1	1	1	1	1	1	1	1	0	1	1	1	1	1	1	1	1	1	1	1	1	1	1	1	1	1	1	1	1	1	1	1	1	1	1	1	1	1	1	1	1	1	1	1	1	1	1	1	1	1	1	1	1	1	1	1	1	1	1	1	1	1	1	1	1	1	1	1	1	1	1	1	1	1	1	1	1	1	1	1	1	1	1	1	1	1	1	1	1	1	1	1	1	1	1	1	1	1	1	1	1	1	1	1	1	1	1	1	1	1	1	1	1	1	1	1	1	1	1	1	1	1	1	1	1	1	1	1	1	1	1	1	1	1	1	1	1	1	1	1	1	1	1	1	1	1	1	1	1	1	1	1	1	1	1	1	1	1	1	1	1	1	1	1	1	1	1	1	1	1	1	1	1	1	1	1	1	1	1	1	1	1	1	1	1	1	1	1	1	1	1	1	1	1	1	1	1	1	1	1	1	1	1	1	1	1	1	1	1	1	1	1	1	1	1	1	1	1	1	1	1	1	1	1	1	1	1	1	1	1	1	1	1	1	1	1	1	1	1	1	1	1	1	1	1	1	1	1	1	1	1	1	1	1	1	1	1	1	1	1	1	1	1	1	1	1	1	1	1	1	1	1	1	1	1	1	1	1	1	1	1	1	1	1	1	1	1	1	1	1	1	1	1	1	1	1	1	1	1	1	1	1	1	1	1	1	1	1	1	1	1	1	1	1	1	1	1	1	1	1	1	1	1	1	1	1	1	1	1	1	1	1	1	1	1
%%%	-0.066000	-0.035000	-0.003000	0.028000	0.075000	0.106000	0.137000	0.168000	0.199000	0.231000	0.262000	0.309000	0.340000	0.371000	0.402000	0.433000	0.465000	0.496000	0.543000	0.574000	0.605000	0.636000	0.667000	0.699000	0.730000	0.761000	0.808000	0.839000	0.870000	0.901000	0.933000	0.964000	0.995000	1.042000	1.073000	1.104000	1.135000	1.167000	1.198000	1.229000	1.276000	1.307000	1.338000	1.369000	1.401000	1.432000	1.463000	1.494000	1.541000	1.572000	1.603000	1.635000	1.666000	1.697000	1.728000	1.759000	1.806000	1.837000	1.869000	1.900000	1.931000	1.962000	1.993000	2.040000	2.071000	2.103000	2.134000	2.165000	2.196000	2.227000	2.274000	2.305000	2.337000	2.368000	2.399000	2.430000	2.461000	2.493000	2.539000	2.571000	2.602000	2.633000	2.664000	2.695000	2.727000	2.773000	2.805000	2.836000	2.867000	2.898000	2.929000	2.961000	3.007000	3.039000	3.070000	3.101000	3.132000	3.163000	3.195000	3.226000	3.273000	3.304000	3.335000	3.366000	3.397000	3.429000	3.460000	3.507000	3.538000	3.569000	3.600000	3.631000	3.663000	3.694000	3.741000	3.772000	3.803000	3.834000	3.865000	3.897000	3.928000	3.959000	4.006000	4.037000	4.068000	4.099000	4.131000	4.162000	4.193000	4.240000	4.271000	4.302000	4.333000	4.365000	4.396000	4.427000	4.474000	4.505000	4.536000	4.567000	4.599000	4.630000	4.661000	4.692000	4.739000	4.770000	4.801000	4.833000	4.864000	4.895000	4.926000	4.973000	5.004000	5.035000	5.067000	5.098000	5.129000	5.160000	5.207000	5.238000	5.269000	5.301000	5.332000	5.363000	5.394000	5.425000	5.472000	5.503000	5.535000	5.566000	5.597000	5.628000	5.659000	5.706000	5.737000	5.769000	5.800000	5.831000	5.862000	5.893000	5.925000	5.971000	6.003000	6.034000	6.065000	6.096000	6.127000	6.159000	6.205000	6.237000	6.268000	6.299000	6.330000	6.361000	6.393000	6.439000	6.471000	6.502000	6.533000	6.564000	6.595000	6.627000	6.658000	6.705000	6.736000	6.767000	6.798000	6.829000	6.861000	6.892000	6.939000	6.970000	7.001000	7.032000	7.063000	7.095000	7.126000	7.157000	7.204000	7.235000	7.266000	7.297000	7.329000	7.360000	7.391000	7.438000	7.469000	7.500000	7.531000	7.563000	7.594000	7.625000	7.672000	7.703000	7.734000	7.765000	7.797000	7.828000	7.859000	7.890000	7.937000	7.968000	7.999000	8.031000	8.062000	8.093000	8.124000	8.171000	8.202000	8.233000	8.265000	8.296000	8.327000	8.358000	8.405000	8.436000	8.467000	8.499000	8.530000	8.561000	8.592000	8.623000	8.670000	8.701000	8.733000	8.764000	8.795000	8.826000	8.857000	8.904000	8.935000	8.967000	8.998000	9.029000	9.060000	9.091000	9.138000	9.169000	9.201000	9.232000	9.263000	9.294000	9.325000	9.357000	9.403000	9.435000	9.466000	9.497000	9.528000	9.559000	9.591000	9.637000	9.669000	9.700000	9.731000	9.762000	9.793000	9.825000	9.856000	9.903000	9.934000	9.965000	9.996000	10.027000	10.059000	10.090000	10.137000	10.168000	10.199000	10.230000	10.261000	10.293000	10.324000	10.371000	10.402000	10.433000	10.464000	10.495000	10.527000	10.558000	10.589000	10.636000	10.667000	10.698000	10.729000	10.761000	10.792000	10.823000	10.870000	10.901000	10.932000	10.963000	10.995000	11.026000	11.057000	11.104000	11.135000	11.166000	11.197000	11.229000	11.260000	11.291000	11.322000	11.369000	11.400000	11.431000	11.463000	11.494000	11.525000	11.556000	11.603000	11.634000	11.665000	11.697000	11.728000	11.759000	11.790000	11.837000	11.868000	11.899000	11.931000	11.962000	11.993000	12.024000	12.055000	12.102000	12.133000	12.165000	12.196000	12.227000	12.258000	12.289000	12.336000	12.367000	12.399000	12.430000	12.461000	12.492000	12.523000	12.570000	12.601000	12.633000	12.664000	12.695000	12.726000	12.757000	12.789000	12.835000	12.867000	12.898000	12.929000	12.960000	12.991000	13.023000	13.069000	13.101000	13.132000	13.163000	13.194000	13.225000	13.257000	13.288000	13.335000	13.366000	13.397000	13.428000	13.459000	13.491000	13.522000	13.569000	13.600000	13.631000	13.662000	13.693000	13.725000	13.756000	13.787000	13.834000	13.865000	13.896000	13.927000	13.959000	13.990000	14.021000	14.068000	14.099000	14.130000	14.161000	14.193000	14.224000	14.255000	14.302000	14.333000	14.364000	14.395000	14.427000	14.458000	14.489000	14.520000	14.567000	14.598000	14.629000	14.661000	14.692000	14.723000	14.754000	14.801000	14.832000	14.863000	14.895000	14.926000	14.957000	14.988000	15.035000	15.066000	15.097000	15.129000	15.160000	15.191000	15.222000	15.253000	15.300000	15.331000	15.363000	15.394000	15.425000	15.456000	15.487000	15.534000	15.565000	15.597000	15.628000	15.659000	15.690000	15.721000	15.768000	15.799000	15.831000	15.862000	15.893000	15.924000	15.955000	15.987000	16.033000	16.065000	16.096000	16.127000	16.158000	16.189000	16.221000	16.267000	16.299000	16.330000	16.361000	16.392000	16.423000	16.455000	16.501000	16.533000	16.564000	16.595000	16.626000	16.657000	16.689000	16.720000	16.767000	16.798000	16.829000	16.860000	16.891000	16.923000	16.954000	17.001000	17.032000	17.063000	17.094000	17.125000	17.157000	17.188000	17.235000	17.266000	17.297000	17.328000	17.359000	17.391000	17.422000	17.453000	17.500000	17.531000	17.562000	17.593000	17.625000	17.656000	17.687000	17.718000	17.765000	17.796000	17.827000	17.859000	17.890000	17.921000	17.968000	17.999000
%%%	1.308116	1.279420	1.298406	1.294493	1.282464	1.281014	1.283623	1.265797	1.303188	1.292464	1.304348	1.322319	1.300000	1.326087	1.340290	1.344058	1.305507	1.374493	1.341884	1.366377	1.340290	1.365797	1.319420	1.309275	1.283623	1.279420	1.271884	1.228841	1.211884	1.163623	1.137971	1.117536	1.081015	1.046232	1.048406	1.008696	0.994928	0.997681	0.983188	0.978986	0.980290	1.011449	0.955362	0.986957	1.018985	1.033623	1.007102	1.056667	1.059855	1.065942	1.086812	1.082029	1.081015	1.104928	1.104928	1.096232	1.113189	1.113043	1.081015	1.111884	1.121159	1.124638	1.118986	1.117971	1.104203	1.100145	1.124638	1.097246	1.113623	1.107102	1.098841	1.099275	1.085362	1.118551	1.121739	1.124638	1.101159	1.113043	1.106812	1.118986	1.127101	1.132754	1.131594	1.124203	1.144928	1.137971	1.135362	1.113043	1.145072	1.146812	1.118551	1.136377	1.111884	1.105362	1.113043	1.122464	1.136232	1.123333	1.120725	1.113043	1.135507	1.113043	1.130725	1.131594	1.136377	1.107971	1.146377	1.150580	1.142029	1.160290	1.151160	1.149855	1.140580	1.147826	1.149710	1.147826	1.113043	1.138986	1.146667	1.113043	1.182464	1.182029	1.159420	1.146232	1.153333	1.142029	1.113043	1.113043	1.165797	1.150580	1.131159	1.151160	1.147826	1.142029	1.141449	1.154928	1.138116	1.159420	1.145072	1.149855	1.151160	1.148696	1.113043	1.150000	1.158116	1.139855	1.153188	1.154928	1.143623	1.150435	1.142029	1.146812	1.150580	1.142029	1.159275	1.147246	1.142029	1.157971	1.165217	1.155507	1.166232	1.185797	1.155507	1.174638	1.153623	1.147826	1.169420	1.191304	1.177101	1.191884	1.204058	1.209710	1.204058	1.159420	1.159420	1.203333	1.178986	1.209855	1.223188	1.211449	1.159420	1.211884	1.209855	1.204058	1.222899	1.214638	1.209855	1.206377	1.206522	1.181594	1.163623	1.182464	1.201014	1.181014	1.205942	1.176812	1.194203	1.171015	1.194203	1.185362	1.185362	1.194203	1.192464	1.194638	1.196667	1.165797	1.194638	1.181594	1.205797	1.202029	1.222319	1.182609	1.212029	1.194493	1.206522	1.211884	1.298551	1.182609	1.185797	1.185362	1.192899	1.187971	1.194638	1.207681	1.187971	1.187681	1.191884	1.209855	1.207101	1.212029	1.175073	1.222319	1.207101	1.208696	1.205797	1.225073	1.234783	1.217971	1.191160	1.203333	1.205507	1.231159	1.217391	1.228841	1.216232	1.204203	1.217971	1.211884	1.226667	1.212464	1.213623	1.226667	1.228985	1.235942	1.222899	1.236377	1.239710	1.251014	1.229275	1.212029	1.229855	1.298551	1.230580	1.240725	1.231159	1.215797	1.238986	1.211594	1.207536	1.205797	1.211884	1.215797	1.205797	1.204203	1.205507	1.263623	1.249420	1.220725	1.237536	1.257536	1.234638	1.252754	1.252174	1.249420	1.209855	1.233623	1.229855	1.214203	1.298551	1.238116	1.203333	1.211884	1.228985	1.217971	1.203188	1.187971	1.179855	1.174493	1.207536	1.202899	1.200580	1.185362	1.211594	1.203188	1.209275	1.251594	1.243623	1.205797	1.269565	1.276667	1.291884	1.309710	1.325362	1.295797	1.327246	1.291884	1.334203	1.333333	1.325073	1.323333	1.325073	1.274638	1.283188	1.281594	1.280725	1.282464	1.205797	1.267246	1.283768	1.295797	1.294058	1.285362	1.309275	1.322899	1.344928	1.300580	1.320580	1.318406	1.305942	1.321159	1.297536	1.310145	1.300580	1.295507	1.281594	1.288261	1.295652	1.205797	1.293333	1.282754	1.283188	1.285942	1.289855	1.281014	1.275362	1.299420	1.265942	1.272319	1.267246	1.228985	1.273188	1.246377	1.264493	1.242464	1.253188	1.265942	1.255362	1.237536	1.255797	1.255507	1.272899	1.287681	1.277681	1.283768	1.283188	1.272899	1.262899	1.298551	1.274493	1.279420	1.242899	1.256667	1.233768	1.227681	1.235942	1.229420	1.228985	1.231449	1.240725	1.220145	1.220145	1.205797	1.225507	1.241884	1.228841	1.237681	1.229275	1.205507	1.251594	1.240290	1.231159	1.234783	1.211449	1.235362	1.227681	1.237536	1.205797	1.205797	1.204638	1.234783	1.216667	1.205507	1.214928	1.208696	1.205362	1.217971	1.200725	1.182609	1.171015	1.222899	1.185942	1.225507	1.203333	1.207536	1.225507	1.207536	1.225507	1.227101	1.216232	1.216667	1.207971	1.200580	1.212029	1.191884	1.220145	1.182029	1.298551	1.192899	1.201449	1.165217	1.159275	1.173913	1.205797	1.155507	1.176667	1.205362	1.194638	1.165217	1.192464	1.200580	1.181014	1.199275	1.171015	1.171015	1.182609	1.191159	1.181449	1.113043	1.159420	1.182609	1.188406	1.165072	1.180435	1.181594	1.182754	1.182029	1.171884	1.168551	1.168551	1.182609	1.168116	1.162464	1.165942	1.176667	1.153188	1.157101	1.153188	1.172464	1.150580	1.142029	1.187101	1.164203	1.147826	1.148551	1.139275	1.146232	1.138116	1.162029	1.113043	1.135797	1.149855	1.148986	1.155362	1.171159	1.159275	1.205797	1.178841	1.159855	1.165797	1.182754	1.168551	1.157536	1.155507	1.168551	1.089855	1.168116	1.138551	1.149710	1.177101	1.140725	1.146232	1.143478	1.113043	1.150580	1.136812	1.155507	1.166232	1.159855	1.162464	1.147826	1.152899	1.152464	1.150580	1.159855	1.150580	1.113043	1.113043	1.171015	1.131594	1.158116	1.164058	1.157536	1.155507	1.169420	1.173913	1.154058	1.165362	1.154928	1.154928	1.133768	1.157101	1.135797	1.153623
%%%	Left Pupil Profile (1st row -> 1 == valid tracking, 0 == invalid tracking; 2nd row -> time; 3rd row -> diameter (mm))
%%%	0	0	0	0	0	0	0	0	0	0	0	0	0	0	0	0	0	0	0	0	0	0	0	0	0	0	0	0	0	0	0	0	0	0	0	0	0	0	0	0	0	0	0	0	0	0	0	0	0	0	0	0	0	0	0	0	0	0	0	0	0	0	0	0	0	0	0	0	0	0	0	0	0	0	0	0	0	0	0	0	0	0	0	0	0	0	0	0	0	0	0	0	0	0	0	0	0	0	0	0	0	0	0	0	0	0	0	0	0	0	0	0	0	0	0	0	0	0	0	0	0	0	0	0	0	0	0	0	0	0	0	0	0	0	0	0	0	0	0	0	0	0	0	0	0	0	0	0	0	0	0	0	0	0	0	0	0	0	0	0	0	0	0	0	0	0	0	0	0	0	0	0	0	0	0	0	0	0	0	0	0	0	0	0	0	0	0	0	0	0	0	0	0	0	0	0	0	0	0	0	0	0	0	0	0	0	0	0	0	0	0	0	0	0	0	0	0	0	0	0	0	0	0	0	0	0	0	0	0	0	0	0	0	0	0	0	0	0	0	0	0	0	0	0	0	0	0	0	0	0	0	0	0	0	0	0	0	0	0	0	0	0	0	0	0	0	0	0	0	0	0	0	0	0	0	0	0	0	0	0	0	0	0	0	0	0	0	0	0	0	0	0	0	0	0	0	0	0	0	0	0	0	0	0	0	0	0	0	0	0	0	0	0	0	0	0	0	0	0	0	0	0	0	0	0	0	0	0	0	0	0	0	0	0	0	0	0	0	0	0	0	0	0	0	0	0	0	0	0	0	0	0	0	0	0	0	0	0	0	0	0	0	0	0	0	0	0	0	0	0	0	0	0	0	0	0	0	0	0	0	0	0	0	0	0	0	0	0	0	0	0	0	0	0	0	0	0	0	0	0	0	0	0	0	0	0	0	0	0	0	0	0	0	0	0	0	0	0	0	0	0	0	0	0	0	0	0	0	0	0	0	0	0	0	0	0	0	0	0	0	0	0	0	0	0	0	0	0	0	0	0	0	0	0	0	0	0	0	0	0	0	0	0	0	0	0	0	0	0	0	0	0	0	0	0	0	0	0	0	0	0	0	0	0	0	0	0	0	0	0	0	0	0	0	0	0	0	0	0	0	0	0	0	0	0	0	0	0	0	0	0	0	0	0	0	0	0	0	0	0	0	0	0	0	0	0	0	0	0	0	0	0	0	0	0	0	0	0	0	0	0	0	0
%%%	-0.050000	-0.019000	0.013000	0.044000	0.075000	0.106000	0.137000	0.184000	0.215000	0.247000	0.278000	0.309000	0.340000	0.371000	0.418000	0.449000	0.481000	0.512000	0.543000	0.574000	0.605000	0.637000	0.683000	0.715000	0.746000	0.777000	0.808000	0.839000	0.871000	0.917000	0.949000	0.980000	1.011000	1.042000	1.073000	1.105000	1.151000	1.183000	1.214000	1.245000	1.276000	1.307000	1.339000	1.370000	1.417000	1.448000	1.479000	1.510000	1.541000	1.573000	1.604000	1.651000	1.682000	1.713000	1.744000	1.775000	1.807000	1.838000	1.885000	1.916000	1.947000	1.978000	2.009000	2.041000	2.072000	2.103000	2.150000	2.181000	2.212000	2.243000	2.275000	2.306000	2.337000	2.384000	2.415000	2.446000	2.477000	2.509000	2.540000	2.571000	2.618000	2.649000	2.680000	2.711000	2.743000	2.774000	2.805000	2.836000	2.883000	2.914000	2.945000	2.977000	3.008000	3.039000	3.070000	3.117000	3.148000	3.179000	3.211000	3.242000	3.273000	3.304000	3.351000	3.382000	3.413000	3.445000	3.476000	3.507000	3.538000	3.569000	3.616000	3.647000	3.679000	3.710000	3.741000	3.772000	3.803000	3.850000	3.881000	3.913000	3.944000	3.975000	4.006000	4.037000	4.069000	4.115000	4.147000	4.178000	4.209000	4.240000	4.271000	4.303000	4.349000	4.381000	4.412000	4.443000	4.474000	4.505000	4.537000	4.583000	4.615000	4.646000	4.677000	4.708000	4.739000	4.771000	4.802000	4.849000	4.880000	4.911000	4.942000	4.973000	5.005000	5.036000	5.083000	5.114000	5.145000	5.176000	5.207000	5.239000	5.270000	5.301000	5.348000	5.379000	5.410000	5.441000	5.473000	5.504000	5.535000	5.582000	5.613000	5.644000	5.675000	5.707000	5.738000	5.769000	5.816000	5.847000	5.878000	5.909000	5.941000	5.972000	6.003000	6.034000	6.081000	6.112000	6.143000	6.175000	6.206000	6.237000	6.268000	6.315000	6.346000	6.377000	6.409000	6.440000	6.471000	6.502000	6.549000	6.580000	6.611000	6.643000	6.674000	6.705000	6.736000	6.767000	6.814000	6.845000	6.877000	6.908000	6.939000	6.970000	7.001000	7.048000	7.079000	7.111000	7.142000	7.173000	7.204000	7.235000	7.282000	7.313000	7.345000	7.376000	7.407000	7.438000	7.469000	7.501000	7.547000	7.579000	7.610000	7.641000	7.672000	7.703000	7.735000	7.781000	7.813000	7.844000	7.875000	7.906000	7.937000	7.969000	8.000000	8.047000	8.078000	8.109000	8.140000	8.171000	8.203000	8.234000	8.281000	8.312000	8.343000	8.374000	8.405000	8.437000	8.468000	8.515000	8.546000	8.577000	8.608000	8.639000	8.671000	8.702000	8.733000	8.780000	8.811000	8.842000	8.873000	8.905000	8.936000	8.967000	9.014000	9.045000	9.076000	9.107000	9.139000	9.170000	9.201000	9.248000	9.279000	9.310000	9.341000	9.373000	9.404000	9.435000	9.466000	9.513000	9.544000	9.575000	9.607000	9.638000	9.669000	9.700000	9.747000	9.778000	9.809000	9.841000	9.872000	9.903000	9.934000	9.965000	10.012000	10.043000	10.075000	10.106000	10.137000	10.168000	10.199000	10.246000	10.277000	10.309000	10.340000	10.371000	10.402000	10.433000	10.480000	10.511000	10.543000	10.574000	10.605000	10.636000	10.667000	10.699000	10.745000	10.777000	10.808000	10.839000	10.870000	10.901000	10.933000	10.979000	11.011000	11.042000	11.073000	11.104000	11.135000	11.167000	11.213000	11.245000	11.276000	11.307000	11.338000	11.369000	11.401000	11.432000	11.479000	11.510000	11.541000	11.572000	11.603000	11.635000	11.666000	11.713000	11.744000	11.775000	11.806000	11.837000	11.869000	11.900000	11.931000	11.978000	12.009000	12.040000	12.071000	12.103000	12.134000	12.165000	12.212000	12.243000	12.274000	12.305000	12.337000	12.368000	12.399000	12.446000	12.477000	12.508000	12.539000	12.571000	12.602000	12.633000	12.664000	12.711000	12.742000	12.773000	12.805000	12.836000	12.867000	12.898000	12.945000	12.976000	13.007000	13.039000	13.070000	13.101000	13.132000	13.179000	13.210000	13.241000	13.273000	13.304000	13.335000	13.366000	13.397000	13.444000	13.475000	13.507000	13.538000	13.569000	13.600000	13.631000	13.678000	13.709000	13.741000	13.772000	13.803000	13.834000	13.865000	13.912000	13.943000	13.975000	14.006000	14.037000	14.068000	14.099000	14.131000	14.177000	14.209000	14.240000	14.271000	14.302000	14.333000	14.365000	14.411000	14.443000	14.474000	14.505000	14.536000	14.567000	14.599000	14.645000	14.677000	14.708000	14.739000	14.770000	14.801000	14.833000	14.864000	14.911000	14.942000	14.973000	15.004000	15.035000	15.067000	15.098000	15.145000	15.176000	15.207000	15.238000	15.269000	15.301000	15.332000	15.363000	15.410000	15.441000	15.472000	15.503000	15.535000	15.566000	15.597000	15.644000	15.675000	15.706000	15.737000	15.769000	15.800000	15.831000	15.862000	15.909000	15.940000	15.971000	16.003000	16.034000	16.065000	16.096000	16.143000	16.174000	16.205000	16.237000	16.268000	16.299000	16.330000	16.377000	16.408000	16.439000	16.471000	16.502000	16.533000	16.564000	16.595000	16.642000	16.673000	16.705000	16.736000	16.767000	16.798000	16.829000	16.876000	16.907000	16.939000	16.970000	17.001000	17.032000	17.063000	17.110000	17.141000	17.173000	17.204000	17.235000	17.266000	17.297000	17.329000	17.375000	17.407000	17.438000	17.469000	17.500000	17.531000	17.563000	17.609000	17.641000	17.672000	17.703000	17.734000	17.765000	17.797000	17.843000	17.875000	17.906000	17.937000	17.968000	17.999000
%%%	0.000000	0.000000	0.000000	0.000000	0.000000	0.000000	0.000000	0.000000	0.000000	0.000000	0.000000	0.000000	0.000000	0.000000	0.000000	0.000000	0.000000	0.000000	0.000000	0.000000	0.000000	0.000000	0.000000	0.000000	0.000000	0.000000	0.000000	0.000000	0.000000	0.000000	0.000000	0.000000	0.000000	0.000000	0.000000	0.000000	0.000000	0.000000	0.000000	0.000000	0.000000	0.000000	0.000000	0.000000	0.000000	0.000000	0.000000	0.000000	0.000000	0.000000	0.000000	0.000000	0.000000	0.000000	0.000000	0.000000	0.000000	0.000000	0.000000	0.000000	0.000000	0.000000	0.000000	0.000000	0.000000	0.000000	0.000000	0.000000	0.000000	0.000000	0.000000	0.000000	0.000000	0.000000	0.000000	0.000000	0.000000	0.000000	0.000000	0.000000	0.000000	0.000000	0.000000	0.000000	0.000000	0.000000	0.000000	0.000000	0.000000	0.000000	0.000000	0.000000	0.000000	0.000000	0.000000	0.000000	0.000000	0.000000	0.000000	0.000000	0.000000	0.000000	0.000000	0.000000	0.000000	0.000000	0.000000	0.000000	0.000000	0.000000	0.000000	0.000000	0.000000	0.000000	0.000000	0.000000	0.000000	0.000000	0.000000	0.000000	0.000000	0.000000	0.000000	0.000000	0.000000	0.000000	0.000000	0.000000	0.000000	0.000000	0.000000	0.000000	0.000000	0.000000	0.000000	0.000000	0.000000	0.000000	0.000000	0.000000	0.000000	0.000000	0.000000	0.000000	0.000000	0.000000	0.000000	0.000000	0.000000	0.000000	0.000000	0.000000	0.000000	0.000000	0.000000	0.000000	0.000000	0.000000	0.000000	0.000000	0.000000	0.000000	0.000000	0.000000	0.000000	0.000000	0.000000	0.000000	0.000000	0.000000	0.000000	0.000000	0.000000	0.000000	0.000000	0.000000	0.000000	0.000000	0.000000	0.000000	0.000000	0.000000	0.000000	0.000000	0.000000	0.000000	0.000000	0.000000	0.000000	0.000000	0.000000	0.000000	0.000000	0.000000	0.000000	0.000000	0.000000	0.000000	0.000000	0.000000	0.000000	0.000000	0.000000	0.000000	0.000000	0.000000	0.000000	0.000000	0.000000	0.000000	0.000000	0.000000	0.000000	0.000000	0.000000	0.000000	0.000000	0.000000	0.000000	0.000000	0.000000	0.000000	0.000000	0.000000	0.000000	0.000000	0.000000	0.000000	0.000000	0.000000	0.000000	0.000000	0.000000	0.000000	0.000000	0.000000	0.000000	0.000000	0.000000	0.000000	0.000000	0.000000	0.000000	0.000000	0.000000	0.000000	0.000000	0.000000	0.000000	0.000000	0.000000	0.000000	0.000000	0.000000	0.000000	0.000000	0.000000	0.000000	0.000000	0.000000	0.000000	0.000000	0.000000	0.000000	0.000000	0.000000	0.000000	0.000000	0.000000	0.000000	0.000000	0.000000	0.000000	0.000000	0.000000	0.000000	0.000000	0.000000	0.000000	0.000000	0.000000	0.000000	0.000000	0.000000	0.000000	0.000000	0.000000	0.000000	0.000000	0.000000	0.000000	0.000000	0.000000	0.000000	0.000000	0.000000	0.000000	0.000000	0.000000	0.000000	0.000000	0.000000	0.000000	0.000000	0.000000	0.000000	0.000000	0.000000	0.000000	0.000000	0.000000	0.000000	0.000000	0.000000	0.000000	0.000000	0.000000	0.000000	0.000000	0.000000	0.000000	0.000000	0.000000	0.000000	0.000000	0.000000	0.000000	0.000000	0.000000	0.000000	0.000000	0.000000	0.000000	0.000000	0.000000	0.000000	0.000000	0.000000	0.000000	0.000000	0.000000	0.000000	0.000000	0.000000	0.000000	0.000000	0.000000	0.000000	0.000000	0.000000	0.000000	0.000000	0.000000	0.000000	0.000000	0.000000	0.000000	0.000000	0.000000	0.000000	0.000000	0.000000	0.000000	0.000000	0.000000	0.000000	0.000000	0.000000	0.000000	0.000000	0.000000	0.000000	0.000000	0.000000	0.000000	0.000000	0.000000	0.000000	0.000000	0.000000	0.000000	0.000000	0.000000	0.000000	0.000000	0.000000	0.000000	0.000000	0.000000	0.000000	0.000000	0.000000	0.000000	0.000000	0.000000	0.000000	0.000000	0.000000	0.000000	0.000000	0.000000	0.000000	0.000000	0.000000	0.000000	0.000000	0.000000	0.000000	0.000000	0.000000	0.000000	0.000000	0.000000	0.000000	0.000000	0.000000	0.000000	0.000000	0.000000	0.000000	0.000000	0.000000	0.000000	0.000000	0.000000	0.000000	0.000000	0.000000	0.000000	0.000000	0.000000	0.000000	0.000000	0.000000	0.000000	0.000000	0.000000	0.000000	0.000000	0.000000	0.000000	0.000000	0.000000	0.000000	0.000000	0.000000	0.000000	0.000000	0.000000	0.000000	0.000000	0.000000	0.000000	0.000000	0.000000	0.000000	0.000000	0.000000	0.000000	0.000000	0.000000	0.000000	0.000000	0.000000	0.000000	0.000000	0.000000	0.000000	0.000000	0.000000	0.000000	0.000000	0.000000	0.000000	0.000000	0.000000	0.000000	0.000000	0.000000	0.000000	0.000000	0.000000	0.000000	0.000000	0.000000	0.000000	0.000000	0.000000	0.000000	0.000000	0.000000	0.000000	0.000000	0.000000	0.000000	0.000000	0.000000	0.000000	0.000000	0.000000	0.000000	0.000000	0.000000	0.000000	0.000000	0.000000	0.000000	0.000000	0.000000	0.000000	0.000000	0.000000	0.000000	0.000000	0.000000	0.000000	0.000000	0.000000	0.000000	0.000000	0.000000	0.000000	0.000000	0.000000	0.000000	0.000000	0.000000	0.000000	0.000000	0.000000	0.000000	0.000000	0.000000	0.000000	0.000000	0.000000	0.000000	0.000000	0.000000	0.000000	0.000000	0.000000	0.000000
%%%	Pulse Index	Stimulus Section Index	Stimulus Section Start Index	Stimulus Section End Index	Pupil Stimulated: 0 = Right, 1 = Left, 2 = Both	Light Metric: 0 = Photopic, 1 = Scopotic, 2 = Radiometric	Stimulus Start Time	Stimulus Duration	Stimulus Pulse Duration	Right Pulse Max Level	Right Pulse Max Color (0123 = WRGB)	Right Pulse Min Level	Right Pulse Min Color (0123 = WRGB)	Left Pulse Max Level	Left Pulse Max Color (0123 = WRGB)	Left Pulse Min Level	Left Pulse Min Color (0123 = WRGB)	Right Data Input Type (0 == RAW DATA, 1 == FITTED DATA, 2 == M. OVERRIDED)	Right ANALYSIS STATE (0 == ABNORMAL, 1 == NORMAL)	Right MAX (mm) (EMPTY if INVALID)	Right MIN (mm) (EMPTY if INVALID)	Right DELTA (mm) (EMPTY if INVALID)	Right CH (%) (EMPTY if INVALID)	Right LAT (sec) (EMPTY if INVALID)	Right CV (mm/s) (EMPTY if INVALID)	Right MCV (mm/s) (EMPTY if INVALID)	Right DV (mm/s) (EMPTY if INVALID)	Left Data Input Type (0 == RAW DATA, 1 == FITTED DATA, 2 == M. OVERRIDED)	Left ANALYSIS STATE (0 == ABNORMAL, 1 == NORMAL)	Left MAX (mm) (EMPTY if INVALID)	Left MIN (mm) (EMPTY if INVALID)	Left DELTA (mm) (EMPTY if INVALID)	Left CH (%) (EMPTY if INVALID)	Left LAT (sec) (EMPTY if INVALID)	Left CV (mm/s) (EMPTY if INVALID)	Left MCV (mm/s) (EMPTY if INVALID)	Left DV (mm/s) (EMPTY if INVALID)
%%%	0	0	18	542	0	0	0.51	17.52	0.51	99.71	1	0.00	1	0.00	1	0.00	1	0	0	0.00	0.00			0.00	0.00	0.00	0.00	0	0	0.00	0.00			0.00	0.00	0.00	0.00
%%%%%%%%%
%%%%%%%%%
%%%%%%%%%
<\SESSION>
