<SESSION>
<VERSION>
2
<\VERSION>
<DATE>
2017-08-15 10:07:19
<\DATE>
<SUBJECT-ID>
c57-1mois-M2-4.5r
<\SUBJECT-ID>
<NOTE>

<\NOTE>
<MIN-MAX-PLOT>
0.100000 51880.761719
<\MIN-MAX-PLOT>
<STIMULUS-DEFINED>
Default
Default Human Relative Spectral Sensitivity
1	0
1	0.500000	0.500000	17.000000	1	1	4.500000	-100.000000	0.100000	-100.000000	0
<\STIMULUS-DEFINED>
<STIMULUS-GENERATED>
4
0	0	0.000000	1	0.000000	0.000000	1	0.000000	0.000000
0	1	0.509000	1	129.044220	31625.173828	1	0.000000	0.000000
0	4	1.019000	1	0.000000	0.000000	1	0.000000	0.000000
-1	5	18.028000	0	0.000000	0.000000	0	0.000000	0.000000
<\STIMULUS-GENERATED>
<RIGHT-PUPIL-DATA>
543	1
1	-0.051000	1.260145	331.506195	304.493805
1	-0.020000	1.264638	330.062500	304.437500
1	0.012000	1.298551	328.000000	303.000000
1	0.043000	1.263768	329.250000	303.750000
1	0.074000	1.266667	329.200012	304.375000
1	0.105000	1.266812	329.156250	304.656250
1	0.136000	1.267246	329.225006	306.149994
0	0.183000	1.669565	336.000000	307.000000
1	0.214000	1.298551	332.000000	307.000000
1	0.246000	1.283334	329.968719	305.206268
1	0.277000	1.309710	329.568756	304.818756
1	0.308000	1.274058	329.306244	303.693756
1	0.339000	1.291884	329.562500	303.937500
1	0.370000	1.298840	329.212494	303.787506
1	0.402000	1.309275	329.312500	304.312500
1	0.448000	1.272754	330.287506	305.162506
1	0.480000	1.298551	328.000000	303.000000
1	0.511000	1.298551	332.000000	307.000000
1	0.542000	1.288116	331.149994	306.149994
1	0.573000	1.298551	332.000000	307.000000
1	0.604000	1.291159	330.906250	305.918762
1	0.636000	1.205797	328.000000	307.000000
1	0.682000	1.298551	329.500000	306.500000
1	0.714000	1.296667	329.681244	305.818756
1	0.745000	1.283188	330.187500	306.000000
1	0.776000	1.278261	330.062500	305.937500
1	0.807000	1.249420	330.343750	306.531250
1	0.838000	1.177681	330.687500	307.625000
1	0.870000	1.138116	329.568756	306.131256
1	0.916000	1.133333	330.750000	307.750000
1	0.948000	1.103188	330.100006	307.199982
1	0.979000	1.043478	329.812500	307.562500
1	1.010000	1.044493	329.543732	307.993744
1	1.041000	1.055072	330.000000	308.000000
1	1.072000	0.972899	330.118744	307.993744
1	1.104000	0.967971	330.156250	308.081238
1	1.135000	0.926667	330.674988	308.562500
1	1.182000	0.898406	330.531250	308.956238
1	1.213000	0.921159	331.237488	309.250000
1	1.244000	0.851015	330.837494	309.725006
1	1.275000	0.811594	330.000000	309.000000
1	1.306000	0.800000	328.250000	308.750000
1	1.338000	0.794493	329.274994	309.024994
1	1.369000	0.738406	327.643738	308.643738
0	1.416000	0.712464	327.250000	307.125000
1	1.447000	0.782609	329.000000	309.000000
0	1.478000	0.712464	328.875000	309.125000
0	1.509000	0.742029	332.000000	311.000000
1	1.540000	0.759855	329.431244	310.431244
1	1.572000	0.725217	328.799957	309.725006
0	1.603000	0.370725	362.287506	325.600006
1	1.650000	0.718986	328.656250	309.656250
1	1.681000	0.741739	328.674988	309.412476
0	1.712000	0.600580	330.625000	308.375000
1	1.743000	0.722899	328.350006	308.975006
0	1.774000	0.695652	329.000000	310.000000
1	1.806000	0.707246	329.000000	310.000000
0	1.837000	0.347826	364.481262	327.156250
1	1.868000	0.695652	330.250000	309.250000
0	1.915000	0.448406	333.437500	310.250000
1	1.946000	0.679420	328.725006	308.725006
1	1.977000	0.684058	328.875000	308.625000
0	2.008000	0.486957	332.500000	310.500000
0	2.040000	0.398841	333.225006	312.225006
0	2.071000	0.347826	358.843750	328.981262
1	2.102000	0.653333	328.600006	310.100006
0	2.149000	0.474638	334.206238	311.093750
1	2.180000	0.678261	329.500000	310.000000
0	2.211000	0.455362	334.649994	312.649994
0	2.242000	0.555942	333.000000	310.500000
1	2.274000	0.673333	328.812500	310.312500
0	2.305000	0.361594	361.018738	327.743713
1	2.336000	0.556232	332.912506	311.024994
0	2.383000	0.457536	328.381256	306.368744
1	2.414000	0.662319	329.737488	310.512512
1	2.445000	0.667246	331.099945	311.237518
1	2.476000	0.648551	329.581268	311.068756
0	2.508000	0.347826	361.518616	325.568604
0	2.539000	0.386377	336.250000	313.637512
0	2.570000	0.661449	330.800049	310.250000
0	2.601000	0.620725	329.193756	309.556244
0	2.648000	0.347826	364.181244	318.493744
1	2.679000	0.690290	330.568756	309.431244
0	2.710000	0.448116	335.499878	311.787598
1	2.742000	0.680290	330.462433	309.574921
1	2.773000	0.703333	331.131256	310.756256
0	2.804000	0.504928	335.625000	312.000000
0	2.835000	0.529710	334.606262	311.106262
0	2.866000	0.607101	328.531250	309.281250
1	2.913000	0.649420	329.106262	309.393738
0	2.944000	0.382609	363.250000	319.750000
0	2.976000	0.550725	332.825012	310.625000
0	3.007000	0.347826	355.018738	331.518738
1	3.038000	0.698551	329.000000	310.000000
0	3.069000	0.487681	361.018738	327.268738
1	3.100000	0.423333	335.968750	315.156250
0	3.147000	0.466377	335.274994	315.212494
1	3.178000	0.722319	331.375000	312.812500
1	3.210000	0.429420	336.056244	315.681244
0	3.241000	0.392319	363.481262	322.681213
0	3.272000	0.424928	335.649994	315.287506
1	3.303000	0.695072	329.000000	311.500000
0	3.334000	0.428841	335.343750	315.656250
1	3.381000	0.740725	329.843750	310.706238
0	3.412000	0.382609	361.000000	330.000000
0	3.444000	0.347826	362.568390	323.830719
1	3.475000	0.446232	328.406250	305.406250
0	3.506000	0.347826	360.831543	331.680847
1	3.537000	0.421884	336.256256	313.881256
1	3.568000	0.792464	330.337494	309.975006
1	3.600000	0.670725	328.350006	308.350006
1	3.646000	0.781449	330.149994	309.024994
0	3.678000	0.348406	357.968506	322.368408
1	3.709000	0.782609	330.000000	308.500000
1	3.740000	0.776812	330.862488	308.750000
0	3.771000	0.347826	361.493744	317.981232
1	3.802000	0.758696	330.687500	308.437500
0	3.834000	0.609275	335.187500	309.500000
0	3.880000	1.546232	351.718750	306.718750
0	3.912000	0.440580	334.000000	313.000000
0	3.943000	0.707971	328.906219	307.843658
1	3.974000	0.779420	330.162506	308.162506
0	4.005000	0.746667	329.399994	308.412506
0	4.036000	0.596667	333.318756	310.568756
1	4.068000	0.759710	330.412506	308.587494
1	4.114000	0.798406	330.968750	308.531250
1	4.146000	0.814638	330.706238	309.281250
1	4.177000	0.759710	330.587494	308.412506
1	4.208000	0.755362	329.524994	307.524994
1	4.239000	0.417971	335.200012	312.812500
1	4.270000	0.752754	329.687500	307.437500
1	4.302000	0.764638	329.750000	307.625000
0	4.333000	0.468986	335.500000	312.250000
0	4.380000	0.347826	350.518738	337.968750
1	4.411000	0.783768	330.225006	308.225006
1	4.442000	0.814058	330.968719	308.168732
0	4.473000	0.556522	328.000000	303.000000
0	4.504000	0.544493	327.568756	304.568756
1	4.536000	0.805507	330.412506	308.162506
1	4.567000	0.801159	330.024994	308.149994
0	4.614000	0.566232	334.131256	310.056244
0	4.645000	0.568551	333.931244	310.118744
1	4.676000	0.759710	329.587494	308.462494
0	4.707000	0.796812	330.037506	309.037506
1	4.738000	0.813768	330.681366	309.243805
0	4.770000	0.446377	336.625000	312.875000
0	4.801000	0.742029	328.000000	307.000000
1	4.848000	0.787971	329.068756	308.806244
1	4.879000	0.741884	327.656250	307.593750
1	4.910000	0.782609	328.500000	308.000000
1	4.941000	0.794058	329.343658	308.993744
1	4.972000	0.794928	329.081329	308.981293
1	5.004000	0.801159	329.975006	309.475006
1	5.035000	0.792464	329.374908	309.975006
1	5.066000	0.833768	330.568756	310.431244
1	5.113000	0.814203	330.712494	310.100006
0	5.144000	0.705362	326.818756	308.818756
0	5.175000	0.773333	327.875000	308.875000
1	5.206000	0.835942	328.912506	309.975006
1	5.238000	0.800000	329.250000	309.250000
0	5.269000	0.668406	332.725006	311.350006
0	5.300000	0.607536	334.225006	311.412506
0	5.347000	0.529855	335.437500	312.625000
0	5.378000	0.834783	328.000000	311.000000
1	5.409000	0.801159	330.100006	309.975006
1	5.440000	0.834783	330.750000	309.750000
1	5.472000	0.807536	330.037506	310.212494
0	5.503000	0.486957	335.750000	313.750000
1	5.534000	0.834783	330.500000	309.500000
1	5.581000	0.813623	330.312500	309.312500
1	5.612000	0.814203	330.287506	309.287506
0	5.643000	0.458116	336.706238	314.293762
1	5.674000	0.853333	331.225006	310.149994
1	5.706000	0.838116	331.093719	310.506256
1	5.737000	0.804203	331.006256	309.993744
1	5.768000	0.818551	330.725006	309.350006
1	5.799000	0.814203	330.149994	309.712494
1	5.846000	0.834783	332.000000	311.000000
0	5.877000	0.612898	334.268738	312.281250
1	5.908000	0.800290	330.137482	310.062469
0	5.940000	0.456522	336.500000	313.625000
0	5.971000	0.395652	338.968750	314.156250
1	6.002000	0.854058	330.868774	310.318726
1	6.033000	0.811594	331.075012	309.750000
1	6.080000	0.815362	330.337494	309.712494
0	6.111000	0.439710	335.187500	314.312500
1	6.142000	0.835797	330.431244	309.443756
1	6.174000	0.812464	330.187500	309.750000
0	6.205000	0.475362	335.750000	313.250000
1	6.236000	0.821014	329.643738	309.081238
1	6.267000	0.844638	330.524994	309.725006
1	6.314000	0.834203	330.562500	310.000000
0	6.345000	0.347826	340.018738	332.868652
1	6.376000	0.839710	330.687500	309.437500
1	6.408000	0.822899	330.212494	308.462494
1	6.439000	0.811884	329.287506	308.712494
0	6.470000	0.539710	326.750000	304.750000
0	6.501000	0.759710	329.587494	307.462494
1	6.532000	0.764638	328.987488	307.500000
1	6.579000	0.796812	330.899841	308.037537
1	6.610000	0.808696	330.750000	307.750000
1	6.642000	0.799710	330.887390	307.950012
1	6.673000	0.579275	334.818756	309.818756
1	6.704000	0.812464	330.062500	307.187500
1	6.735000	0.812464	329.512512	306.737488
1	6.766000	0.827536	330.000000	305.875000
1	6.813000	0.828841	329.656250	306.343750
1	6.844000	0.838116	330.006256	306.368744
1	6.876000	0.832029	329.218750	306.531250
1	6.907000	0.870145	330.875000	306.750000
1	6.938000	0.815362	330.287506	306.287506
1	6.969000	0.448841	336.568756	311.318756
1	7.000000	0.846377	330.750000	305.750000
1	7.032000	0.842029	331.312439	305.450012
0	7.078000	0.347826	361.656250	315.318665
1	7.110000	0.875362	331.000000	306.000000
1	7.141000	0.848406	330.237488	305.187500
1	7.172000	0.481159	336.000000	310.500000
0	7.203000	0.583333	334.818787	308.106262
1	7.234000	0.465362	336.193756	311.306244
0	7.266000	0.447681	336.431244	311.443756
1	7.312000	0.840145	332.106232	306.493744
1	7.344000	0.853188	330.693756	305.618744
1	7.375000	0.866812	330.031250	306.031250
1	7.406000	0.817391	329.937500	305.687500
0	7.437000	0.811884	329.287506	305.287506
1	7.468000	0.815942	328.312500	305.687500
0	7.500000	0.610145	333.237488	307.762512
1	7.546000	0.834783	329.750000	305.750000
1	7.578000	0.590145	334.975006	309.212494
1	7.609000	0.853623	332.000000	306.875000
0	7.640000	0.490725	337.187500	310.562500
1	7.671000	0.829710	329.956238	305.956238
1	7.702000	0.844203	330.318726	305.481262
1	7.734000	0.850000	329.806244	304.806244
1	7.765000	0.848985	329.787506	305.787506
1	7.812000	0.853623	330.699951	305.150024
0	7.843000	0.834783	328.000000	307.000000
1	7.874000	0.620580	335.350006	308.662506
1	7.905000	0.857971	330.500000	306.500000
0	7.936000	0.512029	338.068756	310.381256
0	7.968000	0.544493	336.568756	310.568756
1	7.999000	0.870725	330.475006	306.475006
1	8.046000	0.874638	330.831238	307.143738
1	8.077000	0.874638	330.106262	306.856262
1	8.108000	0.887971	329.743744	307.056244
1	8.139000	0.852754	330.125000	307.375000
1	8.170000	0.866812	330.456238	307.968750
1	8.202000	0.883768	330.762482	308.024994
1	8.233000	0.914203	331.100006	308.350006
0	8.264000	0.834783	332.000000	307.000000
1	8.311000	0.832029	329.531250	306.968750
1	8.342000	0.874058	330.881256	307.881256
1	8.373000	0.904348	330.000000	307.000000
1	8.404000	0.921739	330.500000	307.500000
1	8.436000	0.898841	330.537506	308.037506
0	8.467000	0.675507	334.593750	310.656250
1	8.498000	0.921159	331.562500	309.250000
1	8.545000	0.903188	331.574982	310.274994
0	8.576000	1.020290	328.000000	311.000000
0	8.607000	0.680145	335.556244	312.181244
1	8.638000	0.916377	331.268768	310.568756
1	8.670000	0.912029	330.318756	310.368744
0	8.701000	0.666377	334.774994	312.212494
1	8.732000	0.909855	330.600006	310.287506
1	8.779000	0.931594	330.600006	309.600006
0	8.810000	0.623188	336.187500	312.437500
1	8.841000	0.892754	331.750000	310.250000
1	8.872000	0.918985	332.593750	309.468750
1	8.904000	0.938116	333.493744	309.131256
1	8.935000	0.925507	332.375000	309.812500
1	8.966000	0.950580	332.156250	309.156250
1	8.997000	0.933913	332.600098	309.500000
0	9.044000	1.020290	336.000000	311.000000
0	9.075000	0.574493	338.000000	314.000000
1	9.106000	0.922899	331.475006	310.762482
1	9.138000	0.927536	331.500000	310.500000
1	9.169000	0.962464	332.343750	309.906250
1	9.200000	0.929855	332.125000	310.125000
1	9.231000	0.938116	332.006256	310.006256
0	9.278000	0.612319	337.481262	312.768738
1	9.309000	0.915942	331.750000	309.250000
1	9.340000	0.912029	331.631256	309.368744
1	9.372000	0.957681	330.725006	309.024994
1	9.403000	0.957102	330.750000	308.750000
0	9.434000	0.620580	336.350006	312.037506
1	9.465000	0.941159	331.712494	308.949982
0	9.512000	0.516812	337.562500	312.312500
1	9.543000	1.020290	332.000000	311.000000
1	9.574000	0.948841	332.356262	306.818726
1	9.606000	0.902029	330.925018	306.475006
1	9.637000	0.948551	331.393738	305.843750
1	9.668000	0.927681	331.156250	305.593750
0	9.699000	1.187103	333.794098	317.569122
1	9.730000	0.927681	331.156250	306.343750
1	9.777000	0.967971	330.468750	306.781250
0	9.808000	0.834783	332.000000	307.000000
1	9.840000	0.916377	331.693756	306.681244
0	9.871000	0.696377	335.981262	307.018738
0	9.902000	0.695652	336.500000	306.500000
1	9.933000	0.922754	331.493744	305.293732
1	9.964000	0.926667	331.062500	305.312500
1	10.011000	0.881159	331.000000	304.000000
1	10.042000	0.894493	330.149994	304.149994
1	10.074000	0.947971	331.368744	304.381256
1	10.105000	0.912899	331.368744	304.631256
1	10.136000	0.942464	330.806244	305.306244
1	10.167000	0.928116	331.324982	305.587494
1	10.198000	0.909275	330.437500	304.812500
1	10.245000	0.942898	331.812500	305.437500
1	10.276000	0.901449	330.512512	304.549988
1	10.308000	0.951594	331.187500	305.812500
1	10.339000	0.946812	331.418732	305.868744
1	10.370000	0.957102	331.312500	305.750000
1	10.401000	0.973913	331.500000	306.500000
0	10.432000	1.464638	341.112488	313.200012
1	10.464000	0.956522	332.000000	307.000000
1	10.510000	1.007102	331.518738	307.531250
1	10.542000	0.990580	332.268738	307.218750
1	10.573000	0.978116	333.181244	307.818756
1	10.604000	0.973913	333.000000	308.000000
1	10.635000	0.979275	331.056244	307.381256
1	10.666000	0.972754	331.475006	307.899994
0	10.698000	0.531594	337.649994	312.649994
1	10.744000	0.966667	330.387512	307.862488
1	10.776000	0.932029	331.393738	308.406250
1	10.807000	0.988406	331.281250	308.218750
1	10.838000	0.978986	330.918762	308.168762
0	10.869000	1.393480	346.618378	315.143585
0	10.900000	0.599275	338.418762	313.331238
0	10.932000	0.902609	341.675079	310.600006
1	10.963000	0.953188	330.743744	308.743744
1	11.010000	0.938116	330.006256	308.493744
1	11.041000	0.937971	330.512482	308.475006
0	11.072000	0.899275	329.481201	307.931274
1	11.103000	0.982029	330.625000	309.375000
1	11.134000	0.955507	331.243744	309.256256
0	11.166000	0.695072	335.375000	311.562500
1	11.197000	0.977536	331.956238	309.206238
1	11.244000	0.965217	331.562500	309.062500
0	11.275000	0.575797	337.993744	313.118744
0	11.306000	0.610145	337.237488	311.812500
1	11.337000	0.997101	332.000000	309.000000
1	11.368000	0.973913	331.000000	308.000000
1	11.400000	0.973913	331.000000	308.000000
1	11.431000	0.973913	331.000000	308.000000
1	11.478000	0.955942	331.250000	308.750000
1	11.509000	1.008841	330.993744	309.443756
1	11.540000	1.008696	331.250000	309.750000
0	11.571000	1.513043	342.500000	318.500000
1	11.602000	1.008116	332.000000	310.500000
1	11.634000	1.001159	332.850006	310.274994
1	11.665000	1.004203	331.793732	310.506256
0	11.696000	1.715942	343.000000	320.000000
1	11.743000	1.046232	331.456268	311.018768
1	11.774000	1.018116	332.106262	311.106262
1	11.805000	1.043478	332.000000	311.000000
1	11.836000	1.000000	333.718750	311.093750
1	11.868000	1.043478	332.000000	311.000000
1	11.899000	1.053333	332.600006	311.100006
1	11.930000	1.043333	332.493744	310.993744
1	11.977000	1.043478	332.750000	310.250000
1	12.008000	1.055072	332.000000	310.000000
1	12.039000	1.048985	331.537506	310.037506
1	12.070000	1.035362	331.625000	309.924988
1	12.102000	1.060290	331.250000	309.799988
1	12.133000	1.069565	331.562500	309.312500
1	12.164000	1.041304	332.187500	309.500000
1	12.211000	1.059710	332.225006	309.725006
1	12.242000	1.079275	331.993744	310.431244
1	12.273000	1.070580	331.868744	309.918732
1	12.304000	1.044058	332.000000	309.000000
1	12.336000	1.092898	331.156250	309.706238
1	12.367000	1.044638	331.600006	308.475006
0	12.398000	1.768406	347.975006	313.412506
1	12.429000	1.062029	332.100006	308.399994
1	12.476000	1.084638	331.975006	308.475006
1	12.507000	1.083768	331.462494	309.462494
1	12.539000	1.072464	331.000000	309.000000
1	12.570000	1.096232	331.750000	309.637512
1	12.601000	1.077101	331.975006	309.024994
1	12.632000	1.079275	332.556244	308.556244
0	12.663000	1.644493	344.131256	318.131256
0	12.710000	1.112319	348.018738	321.018738
1	12.741000	1.052754	332.125000	308.875000
0	12.773000	1.670145	342.187500	317.200012
1	12.804000	1.078841	331.000000	309.437500
1	12.835000	1.070145	331.125000	308.875000
0	12.866000	1.557246	344.643738	314.643738
1	12.897000	1.043478	332.000000	309.000000
0	12.944000	1.459275	351.281250	312.018738
1	12.975000	1.094638	332.293732	308.631256
0	13.007000	1.804928	346.625000	310.062500
1	13.038000	1.081015	331.468750	308.531250
0	13.069000	1.859855	347.631256	310.881256
1	13.100000	1.808696	343.000000	316.000000
1	13.131000	1.101449	331.000000	308.000000
0	13.163000	1.611594	340.000000	318.000000
1	13.209000	1.089855	331.500000	307.500000
1	13.241000	1.078261	331.000000	308.000000
1	13.272000	1.060290	331.750000	307.250000
1	13.303000	1.046812	332.956207	307.893768
1	13.334000	1.050725	332.937500	307.937500
1	13.365000	1.044638	332.524994	307.524994
0	13.397000	1.715217	345.356232	308.681244
1	13.443000	1.062029	331.774994	307.725006
1	13.475000	1.079855	331.468750	307.593750
1	13.506000	1.066667	333.000000	308.000000
1	13.537000	1.113043	331.000000	308.000000
1	13.568000	1.057971	331.500000	307.000000
1	13.599000	1.048406	331.062500	307.437500
1	13.631000	1.063623	331.156250	307.781250
1	13.662000	1.042754	332.481262	307.518738
1	13.709000	1.029420	332.556244	308.543732
1	13.740000	1.061884	332.243744	307.256256
0	13.771000	1.246812	347.881256	316.318756
1	13.802000	1.079855	331.731262	308.981262
1	13.833000	1.062464	332.218750	308.718750
1	13.865000	1.113043	332.000000	307.000000
1	13.896000	1.098406	331.731262	308.893738
1	13.943000	1.079855	332.406250	308.468750
0	13.974000	1.435362	354.125000	308.375000
0	14.005000	1.820290	339.625092	319.274933
1	14.036000	1.079420	333.024994	309.024994
1	14.067000	1.079855	332.518738	308.406250
1	14.099000	1.081449	332.462494	308.462494
1	14.130000	1.096232	332.250000	308.875000
1	14.177000	1.097971	332.212494	308.212494
0	14.208000	1.028841	351.468750	318.968750
1	14.239000	1.122899	332.975006	308.412506
1	14.270000	1.105362	333.243744	308.743744
0	14.301000	1.827681	348.718750	307.718750
1	14.333000	1.114203	333.524994	309.475006
1	14.364000	1.113043	332.000000	311.000000
0	14.395000	1.494638	354.243744	310.243744
0	14.442000	1.692754	342.000000	315.000000
1	14.473000	1.109710	332.993744	309.006256
1	14.504000	1.088551	332.906250	308.393738
1	14.535000	1.136232	332.000000	307.000000
1	14.567000	1.126812	332.606262	308.418762
1	14.598000	1.136232	334.000000	309.000000
1	14.629000	1.083768	332.462494	308.462494
1	14.676000	1.068841	333.693726	308.156250
1	14.707000	1.092898	333.168823	309.156250
1	14.738000	1.078261	333.000000	310.000000
0	14.769000	1.295652	333.687500	314.312500
1	14.801000	1.115507	332.993744	309.368744
1	14.832000	1.113043	333.250000	309.250000
1	14.863000	1.104203	332.381256	309.256256
1	14.894000	1.118986	333.093750	309.531250
1	14.941000	1.113043	331.750000	309.250000
1	14.972000	1.113043	332.000000	311.000000
1	15.003000	1.113043	332.000000	311.000000
1	15.035000	1.116377	332.506256	310.681244
1	15.066000	1.137681	332.674988	309.762512
1	15.097000	1.086377	332.500000	309.937500
1	15.128000	1.113623	332.000000	309.500000
1	15.175000	1.129855	330.875000	309.375000
1	15.206000	1.113043	331.343750	309.093750
1	15.237000	1.107246	331.000000	309.000000
0	15.269000	1.947826	344.000000	315.000000
1	15.300000	1.109275	331.187500	309.262512
1	15.331000	1.081594	331.006256	309.243744
1	15.362000	0.588116	338.212494	315.162506
1	15.409000	1.078261	332.000000	310.000000
1	15.440000	1.081015	332.031250	309.468750
1	15.471000	1.078841	332.500000	309.500000
1	15.503000	1.097246	331.781250	309.768738
1	15.534000	1.118986	331.531250	309.468750
0	15.565000	1.574927	338.868744	317.381256
1	15.596000	1.083188	331.599976	309.512512
0	15.627000	1.485362	350.643738	308.393738
1	15.674000	1.092898	331.843750	309.281250
1	15.705000	1.118986	332.093750	309.468750
1	15.737000	1.118841	332.000000	309.500000
1	15.768000	1.113623	331.987488	309.950012
1	15.799000	1.139130	335.812500	310.062500
1	15.830000	1.138551	332.662476	309.424988
1	15.861000	1.130290	332.256256	309.506256
1	15.908000	1.113043	332.000000	311.000000
1	15.939000	1.101449	332.000000	310.000000
1	15.971000	1.122029	331.562500	309.912537
1	16.002000	1.166812	331.831238	310.831238
1	16.033000	1.147826	331.750000	310.250000
1	16.064000	1.118551	332.537506	310.462494
1	16.095000	1.117971	331.937500	310.562500
1	16.142000	1.113043	332.000000	311.000000
0	16.173000	1.667971	343.843750	314.781250
1	16.205000	1.120145	332.593750	310.343750
1	16.236000	1.159420	331.500000	309.500000
1	16.267000	1.136232	331.750000	309.250000
0	16.298000	1.669565	343.000000	316.000000
1	16.329000	1.114058	331.506256	309.493744
1	16.361000	1.124638	331.000000	309.000000
1	16.407000	1.149275	331.012512	309.987488
1	16.439000	1.177246	332.368744	310.368744
1	16.470000	1.139855	332.206238	309.793762
1	16.501000	1.139130	332.250000	310.000000
1	16.532000	1.113043	332.000000	311.000000
0	16.563000	1.616812	343.750000	312.437500
1	16.595000	1.131014	330.875000	309.500000
1	16.641000	1.135072	331.274994	309.125031
0	16.673000	1.704348	341.000000	319.000000
0	16.704000	1.988406	346.812500	309.687500
1	16.735000	1.136812	331.337494	309.850006
1	16.766000	1.136232	330.000000	309.000000
0	16.797000	1.798986	342.743744	316.056244
0	16.829000	1.947826	348.000000	311.000000
1	16.875000	1.122319	332.250000	310.000000
1	16.907000	1.139275	332.181244	310.806244
1	16.938000	1.113043	332.000000	311.000000
0	16.969000	1.692754	338.500000	318.500000
1	17.000000	1.118986	331.531250	310.093750
1	17.031000	1.123188	331.800018	310.037506
1	17.063000	1.149275	331.012512	311.012512
1	17.094000	1.113043	331.000000	312.000000
1	17.141000	1.124638	332.250000	311.250000
1	17.172000	1.113043	332.000000	311.000000
1	17.203000	1.102754	332.343750	311.656250
1	17.234000	1.114203	331.975006	311.524994
1	17.265000	1.090725	332.187500	311.812500
1	17.297000	1.113043	332.500000	310.500000
1	17.328000	1.099275	331.793762	310.281250
1	17.375000	1.078261	332.000000	310.000000
1	17.406000	1.064638	331.312500	310.812500
0	17.437000	0.571884	339.037506	315.187531
1	17.468000	1.061884	331.743744	310.743744
1	17.499000	1.062029	331.725006	312.225006
1	17.531000	1.069565	332.250000	312.250000
1	17.562000	1.040580	332.575012	312.012512
1	17.609000	1.038406	332.443726	312.043762
0	17.640000	1.298551	352.000000	307.000000
1	17.671000	1.062029	331.774994	312.725006
1	17.702000	1.025362	332.218750	312.731262
1	17.733000	1.062029	331.225006	312.725006
1	17.765000	1.044058	331.500000	312.000000
1	17.796000	1.058116	331.343750	312.156250
1	17.827000	1.076667	331.968750	311.968750
1	17.874000	1.043478	332.000000	311.000000
0	17.905000	1.676667	353.906250	313.093750
0	17.936000	1.710290	346.706238	313.731262
1	17.967000	1.044058	332.500000	314.000000
1	17.999000	1.081594	331.506256	313.993744
<\RIGHT-PUPIL-DATA>
<LEFT-PUPIL-DATA>
542	0
0	-0.066000	13.913043	240.000000	320.000000
0	-0.035000	13.913043	240.000000	320.000000
0	-0.004000	13.913043	240.000000	320.000000
0	0.027000	13.913043	240.000000	320.000000
0	0.074000	13.913043	240.000000	320.000000
0	0.105000	13.913043	240.000000	320.000000
0	0.137000	13.913043	240.000000	320.000000
0	0.168000	13.913043	240.000000	320.000000
0	0.199000	13.913043	240.000000	320.000000
0	0.230000	13.913043	240.000000	320.000000
0	0.261000	13.913043	240.000000	320.000000
0	0.308000	13.913043	240.000000	320.000000
0	0.339000	13.913043	240.000000	320.000000
0	0.371000	13.913043	240.000000	320.000000
0	0.402000	13.913043	240.000000	320.000000
0	0.433000	13.913043	240.000000	320.000000
0	0.464000	13.913043	240.000000	320.000000
0	0.495000	13.913043	240.000000	320.000000
0	0.527000	13.913043	240.000000	320.000000
0	0.573000	13.913043	240.000000	320.000000
0	0.605000	13.913043	240.000000	320.000000
0	0.636000	13.913043	240.000000	320.000000
0	0.667000	13.913043	240.000000	320.000000
0	0.698000	13.913043	240.000000	320.000000
0	0.729000	13.913043	240.000000	320.000000
0	0.761000	13.913043	240.000000	320.000000
0	0.807000	13.913043	240.000000	320.000000
0	0.839000	13.913043	240.000000	320.000000
0	0.870000	13.913043	240.000000	320.000000
0	0.901000	13.913043	240.000000	320.000000
0	0.932000	13.913043	240.000000	320.000000
0	0.963000	13.913043	240.000000	320.000000
0	0.995000	13.913043	240.000000	320.000000
0	1.026000	13.913043	240.000000	320.000000
0	1.073000	13.913043	240.000000	320.000000
0	1.104000	13.913043	240.000000	320.000000
0	1.135000	13.913043	240.000000	320.000000
0	1.166000	13.913043	240.000000	320.000000
0	1.197000	13.913043	240.000000	320.000000
0	1.229000	13.913043	240.000000	320.000000
0	1.260000	13.913043	240.000000	320.000000
0	1.307000	13.913043	240.000000	320.000000
0	1.338000	13.913043	240.000000	320.000000
0	1.369000	13.913043	240.000000	320.000000
0	1.400000	13.913043	240.000000	320.000000
0	1.431000	13.913043	240.000000	320.000000
0	1.463000	13.913043	240.000000	320.000000
0	1.494000	13.913043	240.000000	320.000000
0	1.541000	13.913043	240.000000	320.000000
0	1.572000	13.913043	240.000000	320.000000
0	1.603000	13.913043	240.000000	320.000000
0	1.634000	13.913043	240.000000	320.000000
0	1.665000	13.913043	240.000000	320.000000
0	1.697000	13.913043	240.000000	320.000000
0	1.728000	13.913043	240.000000	320.000000
0	1.759000	13.913043	240.000000	320.000000
0	1.806000	13.913043	240.000000	320.000000
0	1.837000	13.913043	240.000000	320.000000
0	1.868000	13.913043	240.000000	320.000000
0	1.899000	13.913043	240.000000	320.000000
0	1.931000	13.913043	240.000000	320.000000
0	1.962000	13.913043	240.000000	320.000000
0	1.993000	13.913043	240.000000	320.000000
0	2.040000	13.913043	240.000000	320.000000
0	2.071000	13.913043	240.000000	320.000000
0	2.102000	13.913043	240.000000	320.000000
0	2.133000	13.913043	240.000000	320.000000
0	2.165000	13.913043	240.000000	320.000000
0	2.196000	13.913043	240.000000	320.000000
0	2.227000	13.913043	240.000000	320.000000
0	2.274000	13.913043	240.000000	320.000000
0	2.305000	13.913043	240.000000	320.000000
0	2.336000	13.913043	240.000000	320.000000
0	2.367000	13.913043	240.000000	320.000000
0	2.399000	13.913043	240.000000	320.000000
0	2.430000	13.913043	240.000000	320.000000
0	2.461000	13.913043	240.000000	320.000000
0	2.492000	13.913043	240.000000	320.000000
0	2.539000	13.913043	240.000000	320.000000
0	2.570000	13.913043	240.000000	320.000000
0	2.601000	13.913043	240.000000	320.000000
0	2.633000	13.913043	240.000000	320.000000
0	2.664000	13.913043	240.000000	320.000000
0	2.695000	13.913043	240.000000	320.000000
0	2.726000	13.913043	240.000000	320.000000
0	2.773000	13.913043	240.000000	320.000000
0	2.804000	13.913043	240.000000	320.000000
0	2.835000	13.913043	240.000000	320.000000
0	2.867000	13.913043	240.000000	320.000000
0	2.898000	13.913043	240.000000	320.000000
0	2.929000	13.913043	240.000000	320.000000
0	2.960000	13.913043	240.000000	320.000000
0	2.991000	13.913043	240.000000	320.000000
0	3.038000	13.913043	240.000000	320.000000
0	3.069000	13.913043	240.000000	320.000000
0	3.101000	13.913043	240.000000	320.000000
0	3.132000	13.913043	240.000000	320.000000
0	3.163000	13.913043	240.000000	320.000000
0	3.194000	13.913043	240.000000	320.000000
0	3.225000	13.913043	240.000000	320.000000
0	3.272000	13.913043	240.000000	320.000000
0	3.303000	13.913043	240.000000	320.000000
0	3.335000	13.913043	240.000000	320.000000
0	3.366000	13.913043	240.000000	320.000000
0	3.397000	13.913043	240.000000	320.000000
0	3.428000	13.913043	240.000000	320.000000
0	3.459000	13.913043	240.000000	320.000000
0	3.506000	13.913043	240.000000	320.000000
0	3.537000	13.913043	240.000000	320.000000
0	3.569000	13.913043	240.000000	320.000000
0	3.600000	13.913043	240.000000	320.000000
0	3.631000	13.913043	240.000000	320.000000
0	3.662000	13.913043	240.000000	320.000000
0	3.693000	13.913043	240.000000	320.000000
0	3.725000	13.913043	240.000000	320.000000
0	3.771000	13.913043	240.000000	320.000000
0	3.803000	13.913043	240.000000	320.000000
0	3.834000	13.913043	240.000000	320.000000
0	3.865000	13.913043	240.000000	320.000000
0	3.896000	13.913043	240.000000	320.000000
0	3.927000	13.913043	240.000000	320.000000
0	3.959000	13.913043	240.000000	320.000000
0	4.005000	13.913043	240.000000	320.000000
0	4.037000	13.913043	240.000000	320.000000
0	4.068000	13.913043	240.000000	320.000000
0	4.099000	13.913043	240.000000	320.000000
0	4.130000	13.913043	240.000000	320.000000
0	4.161000	13.913043	240.000000	320.000000
0	4.193000	13.913043	240.000000	320.000000
0	4.239000	13.913043	240.000000	320.000000
0	4.271000	13.913043	240.000000	320.000000
0	4.302000	13.913043	240.000000	320.000000
0	4.333000	13.913043	240.000000	320.000000
0	4.364000	13.913043	240.000000	320.000000
0	4.395000	13.913043	240.000000	320.000000
0	4.427000	13.913043	240.000000	320.000000
0	4.458000	13.913043	240.000000	320.000000
0	4.505000	13.913043	240.000000	320.000000
0	4.536000	13.913043	240.000000	320.000000
0	4.567000	13.913043	240.000000	320.000000
0	4.598000	13.913043	240.000000	320.000000
0	4.629000	13.913043	240.000000	320.000000
0	4.661000	13.913043	240.000000	320.000000
0	4.692000	13.913043	240.000000	320.000000
0	4.739000	13.913043	240.000000	320.000000
0	4.770000	13.913043	240.000000	320.000000
0	4.801000	13.913043	240.000000	320.000000
0	4.832000	13.913043	240.000000	320.000000
0	4.863000	13.913043	240.000000	320.000000
0	4.895000	13.913043	240.000000	320.000000
0	4.926000	13.913043	240.000000	320.000000
0	4.973000	13.913043	240.000000	320.000000
0	5.004000	13.913043	240.000000	320.000000
0	5.035000	13.913043	240.000000	320.000000
0	5.066000	13.913043	240.000000	320.000000
0	5.097000	13.913043	240.000000	320.000000
0	5.129000	13.913043	240.000000	320.000000
0	5.160000	13.913043	240.000000	320.000000
0	5.191000	13.913043	240.000000	320.000000
0	5.238000	13.913043	240.000000	320.000000
0	5.269000	13.913043	240.000000	320.000000
0	5.300000	13.913043	240.000000	320.000000
0	5.331000	13.913043	240.000000	320.000000
0	5.363000	13.913043	240.000000	320.000000
0	5.394000	13.913043	240.000000	320.000000
0	5.425000	13.913043	240.000000	320.000000
0	5.472000	13.913043	240.000000	320.000000
0	5.503000	13.913043	240.000000	320.000000
0	5.534000	13.913043	240.000000	320.000000
0	5.565000	13.913043	240.000000	320.000000
0	5.597000	13.913043	240.000000	320.000000
0	5.628000	13.913043	240.000000	320.000000
0	5.659000	13.913043	240.000000	320.000000
0	5.706000	13.913043	240.000000	320.000000
0	5.737000	13.913043	240.000000	320.000000
0	5.768000	13.913043	240.000000	320.000000
0	5.799000	13.913043	240.000000	320.000000
0	5.831000	13.913043	240.000000	320.000000
0	5.862000	13.913043	240.000000	320.000000
0	5.893000	13.913043	240.000000	320.000000
0	5.924000	13.913043	240.000000	320.000000
0	5.971000	13.913043	240.000000	320.000000
0	6.002000	13.913043	240.000000	320.000000
0	6.033000	13.913043	240.000000	320.000000
0	6.065000	13.913043	240.000000	320.000000
0	6.096000	13.913043	240.000000	320.000000
0	6.127000	13.913043	240.000000	320.000000
0	6.158000	13.913043	240.000000	320.000000
0	6.205000	13.913043	240.000000	320.000000
0	6.236000	13.913043	240.000000	320.000000
0	6.267000	13.913043	240.000000	320.000000
0	6.299000	13.913043	240.000000	320.000000
0	6.330000	13.913043	240.000000	320.000000
0	6.361000	13.913043	240.000000	320.000000
0	6.392000	13.913043	240.000000	320.000000
0	6.423000	13.913043	240.000000	320.000000
0	6.470000	13.913043	240.000000	320.000000
0	6.501000	13.913043	240.000000	320.000000
0	6.533000	13.913043	240.000000	320.000000
0	6.564000	13.913043	240.000000	320.000000
0	6.595000	13.913043	240.000000	320.000000
0	6.626000	13.913043	240.000000	320.000000
0	6.657000	13.913043	240.000000	320.000000
0	6.704000	13.913043	240.000000	320.000000
0	6.735000	13.913043	240.000000	320.000000
0	6.767000	13.913043	240.000000	320.000000
0	6.798000	13.913043	240.000000	320.000000
0	6.829000	13.913043	240.000000	320.000000
0	6.860000	13.913043	240.000000	320.000000
0	6.891000	13.913043	240.000000	320.000000
0	6.923000	13.913043	240.000000	320.000000
0	6.969000	13.913043	240.000000	320.000000
0	7.001000	13.913043	240.000000	320.000000
0	7.032000	13.913043	240.000000	320.000000
0	7.063000	13.913043	240.000000	320.000000
0	7.094000	13.913043	240.000000	320.000000
0	7.125000	13.913043	240.000000	320.000000
0	7.157000	13.913043	240.000000	320.000000
0	7.203000	13.913043	240.000000	320.000000
0	7.235000	13.913043	240.000000	320.000000
0	7.266000	13.913043	240.000000	320.000000
0	7.297000	13.913043	240.000000	320.000000
0	7.328000	13.913043	240.000000	320.000000
0	7.359000	13.913043	240.000000	320.000000
0	7.391000	13.913043	240.000000	320.000000
0	7.437000	13.913043	240.000000	320.000000
0	7.469000	13.913043	240.000000	320.000000
0	7.500000	13.913043	240.000000	320.000000
0	7.531000	13.913043	240.000000	320.000000
0	7.562000	13.913043	240.000000	320.000000
0	7.593000	13.913043	240.000000	320.000000
0	7.625000	13.913043	240.000000	320.000000
0	7.656000	13.913043	240.000000	320.000000
0	7.703000	13.913043	240.000000	320.000000
0	7.734000	13.913043	240.000000	320.000000
0	7.765000	13.913043	240.000000	320.000000
0	7.796000	13.913043	240.000000	320.000000
0	7.827000	13.913043	240.000000	320.000000
0	7.859000	13.913043	240.000000	320.000000
0	7.890000	13.913043	240.000000	320.000000
0	7.937000	13.913043	240.000000	320.000000
0	7.968000	13.913043	240.000000	320.000000
0	7.999000	13.913043	240.000000	320.000000
0	8.030000	13.913043	240.000000	320.000000
0	8.061000	13.913043	240.000000	320.000000
0	8.093000	13.913043	240.000000	320.000000
0	8.124000	13.913043	240.000000	320.000000
0	8.171000	13.913043	240.000000	320.000000
0	8.202000	13.913043	240.000000	320.000000
0	8.233000	13.913043	240.000000	320.000000
0	8.264000	13.913043	240.000000	320.000000
0	8.295000	13.913043	240.000000	320.000000
0	8.327000	13.913043	240.000000	320.000000
0	8.358000	13.913043	240.000000	320.000000
0	8.389000	13.913043	240.000000	320.000000
0	8.436000	13.913043	240.000000	320.000000
0	8.467000	13.913043	240.000000	320.000000
0	8.498000	13.913043	240.000000	320.000000
0	8.529000	13.913043	240.000000	320.000000
0	8.561000	13.913043	240.000000	320.000000
0	8.592000	13.913043	240.000000	320.000000
0	8.623000	13.913043	240.000000	320.000000
0	8.670000	13.913043	240.000000	320.000000
0	8.701000	13.913043	240.000000	320.000000
0	8.732000	13.913043	240.000000	320.000000
0	8.763000	13.913043	240.000000	320.000000
0	8.795000	13.913043	240.000000	320.000000
0	8.826000	13.913043	240.000000	320.000000
0	8.857000	13.913043	240.000000	320.000000
0	8.904000	13.913043	240.000000	320.000000
0	8.935000	13.913043	240.000000	320.000000
0	8.966000	13.913043	240.000000	320.000000
0	8.997000	13.913043	240.000000	320.000000
0	9.029000	13.913043	240.000000	320.000000
0	9.060000	13.913043	240.000000	320.000000
0	9.091000	13.913043	240.000000	320.000000
0	9.122000	13.913043	240.000000	320.000000
0	9.169000	13.913043	240.000000	320.000000
0	9.200000	13.913043	240.000000	320.000000
0	9.231000	13.913043	240.000000	320.000000
0	9.263000	13.913043	240.000000	320.000000
0	9.294000	13.913043	240.000000	320.000000
0	9.325000	13.913043	240.000000	320.000000
0	9.356000	13.913043	240.000000	320.000000
0	9.403000	13.913043	240.000000	320.000000
0	9.434000	13.913043	240.000000	320.000000
0	9.465000	13.913043	240.000000	320.000000
0	9.497000	13.913043	240.000000	320.000000
0	9.528000	13.913043	240.000000	320.000000
0	9.559000	13.913043	240.000000	320.000000
0	9.590000	13.913043	240.000000	320.000000
0	9.637000	13.913043	240.000000	320.000000
0	9.668000	13.913043	240.000000	320.000000
0	9.699000	13.913043	240.000000	320.000000
0	9.731000	13.913043	240.000000	320.000000
0	9.762000	13.913043	240.000000	320.000000
0	9.793000	13.913043	240.000000	320.000000
0	9.824000	13.913043	240.000000	320.000000
0	9.855000	13.913043	240.000000	320.000000
0	9.902000	13.913043	240.000000	320.000000
0	9.933000	13.913043	240.000000	320.000000
0	9.965000	13.913043	240.000000	320.000000
0	9.996000	13.913043	240.000000	320.000000
0	10.027000	13.913043	240.000000	320.000000
0	10.058000	13.913043	240.000000	320.000000
0	10.089000	13.913043	240.000000	320.000000
0	10.136000	13.913043	240.000000	320.000000
0	10.167000	13.913043	240.000000	320.000000
0	10.199000	13.913043	240.000000	320.000000
0	10.230000	13.913043	240.000000	320.000000
0	10.261000	13.913043	240.000000	320.000000
0	10.292000	13.913043	240.000000	320.000000
0	10.323000	13.913043	240.000000	320.000000
0	10.370000	13.913043	240.000000	320.000000
0	10.401000	13.913043	240.000000	320.000000
0	10.433000	13.913043	240.000000	320.000000
0	10.464000	13.913043	240.000000	320.000000
0	10.495000	13.913043	240.000000	320.000000
0	10.526000	13.913043	240.000000	320.000000
0	10.557000	13.913043	240.000000	320.000000
0	10.589000	13.913043	240.000000	320.000000
0	10.635000	13.913043	240.000000	320.000000
0	10.667000	13.913043	240.000000	320.000000
0	10.698000	13.913043	240.000000	320.000000
0	10.729000	13.913043	240.000000	320.000000
0	10.760000	13.913043	240.000000	320.000000
0	10.791000	13.913043	240.000000	320.000000
0	10.823000	13.913043	240.000000	320.000000
0	10.854000	13.913043	240.000000	320.000000
0	10.901000	13.913043	240.000000	320.000000
0	10.932000	13.913043	240.000000	320.000000
0	10.963000	13.913043	240.000000	320.000000
0	10.994000	13.913043	240.000000	320.000000
0	11.025000	13.913043	240.000000	320.000000
0	11.057000	13.913043	240.000000	320.000000
0	11.088000	13.913043	240.000000	320.000000
0	11.135000	13.913043	240.000000	320.000000
0	11.166000	13.913043	240.000000	320.000000
0	11.197000	13.913043	240.000000	320.000000
0	11.228000	13.913043	240.000000	320.000000
0	11.259000	13.913043	240.000000	320.000000
0	11.291000	13.913043	240.000000	320.000000
0	11.322000	13.913043	240.000000	320.000000
0	11.369000	13.913043	240.000000	320.000000
0	11.400000	13.913043	240.000000	320.000000
0	11.431000	13.913043	240.000000	320.000000
0	11.462000	13.913043	240.000000	320.000000
0	11.493000	13.913043	240.000000	320.000000
0	11.525000	13.913043	240.000000	320.000000
0	11.556000	13.913043	240.000000	320.000000
0	11.587000	13.913043	240.000000	320.000000
0	11.634000	13.913043	240.000000	320.000000
0	11.665000	13.913043	240.000000	320.000000
0	11.696000	13.913043	240.000000	320.000000
0	11.727000	13.913043	240.000000	320.000000
0	11.759000	13.913043	240.000000	320.000000
0	11.790000	13.913043	240.000000	320.000000
0	11.821000	13.913043	240.000000	320.000000
0	11.868000	13.913043	240.000000	320.000000
0	11.899000	13.913043	240.000000	320.000000
0	11.930000	13.913043	240.000000	320.000000
0	11.961000	13.913043	240.000000	320.000000
0	11.993000	13.913043	240.000000	320.000000
0	12.024000	13.913043	240.000000	320.000000
0	12.055000	13.913043	240.000000	320.000000
0	12.102000	13.913043	240.000000	320.000000
0	12.133000	13.913043	240.000000	320.000000
0	12.164000	13.913043	240.000000	320.000000
0	12.195000	13.913043	240.000000	320.000000
0	12.227000	13.913043	240.000000	320.000000
0	12.258000	13.913043	240.000000	320.000000
0	12.289000	13.913043	240.000000	320.000000
0	12.320000	13.913043	240.000000	320.000000
0	12.367000	13.913043	240.000000	320.000000
0	12.398000	13.913043	240.000000	320.000000
0	12.429000	13.913043	240.000000	320.000000
0	12.461000	13.913043	240.000000	320.000000
0	12.492000	13.913043	240.000000	320.000000
0	12.523000	13.913043	240.000000	320.000000
0	12.554000	13.913043	240.000000	320.000000
0	12.601000	13.913043	240.000000	320.000000
0	12.632000	13.913043	240.000000	320.000000
0	12.664000	13.913043	240.000000	320.000000
0	12.695000	13.913043	240.000000	320.000000
0	12.726000	13.913043	240.000000	320.000000
0	12.757000	13.913043	240.000000	320.000000
0	12.788000	13.913043	240.000000	320.000000
0	12.835000	13.913043	240.000000	320.000000
0	12.866000	13.913043	240.000000	320.000000
0	12.898000	13.913043	240.000000	320.000000
0	12.929000	13.913043	240.000000	320.000000
0	12.960000	13.913043	240.000000	320.000000
0	12.991000	13.913043	240.000000	320.000000
0	13.022000	13.913043	240.000000	320.000000
0	13.054000	13.913043	240.000000	320.000000
0	13.100000	13.913043	240.000000	320.000000
0	13.132000	13.913043	240.000000	320.000000
0	13.163000	13.913043	240.000000	320.000000
0	13.194000	13.913043	240.000000	320.000000
0	13.225000	13.913043	240.000000	320.000000
0	13.256000	13.913043	240.000000	320.000000
0	13.288000	13.913043	240.000000	320.000000
0	13.334000	13.913043	240.000000	320.000000
0	13.366000	13.913043	240.000000	320.000000
0	13.397000	13.913043	240.000000	320.000000
0	13.428000	13.913043	240.000000	320.000000
0	13.459000	13.913043	240.000000	320.000000
0	13.490000	13.913043	240.000000	320.000000
0	13.522000	13.913043	240.000000	320.000000
0	13.568000	13.913043	240.000000	320.000000
0	13.600000	13.913043	240.000000	320.000000
0	13.631000	13.913043	240.000000	320.000000
0	13.662000	13.913043	240.000000	320.000000
0	13.693000	13.913043	240.000000	320.000000
0	13.724000	13.913043	240.000000	320.000000
0	13.756000	13.913043	240.000000	320.000000
0	13.787000	13.913043	240.000000	320.000000
0	13.834000	13.913043	240.000000	320.000000
0	13.865000	13.913043	240.000000	320.000000
0	13.896000	13.913043	240.000000	320.000000
0	13.927000	13.913043	240.000000	320.000000
0	13.958000	13.913043	240.000000	320.000000
0	13.990000	13.913043	240.000000	320.000000
0	14.021000	13.913043	240.000000	320.000000
0	14.068000	13.913043	240.000000	320.000000
0	14.099000	13.913043	240.000000	320.000000
0	14.130000	13.913043	240.000000	320.000000
0	14.161000	13.913043	240.000000	320.000000
0	14.192000	13.913043	240.000000	320.000000
0	14.224000	13.913043	240.000000	320.000000
0	14.255000	13.913043	240.000000	320.000000
0	14.302000	13.913043	240.000000	320.000000
0	14.333000	13.913043	240.000000	320.000000
0	14.364000	13.913043	240.000000	320.000000
0	14.395000	13.913043	240.000000	320.000000
0	14.426000	13.913043	240.000000	320.000000
0	14.458000	13.913043	240.000000	320.000000
0	14.489000	13.913043	240.000000	320.000000
0	14.520000	13.913043	240.000000	320.000000
0	14.567000	13.913043	240.000000	320.000000
0	14.598000	13.913043	240.000000	320.000000
0	14.629000	13.913043	240.000000	320.000000
0	14.660000	13.913043	240.000000	320.000000
0	14.692000	13.913043	240.000000	320.000000
0	14.723000	13.913043	240.000000	320.000000
0	14.754000	13.913043	240.000000	320.000000
0	14.785000	13.913043	240.000000	320.000000
0	14.832000	13.913043	240.000000	320.000000
0	14.863000	13.913043	240.000000	320.000000
0	14.894000	13.913043	240.000000	320.000000
0	14.926000	13.913043	240.000000	320.000000
0	14.957000	13.913043	240.000000	320.000000
0	14.988000	13.913043	240.000000	320.000000
0	15.019000	13.913043	240.000000	320.000000
0	15.066000	13.913043	240.000000	320.000000
0	15.097000	13.913043	240.000000	320.000000
0	15.128000	13.913043	240.000000	320.000000
0	15.160000	13.913043	240.000000	320.000000
0	15.191000	13.913043	240.000000	320.000000
0	15.222000	13.913043	240.000000	320.000000
0	15.253000	13.913043	240.000000	320.000000
0	15.300000	13.913043	240.000000	320.000000
0	15.331000	13.913043	240.000000	320.000000
0	15.362000	13.913043	240.000000	320.000000
0	15.394000	13.913043	240.000000	320.000000
0	15.425000	13.913043	240.000000	320.000000
0	15.456000	13.913043	240.000000	320.000000
0	15.487000	13.913043	240.000000	320.000000
0	15.518000	13.913043	240.000000	320.000000
0	15.565000	13.913043	240.000000	320.000000
0	15.596000	13.913043	240.000000	320.000000
0	15.628000	13.913043	240.000000	320.000000
0	15.659000	13.913043	240.000000	320.000000
0	15.690000	13.913043	240.000000	320.000000
0	15.721000	13.913043	240.000000	320.000000
0	15.752000	13.913043	240.000000	320.000000
0	15.799000	13.913043	240.000000	320.000000
0	15.830000	13.913043	240.000000	320.000000
0	15.862000	13.913043	240.000000	320.000000
0	15.893000	13.913043	240.000000	320.000000
0	15.924000	13.913043	240.000000	320.000000
0	15.955000	13.913043	240.000000	320.000000
0	15.986000	13.913043	240.000000	320.000000
0	16.033000	13.913043	240.000000	320.000000
0	16.064000	13.913043	240.000000	320.000000
0	16.096000	13.913043	240.000000	320.000000
0	16.127000	13.913043	240.000000	320.000000
0	16.158000	13.913043	240.000000	320.000000
0	16.189000	13.913043	240.000000	320.000000
0	16.220000	13.913043	240.000000	320.000000
0	16.252000	13.913043	240.000000	320.000000
0	16.298000	13.913043	240.000000	320.000000
0	16.330000	13.913043	240.000000	320.000000
0	16.361000	13.913043	240.000000	320.000000
0	16.392000	13.913043	240.000000	320.000000
0	16.423000	13.913043	240.000000	320.000000
0	16.454000	13.913043	240.000000	320.000000
0	16.486000	13.913043	240.000000	320.000000
0	16.532000	13.913043	240.000000	320.000000
0	16.564000	13.913043	240.000000	320.000000
0	16.595000	13.913043	240.000000	320.000000
0	16.626000	13.913043	240.000000	320.000000
0	16.657000	13.913043	240.000000	320.000000
0	16.688000	13.913043	240.000000	320.000000
0	16.720000	13.913043	240.000000	320.000000
0	16.766000	13.913043	240.000000	320.000000
0	16.798000	13.913043	240.000000	320.000000
0	16.829000	13.913043	240.000000	320.000000
0	16.860000	13.913043	240.000000	320.000000
0	16.891000	13.913043	240.000000	320.000000
0	16.922000	13.913043	240.000000	320.000000
0	16.954000	13.913043	240.000000	320.000000
0	16.985000	13.913043	240.000000	320.000000
0	17.032000	13.913043	240.000000	320.000000
0	17.063000	13.913043	240.000000	320.000000
0	17.094000	13.913043	240.000000	320.000000
0	17.125000	13.913043	240.000000	320.000000
0	17.156000	13.913043	240.000000	320.000000
0	17.188000	13.913043	240.000000	320.000000
0	17.219000	13.913043	240.000000	320.000000
0	17.266000	13.913043	240.000000	320.000000
0	17.297000	13.913043	240.000000	320.000000
0	17.328000	13.913043	240.000000	320.000000
0	17.359000	13.913043	240.000000	320.000000
0	17.390000	13.913043	240.000000	320.000000
0	17.422000	13.913043	240.000000	320.000000
0	17.453000	13.913043	240.000000	320.000000
0	17.500000	13.913043	240.000000	320.000000
0	17.531000	13.913043	240.000000	320.000000
0	17.562000	13.913043	240.000000	320.000000
0	17.593000	13.913043	240.000000	320.000000
0	17.624000	13.913043	240.000000	320.000000
0	17.656000	13.913043	240.000000	320.000000
0	17.687000	13.913043	240.000000	320.000000
0	17.718000	13.913043	240.000000	320.000000
0	17.765000	13.913043	240.000000	320.000000
0	17.796000	13.913043	240.000000	320.000000
0	17.827000	13.913043	240.000000	320.000000
0	17.858000	13.913043	240.000000	320.000000
0	17.890000	13.913043	240.000000	320.000000
0	17.921000	13.913043	240.000000	320.000000
0	17.952000	13.913043	240.000000	320.000000
<\LEFT-PUPIL-DATA>
<RIGHT-PUPIL-ANALYSIS>
1
0	0	17	542	0	0	0.509000	17.518999	0.510000	31625.173828	0.000000	0.000000	0.000000	0	1	1	1	1	0	0	0	0.000000	0.000000	0.000000	0.000000	0.000000	0.000000	0.000000	-1.000000	0.000000	0	1.296464	0.658237	1.320124	0.341895	6.835000	-0.090311	-2.451602	-1.000000	0.132471	1	1.296464	0.658237	1.320124	0.341895	6.835000	-0.821299	-1.503569	-1.000000	0.132471
<\RIGHT-PUPIL-ANALYSIS>
<LEFT-PUPIL-ANALYSIS>
1
0	0	18	541	0	0	0.509000	17.518999	0.510000	31625.173828	0.000000	0.000000	0.000000	0	1	1	1	1	0	0	0	0.000000	0.000000	0.000000	0.000000	0.000000	0.000000	0.000000	-1.000000	0.000000	0	-0.034783	-0.034783	0.000950	0.000950	0.018000	0.000000	0.000000	-1.000000	0.000000	1	-0.034783	-0.034783	0.000950	0.000950	0.018000	-1000000.000000	-1000000.000000	-1.000000	0.000000
<\LEFT-PUPIL-ANALYSIS>
%%%%%%%%%
%%%%%%%%%
%%%%%%%%%
%%%	Measurement Tiime is: 2017-08-15 10:07:19
%%%	Subject ID is: c57-1mois-M2-4.5r
%%%	Note: 
%%%	RSS: Default Human Relative Spectral Sensitivity
%%%	Pupil Analysis:
%%%
%%%
%%%
%%%	Pulse Index:	0
%%%	Stimulus Session Index:	0
%%%	Right Pupil Stimulated
%%%	Light Metric is Photopic
%%%	Stimulus Start Time(sec):	0.51
%%%	Stimulus Duration(sec):	17.52
%%%	Stimulus Pulse Duration(sec):	0.51
%%%	Right Pulse:	31625.17	(Red  )	-	0.00	(Red  )	[Lux ]
%%%	Left Pulse:	0.00	(Red  )	-	0.00	(Red  )	[Lux ]
%%%
%%%		RIGHT	LEFT	R.Pupil Mean	L.Pupil Mean	R.Stim Mean	R.Stim Mean
%%%	INPUT:	RAW DATA	RAW DATA
%%%	STATE:	ABNORMAL	ABNORMAL	ABNORMAL	ABNORMAL	ABNORMAL	ABNORMAL
%%%	MAX(mm):	0.00	0.00	0.00	0.00	0.00	0.00
%%%	MIN(mm):	0.00	0.00	0.00	0.00	0.00	0.00
%%%	DELTA(mm):						
%%%	CH(%):						
%%%	LAT(sec):	0.00	0.00	0.00	0.00	0.00	0.00
%%%	CV(mm/s):	0.00	0.00	0.00	0.00	0.00	0.00
%%%	MCV(mm/s):	0.00	0.00	0.00	0.00	0.00	0.00
%%%	DV(mm/s):	0.00	0.00	0.00	0.00	0.00	0.00
%%%%%%%%%
%%%%%%%%%
%%%%%%%%%
%%%	Right Pupil Profile (1st row -> 1 == valid tracking, 0 == invalid tracking; 2nd row -> time; 3rd row -> diameter (mm))
%%%	1	1	1	1	1	1	1	0	1	1	1	1	1	1	1	1	1	1	1	1	1	1	1	1	1	1	1	1	1	1	1	1	1	1	1	1	1	1	1	1	1	1	1	1	0	1	0	0	1	1	0	1	1	0	1	0	1	0	1	0	1	1	0	0	0	1	0	1	0	0	1	0	1	0	1	1	1	0	0	0	0	0	1	0	1	1	0	0	0	1	0	0	0	1	0	1	0	1	1	0	0	1	0	1	0	0	1	0	1	1	1	1	0	1	1	0	1	0	0	0	0	1	0	0	1	1	1	1	1	1	1	1	0	0	1	1	0	0	1	1	0	0	1	0	1	0	0	1	1	1	1	1	1	1	1	1	0	0	1	1	0	0	0	0	1	1	1	0	1	1	1	0	1	1	1	1	1	1	0	1	0	0	1	1	1	0	1	1	0	1	1	1	0	1	1	1	0	0	1	1	1	1	1	1	1	1	1	1	1	1	1	1	1	1	0	1	1	1	0	1	0	1	1	1	1	0	1	0	1	1	1	0	1	1	1	1	1	0	1	1	0	0	1	1	1	1	1	1	1	1	0	1	1	1	1	1	0	1	1	0	0	1	1	0	1	1	0	1	1	1	1	1	1	0	0	1	1	1	1	1	0	1	1	1	1	0	1	0	1	1	1	1	1	0	1	1	0	1	0	0	1	1	1	1	1	1	1	1	1	1	1	1	1	1	1	0	1	1	1	1	1	1	1	0	1	1	1	1	0	0	0	1	1	1	0	1	1	0	1	1	0	0	1	1	1	1	1	1	1	0	1	1	1	0	1	1	1	1	1	1	1	1	1	1	1	1	1	1	1	1	1	1	1	1	0	1	1	1	1	1	1	1	0	0	1	0	1	1	0	1	0	1	0	1	0	1	1	0	1	1	1	1	1	1	0	1	1	1	1	1	1	1	1	1	1	0	1	1	1	1	1	0	0	1	1	1	1	1	0	1	1	0	1	1	0	0	1	1	1	1	1	1	1	1	1	0	1	1	1	1	1	1	1	1	1	1	1	1	1	1	0	1	1	1	1	1	1	1	1	0	1	0	1	1	1	1	1	1	1	1	1	1	1	1	1	1	1	0	1	1	1	0	1	1	1	1	1	1	1	0	1	1	0	0	1	1	0	0	1	1	1	0	1	1	1	1	1	1	1	1	1	1	1	1	1	0	1	1	1	1	1	0	1	1	1	1	1	1	1	0	0	1	1
%%%	-0.051000	-0.020000	0.012000	0.043000	0.074000	0.105000	0.136000	0.183000	0.214000	0.246000	0.277000	0.308000	0.339000	0.370000	0.402000	0.448000	0.480000	0.511000	0.542000	0.573000	0.604000	0.636000	0.682000	0.714000	0.745000	0.776000	0.807000	0.838000	0.870000	0.916000	0.948000	0.979000	1.010000	1.041000	1.072000	1.104000	1.135000	1.182000	1.213000	1.244000	1.275000	1.306000	1.338000	1.369000	1.416000	1.447000	1.478000	1.509000	1.540000	1.572000	1.603000	1.650000	1.681000	1.712000	1.743000	1.774000	1.806000	1.837000	1.868000	1.915000	1.946000	1.977000	2.008000	2.040000	2.071000	2.102000	2.149000	2.180000	2.211000	2.242000	2.274000	2.305000	2.336000	2.383000	2.414000	2.445000	2.476000	2.508000	2.539000	2.570000	2.601000	2.648000	2.679000	2.710000	2.742000	2.773000	2.804000	2.835000	2.866000	2.913000	2.944000	2.976000	3.007000	3.038000	3.069000	3.100000	3.147000	3.178000	3.210000	3.241000	3.272000	3.303000	3.334000	3.381000	3.412000	3.444000	3.475000	3.506000	3.537000	3.568000	3.600000	3.646000	3.678000	3.709000	3.740000	3.771000	3.802000	3.834000	3.880000	3.912000	3.943000	3.974000	4.005000	4.036000	4.068000	4.114000	4.146000	4.177000	4.208000	4.239000	4.270000	4.302000	4.333000	4.380000	4.411000	4.442000	4.473000	4.504000	4.536000	4.567000	4.614000	4.645000	4.676000	4.707000	4.738000	4.770000	4.801000	4.848000	4.879000	4.910000	4.941000	4.972000	5.004000	5.035000	5.066000	5.113000	5.144000	5.175000	5.206000	5.238000	5.269000	5.300000	5.347000	5.378000	5.409000	5.440000	5.472000	5.503000	5.534000	5.581000	5.612000	5.643000	5.674000	5.706000	5.737000	5.768000	5.799000	5.846000	5.877000	5.908000	5.940000	5.971000	6.002000	6.033000	6.080000	6.111000	6.142000	6.174000	6.205000	6.236000	6.267000	6.314000	6.345000	6.376000	6.408000	6.439000	6.470000	6.501000	6.532000	6.579000	6.610000	6.642000	6.673000	6.704000	6.735000	6.766000	6.813000	6.844000	6.876000	6.907000	6.938000	6.969000	7.000000	7.032000	7.078000	7.110000	7.141000	7.172000	7.203000	7.234000	7.266000	7.312000	7.344000	7.375000	7.406000	7.437000	7.468000	7.500000	7.546000	7.578000	7.609000	7.640000	7.671000	7.702000	7.734000	7.765000	7.812000	7.843000	7.874000	7.905000	7.936000	7.968000	7.999000	8.046000	8.077000	8.108000	8.139000	8.170000	8.202000	8.233000	8.264000	8.311000	8.342000	8.373000	8.404000	8.436000	8.467000	8.498000	8.545000	8.576000	8.607000	8.638000	8.670000	8.701000	8.732000	8.779000	8.810000	8.841000	8.872000	8.904000	8.935000	8.966000	8.997000	9.044000	9.075000	9.106000	9.138000	9.169000	9.200000	9.231000	9.278000	9.309000	9.340000	9.372000	9.403000	9.434000	9.465000	9.512000	9.543000	9.574000	9.606000	9.637000	9.668000	9.699000	9.730000	9.777000	9.808000	9.840000	9.871000	9.902000	9.933000	9.964000	10.011000	10.042000	10.074000	10.105000	10.136000	10.167000	10.198000	10.245000	10.276000	10.308000	10.339000	10.370000	10.401000	10.432000	10.464000	10.510000	10.542000	10.573000	10.604000	10.635000	10.666000	10.698000	10.744000	10.776000	10.807000	10.838000	10.869000	10.900000	10.932000	10.963000	11.010000	11.041000	11.072000	11.103000	11.134000	11.166000	11.197000	11.244000	11.275000	11.306000	11.337000	11.368000	11.400000	11.431000	11.478000	11.509000	11.540000	11.571000	11.602000	11.634000	11.665000	11.696000	11.743000	11.774000	11.805000	11.836000	11.868000	11.899000	11.930000	11.977000	12.008000	12.039000	12.070000	12.102000	12.133000	12.164000	12.211000	12.242000	12.273000	12.304000	12.336000	12.367000	12.398000	12.429000	12.476000	12.507000	12.539000	12.570000	12.601000	12.632000	12.663000	12.710000	12.741000	12.773000	12.804000	12.835000	12.866000	12.897000	12.944000	12.975000	13.007000	13.038000	13.069000	13.100000	13.131000	13.163000	13.209000	13.241000	13.272000	13.303000	13.334000	13.365000	13.397000	13.443000	13.475000	13.506000	13.537000	13.568000	13.599000	13.631000	13.662000	13.709000	13.740000	13.771000	13.802000	13.833000	13.865000	13.896000	13.943000	13.974000	14.005000	14.036000	14.067000	14.099000	14.130000	14.177000	14.208000	14.239000	14.270000	14.301000	14.333000	14.364000	14.395000	14.442000	14.473000	14.504000	14.535000	14.567000	14.598000	14.629000	14.676000	14.707000	14.738000	14.769000	14.801000	14.832000	14.863000	14.894000	14.941000	14.972000	15.003000	15.035000	15.066000	15.097000	15.128000	15.175000	15.206000	15.237000	15.269000	15.300000	15.331000	15.362000	15.409000	15.440000	15.471000	15.503000	15.534000	15.565000	15.596000	15.627000	15.674000	15.705000	15.737000	15.768000	15.799000	15.830000	15.861000	15.908000	15.939000	15.971000	16.002000	16.033000	16.064000	16.095000	16.142000	16.173000	16.205000	16.236000	16.267000	16.298000	16.329000	16.361000	16.407000	16.439000	16.470000	16.501000	16.532000	16.563000	16.595000	16.641000	16.673000	16.704000	16.735000	16.766000	16.797000	16.829000	16.875000	16.907000	16.938000	16.969000	17.000000	17.031000	17.063000	17.094000	17.141000	17.172000	17.203000	17.234000	17.265000	17.297000	17.328000	17.375000	17.406000	17.437000	17.468000	17.499000	17.531000	17.562000	17.609000	17.640000	17.671000	17.702000	17.733000	17.765000	17.796000	17.827000	17.874000	17.905000	17.936000	17.967000	17.999000
%%%	1.260145	1.264638	1.298551	1.263768	1.266667	1.266812	1.267246	1.669565	1.298551	1.283334	1.309710	1.274058	1.291884	1.298840	1.309275	1.272754	1.298551	1.298551	1.288116	1.298551	1.291159	1.205797	1.298551	1.296667	1.283188	1.278261	1.249420	1.177681	1.138116	1.133333	1.103188	1.043478	1.044493	1.055072	0.972899	0.967971	0.926667	0.898406	0.921159	0.851015	0.811594	0.800000	0.794493	0.738406	0.712464	0.782609	0.712464	0.742029	0.759855	0.725217	0.370725	0.718986	0.741739	0.600580	0.722899	0.695652	0.707246	0.347826	0.695652	0.448406	0.679420	0.684058	0.486957	0.398841	0.347826	0.653333	0.474638	0.678261	0.455362	0.555942	0.673333	0.361594	0.556232	0.457536	0.662319	0.667246	0.648551	0.347826	0.386377	0.661449	0.620725	0.347826	0.690290	0.448116	0.680290	0.703333	0.504928	0.529710	0.607101	0.649420	0.382609	0.550725	0.347826	0.698551	0.487681	0.423333	0.466377	0.722319	0.429420	0.392319	0.424928	0.695072	0.428841	0.740725	0.382609	0.347826	0.446232	0.347826	0.421884	0.792464	0.670725	0.781449	0.348406	0.782609	0.776812	0.347826	0.758696	0.609275	1.546232	0.440580	0.707971	0.779420	0.746667	0.596667	0.759710	0.798406	0.814638	0.759710	0.755362	0.417971	0.752754	0.764638	0.468986	0.347826	0.783768	0.814058	0.556522	0.544493	0.805507	0.801159	0.566232	0.568551	0.759710	0.796812	0.813768	0.446377	0.742029	0.787971	0.741884	0.782609	0.794058	0.794928	0.801159	0.792464	0.833768	0.814203	0.705362	0.773333	0.835942	0.800000	0.668406	0.607536	0.529855	0.834783	0.801159	0.834783	0.807536	0.486957	0.834783	0.813623	0.814203	0.458116	0.853333	0.838116	0.804203	0.818551	0.814203	0.834783	0.612898	0.800290	0.456522	0.395652	0.854058	0.811594	0.815362	0.439710	0.835797	0.812464	0.475362	0.821014	0.844638	0.834203	0.347826	0.839710	0.822899	0.811884	0.539710	0.759710	0.764638	0.796812	0.808696	0.799710	0.579275	0.812464	0.812464	0.827536	0.828841	0.838116	0.832029	0.870145	0.815362	0.448841	0.846377	0.842029	0.347826	0.875362	0.848406	0.481159	0.583333	0.465362	0.447681	0.840145	0.853188	0.866812	0.817391	0.811884	0.815942	0.610145	0.834783	0.590145	0.853623	0.490725	0.829710	0.844203	0.850000	0.848985	0.853623	0.834783	0.620580	0.857971	0.512029	0.544493	0.870725	0.874638	0.874638	0.887971	0.852754	0.866812	0.883768	0.914203	0.834783	0.832029	0.874058	0.904348	0.921739	0.898841	0.675507	0.921159	0.903188	1.020290	0.680145	0.916377	0.912029	0.666377	0.909855	0.931594	0.623188	0.892754	0.918985	0.938116	0.925507	0.950580	0.933913	1.020290	0.574493	0.922899	0.927536	0.962464	0.929855	0.938116	0.612319	0.915942	0.912029	0.957681	0.957102	0.620580	0.941159	0.516812	1.020290	0.948841	0.902029	0.948551	0.927681	1.187103	0.927681	0.967971	0.834783	0.916377	0.696377	0.695652	0.922754	0.926667	0.881159	0.894493	0.947971	0.912899	0.942464	0.928116	0.909275	0.942898	0.901449	0.951594	0.946812	0.957102	0.973913	1.464638	0.956522	1.007102	0.990580	0.978116	0.973913	0.979275	0.972754	0.531594	0.966667	0.932029	0.988406	0.978986	1.393480	0.599275	0.902609	0.953188	0.938116	0.937971	0.899275	0.982029	0.955507	0.695072	0.977536	0.965217	0.575797	0.610145	0.997101	0.973913	0.973913	0.973913	0.955942	1.008841	1.008696	1.513043	1.008116	1.001159	1.004203	1.715942	1.046232	1.018116	1.043478	1.000000	1.043478	1.053333	1.043333	1.043478	1.055072	1.048985	1.035362	1.060290	1.069565	1.041304	1.059710	1.079275	1.070580	1.044058	1.092898	1.044638	1.768406	1.062029	1.084638	1.083768	1.072464	1.096232	1.077101	1.079275	1.644493	1.112319	1.052754	1.670145	1.078841	1.070145	1.557246	1.043478	1.459275	1.094638	1.804928	1.081015	1.859855	1.808696	1.101449	1.611594	1.089855	1.078261	1.060290	1.046812	1.050725	1.044638	1.715217	1.062029	1.079855	1.066667	1.113043	1.057971	1.048406	1.063623	1.042754	1.029420	1.061884	1.246812	1.079855	1.062464	1.113043	1.098406	1.079855	1.435362	1.820290	1.079420	1.079855	1.081449	1.096232	1.097971	1.028841	1.122899	1.105362	1.827681	1.114203	1.113043	1.494638	1.692754	1.109710	1.088551	1.136232	1.126812	1.136232	1.083768	1.068841	1.092898	1.078261	1.295652	1.115507	1.113043	1.104203	1.118986	1.113043	1.113043	1.113043	1.116377	1.137681	1.086377	1.113623	1.129855	1.113043	1.107246	1.947826	1.109275	1.081594	0.588116	1.078261	1.081015	1.078841	1.097246	1.118986	1.574927	1.083188	1.485362	1.092898	1.118986	1.118841	1.113623	1.139130	1.138551	1.130290	1.113043	1.101449	1.122029	1.166812	1.147826	1.118551	1.117971	1.113043	1.667971	1.120145	1.159420	1.136232	1.669565	1.114058	1.124638	1.149275	1.177246	1.139855	1.139130	1.113043	1.616812	1.131014	1.135072	1.704348	1.988406	1.136812	1.136232	1.798986	1.947826	1.122319	1.139275	1.113043	1.692754	1.118986	1.123188	1.149275	1.113043	1.124638	1.113043	1.102754	1.114203	1.090725	1.113043	1.099275	1.078261	1.064638	0.571884	1.061884	1.062029	1.069565	1.040580	1.038406	1.298551	1.062029	1.025362	1.062029	1.044058	1.058116	1.076667	1.043478	1.676667	1.710290	1.044058	1.081594
%%%	Left Pupil Profile (1st row -> 1 == valid tracking, 0 == invalid tracking; 2nd row -> time; 3rd row -> diameter (mm))
%%%	0	0	0	0	0	0	0	0	0	0	0	0	0	0	0	0	0	0	0	0	0	0	0	0	0	0	0	0	0	0	0	0	0	0	0	0	0	0	0	0	0	0	0	0	0	0	0	0	0	0	0	0	0	0	0	0	0	0	0	0	0	0	0	0	0	0	0	0	0	0	0	0	0	0	0	0	0	0	0	0	0	0	0	0	0	0	0	0	0	0	0	0	0	0	0	0	0	0	0	0	0	0	0	0	0	0	0	0	0	0	0	0	0	0	0	0	0	0	0	0	0	0	0	0	0	0	0	0	0	0	0	0	0	0	0	0	0	0	0	0	0	0	0	0	0	0	0	0	0	0	0	0	0	0	0	0	0	0	0	0	0	0	0	0	0	0	0	0	0	0	0	0	0	0	0	0	0	0	0	0	0	0	0	0	0	0	0	0	0	0	0	0	0	0	0	0	0	0	0	0	0	0	0	0	0	0	0	0	0	0	0	0	0	0	0	0	0	0	0	0	0	0	0	0	0	0	0	0	0	0	0	0	0	0	0	0	0	0	0	0	0	0	0	0	0	0	0	0	0	0	0	0	0	0	0	0	0	0	0	0	0	0	0	0	0	0	0	0	0	0	0	0	0	0	0	0	0	0	0	0	0	0	0	0	0	0	0	0	0	0	0	0	0	0	0	0	0	0	0	0	0	0	0	0	0	0	0	0	0	0	0	0	0	0	0	0	0	0	0	0	0	0	0	0	0	0	0	0	0	0	0	0	0	0	0	0	0	0	0	0	0	0	0	0	0	0	0	0	0	0	0	0	0	0	0	0	0	0	0	0	0	0	0	0	0	0	0	0	0	0	0	0	0	0	0	0	0	0	0	0	0	0	0	0	0	0	0	0	0	0	0	0	0	0	0	0	0	0	0	0	0	0	0	0	0	0	0	0	0	0	0	0	0	0	0	0	0	0	0	0	0	0	0	0	0	0	0	0	0	0	0	0	0	0	0	0	0	0	0	0	0	0	0	0	0	0	0	0	0	0	0	0	0	0	0	0	0	0	0	0	0	0	0	0	0	0	0	0	0	0	0	0	0	0	0	0	0	0	0	0	0	0	0	0	0	0	0	0	0	0	0	0	0	0	0	0	0	0	0	0	0	0	0	0	0	0	0	0	0	0	0	0	0	0	0	0	0	0	0	0	0	0	0	0	0	0	0	0	0	0	0	0	0	0	0	0	0	0	0	0	0	0
%%%	-0.066000	-0.035000	-0.004000	0.027000	0.074000	0.105000	0.137000	0.168000	0.199000	0.230000	0.261000	0.308000	0.339000	0.371000	0.402000	0.433000	0.464000	0.495000	0.527000	0.573000	0.605000	0.636000	0.667000	0.698000	0.729000	0.761000	0.807000	0.839000	0.870000	0.901000	0.932000	0.963000	0.995000	1.026000	1.073000	1.104000	1.135000	1.166000	1.197000	1.229000	1.260000	1.307000	1.338000	1.369000	1.400000	1.431000	1.463000	1.494000	1.541000	1.572000	1.603000	1.634000	1.665000	1.697000	1.728000	1.759000	1.806000	1.837000	1.868000	1.899000	1.931000	1.962000	1.993000	2.040000	2.071000	2.102000	2.133000	2.165000	2.196000	2.227000	2.274000	2.305000	2.336000	2.367000	2.399000	2.430000	2.461000	2.492000	2.539000	2.570000	2.601000	2.633000	2.664000	2.695000	2.726000	2.773000	2.804000	2.835000	2.867000	2.898000	2.929000	2.960000	2.991000	3.038000	3.069000	3.101000	3.132000	3.163000	3.194000	3.225000	3.272000	3.303000	3.335000	3.366000	3.397000	3.428000	3.459000	3.506000	3.537000	3.569000	3.600000	3.631000	3.662000	3.693000	3.725000	3.771000	3.803000	3.834000	3.865000	3.896000	3.927000	3.959000	4.005000	4.037000	4.068000	4.099000	4.130000	4.161000	4.193000	4.239000	4.271000	4.302000	4.333000	4.364000	4.395000	4.427000	4.458000	4.505000	4.536000	4.567000	4.598000	4.629000	4.661000	4.692000	4.739000	4.770000	4.801000	4.832000	4.863000	4.895000	4.926000	4.973000	5.004000	5.035000	5.066000	5.097000	5.129000	5.160000	5.191000	5.238000	5.269000	5.300000	5.331000	5.363000	5.394000	5.425000	5.472000	5.503000	5.534000	5.565000	5.597000	5.628000	5.659000	5.706000	5.737000	5.768000	5.799000	5.831000	5.862000	5.893000	5.924000	5.971000	6.002000	6.033000	6.065000	6.096000	6.127000	6.158000	6.205000	6.236000	6.267000	6.299000	6.330000	6.361000	6.392000	6.423000	6.470000	6.501000	6.533000	6.564000	6.595000	6.626000	6.657000	6.704000	6.735000	6.767000	6.798000	6.829000	6.860000	6.891000	6.923000	6.969000	7.001000	7.032000	7.063000	7.094000	7.125000	7.157000	7.203000	7.235000	7.266000	7.297000	7.328000	7.359000	7.391000	7.437000	7.469000	7.500000	7.531000	7.562000	7.593000	7.625000	7.656000	7.703000	7.734000	7.765000	7.796000	7.827000	7.859000	7.890000	7.937000	7.968000	7.999000	8.030000	8.061000	8.093000	8.124000	8.171000	8.202000	8.233000	8.264000	8.295000	8.327000	8.358000	8.389000	8.436000	8.467000	8.498000	8.529000	8.561000	8.592000	8.623000	8.670000	8.701000	8.732000	8.763000	8.795000	8.826000	8.857000	8.904000	8.935000	8.966000	8.997000	9.029000	9.060000	9.091000	9.122000	9.169000	9.200000	9.231000	9.263000	9.294000	9.325000	9.356000	9.403000	9.434000	9.465000	9.497000	9.528000	9.559000	9.590000	9.637000	9.668000	9.699000	9.731000	9.762000	9.793000	9.824000	9.855000	9.902000	9.933000	9.965000	9.996000	10.027000	10.058000	10.089000	10.136000	10.167000	10.199000	10.230000	10.261000	10.292000	10.323000	10.370000	10.401000	10.433000	10.464000	10.495000	10.526000	10.557000	10.589000	10.635000	10.667000	10.698000	10.729000	10.760000	10.791000	10.823000	10.854000	10.901000	10.932000	10.963000	10.994000	11.025000	11.057000	11.088000	11.135000	11.166000	11.197000	11.228000	11.259000	11.291000	11.322000	11.369000	11.400000	11.431000	11.462000	11.493000	11.525000	11.556000	11.587000	11.634000	11.665000	11.696000	11.727000	11.759000	11.790000	11.821000	11.868000	11.899000	11.930000	11.961000	11.993000	12.024000	12.055000	12.102000	12.133000	12.164000	12.195000	12.227000	12.258000	12.289000	12.320000	12.367000	12.398000	12.429000	12.461000	12.492000	12.523000	12.554000	12.601000	12.632000	12.664000	12.695000	12.726000	12.757000	12.788000	12.835000	12.866000	12.898000	12.929000	12.960000	12.991000	13.022000	13.054000	13.100000	13.132000	13.163000	13.194000	13.225000	13.256000	13.288000	13.334000	13.366000	13.397000	13.428000	13.459000	13.490000	13.522000	13.568000	13.600000	13.631000	13.662000	13.693000	13.724000	13.756000	13.787000	13.834000	13.865000	13.896000	13.927000	13.958000	13.990000	14.021000	14.068000	14.099000	14.130000	14.161000	14.192000	14.224000	14.255000	14.302000	14.333000	14.364000	14.395000	14.426000	14.458000	14.489000	14.520000	14.567000	14.598000	14.629000	14.660000	14.692000	14.723000	14.754000	14.785000	14.832000	14.863000	14.894000	14.926000	14.957000	14.988000	15.019000	15.066000	15.097000	15.128000	15.160000	15.191000	15.222000	15.253000	15.300000	15.331000	15.362000	15.394000	15.425000	15.456000	15.487000	15.518000	15.565000	15.596000	15.628000	15.659000	15.690000	15.721000	15.752000	15.799000	15.830000	15.862000	15.893000	15.924000	15.955000	15.986000	16.033000	16.064000	16.096000	16.127000	16.158000	16.189000	16.220000	16.252000	16.298000	16.330000	16.361000	16.392000	16.423000	16.454000	16.486000	16.532000	16.564000	16.595000	16.626000	16.657000	16.688000	16.720000	16.766000	16.798000	16.829000	16.860000	16.891000	16.922000	16.954000	16.985000	17.032000	17.063000	17.094000	17.125000	17.156000	17.188000	17.219000	17.266000	17.297000	17.328000	17.359000	17.390000	17.422000	17.453000	17.500000	17.531000	17.562000	17.593000	17.624000	17.656000	17.687000	17.718000	17.765000	17.796000	17.827000	17.858000	17.890000	17.921000	17.952000
%%%	13.913043	13.913043	13.913043	13.913043	13.913043	13.913043	13.913043	13.913043	13.913043	13.913043	13.913043	13.913043	13.913043	13.913043	13.913043	13.913043	13.913043	13.913043	13.913043	13.913043	13.913043	13.913043	13.913043	13.913043	13.913043	13.913043	13.913043	13.913043	13.913043	13.913043	13.913043	13.913043	13.913043	13.913043	13.913043	13.913043	13.913043	13.913043	13.913043	13.913043	13.913043	13.913043	13.913043	13.913043	13.913043	13.913043	13.913043	13.913043	13.913043	13.913043	13.913043	13.913043	13.913043	13.913043	13.913043	13.913043	13.913043	13.913043	13.913043	13.913043	13.913043	13.913043	13.913043	13.913043	13.913043	13.913043	13.913043	13.913043	13.913043	13.913043	13.913043	13.913043	13.913043	13.913043	13.913043	13.913043	13.913043	13.913043	13.913043	13.913043	13.913043	13.913043	13.913043	13.913043	13.913043	13.913043	13.913043	13.913043	13.913043	13.913043	13.913043	13.913043	13.913043	13.913043	13.913043	13.913043	13.913043	13.913043	13.913043	13.913043	13.913043	13.913043	13.913043	13.913043	13.913043	13.913043	13.913043	13.913043	13.913043	13.913043	13.913043	13.913043	13.913043	13.913043	13.913043	13.913043	13.913043	13.913043	13.913043	13.913043	13.913043	13.913043	13.913043	13.913043	13.913043	13.913043	13.913043	13.913043	13.913043	13.913043	13.913043	13.913043	13.913043	13.913043	13.913043	13.913043	13.913043	13.913043	13.913043	13.913043	13.913043	13.913043	13.913043	13.913043	13.913043	13.913043	13.913043	13.913043	13.913043	13.913043	13.913043	13.913043	13.913043	13.913043	13.913043	13.913043	13.913043	13.913043	13.913043	13.913043	13.913043	13.913043	13.913043	13.913043	13.913043	13.913043	13.913043	13.913043	13.913043	13.913043	13.913043	13.913043	13.913043	13.913043	13.913043	13.913043	13.913043	13.913043	13.913043	13.913043	13.913043	13.913043	13.913043	13.913043	13.913043	13.913043	13.913043	13.913043	13.913043	13.913043	13.913043	13.913043	13.913043	13.913043	13.913043	13.913043	13.913043	13.913043	13.913043	13.913043	13.913043	13.913043	13.913043	13.913043	13.913043	13.913043	13.913043	13.913043	13.913043	13.913043	13.913043	13.913043	13.913043	13.913043	13.913043	13.913043	13.913043	13.913043	13.913043	13.913043	13.913043	13.913043	13.913043	13.913043	13.913043	13.913043	13.913043	13.913043	13.913043	13.913043	13.913043	13.913043	13.913043	13.913043	13.913043	13.913043	13.913043	13.913043	13.913043	13.913043	13.913043	13.913043	13.913043	13.913043	13.913043	13.913043	13.913043	13.913043	13.913043	13.913043	13.913043	13.913043	13.913043	13.913043	13.913043	13.913043	13.913043	13.913043	13.913043	13.913043	13.913043	13.913043	13.913043	13.913043	13.913043	13.913043	13.913043	13.913043	13.913043	13.913043	13.913043	13.913043	13.913043	13.913043	13.913043	13.913043	13.913043	13.913043	13.913043	13.913043	13.913043	13.913043	13.913043	13.913043	13.913043	13.913043	13.913043	13.913043	13.913043	13.913043	13.913043	13.913043	13.913043	13.913043	13.913043	13.913043	13.913043	13.913043	13.913043	13.913043	13.913043	13.913043	13.913043	13.913043	13.913043	13.913043	13.913043	13.913043	13.913043	13.913043	13.913043	13.913043	13.913043	13.913043	13.913043	13.913043	13.913043	13.913043	13.913043	13.913043	13.913043	13.913043	13.913043	13.913043	13.913043	13.913043	13.913043	13.913043	13.913043	13.913043	13.913043	13.913043	13.913043	13.913043	13.913043	13.913043	13.913043	13.913043	13.913043	13.913043	13.913043	13.913043	13.913043	13.913043	13.913043	13.913043	13.913043	13.913043	13.913043	13.913043	13.913043	13.913043	13.913043	13.913043	13.913043	13.913043	13.913043	13.913043	13.913043	13.913043	13.913043	13.913043	13.913043	13.913043	13.913043	13.913043	13.913043	13.913043	13.913043	13.913043	13.913043	13.913043	13.913043	13.913043	13.913043	13.913043	13.913043	13.913043	13.913043	13.913043	13.913043	13.913043	13.913043	13.913043	13.913043	13.913043	13.913043	13.913043	13.913043	13.913043	13.913043	13.913043	13.913043	13.913043	13.913043	13.913043	13.913043	13.913043	13.913043	13.913043	13.913043	13.913043	13.913043	13.913043	13.913043	13.913043	13.913043	13.913043	13.913043	13.913043	13.913043	13.913043	13.913043	13.913043	13.913043	13.913043	13.913043	13.913043	13.913043	13.913043	13.913043	13.913043	13.913043	13.913043	13.913043	13.913043	13.913043	13.913043	13.913043	13.913043	13.913043	13.913043	13.913043	13.913043	13.913043	13.913043	13.913043	13.913043	13.913043	13.913043	13.913043	13.913043	13.913043	13.913043	13.913043	13.913043	13.913043	13.913043	13.913043	13.913043	13.913043	13.913043	13.913043	13.913043	13.913043	13.913043	13.913043	13.913043	13.913043	13.913043	13.913043	13.913043	13.913043	13.913043	13.913043	13.913043	13.913043	13.913043	13.913043	13.913043	13.913043	13.913043	13.913043	13.913043	13.913043	13.913043	13.913043	13.913043	13.913043	13.913043	13.913043	13.913043	13.913043	13.913043	13.913043	13.913043	13.913043	13.913043	13.913043	13.913043	13.913043	13.913043	13.913043	13.913043	13.913043	13.913043	13.913043	13.913043	13.913043	13.913043	13.913043	13.913043	13.913043	13.913043	13.913043	13.913043	13.913043	13.913043	13.913043	13.913043	13.913043	13.913043	13.913043	13.913043	13.913043	13.913043	13.913043	13.913043	13.913043	13.913043	13.913043	13.913043	13.913043	13.913043	13.913043	13.913043	13.913043	13.913043	13.913043	13.913043	13.913043	13.913043	13.913043	13.913043	13.913043	13.913043	13.913043	13.913043	13.913043	13.913043	13.913043	13.913043
%%%	Pulse Index	Stimulus Section Index	Stimulus Section Start Index	Stimulus Section End Index	Pupil Stimulated: 0 = Right, 1 = Left, 2 = Both	Light Metric: 0 = Photopic, 1 = Scopotic, 2 = Radiometric	Stimulus Start Time	Stimulus Duration	Stimulus Pulse Duration	Right Pulse Max Level	Right Pulse Max Color (0123 = WRGB)	Right Pulse Min Level	Right Pulse Min Color (0123 = WRGB)	Left Pulse Max Level	Left Pulse Max Color (0123 = WRGB)	Left Pulse Min Level	Left Pulse Min Color (0123 = WRGB)	Right Data Input Type (0 == RAW DATA, 1 == FITTED DATA, 2 == M. OVERRIDED)	Right ANALYSIS STATE (0 == ABNORMAL, 1 == NORMAL)	Right MAX (mm) (EMPTY if INVALID)	Right MIN (mm) (EMPTY if INVALID)	Right DELTA (mm) (EMPTY if INVALID)	Right CH (%) (EMPTY if INVALID)	Right LAT (sec) (EMPTY if INVALID)	Right CV (mm/s) (EMPTY if INVALID)	Right MCV (mm/s) (EMPTY if INVALID)	Right DV (mm/s) (EMPTY if INVALID)	Left Data Input Type (0 == RAW DATA, 1 == FITTED DATA, 2 == M. OVERRIDED)	Left ANALYSIS STATE (0 == ABNORMAL, 1 == NORMAL)	Left MAX (mm) (EMPTY if INVALID)	Left MIN (mm) (EMPTY if INVALID)	Left DELTA (mm) (EMPTY if INVALID)	Left CH (%) (EMPTY if INVALID)	Left LAT (sec) (EMPTY if INVALID)	Left CV (mm/s) (EMPTY if INVALID)	Left MCV (mm/s) (EMPTY if INVALID)	Left DV (mm/s) (EMPTY if INVALID)
%%%	0	0	17	542	0	0	0.51	17.52	0.51	31625.17	1	0.00	1	0.00	1	0.00	1	0	0	0.00	0.00			0.00	0.00	0.00	0.00	0	0	0.00	0.00			0.00	0.00	0.00	0.00
%%%%%%%%%
%%%%%%%%%
%%%%%%%%%
<\SESSION>
