<SESSION>
<VERSION>
2
<\VERSION>
<DATE>
2017-08-15 09:40:08
<\DATE>
<SUBJECT-ID>
c57-1mois-f3-4.5r
<\SUBJECT-ID>
<NOTE>

<\NOTE>
<MIN-MAX-PLOT>
0.100000 51880.761719
<\MIN-MAX-PLOT>
<STIMULUS-DEFINED>
Default
Default Human Relative Spectral Sensitivity
1	0
1	0.500000	0.500000	17.000000	1	1	4.500000	-100.000000	0.100000	-100.000000	0
<\STIMULUS-DEFINED>
<STIMULUS-GENERATED>
4
0	0	0.000000	1	0.000000	0.000000	1	0.000000	0.000000
0	1	0.509000	1	129.044220	31625.173828	1	0.000000	0.000000
0	4	1.018000	1	0.000000	0.000000	1	0.000000	0.000000
-1	5	18.028000	0	0.000000	0.000000	0	0.000000	0.000000
<\STIMULUS-GENERATED>
<RIGHT-PUPIL-DATA>
543	1
1	-0.068000	1.081015	297.031250	274.018738
1	-0.037000	1.113188	297.506256	274.006256
1	0.010000	1.132754	298.149994	273.762482
1	0.041000	1.142029	297.825012	273.575012
1	0.073000	1.120145	297.581238	273.956238
1	0.104000	1.106232	297.381256	273.881256
1	0.135000	1.123333	297.093750	276.031250
1	0.166000	1.168986	298.237488	275.762512
0	0.197000	1.020290	296.000000	273.500000
1	0.244000	1.160290	297.687500	273.312500
1	0.275000	1.146232	298.031250	272.718750
1	0.307000	1.165942	297.843750	273.481262
1	0.338000	1.070580	296.918732	272.568756
0	0.369000	0.671159	293.643738	267.343750
1	0.400000	1.105507	297.350006	273.725006
1	0.431000	1.194493	297.850006	275.587494
1	0.463000	1.150580	297.968750	275.531250
0	0.509000	1.007681	296.506256	272.506256
0	0.541000	0.965217	295.500000	273.500000
0	0.572000	1.008116	296.000061	273.500000
1	0.603000	1.009420	296.568665	273.231201
1	0.634000	1.006377	296.524994	273.475006
0	0.665000	1.043333	296.993744	273.493744
0	0.697000	1.027246	296.350006	275.225006
1	0.743000	1.062029	297.725006	276.274994
1	0.775000	1.079855	297.968750	275.968750
0	0.806000	0.951015	295.912506	274.837494
1	0.837000	1.047246	298.112488	274.362488
0	0.868000	1.040580	298.187500	274.562500
1	0.899000	1.078841	298.487488	275.000000
0	0.931000	0.914493	297.362488	274.737488
0	0.977000	0.956667	297.243744	277.256256
0	1.009000	0.800000	295.500000	276.000000
0	1.040000	1.003188	297.962494	277.962494
1	1.071000	1.005797	297.549988	279.000000
0	1.102000	0.925072	296.368744	278.506256
1	1.133000	0.941884	297.531250	277.718750
1	1.165000	0.916377	297.756256	276.568756
0	1.196000	0.857536	297.818756	275.693756
0	1.243000	0.718551	295.162506	273.662506
0	1.274000	0.835362	297.000000	273.500000
1	1.305000	0.850725	297.187531	275.812469
0	1.336000	0.714927	295.293823	274.206238
0	1.367000	0.713623	295.250000	275.000000
1	1.399000	0.805942	296.843750	275.156250
0	1.430000	0.463768	295.000000	269.500000
1	1.477000	0.834783	296.500000	275.000000
1	1.508000	0.826087	298.000000	274.750000
1	1.539000	0.455942	293.312500	270.312500
0	1.570000	0.777101	298.212494	274.162506
0	1.601000	0.455072	292.500000	271.500000
1	1.633000	0.701449	296.500000	276.000000
0	1.664000	0.693768	295.968750	275.968750
1	1.711000	0.744638	297.237518	276.537506
0	1.742000	0.428985	293.250000	271.250000
0	1.773000	0.482609	294.093750	271.031250
0	1.804000	0.465797	294.187500	271.187500
0	1.835000	0.597246	295.406250	273.406250
0	1.867000	0.670725	296.649994	275.337494
0	1.898000	0.409275	294.674988	270.825012
0	1.929000	0.654928	296.093750	276.906250
0	1.976000	0.434783	293.875000	273.875000
0	2.007000	0.672319	296.843750	276.343750
0	2.038000	0.429420	293.318756	272.856232
1	2.069000	0.486957	293.500000	272.000000
0	2.101000	0.590290	296.193756	274.193756
1	2.132000	0.661449	297.250000	276.187500
0	2.163000	0.388406	294.612488	272.424988
0	2.194000	0.402754	293.968719	273.968781
0	2.241000	0.487971	294.106232	276.993744
0	2.272000	0.428841	293.593750	273.843750
0	2.303000	0.442319	292.850006	273.149994
0	2.335000	0.392464	293.149994	272.024994
0	2.366000	0.433188	293.031250	272.593750
0	2.397000	0.408696	293.350006	272.100006
1	2.428000	0.399275	293.581238	270.968750
0	2.475000	0.425507	293.875000	271.875000
0	2.506000	0.347826	203.131836	356.368164
0	2.537000	0.400580	292.000000	273.799988
0	2.569000	0.385072	293.506256	272.756256
0	2.600000	0.446812	294.068756	273.568756
0	2.631000	0.376812	293.200012	272.200012
0	2.662000	0.382464	294.293701	272.068726
0	2.709000	0.419855	294.006256	270.818939
0	2.740000	0.347826	337.556244	253.993744
0	2.771000	0.498406	332.968750	255.093750
0	2.803000	0.382464	293.243744	274.256256
0	2.834000	0.398985	293.131256	274.506256
0	2.865000	0.543333	294.768768	276.518768
0	2.896000	0.649275	296.500000	279.000000
0	2.927000	0.347826	294.487640	272.987335
0	2.974000	0.562029	295.975006	275.912506
0	3.005000	0.354058	294.406250	272.343750
0	3.037000	0.347826	319.931519	252.469177
0	3.068000	0.583188	297.125000	277.125000
0	3.099000	0.347826	294.000000	272.875000
0	3.130000	0.347826	296.156250	272.406250
0	3.161000	0.387536	292.937500	276.625000
0	3.208000	0.423768	293.725006	277.149994
0	3.239000	0.470725	293.725006	277.725006
0	3.271000	0.446667	330.412506	254.212494
0	3.302000	0.605942	297.406250	277.468750
0	3.333000	0.347826	308.468750	248.968750
0	3.364000	0.540725	327.531250	253.281250
1	3.395000	0.713623	298.937500	278.250000
0	3.442000	0.586377	296.937500	277.424988
0	3.473000	0.451159	294.256256	276.431244
1	3.505000	0.621739	296.625000	278.500000
0	3.536000	0.633768	297.381256	278.881256
0	3.567000	0.463768	333.500000	256.000000
0	3.598000	0.622899	296.537506	277.649994
0	3.629000	0.407971	294.156250	274.893738
1	3.661000	0.690290	299.568756	277.431244
1	3.707000	0.707246	300.125000	278.375000
0	3.739000	0.348841	318.837494	251.024994
0	3.770000	0.347826	294.056244	274.993744
0	3.801000	0.416522	294.149902	276.387512
0	3.832000	0.347826	191.131836	368.368164
0	3.863000	0.458551	294.700165	274.587494
0	3.895000	0.463768	335.000000	257.500000
1	3.941000	0.366232	294.893768	272.706451
0	3.973000	0.593333	296.262543	275.499969
0	4.004000	0.649275	299.500000	276.000000
0	4.035000	0.366377	295.225006	273.949982
0	4.066000	0.497246	295.156250	278.406250
0	4.097000	0.468551	294.506256	280.756256
1	4.129000	0.690725	297.062500	278.562500
1	4.175000	0.661449	297.500000	277.750000
0	4.207000	0.401014	292.993835	277.818726
0	4.238000	0.372464	294.137512	273.137512
0	4.269000	0.556522	296.500000	277.000000
0	4.300000	0.352754	328.937500	257.924988
0	4.331000	0.347826	321.481384	254.481262
0	4.363000	0.570725	295.912506	277.912506
0	4.394000	0.534783	293.375000	278.625000
0	4.441000	0.646812	296.943756	278.943756
0	4.472000	0.392464	295.975006	272.850006
1	4.503000	0.718551	298.162506	278.912506
0	4.534000	0.452174	294.187500	275.312500
0	4.565000	0.372464	293.137512	274.137512
0	4.597000	0.394638	296.118744	272.818756
0	4.628000	0.349420	297.843750	272.156250
0	4.675000	0.633188	296.818726	279.093750
1	4.706000	0.718551	297.712494	279.899994
0	4.737000	0.487971	292.743744	280.993744
0	4.768000	0.376812	292.500000	276.000000
0	4.799000	0.654928	297.093750	278.093750
0	4.831000	0.612029	296.556244	276.418732
0	4.862000	0.361159	293.962494	273.024994
0	4.909000	0.404928	295.625000	271.937500
0	4.940000	0.405797	295.750000	271.250000
0	4.971000	0.672754	296.837494	276.337494
0	5.002000	0.420725	297.181244	270.981232
0	5.033000	0.544493	294.568756	276.431244
0	5.065000	0.473333	292.875000	276.437500
1	5.096000	0.805797	298.500000	277.500000
0	5.127000	0.447246	293.437500	272.437500
0	5.174000	0.486957	294.000000	272.500000
1	5.205000	0.701594	296.718689	276.006287
0	5.236000	0.440580	295.000000	271.500000
1	5.267000	0.702319	295.762482	277.137482
1	5.299000	0.605942	293.468750	278.593750
0	5.330000	0.702754	295.781250	277.843750
1	5.361000	0.801015	297.118744	278.006256
1	5.408000	0.809275	297.500000	277.250000
1	5.439000	0.831015	298.437500	277.437500
0	5.470000	0.670725	295.287506	276.350006
1	5.501000	0.815942	298.312500	277.262512
1	5.533000	0.796812	297.037506	277.087494
1	5.564000	0.823188	297.500000	278.000000
1	5.595000	0.801594	298.031250	278.518738
0	5.642000	0.695652	296.000000	277.500000
0	5.673000	0.640580	294.750000	278.250000
0	5.704000	0.692319	295.056244	278.618744
0	5.735000	0.573913	294.000000	275.000000
1	5.767000	0.807681	296.806244	278.418732
0	5.798000	0.605942	293.593750	276.406250
1	5.829000	0.764638	296.187500	278.500000
1	5.860000	0.848985	297.537506	280.787506
1	5.907000	0.672319	293.343750	279.343750
0	5.938000	0.629420	292.493744	279.181244
0	5.969000	0.648985	292.662506	280.287506
0	6.001000	0.591884	292.250000	278.500000
1	6.032000	0.764058	294.524994	280.649994
0	6.063000	0.745072	294.281250	279.343750
1	6.094000	0.801159	296.024994	278.975006
0	6.141000	0.684058	293.500000	278.000000
0	6.172000	0.784203	295.768738	278.031250
0	6.203000	0.742464	295.306244	277.693756
1	6.235000	0.808696	298.031250	278.968750
0	6.266000	0.422319	296.187500	272.937500
1	6.297000	0.852754	298.875000	280.125000
0	6.328000	0.651449	294.956238	279.293762
1	6.359000	0.847681	297.556244	280.243744
1	6.406000	0.874928	297.068756	279.818756
0	6.437000	0.742029	294.000000	278.500000
0	6.469000	0.633768	293.068756	276.881256
1	6.500000	0.738985	295.531219	277.731293
1	6.531000	0.834783	299.500000	280.000000
0	6.562000	0.488406	291.825012	280.962524
1	6.593000	0.884203	298.656250	280.718750
0	6.640000	0.635797	293.381256	278.131256
1	6.671000	0.834783	295.875000	278.625000
0	6.703000	0.672754	293.399994	276.837494
1	6.734000	0.835942	297.587494	278.975006
0	6.765000	0.689710	295.093750	278.406250
1	6.796000	0.817391	300.000000	278.000000
0	6.827000	0.672319	296.656250	278.843750
1	6.859000	0.857971	301.500000	282.000000
1	6.905000	0.865797	299.187500	281.750000
1	6.937000	0.857681	298.662506	281.162506
0	6.968000	0.451015	292.725006	283.475006
1	6.999000	0.834783	299.500000	280.000000
1	7.030000	0.876812	298.887512	278.424988
1	7.061000	0.815797	298.331238	276.718750
0	7.093000	0.713043	296.875000	277.125000
1	7.139000	0.866232	299.056244	278.806244
1	7.171000	0.866377	298.787506	279.787506
1	7.202000	0.883188	299.000000	280.687500
1	7.233000	0.838551	298.437500	279.500000
1	7.264000	0.885942	299.006256	281.006256
1	7.295000	0.892754	299.250000	281.250000
0	7.327000	0.602899	294.500000	281.000000
1	7.373000	0.886957	297.500000	281.500000
1	7.405000	0.840290	297.425018	280.662506
1	7.436000	0.869565	298.500000	281.000000
1	7.467000	0.902029	300.024994	281.475006
1	7.498000	0.916812	299.187500	282.562500
0	7.529000	0.756667	296.506256	281.118744
0	7.561000	0.614203	294.612518	279.787506
1	7.592000	0.854928	297.718750	282.718750
0	7.639000	0.582464	294.068756	287.368744
0	7.670000	0.815362	297.662506	280.337494
1	7.701000	0.916377	299.693756	281.693756
0	7.732000	0.556522	295.500000	280.000000
1	7.763000	0.861014	298.243744	281.243744
0	7.795000	0.548985	294.899994	277.399994
0	7.826000	0.585507	295.312500	280.062500
0	7.873000	0.742029	297.875000	280.625000
1	7.904000	0.925507	300.812500	282.299988
0	7.935000	0.539710	295.500000	278.475037
1	7.966000	0.922319	301.375000	282.299988
0	7.997000	0.397101	333.500000	258.250000
1	8.029000	0.927681	301.593750	281.156250
0	8.060000	0.428985	300.500000	272.000000
0	8.107000	0.763623	298.531250	280.718750
1	8.138000	0.901449	300.825012	282.549988
0	8.169000	0.587826	298.187531	277.975006
0	8.200000	0.626087	295.500000	278.000000
0	8.231000	0.830435	299.500000	282.000000
1	8.263000	0.920145	300.768738	283.268738
0	8.294000	0.601159	297.350006	279.600006
0	8.325000	0.753333	297.662506	283.350006
1	8.372000	0.833768	298.381256	282.618744
0	8.403000	0.608116	295.500000	279.250000
1	8.434000	0.877971	300.924988	281.937500
1	8.465000	0.918116	302.375000	283.562500
0	8.497000	0.690290	297.568756	287.068756
0	8.528000	0.555072	295.049988	280.875000
1	8.559000	0.924928	299.600006	285.475006
1	8.606000	0.916377	301.306244	284.693756
0	8.637000	0.573913	297.937500	280.562500
1	8.668000	0.930290	303.418762	285.581177
0	8.699000	0.556522	299.500000	288.000000
1	8.731000	0.950580	301.781250	285.843750
0	8.762000	0.760290	299.562500	283.737488
1	8.793000	0.904493	301.443756	286.193756
1	8.840000	0.946667	303.350006	287.149994
1	8.871000	0.932029	302.593750	288.906250
1	8.902000	0.929420	300.881256	288.318756
1	8.933000	0.970290	301.843719	288.456207
0	8.965000	0.618986	300.593750	293.093750
1	8.996000	0.921159	302.750000	287.625000
1	9.027000	0.928841	303.906250	287.531250
1	9.058000	0.904493	302.193756	287.556244
1	9.105000	0.914203	301.337494	287.649994
1	9.136000	0.955507	301.881256	287.743744
1	9.167000	0.934493	302.500000	288.200012
1	9.199000	0.967391	303.062500	288.687500
1	9.230000	0.972029	302.781250	287.968750
1	9.261000	0.938551	303.000000	288.000000
1	9.292000	0.939710	303.450012	287.750000
0	9.339000	0.347826	317.018738	259.018738
1	9.370000	0.921739	303.000000	286.500000
0	9.401000	0.672754	298.350006	288.587494
1	9.433000	0.933768	302.443756	287.306244
1	9.464000	0.927536	303.500000	288.000000
1	9.495000	0.951159	301.806244	287.193756
1	9.526000	0.932754	301.437561	288.500000
1	9.573000	0.956522	301.500000	287.500000
0	9.604000	0.800580	299.487488	289.000000
1	9.635000	0.959275	302.656250	287.031250
1	9.667000	0.940435	302.493744	286.943756
1	9.698000	0.999420	303.875000	286.562500
1	9.729000	0.969710	303.068756	287.493744
0	9.760000	0.834783	303.500000	288.000000
1	9.791000	0.920145	301.781250	288.781250
1	9.838000	0.931594	302.600006	288.912506
0	9.869000	0.665797	297.812500	290.212463
1	9.901000	0.980290	303.037506	289.149994
0	9.932000	0.686232	297.893738	289.581238
0	9.963000	0.904493	300.556244	288.743744
0	9.994000	0.839855	300.500000	290.500000
1	10.025000	0.920145	302.768738	288.781250
1	10.072000	0.921159	303.237488	290.250000
1	10.103000	0.927101	303.318756	289.681244
1	10.135000	0.912029	303.368744	290.681244
1	10.166000	0.955362	303.287506	291.162506
1	10.197000	0.968551	302.818756	290.943756
1	10.228000	0.985942	303.131256	290.693756
1	10.259000	0.965797	303.812500	289.937500
1	10.291000	0.956522	304.000000	289.500000
1	10.337000	0.926667	303.562500	289.875000
0	10.369000	0.631449	299.568756	288.881256
1	10.400000	0.929855	303.900024	291.450012
1	10.431000	0.920580	302.225006	292.225006
1	10.462000	0.938116	302.006256	292.006256
1	10.493000	0.951159	302.818756	292.181244
1	10.525000	0.964058	303.887482	292.399994
1	10.571000	0.936377	303.018799	291.518738
1	10.603000	0.931594	303.475006	291.600006
1	10.634000	0.894928	303.456238	292.093750
1	10.665000	0.939130	303.250000	292.750000
1	10.696000	0.920580	302.225006	293.225006
1	10.727000	0.896812	301.899994	292.850006
0	10.759000	0.742029	299.500000	292.000000
0	10.805000	0.859275	302.043762	294.793762
0	10.837000	0.489855	297.299988	299.950012
1	10.868000	0.968985	303.062500	295.112488
1	10.899000	0.895652	301.600006	294.899994
1	10.930000	0.886377	302.250000	294.000000
1	10.961000	0.897681	302.899994	293.537506
0	10.993000	0.548985	297.399994	291.600006
1	11.024000	0.898551	303.375000	293.875000
0	11.071000	0.866377	301.962494	294.037506
1	11.102000	0.869565	302.500000	294.000000
1	11.133000	0.955362	303.274994	295.274994
1	11.164000	0.957681	303.725006	294.225006
1	11.195000	0.939275	304.243744	293.943756
1	11.227000	0.927101	304.443756	293.556244
1	11.258000	0.950725	303.875000	292.625000
0	11.305000	0.605942	297.468750	290.468750
1	11.336000	0.971014	303.750000	292.000000
1	11.367000	0.918985	303.343750	292.406250
1	11.398000	0.939275	304.056244	292.693756
0	11.429000	0.418406	301.931244	284.806244
0	11.461000	0.545072	297.531250	296.156250
1	11.492000	0.940290	303.324921	293.512482
0	11.539000	0.583188	297.125000	291.125000
1	11.570000	0.940145	303.543732	291.943756
1	11.601000	0.927246	303.850006	290.662506
1	11.632000	0.937971	303.712494	290.024994
1	11.663000	0.929855	304.562500	290.625000
1	11.695000	0.927536	302.500000	291.000000
1	11.726000	0.969420	303.931244	291.943695
1	11.757000	0.914203	303.662506	291.350006
1	11.804000	0.966377	303.587494	291.850006
1	11.835000	0.939130	303.500000	291.000000
1	11.866000	0.866377	302.787506	291.574982
0	11.897000	0.881159	302.500000	291.000000
1	11.929000	0.977101	305.074982	290.037506
1	11.960000	0.966667	303.862488	289.937500
1	11.991000	0.922319	303.625000	289.500000
1	12.038000	0.933188	303.493774	290.368774
0	12.069000	0.359420	304.375000	281.625000
1	12.100000	0.969274	303.924652	291.924896
1	12.131000	0.920145	302.781250	290.968750
1	12.163000	0.935072	303.524994	291.300018
1	12.194000	0.950725	304.250000	291.250000
1	12.225000	0.950725	303.000000	290.500000
1	12.256000	0.954928	304.281250	290.281250
1	12.303000	0.983623	304.993744	290.556305
1	12.334000	0.967971	303.593750	289.968750
1	12.365000	0.931159	303.625000	291.375000
1	12.397000	0.933768	302.631256	291.543732
1	12.428000	0.906377	302.012482	292.024994
1	12.459000	0.916377	301.368744	292.681244
1	12.490000	0.938551	302.000000	292.000000
1	12.537000	0.932029	303.406250	290.593750
1	12.568000	0.925072	302.443756	290.443756
1	12.599000	0.960290	303.437500	290.187500
1	12.631000	0.933623	303.649994	289.962494
1	12.662000	0.939275	304.056244	290.543732
1	12.693000	0.968116	303.312500	290.937500
1	12.724000	0.921159	302.750000	291.375000
1	12.771000	0.951594	302.812500	290.812500
1	12.802000	0.937536	303.031250	291.531250
1	12.833000	0.967971	303.956238	290.956238
1	12.865000	0.972899	304.081268	289.993744
1	12.896000	0.898551	302.625000	290.875000
1	12.927000	0.972319	304.906250	290.531250
1	12.958000	0.972754	304.475006	289.975006
1	12.989000	0.937971	303.512482	291.024872
1	13.036000	0.969710	302.993774	290.918762
1	13.067000	0.978986	302.918762	291.918762
1	13.099000	0.960290	301.937500	292.312500
1	13.130000	0.939130	302.375000	292.625000
1	13.161000	0.959275	301.968750	292.781250
1	13.192000	0.951449	302.293762	292.156250
1	13.223000	0.955507	303.256256	292.118744
1	13.270000	0.959275	303.343750	292.031250
1	13.301000	0.927536	302.500000	293.000000
1	13.333000	0.970145	304.500000	293.924988
1	13.364000	0.927536	304.000000	293.500000
1	13.395000	0.936377	302.968750	294.343750
1	13.426000	0.931594	303.350006	295.350006
0	13.457000	0.573333	296.937500	299.137512
1	13.504000	0.982029	302.625000	296.562500
1	13.535000	0.915797	301.343750	295.718750
1	13.567000	0.983188	302.000000	297.125000
0	13.598000	0.662029	296.475006	299.725006
1	13.629000	0.988116	304.100006	296.037506
1	13.660000	0.949421	304.181213	295.531311
1	13.691000	0.938116	304.006256	295.756256
1	13.723000	0.965217	303.250000	296.500000
1	13.769000	0.937971	303.024994	296.712494
1	13.801000	0.956522	302.000000	297.000000
1	13.832000	0.987971	301.943756	296.818756
1	13.863000	0.866377	302.787506	294.037506
0	13.894000	0.442319	305.149994	287.149994
1	13.925000	0.883768	303.237518	294.287506
1	13.957000	0.954928	304.281250	296.281250
1	14.003000	0.901594	303.731262	296.481262
1	14.035000	0.950145	303.350067	297.199860
1	14.066000	0.960290	303.312500	296.937500
1	14.097000	0.955507	303.306244	297.256256
1	14.128000	0.968841	303.375000	297.062500
1	14.159000	0.975072	303.087494	297.074982
1	14.191000	0.984203	304.031250	297.218750
1	14.222000	0.931449	303.368744	296.506256
1	14.269000	0.951159	303.631256	297.193756
0	14.300000	0.828841	301.531250	294.843750
1	14.331000	0.916377	303.381256	295.618744
1	14.362000	0.931594	303.524994	295.649933
0	14.393000	0.950580	302.843750	297.343750
0	14.425000	0.862754	304.206085	294.943817
1	14.456000	0.974493	304.000000	298.062500
1	14.503000	0.966812	303.893738	297.593750
1	14.534000	0.951159	302.818756	298.181244
1	14.565000	0.939130	303.750000	296.250000
1	14.596000	0.916812	303.812500	295.174988
1	14.627000	0.937681	303.637512	297.000000
1	14.659000	0.898841	304.512482	295.462494
0	14.690000	0.795072	303.424988	294.062500
1	14.737000	0.955362	304.274994	296.699982
1	14.768000	0.918985	304.731262	296.268738
0	14.799000	0.713043	301.937500	294.812500
1	14.830000	0.927536	304.000000	297.500000
1	14.861000	0.957681	303.725006	296.725006
1	14.893000	0.938551	303.500000	297.000000
0	14.924000	0.925507	303.625000	296.500000
1	14.955000	0.915942	303.500000	296.000000
0	15.002000	0.927536	304.500000	295.000000
1	15.033000	0.974493	303.125000	297.000000
0	15.064000	0.898406	303.218750	296.531250
1	15.095000	0.998985	304.118744	297.868744
0	15.127000	0.881159	300.500000	297.000000
1	15.158000	0.902029	301.912506	297.475006
1	15.189000	1.008406	303.500000	299.037476
1	15.236000	0.955072	303.468750	298.218750
1	15.267000	0.956522	303.500000	298.000000
1	15.298000	1.009420	303.981262	298.018738
0	15.329000	0.898406	302.143738	297.506226
1	15.361000	0.952319	303.306244	297.243744
1	15.392000	0.973623	303.850006	297.074982
1	15.423000	0.955362	302.899994	297.274994
1	15.470000	0.991884	303.250000	298.375000
1	15.501000	0.970145	302.049988	298.500000
0	15.532000	0.905072	301.168762	299.231262
1	15.563000	0.995797	302.881256	299.293732
1	15.595000	0.956522	302.812500	297.312500
1	15.626000	0.951159	303.256256	296.818756
0	15.657000	0.886377	302.250000	297.000000
1	15.688000	0.938115	302.693695	298.006073
0	15.735000	0.955507	302.293793	297.706207
1	15.766000	0.936812	302.337494	297.475006
1	15.797000	0.939276	301.718750	298.493774
1	15.829000	0.938116	301.643768	298.493744
1	15.860000	0.957102	302.250000	299.299988
1	15.891000	1.018551	302.600006	299.649994
1	15.922000	1.008696	302.500000	299.000000
1	15.969000	0.950725	302.000000	298.500000
0	16.000000	0.950580	302.218750	298.843750
1	16.031000	0.994493	303.274994	298.662506
1	16.063000	0.970145	302.112488	299.487488
0	16.094000	0.866377	301.037506	298.412506
0	16.125000	0.866812	300.781250	300.781250
1	16.156000	1.005797	303.000000	300.487488
0	16.203000	0.930435	301.250000	299.500000
0	16.234000	0.957681	302.225006	299.725006
1	16.265000	0.991159	303.243744	300.243744
1	16.297000	0.968551	301.556244	300.881256
1	16.328000	0.954928	302.281250	301.906250
0	16.359000	0.824203	299.893768	302.418732
1	16.390000	0.985362	302.718750	301.718750
1	16.421000	0.951015	302.212494	301.662506
1	16.468000	0.955507	301.256256	304.118744
0	16.499000	0.618841	295.737488	306.737488
1	16.531000	0.998116	302.143707	304.881256
1	16.562000	0.974493	302.000000	305.250000
1	16.593000	0.977536	301.793762	305.206238
1	16.624000	0.966232	301.431244	305.431244
1	16.655000	0.972899	301.506256	305.906281
1	16.702000	0.950725	301.000000	305.500000
1	16.733000	0.957681	301.725006	304.725006
0	16.765000	0.611594	295.562500	310.687500
1	16.796000	0.948406	300.750000	307.187500
0	16.827000	0.893333	299.399994	307.337494
0	16.858000	0.818406	298.943756	307.193756
0	16.889000	0.905362	299.368744	308.043732
0	16.936000	0.605507	294.537506	311.787506
0	16.967000	0.882754	299.306274	307.268738
0	16.999000	0.609420	296.268738	310.531250
0	17.030000	0.602899	294.500000	311.000000
0	17.061000	0.610290	296.531250	312.406250
1	17.092000	1.019276	302.381409	308.718689
0	17.123000	0.813623	299.312500	308.687500
0	17.155000	0.763623	299.481171	307.156219
0	17.201000	0.927246	300.337494	308.087494
0	17.233000	0.744058	296.187500	309.437500
0	17.264000	0.661884	295.756256	310.256256
0	17.295000	0.884203	301.281250	305.281250
0	17.326000	0.857681	299.162506	305.912506
1	17.357000	0.955362	301.725067	306.524994
1	17.389000	0.953623	302.000000	305.750000
0	17.435000	0.964203	300.981293	307.018707
1	17.467000	0.937971	302.024994	306.712494
1	17.498000	0.936812	301.975006	306.524994
0	17.529000	0.877246	300.881256	306.856232
0	17.560000	0.913043	300.687500	307.687500
0	17.591000	0.591304	297.500000	313.000000
0	17.623000	0.914058	299.693756	307.731232
1	17.654000	0.951015	300.912506	307.162506
1	17.701000	1.042754	302.018738	307.518738
0	17.732000	0.895797	300.168793	305.881256
1	17.763000	0.903333	300.506256	306.506256
0	17.794000	0.783768	298.762421	307.225006
0	17.825000	0.884928	300.287506	306.762482
0	17.857000	0.884928	300.287506	306.712494
0	17.888000	0.690725	296.437500	310.437500
0	17.935000	0.835942	299.524994	306.975006
0	17.966000	0.855072	299.250000	308.000000
0	17.997000	0.632029	295.143738	313.593750
<\RIGHT-PUPIL-DATA>
<LEFT-PUPIL-DATA>
543	0
0	-0.052000	13.913043	240.000000	320.000000
0	-0.021000	13.913043	240.000000	320.000000
0	0.010000	13.913043	240.000000	320.000000
0	0.041000	13.913043	240.000000	320.000000
0	0.073000	13.913043	240.000000	320.000000
0	0.104000	13.913043	240.000000	320.000000
0	0.135000	13.913043	240.000000	320.000000
0	0.182000	13.913043	240.000000	320.000000
0	0.213000	13.913043	240.000000	320.000000
0	0.244000	13.913043	240.000000	320.000000
0	0.275000	13.913043	240.000000	320.000000
0	0.307000	13.913043	240.000000	320.000000
0	0.338000	13.913043	240.000000	320.000000
0	0.369000	13.913043	240.000000	320.000000
0	0.416000	13.913043	240.000000	320.000000
0	0.447000	13.913043	240.000000	320.000000
0	0.478000	13.913043	240.000000	320.000000
0	0.509000	13.913043	240.000000	320.000000
0	0.541000	13.913043	240.000000	320.000000
0	0.572000	13.913043	240.000000	320.000000
0	0.603000	13.913043	240.000000	320.000000
0	0.650000	13.913043	240.000000	320.000000
0	0.681000	13.913043	240.000000	320.000000
0	0.712000	13.913043	240.000000	320.000000
0	0.743000	13.913043	240.000000	320.000000
0	0.775000	13.913043	240.000000	320.000000
0	0.806000	13.913043	240.000000	320.000000
0	0.837000	13.913043	240.000000	320.000000
0	0.868000	13.913043	240.000000	320.000000
0	0.915000	13.913043	240.000000	320.000000
0	0.946000	13.913043	240.000000	320.000000
0	0.977000	13.913043	240.000000	320.000000
0	1.009000	13.913043	240.000000	320.000000
0	1.040000	13.913043	240.000000	320.000000
0	1.071000	13.913043	240.000000	320.000000
0	1.102000	13.913043	240.000000	320.000000
0	1.149000	13.913043	240.000000	320.000000
0	1.180000	13.913043	240.000000	320.000000
0	1.211000	13.913043	240.000000	320.000000
0	1.243000	13.913043	240.000000	320.000000
0	1.274000	13.913043	240.000000	320.000000
0	1.305000	13.913043	240.000000	320.000000
0	1.336000	13.913043	240.000000	320.000000
0	1.367000	13.913043	240.000000	320.000000
0	1.414000	13.913043	240.000000	320.000000
0	1.445000	13.913043	240.000000	320.000000
0	1.477000	13.913043	240.000000	320.000000
0	1.508000	13.913043	240.000000	320.000000
0	1.539000	13.913043	240.000000	320.000000
0	1.570000	13.913043	240.000000	320.000000
0	1.601000	13.913043	240.000000	320.000000
0	1.648000	13.913043	240.000000	320.000000
0	1.679000	13.913043	240.000000	320.000000
0	1.711000	13.913043	240.000000	320.000000
0	1.742000	13.913043	240.000000	320.000000
0	1.773000	13.913043	240.000000	320.000000
0	1.804000	13.913043	240.000000	320.000000
0	1.835000	13.913043	240.000000	320.000000
0	1.882000	13.913043	240.000000	320.000000
0	1.913000	13.913043	240.000000	320.000000
0	1.945000	13.913043	240.000000	320.000000
0	1.976000	13.913043	240.000000	320.000000
0	2.007000	13.913043	240.000000	320.000000
0	2.038000	13.913043	240.000000	320.000000
0	2.069000	13.913043	240.000000	320.000000
0	2.101000	13.913043	240.000000	320.000000
0	2.147000	13.913043	240.000000	320.000000
0	2.179000	13.913043	240.000000	320.000000
0	2.210000	13.913043	240.000000	320.000000
0	2.241000	13.913043	240.000000	320.000000
0	2.272000	13.913043	240.000000	320.000000
0	2.303000	13.913043	240.000000	320.000000
0	2.335000	13.913043	240.000000	320.000000
0	2.381000	13.913043	240.000000	320.000000
0	2.413000	13.913043	240.000000	320.000000
0	2.444000	13.913043	240.000000	320.000000
0	2.475000	13.913043	240.000000	320.000000
0	2.506000	13.913043	240.000000	320.000000
0	2.537000	13.913043	240.000000	320.000000
0	2.569000	13.913043	240.000000	320.000000
0	2.615000	13.913043	240.000000	320.000000
0	2.647000	13.913043	240.000000	320.000000
0	2.678000	13.913043	240.000000	320.000000
0	2.709000	13.913043	240.000000	320.000000
0	2.740000	13.913043	240.000000	320.000000
0	2.771000	13.913043	240.000000	320.000000
0	2.803000	13.913043	240.000000	320.000000
0	2.834000	13.913043	240.000000	320.000000
0	2.881000	13.913043	240.000000	320.000000
0	2.912000	13.913043	240.000000	320.000000
0	2.943000	13.913043	240.000000	320.000000
0	2.974000	13.913043	240.000000	320.000000
0	3.005000	13.913043	240.000000	320.000000
0	3.037000	13.913043	240.000000	320.000000
0	3.068000	13.913043	240.000000	320.000000
0	3.115000	13.913043	240.000000	320.000000
0	3.146000	13.913043	240.000000	320.000000
0	3.177000	13.913043	240.000000	320.000000
0	3.208000	13.913043	240.000000	320.000000
0	3.239000	13.913043	240.000000	320.000000
0	3.271000	13.913043	240.000000	320.000000
0	3.302000	13.913043	240.000000	320.000000
0	3.349000	13.913043	240.000000	320.000000
0	3.380000	13.913043	240.000000	320.000000
0	3.411000	13.913043	240.000000	320.000000
0	3.442000	13.913043	240.000000	320.000000
0	3.473000	13.913043	240.000000	320.000000
0	3.505000	13.913043	240.000000	320.000000
0	3.536000	13.913043	240.000000	320.000000
0	3.567000	13.913043	240.000000	320.000000
0	3.614000	13.913043	240.000000	320.000000
0	3.645000	13.913043	240.000000	320.000000
0	3.676000	13.913043	240.000000	320.000000
0	3.707000	13.913043	240.000000	320.000000
0	3.739000	13.913043	240.000000	320.000000
0	3.770000	13.913043	240.000000	320.000000
0	3.801000	13.913043	240.000000	320.000000
0	3.848000	13.913043	240.000000	320.000000
0	3.879000	13.913043	240.000000	320.000000
0	3.910000	13.913043	240.000000	320.000000
0	3.941000	13.913043	240.000000	320.000000
0	3.973000	13.913043	240.000000	320.000000
0	4.004000	13.913043	240.000000	320.000000
0	4.035000	13.913043	240.000000	320.000000
0	4.066000	13.913043	240.000000	320.000000
0	4.113000	13.913043	240.000000	320.000000
0	4.144000	13.913043	240.000000	320.000000
0	4.175000	13.913043	240.000000	320.000000
0	4.207000	13.913043	240.000000	320.000000
0	4.238000	13.913043	240.000000	320.000000
0	4.269000	13.913043	240.000000	320.000000
0	4.300000	13.913043	240.000000	320.000000
0	4.347000	13.913043	240.000000	320.000000
0	4.378000	13.913043	240.000000	320.000000
0	4.409000	13.913043	240.000000	320.000000
0	4.441000	13.913043	240.000000	320.000000
0	4.472000	13.913043	240.000000	320.000000
0	4.503000	13.913043	240.000000	320.000000
0	4.534000	13.913043	240.000000	320.000000
0	4.581000	13.913043	240.000000	320.000000
0	4.612000	13.913043	240.000000	320.000000
0	4.643000	13.913043	240.000000	320.000000
0	4.675000	13.913043	240.000000	320.000000
0	4.706000	13.913043	240.000000	320.000000
0	4.737000	13.913043	240.000000	320.000000
0	4.768000	13.913043	240.000000	320.000000
0	4.799000	13.913043	240.000000	320.000000
0	4.846000	13.913043	240.000000	320.000000
0	4.877000	13.913043	240.000000	320.000000
0	4.909000	13.913043	240.000000	320.000000
0	4.940000	13.913043	240.000000	320.000000
0	4.971000	13.913043	240.000000	320.000000
0	5.002000	13.913043	240.000000	320.000000
0	5.033000	13.913043	240.000000	320.000000
0	5.080000	13.913043	240.000000	320.000000
0	5.111000	13.913043	240.000000	320.000000
0	5.143000	13.913043	240.000000	320.000000
0	5.174000	13.913043	240.000000	320.000000
0	5.205000	13.913043	240.000000	320.000000
0	5.236000	13.913043	240.000000	320.000000
0	5.267000	13.913043	240.000000	320.000000
0	5.314000	13.913043	240.000000	320.000000
0	5.345000	13.913043	240.000000	320.000000
0	5.377000	13.913043	240.000000	320.000000
0	5.408000	13.913043	240.000000	320.000000
0	5.439000	13.913043	240.000000	320.000000
0	5.470000	13.913043	240.000000	320.000000
0	5.501000	13.913043	240.000000	320.000000
0	5.533000	13.913043	240.000000	320.000000
0	5.579000	13.913043	240.000000	320.000000
0	5.611000	13.913043	240.000000	320.000000
0	5.642000	13.913043	240.000000	320.000000
0	5.673000	13.913043	240.000000	320.000000
0	5.704000	13.913043	240.000000	320.000000
0	5.735000	13.913043	240.000000	320.000000
0	5.767000	13.913043	240.000000	320.000000
0	5.813000	13.913043	240.000000	320.000000
0	5.845000	13.913043	240.000000	320.000000
0	5.876000	13.913043	240.000000	320.000000
0	5.907000	13.913043	240.000000	320.000000
0	5.938000	13.913043	240.000000	320.000000
0	5.969000	13.913043	240.000000	320.000000
0	6.001000	13.913043	240.000000	320.000000
0	6.047000	13.913043	240.000000	320.000000
0	6.079000	13.913043	240.000000	320.000000
0	6.110000	13.913043	240.000000	320.000000
0	6.141000	13.913043	240.000000	320.000000
0	6.172000	13.913043	240.000000	320.000000
0	6.203000	13.913043	240.000000	320.000000
0	6.235000	13.913043	240.000000	320.000000
0	6.266000	13.913043	240.000000	320.000000
0	6.313000	13.913043	240.000000	320.000000
0	6.344000	13.913043	240.000000	320.000000
0	6.375000	13.913043	240.000000	320.000000
0	6.406000	13.913043	240.000000	320.000000
0	6.437000	13.913043	240.000000	320.000000
0	6.469000	13.913043	240.000000	320.000000
0	6.500000	13.913043	240.000000	320.000000
0	6.547000	13.913043	240.000000	320.000000
0	6.578000	13.913043	240.000000	320.000000
0	6.609000	13.913043	240.000000	320.000000
0	6.640000	13.913043	240.000000	320.000000
0	6.671000	13.913043	240.000000	320.000000
0	6.703000	13.913043	240.000000	320.000000
0	6.734000	13.913043	240.000000	320.000000
0	6.765000	13.913043	240.000000	320.000000
0	6.812000	13.913043	240.000000	320.000000
0	6.843000	13.913043	240.000000	320.000000
0	6.874000	13.913043	240.000000	320.000000
0	6.905000	13.913043	240.000000	320.000000
0	6.937000	13.913043	240.000000	320.000000
0	6.968000	13.913043	240.000000	320.000000
0	6.999000	13.913043	240.000000	320.000000
0	7.046000	13.913043	240.000000	320.000000
0	7.077000	13.913043	240.000000	320.000000
0	7.108000	13.913043	240.000000	320.000000
0	7.139000	13.913043	240.000000	320.000000
0	7.171000	13.913043	240.000000	320.000000
0	7.202000	13.913043	240.000000	320.000000
0	7.233000	13.913043	240.000000	320.000000
0	7.280000	13.913043	240.000000	320.000000
0	7.311000	13.913043	240.000000	320.000000
0	7.342000	13.913043	240.000000	320.000000
0	7.373000	13.913043	240.000000	320.000000
0	7.405000	13.913043	240.000000	320.000000
0	7.436000	13.913043	240.000000	320.000000
0	7.467000	13.913043	240.000000	320.000000
0	7.498000	13.913043	240.000000	320.000000
0	7.545000	13.913043	240.000000	320.000000
0	7.576000	13.913043	240.000000	320.000000
0	7.607000	13.913043	240.000000	320.000000
0	7.639000	13.913043	240.000000	320.000000
0	7.670000	13.913043	240.000000	320.000000
0	7.701000	13.913043	240.000000	320.000000
0	7.732000	13.913043	240.000000	320.000000
0	7.779000	13.913043	240.000000	320.000000
0	7.810000	13.913043	240.000000	320.000000
0	7.841000	13.913043	240.000000	320.000000
0	7.873000	13.913043	240.000000	320.000000
0	7.904000	13.913043	240.000000	320.000000
0	7.935000	13.913043	240.000000	320.000000
0	7.966000	13.913043	240.000000	320.000000
0	7.997000	13.913043	240.000000	320.000000
0	8.044000	13.913043	240.000000	320.000000
0	8.075000	13.913043	240.000000	320.000000
0	8.107000	13.913043	240.000000	320.000000
0	8.138000	13.913043	240.000000	320.000000
0	8.169000	13.913043	240.000000	320.000000
0	8.200000	13.913043	240.000000	320.000000
0	8.231000	13.913043	240.000000	320.000000
0	8.278000	13.913043	240.000000	320.000000
0	8.309000	13.913043	240.000000	320.000000
0	8.341000	13.913043	240.000000	320.000000
0	8.372000	13.913043	240.000000	320.000000
0	8.403000	13.913043	240.000000	320.000000
0	8.434000	13.913043	240.000000	320.000000
0	8.465000	13.913043	240.000000	320.000000
0	8.512000	13.913043	240.000000	320.000000
0	8.543000	13.913043	240.000000	320.000000
0	8.575000	13.913043	240.000000	320.000000
0	8.606000	13.913043	240.000000	320.000000
0	8.637000	13.913043	240.000000	320.000000
0	8.668000	13.913043	240.000000	320.000000
0	8.699000	13.913043	240.000000	320.000000
0	8.731000	13.913043	240.000000	320.000000
0	8.777000	13.913043	240.000000	320.000000
0	8.809000	13.913043	240.000000	320.000000
0	8.840000	13.913043	240.000000	320.000000
0	8.871000	13.913043	240.000000	320.000000
0	8.902000	13.913043	240.000000	320.000000
0	8.933000	13.913043	240.000000	320.000000
0	8.965000	13.913043	240.000000	320.000000
0	9.011000	13.913043	240.000000	320.000000
0	9.043000	13.913043	240.000000	320.000000
0	9.074000	13.913043	240.000000	320.000000
0	9.105000	13.913043	240.000000	320.000000
0	9.136000	13.913043	240.000000	320.000000
0	9.167000	13.913043	240.000000	320.000000
0	9.199000	13.913043	240.000000	320.000000
0	9.245000	13.913043	240.000000	320.000000
0	9.277000	13.913043	240.000000	320.000000
0	9.308000	13.913043	240.000000	320.000000
0	9.339000	13.913043	240.000000	320.000000
0	9.370000	13.913043	240.000000	320.000000
0	9.401000	13.913043	240.000000	320.000000
0	9.433000	13.913043	240.000000	320.000000
0	9.464000	13.913043	240.000000	320.000000
0	9.511000	13.913043	240.000000	320.000000
0	9.542000	13.913043	240.000000	320.000000
0	9.573000	13.913043	240.000000	320.000000
0	9.604000	13.913043	240.000000	320.000000
0	9.635000	13.913043	240.000000	320.000000
0	9.667000	13.913043	240.000000	320.000000
0	9.698000	13.913043	240.000000	320.000000
0	9.745000	13.913043	240.000000	320.000000
0	9.776000	13.913043	240.000000	320.000000
0	9.807000	13.913043	240.000000	320.000000
0	9.838000	13.913043	240.000000	320.000000
0	9.869000	13.913043	240.000000	320.000000
0	9.901000	13.913043	240.000000	320.000000
0	9.932000	13.913043	240.000000	320.000000
0	9.979000	13.913043	240.000000	320.000000
0	10.010000	13.913043	240.000000	320.000000
0	10.041000	13.913043	240.000000	320.000000
0	10.072000	13.913043	240.000000	320.000000
0	10.103000	13.913043	240.000000	320.000000
0	10.135000	13.913043	240.000000	320.000000
0	10.166000	13.913043	240.000000	320.000000
0	10.197000	13.913043	240.000000	320.000000
0	10.244000	13.913043	240.000000	320.000000
0	10.275000	13.913043	240.000000	320.000000
0	10.306000	13.913043	240.000000	320.000000
0	10.337000	13.913043	240.000000	320.000000
0	10.369000	13.913043	240.000000	320.000000
0	10.400000	13.913043	240.000000	320.000000
0	10.431000	13.913043	240.000000	320.000000
0	10.478000	13.913043	240.000000	320.000000
0	10.509000	13.913043	240.000000	320.000000
0	10.540000	13.913043	240.000000	320.000000
0	10.571000	13.913043	240.000000	320.000000
0	10.603000	13.913043	240.000000	320.000000
0	10.634000	13.913043	240.000000	320.000000
0	10.665000	13.913043	240.000000	320.000000
0	10.712000	13.913043	240.000000	320.000000
0	10.743000	13.913043	240.000000	320.000000
0	10.774000	13.913043	240.000000	320.000000
0	10.805000	13.913043	240.000000	320.000000
0	10.837000	13.913043	240.000000	320.000000
0	10.868000	13.913043	240.000000	320.000000
0	10.899000	13.913043	240.000000	320.000000
0	10.930000	13.913043	240.000000	320.000000
0	10.977000	13.913043	240.000000	320.000000
0	11.008000	13.913043	240.000000	320.000000
0	11.039000	13.913043	240.000000	320.000000
0	11.071000	13.913043	240.000000	320.000000
0	11.102000	13.913043	240.000000	320.000000
0	11.133000	13.913043	240.000000	320.000000
0	11.164000	13.913043	240.000000	320.000000
0	11.211000	13.913043	240.000000	320.000000
0	11.242000	13.913043	240.000000	320.000000
0	11.273000	13.913043	240.000000	320.000000
0	11.305000	13.913043	240.000000	320.000000
0	11.336000	13.913043	240.000000	320.000000
0	11.367000	13.913043	240.000000	320.000000
0	11.398000	13.913043	240.000000	320.000000
0	11.429000	13.913043	240.000000	320.000000
0	11.476000	13.913043	240.000000	320.000000
0	11.507000	13.913043	240.000000	320.000000
0	11.539000	13.913043	240.000000	320.000000
0	11.570000	13.913043	240.000000	320.000000
0	11.601000	13.913043	240.000000	320.000000
0	11.632000	13.913043	240.000000	320.000000
0	11.663000	13.913043	240.000000	320.000000
0	11.710000	13.913043	240.000000	320.000000
0	11.741000	13.913043	240.000000	320.000000
0	11.773000	13.913043	240.000000	320.000000
0	11.804000	13.913043	240.000000	320.000000
0	11.835000	13.913043	240.000000	320.000000
0	11.866000	13.913043	240.000000	320.000000
0	11.897000	13.913043	240.000000	320.000000
0	11.929000	13.913043	240.000000	320.000000
0	11.975000	13.913043	240.000000	320.000000
0	12.007000	13.913043	240.000000	320.000000
0	12.038000	13.913043	240.000000	320.000000
0	12.069000	13.913043	240.000000	320.000000
0	12.100000	13.913043	240.000000	320.000000
0	12.131000	13.913043	240.000000	320.000000
0	12.163000	13.913043	240.000000	320.000000
0	12.209000	13.913043	240.000000	320.000000
0	12.241000	13.913043	240.000000	320.000000
0	12.272000	13.913043	240.000000	320.000000
0	12.303000	13.913043	240.000000	320.000000
0	12.334000	13.913043	240.000000	320.000000
0	12.365000	13.913043	240.000000	320.000000
0	12.397000	13.913043	240.000000	320.000000
0	12.443000	13.913043	240.000000	320.000000
0	12.475000	13.913043	240.000000	320.000000
0	12.506000	13.913043	240.000000	320.000000
0	12.537000	13.913043	240.000000	320.000000
0	12.568000	13.913043	240.000000	320.000000
0	12.599000	13.913043	240.000000	320.000000
0	12.631000	13.913043	240.000000	320.000000
0	12.662000	13.913043	240.000000	320.000000
0	12.709000	13.913043	240.000000	320.000000
0	12.740000	13.913043	240.000000	320.000000
0	12.771000	13.913043	240.000000	320.000000
0	12.802000	13.913043	240.000000	320.000000
0	12.833000	13.913043	240.000000	320.000000
0	12.865000	13.913043	240.000000	320.000000
0	12.896000	13.913043	240.000000	320.000000
0	12.943000	13.913043	240.000000	320.000000
0	12.974000	13.913043	240.000000	320.000000
0	13.005000	13.913043	240.000000	320.000000
0	13.036000	13.913043	240.000000	320.000000
0	13.067000	13.913043	240.000000	320.000000
0	13.099000	13.913043	240.000000	320.000000
0	13.130000	13.913043	240.000000	320.000000
0	13.177000	13.913043	240.000000	320.000000
0	13.208000	13.913043	240.000000	320.000000
0	13.239000	13.913043	240.000000	320.000000
0	13.270000	13.913043	240.000000	320.000000
0	13.301000	13.913043	240.000000	320.000000
0	13.333000	13.913043	240.000000	320.000000
0	13.364000	13.913043	240.000000	320.000000
0	13.395000	13.913043	240.000000	320.000000
0	13.442000	13.913043	240.000000	320.000000
0	13.473000	13.913043	240.000000	320.000000
0	13.504000	13.913043	240.000000	320.000000
0	13.535000	13.913043	240.000000	320.000000
0	13.567000	13.913043	240.000000	320.000000
0	13.598000	13.913043	240.000000	320.000000
0	13.629000	13.913043	240.000000	320.000000
0	13.676000	13.913043	240.000000	320.000000
0	13.707000	13.913043	240.000000	320.000000
0	13.738000	13.913043	240.000000	320.000000
0	13.769000	13.913043	240.000000	320.000000
0	13.801000	13.913043	240.000000	320.000000
0	13.832000	13.913043	240.000000	320.000000
0	13.863000	13.913043	240.000000	320.000000
0	13.910000	13.913043	240.000000	320.000000
0	13.941000	13.913043	240.000000	320.000000
0	13.972000	13.913043	240.000000	320.000000
0	14.003000	13.913043	240.000000	320.000000
0	14.035000	13.913043	240.000000	320.000000
0	14.066000	13.913043	240.000000	320.000000
0	14.097000	13.913043	240.000000	320.000000
0	14.128000	13.913043	240.000000	320.000000
0	14.175000	13.913043	240.000000	320.000000
0	14.206000	13.913043	240.000000	320.000000
0	14.237000	13.913043	240.000000	320.000000
0	14.269000	13.913043	240.000000	320.000000
0	14.300000	13.913043	240.000000	320.000000
0	14.331000	13.913043	240.000000	320.000000
0	14.362000	13.913043	240.000000	320.000000
0	14.409000	13.913043	240.000000	320.000000
0	14.440000	13.913043	240.000000	320.000000
0	14.471000	13.913043	240.000000	320.000000
0	14.503000	13.913043	240.000000	320.000000
0	14.534000	13.913043	240.000000	320.000000
0	14.565000	13.913043	240.000000	320.000000
0	14.596000	13.913043	240.000000	320.000000
0	14.643000	13.913043	240.000000	320.000000
0	14.674000	13.913043	240.000000	320.000000
0	14.705000	13.913043	240.000000	320.000000
0	14.737000	13.913043	240.000000	320.000000
0	14.768000	13.913043	240.000000	320.000000
0	14.799000	13.913043	240.000000	320.000000
0	14.830000	13.913043	240.000000	320.000000
0	14.861000	13.913043	240.000000	320.000000
0	14.908000	13.913043	240.000000	320.000000
0	14.939000	13.913043	240.000000	320.000000
0	14.971000	13.913043	240.000000	320.000000
0	15.002000	13.913043	240.000000	320.000000
0	15.033000	13.913043	240.000000	320.000000
0	15.064000	13.913043	240.000000	320.000000
0	15.095000	13.913043	240.000000	320.000000
0	15.142000	13.913043	240.000000	320.000000
0	15.173000	13.913043	240.000000	320.000000
0	15.205000	13.913043	240.000000	320.000000
0	15.236000	13.913043	240.000000	320.000000
0	15.267000	13.913043	240.000000	320.000000
0	15.298000	13.913043	240.000000	320.000000
0	15.329000	13.913043	240.000000	320.000000
0	15.376000	13.913043	240.000000	320.000000
0	15.407000	13.913043	240.000000	320.000000
0	15.439000	13.913043	240.000000	320.000000
0	15.470000	13.913043	240.000000	320.000000
0	15.501000	13.913043	240.000000	320.000000
0	15.532000	13.913043	240.000000	320.000000
0	15.563000	13.913043	240.000000	320.000000
0	15.595000	13.913043	240.000000	320.000000
0	15.641000	13.913043	240.000000	320.000000
0	15.673000	13.913043	240.000000	320.000000
0	15.704000	13.913043	240.000000	320.000000
0	15.735000	13.913043	240.000000	320.000000
0	15.766000	13.913043	240.000000	320.000000
0	15.797000	13.913043	240.000000	320.000000
0	15.829000	13.913043	240.000000	320.000000
0	15.860000	13.913043	240.000000	320.000000
0	15.907000	13.913043	240.000000	320.000000
0	15.938000	13.913043	240.000000	320.000000
0	15.969000	13.913043	240.000000	320.000000
0	16.000000	13.913043	240.000000	320.000000
0	16.031000	13.913043	240.000000	320.000000
0	16.063000	13.913043	240.000000	320.000000
0	16.094000	13.913043	240.000000	320.000000
0	16.141000	13.913043	240.000000	320.000000
0	16.172000	13.913043	240.000000	320.000000
0	16.203000	13.913043	240.000000	320.000000
0	16.234000	13.913043	240.000000	320.000000
0	16.265000	13.913043	240.000000	320.000000
0	16.297000	13.913043	240.000000	320.000000
0	16.328000	13.913043	240.000000	320.000000
0	16.375000	13.913043	240.000000	320.000000
0	16.406000	13.913043	240.000000	320.000000
0	16.437000	13.913043	240.000000	320.000000
0	16.468000	13.913043	240.000000	320.000000
0	16.499000	13.913043	240.000000	320.000000
0	16.531000	13.913043	240.000000	320.000000
0	16.562000	13.913043	240.000000	320.000000
0	16.593000	13.913043	240.000000	320.000000
0	16.640000	13.913043	240.000000	320.000000
0	16.671000	13.913043	240.000000	320.000000
0	16.702000	13.913043	240.000000	320.000000
0	16.733000	13.913043	240.000000	320.000000
0	16.765000	13.913043	240.000000	320.000000
0	16.796000	13.913043	240.000000	320.000000
0	16.827000	13.913043	240.000000	320.000000
0	16.874000	13.913043	240.000000	320.000000
0	16.905000	13.913043	240.000000	320.000000
0	16.936000	13.913043	240.000000	320.000000
0	16.967000	13.913043	240.000000	320.000000
0	16.999000	13.913043	240.000000	320.000000
0	17.030000	13.913043	240.000000	320.000000
0	17.061000	13.913043	240.000000	320.000000
0	17.108000	13.913043	240.000000	320.000000
0	17.139000	13.913043	240.000000	320.000000
0	17.170000	13.913043	240.000000	320.000000
0	17.201000	13.913043	240.000000	320.000000
0	17.233000	13.913043	240.000000	320.000000
0	17.264000	13.913043	240.000000	320.000000
0	17.295000	13.913043	240.000000	320.000000
0	17.326000	13.913043	240.000000	320.000000
0	17.373000	13.913043	240.000000	320.000000
0	17.404000	13.913043	240.000000	320.000000
0	17.435000	13.913043	240.000000	320.000000
0	17.467000	13.913043	240.000000	320.000000
0	17.498000	13.913043	240.000000	320.000000
0	17.529000	13.913043	240.000000	320.000000
0	17.560000	13.913043	240.000000	320.000000
0	17.607000	13.913043	240.000000	320.000000
0	17.638000	13.913043	240.000000	320.000000
0	17.669000	13.913043	240.000000	320.000000
0	17.701000	13.913043	240.000000	320.000000
0	17.732000	13.913043	240.000000	320.000000
0	17.763000	13.913043	240.000000	320.000000
0	17.794000	13.913043	240.000000	320.000000
0	17.841000	13.913043	240.000000	320.000000
0	17.872000	13.913043	240.000000	320.000000
0	17.903000	13.913043	240.000000	320.000000
0	17.935000	13.913043	240.000000	320.000000
0	17.966000	13.913043	240.000000	320.000000
0	17.997000	13.913043	240.000000	320.000000
<\LEFT-PUPIL-DATA>
<RIGHT-PUPIL-ANALYSIS>
1
0	0	17	542	0	0	0.509000	17.518999	0.509000	31625.173828	0.000000	0.000000	0.000000	0	1	1	1	1	0	0	0	0.000000	0.000000	0.000000	0.000000	0.000000	0.000000	0.000000	-1.000000	0.000000	1	1.161312	0.803073	1.059282	0.506539	0.094000	-0.072211	-0.379588	-1.000000	0.040486	1	1.161312	0.803073	1.059282	0.506539	0.094000	-0.068334	-0.379585	-1.000000	0.040173
<\RIGHT-PUPIL-ANALYSIS>
<LEFT-PUPIL-ANALYSIS>
1
0	0	17	542	0	0	0.509000	17.518999	0.509000	31625.173828	0.000000	0.000000	0.000000	0	1	1	1	1	0	0	0	0.000000	0.000000	0.000000	0.000000	0.000000	0.000000	0.000000	-1.000000	0.000000	0	-0.034783	-0.034783	0.000950	0.000950	0.000000	0.000000	0.000000	-1.000000	0.000000	1	-0.034783	-0.034783	0.000950	0.000950	0.000000	-1000000.000000	-1000000.000000	-1.000000	0.000000
<\LEFT-PUPIL-ANALYSIS>
%%%%%%%%%
%%%%%%%%%
%%%%%%%%%
%%%	Measurement Tiime is: 2017-08-15 09:40:08
%%%	Subject ID is: c57-1mois-f3-4.5r
%%%	Note: 
%%%	RSS: Default Human Relative Spectral Sensitivity
%%%	Pupil Analysis:
%%%
%%%
%%%
%%%	Pulse Index:	0
%%%	Stimulus Session Index:	0
%%%	Right Pupil Stimulated
%%%	Light Metric is Photopic
%%%	Stimulus Start Time(sec):	0.51
%%%	Stimulus Duration(sec):	17.52
%%%	Stimulus Pulse Duration(sec):	0.51
%%%	Right Pulse:	31625.17	(Red  )	-	0.00	(Red  )	[Lux ]
%%%	Left Pulse:	0.00	(Red  )	-	0.00	(Red  )	[Lux ]
%%%
%%%		RIGHT	LEFT	R.Pupil Mean	L.Pupil Mean	R.Stim Mean	R.Stim Mean
%%%	INPUT:	RAW DATA	RAW DATA
%%%	STATE:	ABNORMAL	ABNORMAL	ABNORMAL	ABNORMAL	ABNORMAL	ABNORMAL
%%%	MAX(mm):	0.00	0.00	0.00	0.00	0.00	0.00
%%%	MIN(mm):	0.00	0.00	0.00	0.00	0.00	0.00
%%%	DELTA(mm):						
%%%	CH(%):						
%%%	LAT(sec):	0.00	0.00	0.00	0.00	0.00	0.00
%%%	CV(mm/s):	0.00	0.00	0.00	0.00	0.00	0.00
%%%	MCV(mm/s):	0.00	0.00	0.00	0.00	0.00	0.00
%%%	DV(mm/s):	0.00	0.00	0.00	0.00	0.00	0.00
%%%%%%%%%
%%%%%%%%%
%%%%%%%%%
%%%	Right Pupil Profile (1st row -> 1 == valid tracking, 0 == invalid tracking; 2nd row -> time; 3rd row -> diameter (mm))
%%%	1	1	1	1	1	1	1	1	0	1	1	1	1	0	1	1	1	0	0	0	1	1	0	0	1	1	0	1	0	1	0	0	0	0	1	0	1	1	0	0	0	1	0	0	1	0	1	1	1	0	0	1	0	1	0	0	0	0	0	0	0	0	0	0	1	0	1	0	0	0	0	0	0	0	0	1	0	0	0	0	0	0	0	0	0	0	0	0	0	0	0	0	0	0	0	0	0	0	0	0	0	0	0	0	1	0	0	1	0	0	0	0	1	1	0	0	0	0	0	0	1	0	0	0	0	0	1	1	0	0	0	0	0	0	0	0	0	1	0	0	0	0	0	1	0	0	0	0	0	0	0	0	0	0	0	1	0	0	1	0	1	1	0	1	1	1	0	1	1	1	1	0	0	0	0	1	0	1	1	1	0	0	0	1	0	1	0	0	0	1	0	1	0	1	1	0	0	1	1	0	1	0	1	0	1	0	1	0	1	1	1	0	1	1	1	0	1	1	1	1	1	1	0	1	1	1	1	1	0	0	1	0	0	1	0	1	0	0	0	1	0	1	0	1	0	0	1	0	0	0	1	0	0	1	0	1	1	0	0	1	1	0	1	0	1	0	1	1	1	1	1	0	1	1	1	1	1	1	1	1	1	1	0	1	0	1	1	1	1	1	0	1	1	1	1	0	1	1	0	1	0	0	0	1	1	1	1	1	1	1	1	1	1	0	1	1	1	1	1	1	1	1	1	1	1	0	0	0	1	1	1	1	0	1	0	1	1	1	1	1	1	0	1	1	1	0	0	1	0	1	1	1	1	1	1	1	1	1	1	0	1	1	1	1	0	1	1	1	1	1	1	1	1	1	1	1	1	1	1	1	1	1	1	1	1	1	1	1	1	1	1	1	1	1	1	1	1	1	1	1	1	1	1	1	1	1	0	1	1	1	0	1	1	1	1	1	1	1	1	0	1	1	1	1	1	1	1	1	1	1	1	0	1	1	0	0	1	1	1	1	1	1	1	0	1	1	0	1	1	1	0	1	0	1	0	1	0	1	1	1	1	1	0	1	1	1	1	1	0	1	1	1	0	1	0	1	1	1	1	1	1	1	0	1	1	0	0	1	0	0	1	1	1	0	1	1	1	0	1	1	1	1	1	1	1	0	1	0	0	0	0	0	0	0	0	1	0	0	0	0	0	0	0	1	1	0	1	1	0	0	0	0	1	1	0	1	0	0	0	0	0	0	0
%%%	-0.068000	-0.037000	0.010000	0.041000	0.073000	0.104000	0.135000	0.166000	0.197000	0.244000	0.275000	0.307000	0.338000	0.369000	0.400000	0.431000	0.463000	0.509000	0.541000	0.572000	0.603000	0.634000	0.665000	0.697000	0.743000	0.775000	0.806000	0.837000	0.868000	0.899000	0.931000	0.977000	1.009000	1.040000	1.071000	1.102000	1.133000	1.165000	1.196000	1.243000	1.274000	1.305000	1.336000	1.367000	1.399000	1.430000	1.477000	1.508000	1.539000	1.570000	1.601000	1.633000	1.664000	1.711000	1.742000	1.773000	1.804000	1.835000	1.867000	1.898000	1.929000	1.976000	2.007000	2.038000	2.069000	2.101000	2.132000	2.163000	2.194000	2.241000	2.272000	2.303000	2.335000	2.366000	2.397000	2.428000	2.475000	2.506000	2.537000	2.569000	2.600000	2.631000	2.662000	2.709000	2.740000	2.771000	2.803000	2.834000	2.865000	2.896000	2.927000	2.974000	3.005000	3.037000	3.068000	3.099000	3.130000	3.161000	3.208000	3.239000	3.271000	3.302000	3.333000	3.364000	3.395000	3.442000	3.473000	3.505000	3.536000	3.567000	3.598000	3.629000	3.661000	3.707000	3.739000	3.770000	3.801000	3.832000	3.863000	3.895000	3.941000	3.973000	4.004000	4.035000	4.066000	4.097000	4.129000	4.175000	4.207000	4.238000	4.269000	4.300000	4.331000	4.363000	4.394000	4.441000	4.472000	4.503000	4.534000	4.565000	4.597000	4.628000	4.675000	4.706000	4.737000	4.768000	4.799000	4.831000	4.862000	4.909000	4.940000	4.971000	5.002000	5.033000	5.065000	5.096000	5.127000	5.174000	5.205000	5.236000	5.267000	5.299000	5.330000	5.361000	5.408000	5.439000	5.470000	5.501000	5.533000	5.564000	5.595000	5.642000	5.673000	5.704000	5.735000	5.767000	5.798000	5.829000	5.860000	5.907000	5.938000	5.969000	6.001000	6.032000	6.063000	6.094000	6.141000	6.172000	6.203000	6.235000	6.266000	6.297000	6.328000	6.359000	6.406000	6.437000	6.469000	6.500000	6.531000	6.562000	6.593000	6.640000	6.671000	6.703000	6.734000	6.765000	6.796000	6.827000	6.859000	6.905000	6.937000	6.968000	6.999000	7.030000	7.061000	7.093000	7.139000	7.171000	7.202000	7.233000	7.264000	7.295000	7.327000	7.373000	7.405000	7.436000	7.467000	7.498000	7.529000	7.561000	7.592000	7.639000	7.670000	7.701000	7.732000	7.763000	7.795000	7.826000	7.873000	7.904000	7.935000	7.966000	7.997000	8.029000	8.060000	8.107000	8.138000	8.169000	8.200000	8.231000	8.263000	8.294000	8.325000	8.372000	8.403000	8.434000	8.465000	8.497000	8.528000	8.559000	8.606000	8.637000	8.668000	8.699000	8.731000	8.762000	8.793000	8.840000	8.871000	8.902000	8.933000	8.965000	8.996000	9.027000	9.058000	9.105000	9.136000	9.167000	9.199000	9.230000	9.261000	9.292000	9.339000	9.370000	9.401000	9.433000	9.464000	9.495000	9.526000	9.573000	9.604000	9.635000	9.667000	9.698000	9.729000	9.760000	9.791000	9.838000	9.869000	9.901000	9.932000	9.963000	9.994000	10.025000	10.072000	10.103000	10.135000	10.166000	10.197000	10.228000	10.259000	10.291000	10.337000	10.369000	10.400000	10.431000	10.462000	10.493000	10.525000	10.571000	10.603000	10.634000	10.665000	10.696000	10.727000	10.759000	10.805000	10.837000	10.868000	10.899000	10.930000	10.961000	10.993000	11.024000	11.071000	11.102000	11.133000	11.164000	11.195000	11.227000	11.258000	11.305000	11.336000	11.367000	11.398000	11.429000	11.461000	11.492000	11.539000	11.570000	11.601000	11.632000	11.663000	11.695000	11.726000	11.757000	11.804000	11.835000	11.866000	11.897000	11.929000	11.960000	11.991000	12.038000	12.069000	12.100000	12.131000	12.163000	12.194000	12.225000	12.256000	12.303000	12.334000	12.365000	12.397000	12.428000	12.459000	12.490000	12.537000	12.568000	12.599000	12.631000	12.662000	12.693000	12.724000	12.771000	12.802000	12.833000	12.865000	12.896000	12.927000	12.958000	12.989000	13.036000	13.067000	13.099000	13.130000	13.161000	13.192000	13.223000	13.270000	13.301000	13.333000	13.364000	13.395000	13.426000	13.457000	13.504000	13.535000	13.567000	13.598000	13.629000	13.660000	13.691000	13.723000	13.769000	13.801000	13.832000	13.863000	13.894000	13.925000	13.957000	14.003000	14.035000	14.066000	14.097000	14.128000	14.159000	14.191000	14.222000	14.269000	14.300000	14.331000	14.362000	14.393000	14.425000	14.456000	14.503000	14.534000	14.565000	14.596000	14.627000	14.659000	14.690000	14.737000	14.768000	14.799000	14.830000	14.861000	14.893000	14.924000	14.955000	15.002000	15.033000	15.064000	15.095000	15.127000	15.158000	15.189000	15.236000	15.267000	15.298000	15.329000	15.361000	15.392000	15.423000	15.470000	15.501000	15.532000	15.563000	15.595000	15.626000	15.657000	15.688000	15.735000	15.766000	15.797000	15.829000	15.860000	15.891000	15.922000	15.969000	16.000000	16.031000	16.063000	16.094000	16.125000	16.156000	16.203000	16.234000	16.265000	16.297000	16.328000	16.359000	16.390000	16.421000	16.468000	16.499000	16.531000	16.562000	16.593000	16.624000	16.655000	16.702000	16.733000	16.765000	16.796000	16.827000	16.858000	16.889000	16.936000	16.967000	16.999000	17.030000	17.061000	17.092000	17.123000	17.155000	17.201000	17.233000	17.264000	17.295000	17.326000	17.357000	17.389000	17.435000	17.467000	17.498000	17.529000	17.560000	17.591000	17.623000	17.654000	17.701000	17.732000	17.763000	17.794000	17.825000	17.857000	17.888000	17.935000	17.966000	17.997000
%%%	1.081015	1.113188	1.132754	1.142029	1.120145	1.106232	1.123333	1.168986	1.020290	1.160290	1.146232	1.165942	1.070580	0.671159	1.105507	1.194493	1.150580	1.007681	0.965217	1.008116	1.009420	1.006377	1.043333	1.027246	1.062029	1.079855	0.951015	1.047246	1.040580	1.078841	0.914493	0.956667	0.800000	1.003188	1.005797	0.925072	0.941884	0.916377	0.857536	0.718551	0.835362	0.850725	0.714927	0.713623	0.805942	0.463768	0.834783	0.826087	0.455942	0.777101	0.455072	0.701449	0.693768	0.744638	0.428985	0.482609	0.465797	0.597246	0.670725	0.409275	0.654928	0.434783	0.672319	0.429420	0.486957	0.590290	0.661449	0.388406	0.402754	0.487971	0.428841	0.442319	0.392464	0.433188	0.408696	0.399275	0.425507	0.347826	0.400580	0.385072	0.446812	0.376812	0.382464	0.419855	0.347826	0.498406	0.382464	0.398985	0.543333	0.649275	0.347826	0.562029	0.354058	0.347826	0.583188	0.347826	0.347826	0.387536	0.423768	0.470725	0.446667	0.605942	0.347826	0.540725	0.713623	0.586377	0.451159	0.621739	0.633768	0.463768	0.622899	0.407971	0.690290	0.707246	0.348841	0.347826	0.416522	0.347826	0.458551	0.463768	0.366232	0.593333	0.649275	0.366377	0.497246	0.468551	0.690725	0.661449	0.401014	0.372464	0.556522	0.352754	0.347826	0.570725	0.534783	0.646812	0.392464	0.718551	0.452174	0.372464	0.394638	0.349420	0.633188	0.718551	0.487971	0.376812	0.654928	0.612029	0.361159	0.404928	0.405797	0.672754	0.420725	0.544493	0.473333	0.805797	0.447246	0.486957	0.701594	0.440580	0.702319	0.605942	0.702754	0.801015	0.809275	0.831015	0.670725	0.815942	0.796812	0.823188	0.801594	0.695652	0.640580	0.692319	0.573913	0.807681	0.605942	0.764638	0.848985	0.672319	0.629420	0.648985	0.591884	0.764058	0.745072	0.801159	0.684058	0.784203	0.742464	0.808696	0.422319	0.852754	0.651449	0.847681	0.874928	0.742029	0.633768	0.738985	0.834783	0.488406	0.884203	0.635797	0.834783	0.672754	0.835942	0.689710	0.817391	0.672319	0.857971	0.865797	0.857681	0.451015	0.834783	0.876812	0.815797	0.713043	0.866232	0.866377	0.883188	0.838551	0.885942	0.892754	0.602899	0.886957	0.840290	0.869565	0.902029	0.916812	0.756667	0.614203	0.854928	0.582464	0.815362	0.916377	0.556522	0.861014	0.548985	0.585507	0.742029	0.925507	0.539710	0.922319	0.397101	0.927681	0.428985	0.763623	0.901449	0.587826	0.626087	0.830435	0.920145	0.601159	0.753333	0.833768	0.608116	0.877971	0.918116	0.690290	0.555072	0.924928	0.916377	0.573913	0.930290	0.556522	0.950580	0.760290	0.904493	0.946667	0.932029	0.929420	0.970290	0.618986	0.921159	0.928841	0.904493	0.914203	0.955507	0.934493	0.967391	0.972029	0.938551	0.939710	0.347826	0.921739	0.672754	0.933768	0.927536	0.951159	0.932754	0.956522	0.800580	0.959275	0.940435	0.999420	0.969710	0.834783	0.920145	0.931594	0.665797	0.980290	0.686232	0.904493	0.839855	0.920145	0.921159	0.927101	0.912029	0.955362	0.968551	0.985942	0.965797	0.956522	0.926667	0.631449	0.929855	0.920580	0.938116	0.951159	0.964058	0.936377	0.931594	0.894928	0.939130	0.920580	0.896812	0.742029	0.859275	0.489855	0.968985	0.895652	0.886377	0.897681	0.548985	0.898551	0.866377	0.869565	0.955362	0.957681	0.939275	0.927101	0.950725	0.605942	0.971014	0.918985	0.939275	0.418406	0.545072	0.940290	0.583188	0.940145	0.927246	0.937971	0.929855	0.927536	0.969420	0.914203	0.966377	0.939130	0.866377	0.881159	0.977101	0.966667	0.922319	0.933188	0.359420	0.969274	0.920145	0.935072	0.950725	0.950725	0.954928	0.983623	0.967971	0.931159	0.933768	0.906377	0.916377	0.938551	0.932029	0.925072	0.960290	0.933623	0.939275	0.968116	0.921159	0.951594	0.937536	0.967971	0.972899	0.898551	0.972319	0.972754	0.937971	0.969710	0.978986	0.960290	0.939130	0.959275	0.951449	0.955507	0.959275	0.927536	0.970145	0.927536	0.936377	0.931594	0.573333	0.982029	0.915797	0.983188	0.662029	0.988116	0.949421	0.938116	0.965217	0.937971	0.956522	0.987971	0.866377	0.442319	0.883768	0.954928	0.901594	0.950145	0.960290	0.955507	0.968841	0.975072	0.984203	0.931449	0.951159	0.828841	0.916377	0.931594	0.950580	0.862754	0.974493	0.966812	0.951159	0.939130	0.916812	0.937681	0.898841	0.795072	0.955362	0.918985	0.713043	0.927536	0.957681	0.938551	0.925507	0.915942	0.927536	0.974493	0.898406	0.998985	0.881159	0.902029	1.008406	0.955072	0.956522	1.009420	0.898406	0.952319	0.973623	0.955362	0.991884	0.970145	0.905072	0.995797	0.956522	0.951159	0.886377	0.938115	0.955507	0.936812	0.939276	0.938116	0.957102	1.018551	1.008696	0.950725	0.950580	0.994493	0.970145	0.866377	0.866812	1.005797	0.930435	0.957681	0.991159	0.968551	0.954928	0.824203	0.985362	0.951015	0.955507	0.618841	0.998116	0.974493	0.977536	0.966232	0.972899	0.950725	0.957681	0.611594	0.948406	0.893333	0.818406	0.905362	0.605507	0.882754	0.609420	0.602899	0.610290	1.019276	0.813623	0.763623	0.927246	0.744058	0.661884	0.884203	0.857681	0.955362	0.953623	0.964203	0.937971	0.936812	0.877246	0.913043	0.591304	0.914058	0.951015	1.042754	0.895797	0.903333	0.783768	0.884928	0.884928	0.690725	0.835942	0.855072	0.632029
%%%	Left Pupil Profile (1st row -> 1 == valid tracking, 0 == invalid tracking; 2nd row -> time; 3rd row -> diameter (mm))
%%%	0	0	0	0	0	0	0	0	0	0	0	0	0	0	0	0	0	0	0	0	0	0	0	0	0	0	0	0	0	0	0	0	0	0	0	0	0	0	0	0	0	0	0	0	0	0	0	0	0	0	0	0	0	0	0	0	0	0	0	0	0	0	0	0	0	0	0	0	0	0	0	0	0	0	0	0	0	0	0	0	0	0	0	0	0	0	0	0	0	0	0	0	0	0	0	0	0	0	0	0	0	0	0	0	0	0	0	0	0	0	0	0	0	0	0	0	0	0	0	0	0	0	0	0	0	0	0	0	0	0	0	0	0	0	0	0	0	0	0	0	0	0	0	0	0	0	0	0	0	0	0	0	0	0	0	0	0	0	0	0	0	0	0	0	0	0	0	0	0	0	0	0	0	0	0	0	0	0	0	0	0	0	0	0	0	0	0	0	0	0	0	0	0	0	0	0	0	0	0	0	0	0	0	0	0	0	0	0	0	0	0	0	0	0	0	0	0	0	0	0	0	0	0	0	0	0	0	0	0	0	0	0	0	0	0	0	0	0	0	0	0	0	0	0	0	0	0	0	0	0	0	0	0	0	0	0	0	0	0	0	0	0	0	0	0	0	0	0	0	0	0	0	0	0	0	0	0	0	0	0	0	0	0	0	0	0	0	0	0	0	0	0	0	0	0	0	0	0	0	0	0	0	0	0	0	0	0	0	0	0	0	0	0	0	0	0	0	0	0	0	0	0	0	0	0	0	0	0	0	0	0	0	0	0	0	0	0	0	0	0	0	0	0	0	0	0	0	0	0	0	0	0	0	0	0	0	0	0	0	0	0	0	0	0	0	0	0	0	0	0	0	0	0	0	0	0	0	0	0	0	0	0	0	0	0	0	0	0	0	0	0	0	0	0	0	0	0	0	0	0	0	0	0	0	0	0	0	0	0	0	0	0	0	0	0	0	0	0	0	0	0	0	0	0	0	0	0	0	0	0	0	0	0	0	0	0	0	0	0	0	0	0	0	0	0	0	0	0	0	0	0	0	0	0	0	0	0	0	0	0	0	0	0	0	0	0	0	0	0	0	0	0	0	0	0	0	0	0	0	0	0	0	0	0	0	0	0	0	0	0	0	0	0	0	0	0	0	0	0	0	0	0	0	0	0	0	0	0	0	0	0	0	0	0	0	0	0	0	0	0	0	0	0	0	0	0	0	0	0	0	0	0	0	0	0	0	0	0	0	0	0	0	0
%%%	-0.052000	-0.021000	0.010000	0.041000	0.073000	0.104000	0.135000	0.182000	0.213000	0.244000	0.275000	0.307000	0.338000	0.369000	0.416000	0.447000	0.478000	0.509000	0.541000	0.572000	0.603000	0.650000	0.681000	0.712000	0.743000	0.775000	0.806000	0.837000	0.868000	0.915000	0.946000	0.977000	1.009000	1.040000	1.071000	1.102000	1.149000	1.180000	1.211000	1.243000	1.274000	1.305000	1.336000	1.367000	1.414000	1.445000	1.477000	1.508000	1.539000	1.570000	1.601000	1.648000	1.679000	1.711000	1.742000	1.773000	1.804000	1.835000	1.882000	1.913000	1.945000	1.976000	2.007000	2.038000	2.069000	2.101000	2.147000	2.179000	2.210000	2.241000	2.272000	2.303000	2.335000	2.381000	2.413000	2.444000	2.475000	2.506000	2.537000	2.569000	2.615000	2.647000	2.678000	2.709000	2.740000	2.771000	2.803000	2.834000	2.881000	2.912000	2.943000	2.974000	3.005000	3.037000	3.068000	3.115000	3.146000	3.177000	3.208000	3.239000	3.271000	3.302000	3.349000	3.380000	3.411000	3.442000	3.473000	3.505000	3.536000	3.567000	3.614000	3.645000	3.676000	3.707000	3.739000	3.770000	3.801000	3.848000	3.879000	3.910000	3.941000	3.973000	4.004000	4.035000	4.066000	4.113000	4.144000	4.175000	4.207000	4.238000	4.269000	4.300000	4.347000	4.378000	4.409000	4.441000	4.472000	4.503000	4.534000	4.581000	4.612000	4.643000	4.675000	4.706000	4.737000	4.768000	4.799000	4.846000	4.877000	4.909000	4.940000	4.971000	5.002000	5.033000	5.080000	5.111000	5.143000	5.174000	5.205000	5.236000	5.267000	5.314000	5.345000	5.377000	5.408000	5.439000	5.470000	5.501000	5.533000	5.579000	5.611000	5.642000	5.673000	5.704000	5.735000	5.767000	5.813000	5.845000	5.876000	5.907000	5.938000	5.969000	6.001000	6.047000	6.079000	6.110000	6.141000	6.172000	6.203000	6.235000	6.266000	6.313000	6.344000	6.375000	6.406000	6.437000	6.469000	6.500000	6.547000	6.578000	6.609000	6.640000	6.671000	6.703000	6.734000	6.765000	6.812000	6.843000	6.874000	6.905000	6.937000	6.968000	6.999000	7.046000	7.077000	7.108000	7.139000	7.171000	7.202000	7.233000	7.280000	7.311000	7.342000	7.373000	7.405000	7.436000	7.467000	7.498000	7.545000	7.576000	7.607000	7.639000	7.670000	7.701000	7.732000	7.779000	7.810000	7.841000	7.873000	7.904000	7.935000	7.966000	7.997000	8.044000	8.075000	8.107000	8.138000	8.169000	8.200000	8.231000	8.278000	8.309000	8.341000	8.372000	8.403000	8.434000	8.465000	8.512000	8.543000	8.575000	8.606000	8.637000	8.668000	8.699000	8.731000	8.777000	8.809000	8.840000	8.871000	8.902000	8.933000	8.965000	9.011000	9.043000	9.074000	9.105000	9.136000	9.167000	9.199000	9.245000	9.277000	9.308000	9.339000	9.370000	9.401000	9.433000	9.464000	9.511000	9.542000	9.573000	9.604000	9.635000	9.667000	9.698000	9.745000	9.776000	9.807000	9.838000	9.869000	9.901000	9.932000	9.979000	10.010000	10.041000	10.072000	10.103000	10.135000	10.166000	10.197000	10.244000	10.275000	10.306000	10.337000	10.369000	10.400000	10.431000	10.478000	10.509000	10.540000	10.571000	10.603000	10.634000	10.665000	10.712000	10.743000	10.774000	10.805000	10.837000	10.868000	10.899000	10.930000	10.977000	11.008000	11.039000	11.071000	11.102000	11.133000	11.164000	11.211000	11.242000	11.273000	11.305000	11.336000	11.367000	11.398000	11.429000	11.476000	11.507000	11.539000	11.570000	11.601000	11.632000	11.663000	11.710000	11.741000	11.773000	11.804000	11.835000	11.866000	11.897000	11.929000	11.975000	12.007000	12.038000	12.069000	12.100000	12.131000	12.163000	12.209000	12.241000	12.272000	12.303000	12.334000	12.365000	12.397000	12.443000	12.475000	12.506000	12.537000	12.568000	12.599000	12.631000	12.662000	12.709000	12.740000	12.771000	12.802000	12.833000	12.865000	12.896000	12.943000	12.974000	13.005000	13.036000	13.067000	13.099000	13.130000	13.177000	13.208000	13.239000	13.270000	13.301000	13.333000	13.364000	13.395000	13.442000	13.473000	13.504000	13.535000	13.567000	13.598000	13.629000	13.676000	13.707000	13.738000	13.769000	13.801000	13.832000	13.863000	13.910000	13.941000	13.972000	14.003000	14.035000	14.066000	14.097000	14.128000	14.175000	14.206000	14.237000	14.269000	14.300000	14.331000	14.362000	14.409000	14.440000	14.471000	14.503000	14.534000	14.565000	14.596000	14.643000	14.674000	14.705000	14.737000	14.768000	14.799000	14.830000	14.861000	14.908000	14.939000	14.971000	15.002000	15.033000	15.064000	15.095000	15.142000	15.173000	15.205000	15.236000	15.267000	15.298000	15.329000	15.376000	15.407000	15.439000	15.470000	15.501000	15.532000	15.563000	15.595000	15.641000	15.673000	15.704000	15.735000	15.766000	15.797000	15.829000	15.860000	15.907000	15.938000	15.969000	16.000000	16.031000	16.063000	16.094000	16.141000	16.172000	16.203000	16.234000	16.265000	16.297000	16.328000	16.375000	16.406000	16.437000	16.468000	16.499000	16.531000	16.562000	16.593000	16.640000	16.671000	16.702000	16.733000	16.765000	16.796000	16.827000	16.874000	16.905000	16.936000	16.967000	16.999000	17.030000	17.061000	17.108000	17.139000	17.170000	17.201000	17.233000	17.264000	17.295000	17.326000	17.373000	17.404000	17.435000	17.467000	17.498000	17.529000	17.560000	17.607000	17.638000	17.669000	17.701000	17.732000	17.763000	17.794000	17.841000	17.872000	17.903000	17.935000	17.966000	17.997000
%%%	13.913043	13.913043	13.913043	13.913043	13.913043	13.913043	13.913043	13.913043	13.913043	13.913043	13.913043	13.913043	13.913043	13.913043	13.913043	13.913043	13.913043	13.913043	13.913043	13.913043	13.913043	13.913043	13.913043	13.913043	13.913043	13.913043	13.913043	13.913043	13.913043	13.913043	13.913043	13.913043	13.913043	13.913043	13.913043	13.913043	13.913043	13.913043	13.913043	13.913043	13.913043	13.913043	13.913043	13.913043	13.913043	13.913043	13.913043	13.913043	13.913043	13.913043	13.913043	13.913043	13.913043	13.913043	13.913043	13.913043	13.913043	13.913043	13.913043	13.913043	13.913043	13.913043	13.913043	13.913043	13.913043	13.913043	13.913043	13.913043	13.913043	13.913043	13.913043	13.913043	13.913043	13.913043	13.913043	13.913043	13.913043	13.913043	13.913043	13.913043	13.913043	13.913043	13.913043	13.913043	13.913043	13.913043	13.913043	13.913043	13.913043	13.913043	13.913043	13.913043	13.913043	13.913043	13.913043	13.913043	13.913043	13.913043	13.913043	13.913043	13.913043	13.913043	13.913043	13.913043	13.913043	13.913043	13.913043	13.913043	13.913043	13.913043	13.913043	13.913043	13.913043	13.913043	13.913043	13.913043	13.913043	13.913043	13.913043	13.913043	13.913043	13.913043	13.913043	13.913043	13.913043	13.913043	13.913043	13.913043	13.913043	13.913043	13.913043	13.913043	13.913043	13.913043	13.913043	13.913043	13.913043	13.913043	13.913043	13.913043	13.913043	13.913043	13.913043	13.913043	13.913043	13.913043	13.913043	13.913043	13.913043	13.913043	13.913043	13.913043	13.913043	13.913043	13.913043	13.913043	13.913043	13.913043	13.913043	13.913043	13.913043	13.913043	13.913043	13.913043	13.913043	13.913043	13.913043	13.913043	13.913043	13.913043	13.913043	13.913043	13.913043	13.913043	13.913043	13.913043	13.913043	13.913043	13.913043	13.913043	13.913043	13.913043	13.913043	13.913043	13.913043	13.913043	13.913043	13.913043	13.913043	13.913043	13.913043	13.913043	13.913043	13.913043	13.913043	13.913043	13.913043	13.913043	13.913043	13.913043	13.913043	13.913043	13.913043	13.913043	13.913043	13.913043	13.913043	13.913043	13.913043	13.913043	13.913043	13.913043	13.913043	13.913043	13.913043	13.913043	13.913043	13.913043	13.913043	13.913043	13.913043	13.913043	13.913043	13.913043	13.913043	13.913043	13.913043	13.913043	13.913043	13.913043	13.913043	13.913043	13.913043	13.913043	13.913043	13.913043	13.913043	13.913043	13.913043	13.913043	13.913043	13.913043	13.913043	13.913043	13.913043	13.913043	13.913043	13.913043	13.913043	13.913043	13.913043	13.913043	13.913043	13.913043	13.913043	13.913043	13.913043	13.913043	13.913043	13.913043	13.913043	13.913043	13.913043	13.913043	13.913043	13.913043	13.913043	13.913043	13.913043	13.913043	13.913043	13.913043	13.913043	13.913043	13.913043	13.913043	13.913043	13.913043	13.913043	13.913043	13.913043	13.913043	13.913043	13.913043	13.913043	13.913043	13.913043	13.913043	13.913043	13.913043	13.913043	13.913043	13.913043	13.913043	13.913043	13.913043	13.913043	13.913043	13.913043	13.913043	13.913043	13.913043	13.913043	13.913043	13.913043	13.913043	13.913043	13.913043	13.913043	13.913043	13.913043	13.913043	13.913043	13.913043	13.913043	13.913043	13.913043	13.913043	13.913043	13.913043	13.913043	13.913043	13.913043	13.913043	13.913043	13.913043	13.913043	13.913043	13.913043	13.913043	13.913043	13.913043	13.913043	13.913043	13.913043	13.913043	13.913043	13.913043	13.913043	13.913043	13.913043	13.913043	13.913043	13.913043	13.913043	13.913043	13.913043	13.913043	13.913043	13.913043	13.913043	13.913043	13.913043	13.913043	13.913043	13.913043	13.913043	13.913043	13.913043	13.913043	13.913043	13.913043	13.913043	13.913043	13.913043	13.913043	13.913043	13.913043	13.913043	13.913043	13.913043	13.913043	13.913043	13.913043	13.913043	13.913043	13.913043	13.913043	13.913043	13.913043	13.913043	13.913043	13.913043	13.913043	13.913043	13.913043	13.913043	13.913043	13.913043	13.913043	13.913043	13.913043	13.913043	13.913043	13.913043	13.913043	13.913043	13.913043	13.913043	13.913043	13.913043	13.913043	13.913043	13.913043	13.913043	13.913043	13.913043	13.913043	13.913043	13.913043	13.913043	13.913043	13.913043	13.913043	13.913043	13.913043	13.913043	13.913043	13.913043	13.913043	13.913043	13.913043	13.913043	13.913043	13.913043	13.913043	13.913043	13.913043	13.913043	13.913043	13.913043	13.913043	13.913043	13.913043	13.913043	13.913043	13.913043	13.913043	13.913043	13.913043	13.913043	13.913043	13.913043	13.913043	13.913043	13.913043	13.913043	13.913043	13.913043	13.913043	13.913043	13.913043	13.913043	13.913043	13.913043	13.913043	13.913043	13.913043	13.913043	13.913043	13.913043	13.913043	13.913043	13.913043	13.913043	13.913043	13.913043	13.913043	13.913043	13.913043	13.913043	13.913043	13.913043	13.913043	13.913043	13.913043	13.913043	13.913043	13.913043	13.913043	13.913043	13.913043	13.913043	13.913043	13.913043	13.913043	13.913043	13.913043	13.913043	13.913043	13.913043	13.913043	13.913043	13.913043	13.913043	13.913043	13.913043	13.913043	13.913043	13.913043	13.913043	13.913043	13.913043	13.913043	13.913043	13.913043	13.913043	13.913043	13.913043	13.913043	13.913043	13.913043	13.913043	13.913043	13.913043	13.913043	13.913043	13.913043	13.913043	13.913043	13.913043	13.913043	13.913043	13.913043	13.913043	13.913043	13.913043	13.913043	13.913043	13.913043	13.913043	13.913043	13.913043	13.913043	13.913043	13.913043	13.913043	13.913043	13.913043	13.913043	13.913043	13.913043	13.913043
%%%	Pulse Index	Stimulus Section Index	Stimulus Section Start Index	Stimulus Section End Index	Pupil Stimulated: 0 = Right, 1 = Left, 2 = Both	Light Metric: 0 = Photopic, 1 = Scopotic, 2 = Radiometric	Stimulus Start Time	Stimulus Duration	Stimulus Pulse Duration	Right Pulse Max Level	Right Pulse Max Color (0123 = WRGB)	Right Pulse Min Level	Right Pulse Min Color (0123 = WRGB)	Left Pulse Max Level	Left Pulse Max Color (0123 = WRGB)	Left Pulse Min Level	Left Pulse Min Color (0123 = WRGB)	Right Data Input Type (0 == RAW DATA, 1 == FITTED DATA, 2 == M. OVERRIDED)	Right ANALYSIS STATE (0 == ABNORMAL, 1 == NORMAL)	Right MAX (mm) (EMPTY if INVALID)	Right MIN (mm) (EMPTY if INVALID)	Right DELTA (mm) (EMPTY if INVALID)	Right CH (%) (EMPTY if INVALID)	Right LAT (sec) (EMPTY if INVALID)	Right CV (mm/s) (EMPTY if INVALID)	Right MCV (mm/s) (EMPTY if INVALID)	Right DV (mm/s) (EMPTY if INVALID)	Left Data Input Type (0 == RAW DATA, 1 == FITTED DATA, 2 == M. OVERRIDED)	Left ANALYSIS STATE (0 == ABNORMAL, 1 == NORMAL)	Left MAX (mm) (EMPTY if INVALID)	Left MIN (mm) (EMPTY if INVALID)	Left DELTA (mm) (EMPTY if INVALID)	Left CH (%) (EMPTY if INVALID)	Left LAT (sec) (EMPTY if INVALID)	Left CV (mm/s) (EMPTY if INVALID)	Left MCV (mm/s) (EMPTY if INVALID)	Left DV (mm/s) (EMPTY if INVALID)
%%%	0	0	17	542	0	0	0.51	17.52	0.51	31625.17	1	0.00	1	0.00	1	0.00	1	0	0	0.00	0.00			0.00	0.00	0.00	0.00	0	0	0.00	0.00			0.00	0.00	0.00	0.00
%%%%%%%%%
%%%%%%%%%
%%%%%%%%%
<\SESSION>
