<SESSION>
<VERSION>
2
<\VERSION>
<DATE>
2017-08-15 10:33:45
<\DATE>
<SUBJECT-ID>
c57-1mois-M4-4.5r
<\SUBJECT-ID>
<NOTE>

<\NOTE>
<MIN-MAX-PLOT>
0.100000 51880.761719
<\MIN-MAX-PLOT>
<STIMULUS-DEFINED>
Default
Default Human Relative Spectral Sensitivity
1	0
1	0.500000	0.500000	17.000000	1	1	4.500000	-100.000000	0.100000	-100.000000	0
<\STIMULUS-DEFINED>
<STIMULUS-GENERATED>
4
0	0	0.000000	1	0.000000	0.000000	1	0.000000	0.000000
0	1	0.508000	1	129.044220	31625.173828	1	0.000000	0.000000
0	4	1.017000	1	0.000000	0.000000	1	0.000000	0.000000
-1	5	18.026001	0	0.000000	0.000000	0	0.000000	0.000000
<\STIMULUS-GENERATED>
<RIGHT-PUPIL-DATA>
543	1
1	-0.051000	1.299275	267.168762	321.081238
1	-0.020000	1.305507	267.225006	321.100006
1	0.012000	1.327101	267.443756	321.443756
1	0.043000	1.307246	266.687500	321.187500
1	0.074000	1.305797	266.799988	321.237488
1	0.105000	1.327681	266.468750	320.593750
1	0.136000	1.325652	266.481262	320.956238
1	0.183000	1.305072	266.768738	320.231262
1	0.214000	1.322754	266.506256	319.943756
1	0.246000	1.328985	266.625000	320.000000
1	0.277000	1.327101	266.506256	320.443756
1	0.308000	1.306812	266.256409	320.881165
1	0.339000	1.304928	267.250000	320.250000
1	0.370000	1.316232	266.587494	320.912506
1	0.417000	1.305942	267.218750	321.218750
1	0.448000	1.326522	267.081238	321.468750
1	0.480000	1.333333	266.500000	321.000000
1	0.511000	1.285362	266.031250	321.518738
1	0.542000	1.304928	266.250000	321.700012
1	0.573000	1.283768	266.787506	321.212494
1	0.604000	1.292464	266.537506	321.087494
1	0.636000	1.272754	266.287506	321.662506
1	0.682000	1.295072	266.612488	321.125000
1	0.714000	1.275217	266.118774	321.018738
1	0.745000	1.274638	266.968750	321.331238
1	0.776000	1.233188	265.781250	321.468750
0	0.807000	1.095072	265.375000	323.250000
0	0.838000	0.800580	261.500000	325.000000
1	0.870000	1.137536	266.156250	322.793762
1	0.916000	0.713623	260.250000	324.250000
0	0.948000	0.783768	261.975006	325.274994
0	0.979000	0.722319	261.000000	323.687500
1	1.010000	0.720725	262.006256	325.056244
1	1.041000	0.709420	263.156250	325.843750
0	1.072000	0.648406	261.000000	323.687500
1	1.104000	0.695507	264.356232	324.981232
0	1.150000	0.643478	262.500000	323.000000
0	1.182000	0.549420	261.843750	322.406250
1	1.213000	0.556522	262.000000	322.500000
1	1.244000	0.551884	262.875000	321.950073
1	1.275000	0.550725	263.875000	322.424988
1	1.306000	0.529855	263.362488	322.625000
0	1.338000	0.510290	263.656250	323.843750
1	1.369000	0.511449	263.706238	323.906250
1	1.416000	0.502754	263.281250	323.281250
0	1.447000	0.494638	264.118744	324.006256
1	1.478000	0.417971	263.799988	323.000000
1	1.509000	0.453768	263.718750	322.718750
1	1.540000	0.493623	264.149994	322.899994
1	1.572000	0.457971	263.500000	323.000000
1	1.603000	0.431159	263.968750	322.356262
0	1.634000	0.437971	264.087494	322.462494
1	1.681000	0.457536	264.381256	322.631256
1	1.712000	0.477101	265.100006	322.037506
1	1.743000	0.442464	264.318756	322.631256
1	1.774000	0.440580	265.000000	322.500000
1	1.806000	0.428841	264.343750	322.343750
0	1.837000	0.416812	265.250000	322.187500
1	1.868000	0.424928	264.350006	323.100006
0	1.915000	0.424928	265.100006	322.850006
0	1.946000	0.423333	265.143738	322.293762
0	1.977000	0.390290	265.381256	321.943756
1	2.008000	0.437536	265.093750	323.706238
1	2.040000	0.447246	265.562500	323.562500
0	2.071000	0.437536	265.468750	323.281250
0	2.102000	0.406377	264.912506	323.649994
0	2.149000	0.388840	265.418701	321.581360
0	2.180000	0.442319	265.475006	321.975006
1	2.211000	0.446377	265.500000	322.000000
0	2.242000	0.425507	265.875000	321.125000
0	2.274000	0.407101	265.343750	320.956238
0	2.305000	0.429420	265.056244	321.068756
0	2.336000	0.423188	265.500000	321.000000
1	2.367000	0.446377	266.000000	321.000000
1	2.414000	0.436232	265.625000	320.625000
1	2.445000	0.437536	265.531250	321.093750
1	2.476000	0.371159	265.843750	320.156250
0	2.508000	0.392464	264.837494	320.587494
0	2.539000	0.437536	265.531250	322.218750
0	2.570000	0.419275	265.218689	321.218750
1	2.601000	0.452174	265.375000	322.375000
1	2.648000	0.411594	265.125000	321.125000
1	2.679000	0.443623	265.418732	320.506256
1	2.710000	0.432029	264.356262	320.606262
1	2.742000	0.428841	264.968750	320.343750
0	2.773000	0.416667	264.731262	320.268738
0	2.804000	0.407971	264.893738	320.156250
1	2.835000	0.426812	264.293762	321.093750
1	2.882000	0.417971	264.799988	320.799988
1	2.913000	0.422609	264.949982	321.024994
1	2.944000	0.424928	265.100006	320.899994
1	2.976000	0.439855	264.481262	321.481323
0	3.007000	0.456667	264.706390	322.293671
1	3.038000	0.446232	264.531250	321.593750
0	3.069000	0.483333	265.018738	323.018738
1	3.100000	0.417391	265.000000	321.500000
0	3.147000	0.452174	265.500000	321.000000
0	3.178000	0.442464	264.506256	321.343719
1	3.210000	0.483333	264.918732	321.943756
1	3.241000	0.446812	264.493744	321.318756
1	3.272000	0.503768	265.250000	322.875000
1	3.303000	0.447246	264.562500	321.562500
1	3.334000	0.490580	264.856262	322.481262
1	3.381000	0.493478	265.000000	322.812500
1	3.412000	0.455507	264.368744	322.506256
0	3.444000	0.409855	263.850006	321.662506
1	3.475000	0.459420	264.325012	322.637512
0	3.506000	0.442464	264.131256	322.131256
1	3.537000	0.446667	263.587494	323.412506
0	3.568000	0.458116	264.343750	323.156250
1	3.615000	0.521449	264.774994	322.524994
1	3.646000	0.462029	264.274994	322.274994
0	3.678000	0.467536	264.174957	322.237518
1	3.709000	0.467971	263.781250	322.531250
1	3.740000	0.522319	264.750000	323.250000
0	3.771000	0.475507	264.118683	322.581268
1	3.802000	0.494493	264.149994	322.850006
1	3.834000	0.465217	264.012512	322.787476
1	3.880000	0.468841	264.281250	323.168762
0	3.912000	0.465797	263.812500	323.500000
1	3.943000	0.447681	263.556244	323.193756
1	3.974000	0.455507	263.443756	323.631256
1	4.005000	0.470145	263.750000	324.125000
1	4.036000	0.456377	263.318756	323.681244
0	4.068000	0.438551	262.937500	323.562500
1	4.114000	0.466812	263.718750	323.718750
1	4.146000	0.442899	263.500000	323.000000
1	4.177000	0.514203	264.100006	324.899994
1	4.208000	0.457101	263.312500	323.375000
1	4.239000	0.479275	262.993744	323.868744
1	4.270000	0.521015	263.518738	324.481262
1	4.302000	0.477681	263.137512	323.625000
0	4.348000	0.446377	263.500000	323.000000
1	4.380000	0.488116	263.074982	323.975006
1	4.411000	0.530290	264.330963	324.668610
1	4.442000	0.494638	263.131256	323.881256
1	4.473000	0.446232	263.406250	322.593750
0	4.504000	0.521594	263.743744	324.243744
1	4.536000	0.423333	262.231262	324.143738
1	4.567000	0.514203	264.100006	324.350006
0	4.614000	0.556522	265.500000	326.000000
1	4.645000	0.521015	264.268738	325.518738
0	4.676000	0.438551	262.562500	324.437500
0	4.707000	0.495797	264.131256	325.881256
0	4.738000	0.459855	264.381256	324.568756
1	4.770000	0.455797	263.343750	324.706238
1	4.801000	0.509855	266.162506	326.350006
1	4.848000	0.504348	267.375000	327.125000
1	4.879000	0.496667	266.181244	327.943756
1	4.910000	0.485797	265.074982	328.074982
1	4.941000	0.518841	264.700012	328.062500
1	4.972000	0.498985	264.068756	327.806244
1	5.004000	0.512029	264.068756	327.618744
1	5.035000	0.544928	263.750000	328.250000
0	5.082000	0.533333	264.500000	327.000000
1	5.113000	0.521015	264.518738	328.518738
1	5.144000	0.494493	263.899994	327.149994
0	5.175000	0.521015	264.143738	327.481262
1	5.206000	0.515217	264.312500	328.125000
1	5.238000	0.496232	263.174988	327.125000
0	5.269000	0.498985	263.568756	327.568756
1	5.300000	0.531594	263.625061	327.662598
1	5.347000	0.555942	263.937500	328.000000
1	5.378000	0.520290	262.500000	327.875000
0	5.409000	0.535362	262.687500	328.562500
0	5.440000	0.540290	262.725006	327.225006
1	5.472000	0.591304	263.500000	329.000000
0	5.503000	0.574493	262.875000	326.625000
0	5.534000	0.555942	263.000000	327.312500
1	5.565000	0.562029	262.949982	327.037506
1	5.612000	0.559855	262.006256	326.506256
1	5.643000	0.583623	262.118744	327.118744
0	5.674000	0.531014	261.625000	326.375000
1	5.706000	0.571014	262.000000	326.750000
1	5.737000	0.609855	262.725006	327.475006
1	5.768000	0.560290	262.774963	326.062500
1	5.815000	0.603188	262.837494	325.662506
1	5.846000	0.566812	262.156250	326.843750
0	5.877000	0.574928	261.993744	326.993744
0	5.908000	0.611449	262.531250	327.781250
0	5.940000	0.579710	259.500000	328.000000
1	5.971000	0.620725	262.556244	327.881256
1	6.002000	0.607101	261.281250	327.281250
1	6.033000	0.647246	262.362488	328.187500
1	6.080000	0.653333	263.350006	329.350006
0	6.111000	0.683333	262.481262	328.543762
0	6.142000	0.665942	263.231171	329.268585
0	6.174000	0.548406	260.625000	326.625000
0	6.205000	0.640145	262.006256	329.081268
0	6.236000	0.583333	261.106201	327.093750
1	6.267000	0.664203	261.556244	329.443756
1	6.298000	0.645797	261.037506	328.350006
1	6.345000	0.672319	261.656250	328.656250
1	6.376000	0.678116	262.743744	329.743744
0	6.408000	0.684203	262.493652	328.531250
0	6.439000	0.681449	261.537506	329.462494
0	6.470000	0.633623	260.649994	328.899994
0	6.501000	0.638551	260.937500	328.562500
0	6.532000	0.672464	263.500000	328.000000
0	6.579000	0.610145	260.250000	327.750000
0	6.610000	0.717971	262.187500	329.312500
1	6.642000	0.865797	264.187500	328.937500
0	6.673000	0.579710	259.500000	328.000000
1	6.704000	0.682029	261.562500	331.187500
0	6.735000	0.733768	262.556244	330.943756
0	6.766000	0.626087	260.500000	329.000000
0	6.813000	0.633623	260.899994	331.162506
1	6.844000	0.707536	261.787506	330.712494
0	6.876000	0.660870	260.750000	329.250000
1	6.907000	0.662464	259.968750	329.281250
0	6.938000	0.579710	259.500000	328.000000
0	6.969000	0.705362	261.818756	329.181244
0	7.000000	0.645507	260.962494	329.962494
1	7.032000	0.664638	260.750000	328.725098
1	7.078000	0.665072	260.756256	329.206207
0	7.110000	0.685362	261.531250	329.468750
0	7.141000	0.602899	259.000000	328.500000
0	7.172000	0.683768	261.462402	329.500122
1	7.203000	0.672899	261.681244	331.306244
1	7.234000	0.848985	265.212494	329.787506
0	7.266000	0.647101	261.018738	331.006226
1	7.312000	0.848985	264.537506	330.462494
1	7.344000	0.689710	261.406250	331.593750
0	7.375000	0.615942	259.362488	330.512512
1	7.406000	0.689855	260.937500	330.687500
0	7.437000	0.662899	262.212494	332.524994
0	7.468000	0.579710	259.500000	332.000000
1	7.500000	0.821014	263.831238	329.593750
1	7.546000	0.660870	260.812500	330.062500
0	7.578000	0.653623	261.112488	330.887512
1	7.609000	0.868406	264.512482	329.475006
0	7.640000	0.684203	261.468750	330.481262
0	7.671000	0.579275	259.631256	329.181244
1	7.702000	0.714058	261.843750	330.056213
1	7.734000	0.672899	260.631256	329.181244
1	7.765000	0.689710	261.593750	330.843750
0	7.812000	0.742898	262.687500	330.674988
0	7.843000	0.649275	261.000000	330.500000
0	7.874000	0.672464	260.500000	331.000000
0	7.905000	0.718406	261.818756	331.181244
1	7.936000	0.735362	261.500000	330.750000
1	7.968000	0.715942	261.000000	331.750000
1	7.999000	0.690145	260.587494	331.587494
1	8.046000	0.689710	260.406250	331.593750
1	8.077000	0.667971	259.718750	331.393738
1	8.108000	0.696232	260.000000	331.000000
1	8.139000	0.690290	260.568756	330.568756
1	8.170000	0.914493	264.262512	329.362488
1	8.202000	0.743623	261.731232	330.268768
1	8.233000	0.717971	261.312500	330.312500
0	8.280000	0.724493	262.093750	330.581238
1	8.311000	0.715797	261.031250	329.968750
0	8.342000	0.791884	263.375000	330.625000
0	8.373000	0.652754	260.125000	330.062500
0	8.404000	0.714203	262.100006	331.287506
1	8.436000	0.714203	262.225006	332.225006
1	8.467000	0.695652	261.500000	332.000000
1	8.498000	0.729275	261.512482	332.475006
0	8.545000	0.675072	259.337494	332.399994
0	8.576000	0.662319	259.218750	332.218750
1	8.607000	0.606522	257.625000	331.437500
1	8.638000	0.650145	258.975006	332.649994
1	8.670000	0.721739	259.750000	333.000000
1	8.701000	0.672319	259.706238	333.331238
0	8.732000	0.690145	260.162506	332.587494
1	8.779000	0.695652	260.000000	331.500000
1	8.810000	0.730435	260.500000	332.000000
0	8.841000	0.672899	259.681244	331.681244
0	8.872000	0.865797	264.062500	331.250000
1	8.904000	0.717971	260.312500	331.062500
0	8.935000	0.765362	261.806244	331.993744
1	8.966000	0.722319	261.375000	331.000000
0	9.013000	0.866377	263.412506	330.962494
0	9.044000	0.737971	261.649994	332.475006
0	9.075000	0.866377	263.787506	331.087494
1	9.106000	0.876812	264.237488	331.887512
0	9.138000	0.690145	261.587494	333.949982
1	9.169000	0.864058	264.787506	331.225006
1	9.200000	0.950580	264.218750	329.168762
0	9.231000	0.711884	260.100006	328.899994
0	9.278000	0.707246	262.250000	331.250000
1	9.309000	0.971884	264.899994	328.899994
1	9.340000	0.721159	261.000000	330.000000
1	9.372000	0.894493	264.100006	329.425018
1	9.403000	0.713043	260.000000	330.000000
0	9.434000	0.865797	264.062500	331.062500
1	9.465000	0.903188	264.725006	330.399994
1	9.512000	0.951594	264.812500	329.187500
0	9.543000	0.898551	263.500000	329.500000
1	9.574000	0.974638	264.468750	329.018738
1	9.606000	0.672464	259.375000	329.375000
1	9.637000	0.695507	259.993744	328.931244
1	9.668000	0.920145	263.468750	328.218750
0	9.699000	0.690290	259.681244	329.568756
1	9.746000	0.698985	259.306244	329.306244
1	9.777000	0.725072	260.068756	330.068756
0	9.808000	0.724493	260.093750	328.968750
1	9.840000	0.927101	264.431244	328.943756
0	9.871000	0.796667	261.943756	330.506256
1	9.902000	0.921594	263.243744	329.506256
0	9.933000	0.745072	261.281250	330.718750
1	9.964000	0.931594	263.600006	330.399994
1	10.011000	0.951159	263.193756	331.181244
0	10.042000	0.741884	259.706238	332.293762
0	10.074000	0.710290	259.156250	331.343750
1	10.105000	0.721159	259.000000	331.000000
1	10.136000	0.979710	262.937500	328.987488
0	10.167000	0.722754	258.943756	331.006256
0	10.198000	0.752029	260.218750	332.218750
0	10.245000	0.846667	261.162506	330.837494
1	10.276000	0.690145	258.962494	331.037506
1	10.308000	0.971884	263.899994	329.024994
0	10.339000	0.896232	263.875000	330.875000
0	10.370000	0.887101	263.993744	331.681244
0	10.401000	0.765217	263.500000	332.000000
1	10.432000	0.742319	259.412506	332.337494
1	10.464000	0.940290	263.100098	331.525085
0	10.510000	0.731014	259.500000	333.125000
1	10.542000	0.716812	259.062500	333.062500
1	10.573000	0.910145	263.674988	331.750000
1	10.604000	0.901449	263.500000	331.500000
1	10.635000	0.765362	259.631256	331.993744
0	10.666000	0.695652	259.500000	332.000000
0	10.698000	0.761594	260.456238	331.956238
0	10.744000	0.672319	258.843750	332.706238
1	10.776000	0.965797	262.812500	330.062500
1	10.807000	0.896812	264.100006	331.850006
0	10.838000	0.695652	259.500000	332.000000
1	10.869000	0.708116	259.187500	331.812500
1	10.900000	0.689710	259.593750	332.406250
1	10.932000	0.938116	264.006256	331.493744
1	10.963000	0.885942	264.006256	331.743744
0	11.010000	0.764638	261.500000	332.000000
1	11.041000	0.725507	260.062500	332.062500
1	11.072000	0.950580	263.781250	330.156250
1	11.103000	0.783188	260.250000	330.250000
1	11.134000	0.973188	264.018738	328.206238
1	11.166000	0.978841	264.187500	328.562500
1	11.197000	0.767681	260.493744	330.006256
0	11.244000	0.743623	260.681244	330.718781
0	11.275000	0.717246	259.306244	330.068756
1	11.306000	0.986377	264.312500	328.312500
1	11.337000	0.941594	263.506134	328.493744
0	11.368000	0.789710	262.031250	330.656250
1	11.400000	1.015072	264.400024	327.900024
0	11.431000	0.895072	263.899994	329.600006
0	11.478000	0.716667	260.043762	330.456238
0	11.509000	0.783768	261.149994	330.274994
1	11.540000	1.015362	264.562469	327.637726
1	11.571000	0.935797	263.993744	328.743744
0	11.602000	0.788406	262.024811	330.374969
0	11.634000	0.744638	259.762482	329.737518
1	11.665000	0.781884	260.268738	329.231262
1	11.696000	0.997101	263.375000	327.375000
1	11.743000	0.957681	263.912506	328.274994
1	11.774000	0.939275	263.756256	328.493744
1	11.805000	0.787536	260.437500	330.062500
1	11.836000	0.722319	259.000000	330.625000
1	11.868000	0.742898	258.674988	331.712402
0	11.899000	0.741884	258.706238	333.243652
0	11.930000	0.894638	262.068756	332.131256
1	11.977000	0.750580	259.781250	333.418762
1	12.008000	0.985362	262.281250	330.281250
1	12.039000	1.014493	262.000000	329.500000
1	12.070000	1.011159	262.481354	329.993927
1	12.102000	0.999420	262.562500	329.875000
0	12.133000	0.869710	260.068756	331.493744
1	12.164000	0.920580	262.462494	331.225006
1	12.211000	1.020000	262.625000	329.312500
1	12.242000	1.029275	262.537506	329.324982
1	12.273000	1.018116	262.656250	329.893738
1	12.304000	0.996232	262.812500	330.187500
1	12.336000	1.016232	262.337494	330.649994
1	12.367000	0.979855	263.218750	331.968750
1	12.398000	0.957102	262.687500	332.250000
1	12.429000	1.044638	262.024994	330.024994
1	12.476000	1.021884	262.256256	329.818756
0	12.507000	0.865797	260.062500	331.437500
1	12.538000	1.009420	262.518738	329.518738
1	12.570000	0.743333	258.443756	332.443756
1	12.601000	1.021159	262.187500	329.375000
1	12.632000	1.026667	262.750000	329.750000
0	12.663000	0.883188	260.787537	331.299988
0	12.710000	0.823334	259.106537	333.106049
1	12.741000	1.055942	262.174988	330.812500
1	12.772000	0.759275	258.468750	333.531250
0	12.804000	0.778116	258.193817	333.806305
1	12.835000	0.729275	256.149994	332.725006
1	12.866000	0.987536	262.062500	332.250000
1	12.897000	1.044638	261.475006	331.524994
1	12.944000	0.730435	257.750000	334.250000
1	12.975000	0.948551	262.156281	333.393768
1	13.006000	0.723333	257.031250	332.968750
0	13.038000	0.765217	258.000000	333.500000
1	13.069000	1.031449	262.493744	331.643768
1	13.100000	1.025072	262.243744	332.243744
1	13.131000	1.007102	262.018738	332.468750
1	13.162000	1.048406	261.937500	331.937500
1	13.209000	0.968406	262.912506	332.912506
1	13.240000	1.033333	261.625000	331.875000
1	13.272000	1.043478	261.750000	332.250000
0	13.303000	0.738986	256.618744	334.256256
1	13.334000	0.931015	261.625000	334.500000
1	13.365000	1.034928	261.118744	333.118744
0	13.396000	0.889420	260.056244	334.681244
1	13.443000	1.064638	260.750000	331.812500
1	13.474000	1.079275	260.993744	332.006256
0	13.506000	0.948551	261.187500	334.187500
1	13.537000	1.017536	260.868744	331.868744
1	13.568000	1.007102	261.468750	331.481262
0	13.599000	0.932319	259.956268	332.643707
1	13.630000	0.744058	256.562500	332.937500
1	13.677000	1.044058	261.000000	330.500000
1	13.708000	1.044058	261.500000	330.500000
1	13.740000	0.983623	261.318756	332.993744
0	13.771000	0.765217	255.500000	336.000000
1	13.802000	0.992464	260.649994	335.274994
0	13.833000	0.881159	259.500000	338.000000
1	13.864000	1.020290	261.000000	335.500000
1	13.896000	0.998841	260.100006	335.850006
1	13.942000	0.962319	260.750000	336.750000
0	13.974000	0.937246	259.306244	336.018768
0	14.005000	0.950725	260.750000	335.750000
1	14.036000	1.044638	260.524994	333.524994
1	14.067000	1.034203	260.625000	333.125000
1	14.098000	1.052899	260.906250	331.668762
1	14.130000	1.045942	261.506256	331.956268
1	14.176000	1.059710	261.225006	332.037506
1	14.208000	1.043623	261.506256	331.993744
0	14.239000	0.938116	261.006256	334.006256
1	14.270000	1.002898	260.800018	332.850006
1	14.301000	1.043333	261.456268	332.506256
0	14.332000	0.865942	259.750000	335.375000
0	14.364000	0.811884	259.337494	335.712494
0	14.395000	0.765217	256.500000	335.000000
1	14.442000	0.990290	260.931244	333.243744
1	14.473000	0.963623	261.968658	333.593842
0	14.504000	0.964058	260.100006	332.600006
1	14.535000	0.968985	260.937500	332.937500
0	14.566000	0.938116	259.993744	332.993744
1	14.598000	1.026377	260.750000	331.562500
1	14.629000	1.031884	260.750000	331.750000
1	14.676000	1.023333	261.218750	331.331238
1	14.707000	1.036955	261.105804	332.068878
1	14.738000	1.043478	262.500000	333.000000
0	14.769000	0.744928	256.500000	334.750000
1	14.800000	0.972319	260.481262	333.906250
1	14.832000	0.996085	261.618988	333.594086
1	14.863000	1.041594	260.468750	333.531250
0	14.910000	0.959275	260.656250	335.031250
1	14.941000	0.742319	255.662506	334.337494
0	14.972000	0.796667	255.943756	335.056244
1	15.003000	1.038406	260.418762	332.668762
0	15.034000	0.761594	255.956238	334.543762
0	15.066000	0.775362	256.375000	334.875000
1	15.097000	0.983768	260.225006	334.024994
0	15.128000	0.741449	256.600006	335.287506
1	15.175000	1.080435	260.500000	333.000000
1	15.206000	1.078261	261.250000	333.250000
0	15.237000	0.936812	260.024994	335.524994
0	15.268000	0.939275	259.556244	336.043732
0	15.300000	0.927246	259.412506	336.462494
1	15.331000	0.975507	260.906250	335.031250
0	15.362000	0.950580	260.156250	335.781250
1	15.409000	0.985797	259.975006	334.774994
1	15.440000	1.089855	259.000000	332.500000
0	15.471000	0.960870	258.875000	335.000000
0	15.502000	0.974058	260.443756	334.993744
1	15.534000	1.069420	260.318756	333.131256
0	15.565000	0.992464	259.725006	333.774994
0	15.596000	0.938116	260.493744	335.493744
0	15.643000	0.938116	259.993744	335.493744
0	15.674000	0.955507	259.256256	335.243744
1	15.705000	0.977681	260.437500	335.437500
0	15.736000	0.938116	259.006256	335.993744
0	15.768000	0.965072	260.068756	336.381256
0	15.799000	0.927681	260.531250	336.468750
1	15.830000	1.062029	260.274994	334.274994
1	15.861000	1.017536	260.318787	335.318787
0	15.908000	0.950580	259.168762	336.293762
0	15.939000	0.885362	257.318817	336.318695
0	15.970000	0.916377	258.381256	336.306244
0	16.002000	0.952029	260.681244	336.318756
0	16.033000	0.955507	258.743744	336.256256
1	16.064000	1.066232	260.318756	335.193756
0	16.095000	0.788406	256.250000	338.250000
1	16.142000	1.101449	259.500000	335.000000
1	16.173000	1.000000	260.250000	337.000000
1	16.204000	1.085942	259.881256	334.993744
1	16.236000	1.078841	260.000000	335.562500
1	16.267000	0.972899	260.118744	337.868744
1	16.298000	1.092464	259.225006	335.149994
1	16.329000	1.120725	259.431244	334.618744
1	16.376000	1.100725	259.668762	335.331238
1	16.407000	1.033623	259.524994	335.850006
1	16.438000	1.099855	259.806244	334.818756
1	16.470000	1.113043	260.000000	334.500000
1	16.501000	1.099420	260.187500	334.875000
1	16.532000	1.100145	259.693756	335.181244
1	16.563000	1.100580	259.812500	334.812500
0	16.594000	0.912029	258.368774	336.631287
1	16.641000	1.089855	258.500000	335.000000
0	16.672000	1.025362	259.268738	335.543762
1	16.704000	1.072899	259.681244	334.318756
1	16.735000	1.099420	260.312500	332.750000
1	16.766000	1.089710	260.156250	332.906250
1	16.797000	1.103333	260.181244	333.068756
1	16.828000	1.034928	260.118744	333.993744
1	16.875000	1.113623	260.049988	332.500000
1	16.906000	1.090290	260.568756	332.868744
1	16.938000	0.973188	260.518738	334.981262
0	16.969000	0.966232	260.918701	334.956238
1	17.000000	1.083623	261.068756	333.056244
1	17.031000	1.131594	260.324982	332.675018
1	17.062000	1.079420	259.975006	333.024994
1	17.094000	1.095652	260.625000	333.125000
1	17.140000	1.022319	260.625000	333.687500
1	17.172000	1.118986	260.081238	332.093750
1	17.203000	1.118551	260.037506	331.962494
1	17.234000	1.103623	260.768738	331.781250
1	17.265000	1.089130	260.181274	332.118713
1	17.296000	1.018985	260.656250	333.343750
1	17.328000	1.114203	260.024994	331.524994
1	17.374000	1.114203	260.475006	331.024994
1	17.406000	1.136377	260.468750	331.656250
0	17.437000	0.957102	257.750000	334.250000
1	17.468000	1.124638	259.500000	333.000000
1	17.499000	1.089855	260.500000	333.000000
1	17.530000	1.113623	260.049988	333.500000
1	17.562000	1.079275	259.556244	333.993744
1	17.608000	1.070145	260.125000	334.312500
1	17.640000	1.018985	259.343750	335.343750
1	17.671000	1.075362	259.250000	334.500000
0	17.702000	0.991449	259.381226	336.093689
1	17.733000	1.005797	259.450012	336.424988
1	17.764000	1.104928	259.000000	334.937500
1	17.796000	1.096232	259.750000	334.750000
1	17.827000	1.092464	258.962494	335.037506
1	17.874000	1.100580	258.812500	334.937500
1	17.905000	1.043478	259.500000	336.000000
1	17.936000	1.129710	258.468750	335.481262
1	17.967000	1.043478	259.500000	336.000000
1	17.998000	0.777536	253.206238	338.168762
<\RIGHT-PUPIL-DATA>
<LEFT-PUPIL-DATA>
543	0
0	-0.067000	13.913043	240.000000	320.000000
0	-0.036000	13.913043	240.000000	320.000000
0	-0.004000	13.913043	240.000000	320.000000
0	0.027000	13.913043	240.000000	320.000000
0	0.058000	13.913043	240.000000	320.000000
0	0.105000	13.913043	240.000000	320.000000
0	0.136000	13.913043	240.000000	320.000000
0	0.167000	13.913043	240.000000	320.000000
0	0.198000	13.913043	240.000000	320.000000
0	0.230000	13.913043	240.000000	320.000000
0	0.261000	13.913043	240.000000	320.000000
0	0.292000	13.913043	240.000000	320.000000
0	0.339000	13.913043	240.000000	320.000000
0	0.370000	13.913043	240.000000	320.000000
0	0.401000	13.913043	240.000000	320.000000
0	0.432000	13.913043	240.000000	320.000000
0	0.464000	13.913043	240.000000	320.000000
0	0.495000	13.913043	240.000000	320.000000
0	0.526000	13.913043	240.000000	320.000000
0	0.573000	13.913043	240.000000	320.000000
0	0.604000	13.913043	240.000000	320.000000
0	0.635000	13.913043	240.000000	320.000000
0	0.666000	13.913043	240.000000	320.000000
0	0.698000	13.913043	240.000000	320.000000
0	0.729000	13.913043	240.000000	320.000000
0	0.760000	13.913043	240.000000	320.000000
0	0.791000	13.913043	240.000000	320.000000
0	0.838000	13.913043	240.000000	320.000000
0	0.869000	13.913043	240.000000	320.000000
0	0.900000	13.913043	240.000000	320.000000
0	0.932000	13.913043	240.000000	320.000000
0	0.963000	13.913043	240.000000	320.000000
0	0.994000	13.913043	240.000000	320.000000
0	1.025000	13.913043	240.000000	320.000000
0	1.072000	13.913043	240.000000	320.000000
0	1.103000	13.913043	240.000000	320.000000
0	1.134000	13.913043	240.000000	320.000000
0	1.166000	13.913043	240.000000	320.000000
0	1.197000	13.913043	240.000000	320.000000
0	1.228000	13.913043	240.000000	320.000000
0	1.259000	13.913043	240.000000	320.000000
0	1.306000	13.913043	240.000000	320.000000
0	1.337000	13.913043	240.000000	320.000000
0	1.368000	13.913043	240.000000	320.000000
0	1.400000	13.913043	240.000000	320.000000
0	1.431000	13.913043	240.000000	320.000000
0	1.462000	13.913043	240.000000	320.000000
0	1.493000	13.913043	240.000000	320.000000
0	1.524000	13.913043	240.000000	320.000000
0	1.571000	13.913043	240.000000	320.000000
0	1.602000	13.913043	240.000000	320.000000
0	1.634000	13.913043	240.000000	320.000000
0	1.665000	13.913043	240.000000	320.000000
0	1.696000	13.913043	240.000000	320.000000
0	1.727000	13.913043	240.000000	320.000000
0	1.758000	13.913043	240.000000	320.000000
0	1.805000	13.913043	240.000000	320.000000
0	1.836000	13.913043	240.000000	320.000000
0	1.868000	13.913043	240.000000	320.000000
0	1.899000	13.913043	240.000000	320.000000
0	1.930000	13.913043	240.000000	320.000000
0	1.961000	13.913043	240.000000	320.000000
0	1.992000	13.913043	240.000000	320.000000
0	2.039000	13.913043	240.000000	320.000000
0	2.070000	13.913043	240.000000	320.000000
0	2.102000	13.913043	240.000000	320.000000
0	2.133000	13.913043	240.000000	320.000000
0	2.164000	13.913043	240.000000	320.000000
0	2.195000	13.913043	240.000000	320.000000
0	2.226000	13.913043	240.000000	320.000000
0	2.258000	13.913043	240.000000	320.000000
0	2.304000	13.913043	240.000000	320.000000
0	2.336000	13.913043	240.000000	320.000000
0	2.367000	13.913043	240.000000	320.000000
0	2.398000	13.913043	240.000000	320.000000
0	2.429000	13.913043	240.000000	320.000000
0	2.460000	13.913043	240.000000	320.000000
0	2.492000	13.913043	240.000000	320.000000
0	2.538000	13.913043	240.000000	320.000000
0	2.570000	13.913043	240.000000	320.000000
0	2.601000	13.913043	240.000000	320.000000
0	2.632000	13.913043	240.000000	320.000000
0	2.663000	13.913043	240.000000	320.000000
0	2.694000	13.913043	240.000000	320.000000
0	2.726000	13.913043	240.000000	320.000000
0	2.757000	13.913043	240.000000	320.000000
0	2.804000	13.913043	240.000000	320.000000
0	2.835000	13.913043	240.000000	320.000000
0	2.866000	13.913043	240.000000	320.000000
0	2.897000	13.913043	240.000000	320.000000
0	2.928000	13.913043	240.000000	320.000000
0	2.960000	13.913043	240.000000	320.000000
0	2.991000	13.913043	240.000000	320.000000
0	3.038000	13.913043	240.000000	320.000000
0	3.069000	13.913043	240.000000	320.000000
0	3.100000	13.913043	240.000000	320.000000
0	3.131000	13.913043	240.000000	320.000000
0	3.162000	13.913043	240.000000	320.000000
0	3.194000	13.913043	240.000000	320.000000
0	3.225000	13.913043	240.000000	320.000000
0	3.272000	13.913043	240.000000	320.000000
0	3.303000	13.913043	240.000000	320.000000
0	3.334000	13.913043	240.000000	320.000000
0	3.365000	13.913043	240.000000	320.000000
0	3.396000	13.913043	240.000000	320.000000
0	3.428000	13.913043	240.000000	320.000000
0	3.459000	13.913043	240.000000	320.000000
0	3.490000	13.913043	240.000000	320.000000
0	3.537000	13.913043	240.000000	320.000000
0	3.568000	13.913043	240.000000	320.000000
0	3.599000	13.913043	240.000000	320.000000
0	3.630000	13.913043	240.000000	320.000000
0	3.662000	13.913043	240.000000	320.000000
0	3.693000	13.913043	240.000000	320.000000
0	3.724000	13.913043	240.000000	320.000000
0	3.771000	13.913043	240.000000	320.000000
0	3.802000	13.913043	240.000000	320.000000
0	3.833000	13.913043	240.000000	320.000000
0	3.864000	13.913043	240.000000	320.000000
0	3.896000	13.913043	240.000000	320.000000
0	3.927000	13.913043	240.000000	320.000000
0	3.958000	13.913043	240.000000	320.000000
0	3.989000	13.913043	240.000000	320.000000
0	4.036000	13.913043	240.000000	320.000000
0	4.067000	13.913043	240.000000	320.000000
0	4.098000	13.913043	240.000000	320.000000
0	4.130000	13.913043	240.000000	320.000000
0	4.161000	13.913043	240.000000	320.000000
0	4.192000	13.913043	240.000000	320.000000
0	4.223000	13.913043	240.000000	320.000000
0	4.270000	13.913043	240.000000	320.000000
0	4.301000	13.913043	240.000000	320.000000
0	4.332000	13.913043	240.000000	320.000000
0	4.364000	13.913043	240.000000	320.000000
0	4.395000	13.913043	240.000000	320.000000
0	4.426000	13.913043	240.000000	320.000000
0	4.457000	13.913043	240.000000	320.000000
0	4.504000	13.913043	240.000000	320.000000
0	4.535000	13.913043	240.000000	320.000000
0	4.566000	13.913043	240.000000	320.000000
0	4.598000	13.913043	240.000000	320.000000
0	4.629000	13.913043	240.000000	320.000000
0	4.660000	13.913043	240.000000	320.000000
0	4.691000	13.913043	240.000000	320.000000
0	4.722000	13.913043	240.000000	320.000000
0	4.769000	13.913043	240.000000	320.000000
0	4.800000	13.913043	240.000000	320.000000
0	4.832000	13.913043	240.000000	320.000000
0	4.863000	13.913043	240.000000	320.000000
0	4.894000	13.913043	240.000000	320.000000
0	4.925000	13.913043	240.000000	320.000000
0	4.956000	13.913043	240.000000	320.000000
0	5.003000	13.913043	240.000000	320.000000
0	5.034000	13.913043	240.000000	320.000000
0	5.066000	13.913043	240.000000	320.000000
0	5.097000	13.913043	240.000000	320.000000
0	5.128000	13.913043	240.000000	320.000000
0	5.159000	13.913043	240.000000	320.000000
0	5.190000	13.913043	240.000000	320.000000
0	5.237000	13.913043	240.000000	320.000000
0	5.268000	13.913043	240.000000	320.000000
0	5.300000	13.913043	240.000000	320.000000
0	5.331000	13.913043	240.000000	320.000000
0	5.362000	13.913043	240.000000	320.000000
0	5.393000	13.913043	240.000000	320.000000
0	5.424000	13.913043	240.000000	320.000000
0	5.456000	13.913043	240.000000	320.000000
0	5.502000	13.913043	240.000000	320.000000
0	5.534000	13.913043	240.000000	320.000000
0	5.565000	13.913043	240.000000	320.000000
0	5.596000	13.913043	240.000000	320.000000
0	5.627000	13.913043	240.000000	320.000000
0	5.658000	13.913043	240.000000	320.000000
0	5.690000	13.913043	240.000000	320.000000
0	5.736000	13.913043	240.000000	320.000000
0	5.768000	13.913043	240.000000	320.000000
0	5.799000	13.913043	240.000000	320.000000
0	5.830000	13.913043	240.000000	320.000000
0	5.861000	13.913043	240.000000	320.000000
0	5.892000	13.913043	240.000000	320.000000
0	5.924000	13.913043	240.000000	320.000000
0	5.970000	13.913043	240.000000	320.000000
0	6.002000	13.913043	240.000000	320.000000
0	6.033000	13.913043	240.000000	320.000000
0	6.064000	13.913043	240.000000	320.000000
0	6.095000	13.913043	240.000000	320.000000
0	6.126000	13.913043	240.000000	320.000000
0	6.158000	13.913043	240.000000	320.000000
0	6.189000	13.913043	240.000000	320.000000
0	6.236000	13.913043	240.000000	320.000000
0	6.267000	13.913043	240.000000	320.000000
0	6.298000	13.913043	240.000000	320.000000
0	6.329000	13.913043	240.000000	320.000000
0	6.360000	13.913043	240.000000	320.000000
0	6.392000	13.913043	240.000000	320.000000
0	6.423000	13.913043	240.000000	320.000000
0	6.470000	13.913043	240.000000	320.000000
0	6.501000	13.913043	240.000000	320.000000
0	6.532000	13.913043	240.000000	320.000000
0	6.563000	13.913043	240.000000	320.000000
0	6.594000	13.913043	240.000000	320.000000
0	6.626000	13.913043	240.000000	320.000000
0	6.657000	13.913043	240.000000	320.000000
0	6.704000	13.913043	240.000000	320.000000
0	6.735000	13.913043	240.000000	320.000000
0	6.766000	13.913043	240.000000	320.000000
0	6.797000	13.913043	240.000000	320.000000
0	6.828000	13.913043	240.000000	320.000000
0	6.860000	13.913043	240.000000	320.000000
0	6.891000	13.913043	240.000000	320.000000
0	6.922000	13.913043	240.000000	320.000000
0	6.969000	13.913043	240.000000	320.000000
0	7.000000	13.913043	240.000000	320.000000
0	7.031000	13.913043	240.000000	320.000000
0	7.062000	13.913043	240.000000	320.000000
0	7.094000	13.913043	240.000000	320.000000
0	7.125000	13.913043	240.000000	320.000000
0	7.156000	13.913043	240.000000	320.000000
0	7.203000	13.913043	240.000000	320.000000
0	7.234000	13.913043	240.000000	320.000000
0	7.265000	13.913043	240.000000	320.000000
0	7.296000	13.913043	240.000000	320.000000
0	7.328000	13.913043	240.000000	320.000000
0	7.359000	13.913043	240.000000	320.000000
0	7.390000	13.913043	240.000000	320.000000
0	7.437000	13.913043	240.000000	320.000000
0	7.468000	13.913043	240.000000	320.000000
0	7.499000	13.913043	240.000000	320.000000
0	7.530000	13.913043	240.000000	320.000000
0	7.562000	13.913043	240.000000	320.000000
0	7.593000	13.913043	240.000000	320.000000
0	7.624000	13.913043	240.000000	320.000000
0	7.655000	13.913043	240.000000	320.000000
0	7.702000	13.913043	240.000000	320.000000
0	7.733000	13.913043	240.000000	320.000000
0	7.764000	13.913043	240.000000	320.000000
0	7.796000	13.913043	240.000000	320.000000
0	7.827000	13.913043	240.000000	320.000000
0	7.858000	13.913043	240.000000	320.000000
0	7.889000	13.913043	240.000000	320.000000
0	7.920000	13.913043	240.000000	320.000000
0	7.967000	13.913043	240.000000	320.000000
0	7.998000	13.913043	240.000000	320.000000
0	8.030000	13.913043	240.000000	320.000000
0	8.061000	13.913043	240.000000	320.000000
0	8.092000	13.913043	240.000000	320.000000
0	8.123000	13.913043	240.000000	320.000000
0	8.154000	13.913043	240.000000	320.000000
0	8.201000	13.913043	240.000000	320.000000
0	8.232000	13.913043	240.000000	320.000000
0	8.264000	13.913043	240.000000	320.000000
0	8.295000	13.913043	240.000000	320.000000
0	8.326000	13.913043	240.000000	320.000000
0	8.357000	13.913043	240.000000	320.000000
0	8.388000	13.913043	240.000000	320.000000
0	8.435000	13.913043	240.000000	320.000000
0	8.466000	13.913043	240.000000	320.000000
0	8.498000	13.913043	240.000000	320.000000
0	8.529000	13.913043	240.000000	320.000000
0	8.560000	13.913043	240.000000	320.000000
0	8.591000	13.913043	240.000000	320.000000
0	8.622000	13.913043	240.000000	320.000000
0	8.654000	13.913043	240.000000	320.000000
0	8.700000	13.913043	240.000000	320.000000
0	8.732000	13.913043	240.000000	320.000000
0	8.763000	13.913043	240.000000	320.000000
0	8.794000	13.913043	240.000000	320.000000
0	8.825000	13.913043	240.000000	320.000000
0	8.856000	13.913043	240.000000	320.000000
0	8.888000	13.913043	240.000000	320.000000
0	8.934000	13.913043	240.000000	320.000000
0	8.966000	13.913043	240.000000	320.000000
0	8.997000	13.913043	240.000000	320.000000
0	9.028000	13.913043	240.000000	320.000000
0	9.059000	13.913043	240.000000	320.000000
0	9.090000	13.913043	240.000000	320.000000
0	9.122000	13.913043	240.000000	320.000000
0	9.168000	13.913043	240.000000	320.000000
0	9.200000	13.913043	240.000000	320.000000
0	9.231000	13.913043	240.000000	320.000000
0	9.262000	13.913043	240.000000	320.000000
0	9.293000	13.913043	240.000000	320.000000
0	9.324000	13.913043	240.000000	320.000000
0	9.356000	13.913043	240.000000	320.000000
0	9.387000	13.913043	240.000000	320.000000
0	9.434000	13.913043	240.000000	320.000000
0	9.465000	13.913043	240.000000	320.000000
0	9.496000	13.913043	240.000000	320.000000
0	9.527000	13.913043	240.000000	320.000000
0	9.558000	13.913043	240.000000	320.000000
0	9.590000	13.913043	240.000000	320.000000
0	9.621000	13.913043	240.000000	320.000000
0	9.668000	13.913043	240.000000	320.000000
0	9.699000	13.913043	240.000000	320.000000
0	9.730000	13.913043	240.000000	320.000000
0	9.761000	13.913043	240.000000	320.000000
0	9.792000	13.913043	240.000000	320.000000
0	9.824000	13.913043	240.000000	320.000000
0	9.855000	13.913043	240.000000	320.000000
0	9.902000	13.913043	240.000000	320.000000
0	9.933000	13.913043	240.000000	320.000000
0	9.964000	13.913043	240.000000	320.000000
0	9.995000	13.913043	240.000000	320.000000
0	10.026000	13.913043	240.000000	320.000000
0	10.058000	13.913043	240.000000	320.000000
0	10.089000	13.913043	240.000000	320.000000
0	10.120000	13.913043	240.000000	320.000000
0	10.167000	13.913043	240.000000	320.000000
0	10.198000	13.913043	240.000000	320.000000
0	10.229000	13.913043	240.000000	320.000000
0	10.260000	13.913043	240.000000	320.000000
0	10.292000	13.913043	240.000000	320.000000
0	10.323000	13.913043	240.000000	320.000000
0	10.354000	13.913043	240.000000	320.000000
0	10.401000	13.913043	240.000000	320.000000
0	10.432000	13.913043	240.000000	320.000000
0	10.463000	13.913043	240.000000	320.000000
0	10.494000	13.913043	240.000000	320.000000
0	10.526000	13.913043	240.000000	320.000000
0	10.557000	13.913043	240.000000	320.000000
0	10.588000	13.913043	240.000000	320.000000
0	10.635000	13.913043	240.000000	320.000000
0	10.666000	13.913043	240.000000	320.000000
0	10.697000	13.913043	240.000000	320.000000
0	10.728000	13.913043	240.000000	320.000000
0	10.760000	13.913043	240.000000	320.000000
0	10.791000	13.913043	240.000000	320.000000
0	10.822000	13.913043	240.000000	320.000000
0	10.853000	13.913043	240.000000	320.000000
0	10.900000	13.913043	240.000000	320.000000
0	10.931000	13.913043	240.000000	320.000000
0	10.962000	13.913043	240.000000	320.000000
0	10.994000	13.913043	240.000000	320.000000
0	11.025000	13.913043	240.000000	320.000000
0	11.056000	13.913043	240.000000	320.000000
0	11.087000	13.913043	240.000000	320.000000
0	11.134000	13.913043	240.000000	320.000000
0	11.165000	13.913043	240.000000	320.000000
0	11.196000	13.913043	240.000000	320.000000
0	11.228000	13.913043	240.000000	320.000000
0	11.259000	13.913043	240.000000	320.000000
0	11.290000	13.913043	240.000000	320.000000
0	11.321000	13.913043	240.000000	320.000000
0	11.368000	13.913043	240.000000	320.000000
0	11.399000	13.913043	240.000000	320.000000
0	11.430000	13.913043	240.000000	320.000000
0	11.462000	13.913043	240.000000	320.000000
0	11.493000	13.913043	240.000000	320.000000
0	11.524000	13.913043	240.000000	320.000000
0	11.555000	13.913043	240.000000	320.000000
0	11.586000	13.913043	240.000000	320.000000
0	11.633000	13.913043	240.000000	320.000000
0	11.664000	13.913043	240.000000	320.000000
0	11.696000	13.913043	240.000000	320.000000
0	11.727000	13.913043	240.000000	320.000000
0	11.758000	13.913043	240.000000	320.000000
0	11.789000	13.913043	240.000000	320.000000
0	11.820000	13.913043	240.000000	320.000000
0	11.852000	13.913043	240.000000	320.000000
0	11.898000	13.913043	240.000000	320.000000
0	11.930000	13.913043	240.000000	320.000000
0	11.961000	13.913043	240.000000	320.000000
0	11.992000	13.913043	240.000000	320.000000
0	12.023000	13.913043	240.000000	320.000000
0	12.054000	13.913043	240.000000	320.000000
0	12.086000	13.913043	240.000000	320.000000
0	12.132000	13.913043	240.000000	320.000000
0	12.164000	13.913043	240.000000	320.000000
0	12.195000	13.913043	240.000000	320.000000
0	12.226000	13.913043	240.000000	320.000000
0	12.257000	13.913043	240.000000	320.000000
0	12.288000	13.913043	240.000000	320.000000
0	12.320000	13.913043	240.000000	320.000000
0	12.366000	13.913043	240.000000	320.000000
0	12.398000	13.913043	240.000000	320.000000
0	12.429000	13.913043	240.000000	320.000000
0	12.460000	13.913043	240.000000	320.000000
0	12.491000	13.913043	240.000000	320.000000
0	12.522000	13.913043	240.000000	320.000000
0	12.554000	13.913043	240.000000	320.000000
0	12.585000	13.913043	240.000000	320.000000
0	12.632000	13.913043	240.000000	320.000000
0	12.663000	13.913043	240.000000	320.000000
0	12.694000	13.913043	240.000000	320.000000
0	12.725000	13.913043	240.000000	320.000000
0	12.756000	13.913043	240.000000	320.000000
0	12.788000	13.913043	240.000000	320.000000
0	12.819000	13.913043	240.000000	320.000000
0	12.866000	13.913043	240.000000	320.000000
0	12.897000	13.913043	240.000000	320.000000
0	12.928000	13.913043	240.000000	320.000000
0	12.959000	13.913043	240.000000	320.000000
0	12.990000	13.913043	240.000000	320.000000
0	13.022000	13.913043	240.000000	320.000000
0	13.053000	13.913043	240.000000	320.000000
0	13.100000	13.913043	240.000000	320.000000
0	13.131000	13.913043	240.000000	320.000000
0	13.162000	13.913043	240.000000	320.000000
0	13.193000	13.913043	240.000000	320.000000
0	13.224000	13.913043	240.000000	320.000000
0	13.256000	13.913043	240.000000	320.000000
0	13.287000	13.913043	240.000000	320.000000
0	13.318000	13.913043	240.000000	320.000000
0	13.365000	13.913043	240.000000	320.000000
0	13.396000	13.913043	240.000000	320.000000
0	13.427000	13.913043	240.000000	320.000000
0	13.458000	13.913043	240.000000	320.000000
0	13.490000	13.913043	240.000000	320.000000
0	13.521000	13.913043	240.000000	320.000000
0	13.552000	13.913043	240.000000	320.000000
0	13.599000	13.913043	240.000000	320.000000
0	13.630000	13.913043	240.000000	320.000000
0	13.661000	13.913043	240.000000	320.000000
0	13.692000	13.913043	240.000000	320.000000
0	13.724000	13.913043	240.000000	320.000000
0	13.755000	13.913043	240.000000	320.000000
0	13.786000	13.913043	240.000000	320.000000
0	13.833000	13.913043	240.000000	320.000000
0	13.864000	13.913043	240.000000	320.000000
0	13.895000	13.913043	240.000000	320.000000
0	13.926000	13.913043	240.000000	320.000000
0	13.958000	13.913043	240.000000	320.000000
0	13.989000	13.913043	240.000000	320.000000
0	14.020000	13.913043	240.000000	320.000000
0	14.051000	13.913043	240.000000	320.000000
0	14.098000	13.913043	240.000000	320.000000
0	14.129000	13.913043	240.000000	320.000000
0	14.160000	13.913043	240.000000	320.000000
0	14.192000	13.913043	240.000000	320.000000
0	14.223000	13.913043	240.000000	320.000000
0	14.254000	13.913043	240.000000	320.000000
0	14.285000	13.913043	240.000000	320.000000
0	14.332000	13.913043	240.000000	320.000000
0	14.363000	13.913043	240.000000	320.000000
0	14.394000	13.913043	240.000000	320.000000
0	14.426000	13.913043	240.000000	320.000000
0	14.457000	13.913043	240.000000	320.000000
0	14.488000	13.913043	240.000000	320.000000
0	14.519000	13.913043	240.000000	320.000000
0	14.566000	13.913043	240.000000	320.000000
0	14.597000	13.913043	240.000000	320.000000
0	14.628000	13.913043	240.000000	320.000000
0	14.660000	13.913043	240.000000	320.000000
0	14.691000	13.913043	240.000000	320.000000
0	14.722000	13.913043	240.000000	320.000000
0	14.753000	13.913043	240.000000	320.000000
0	14.784000	13.913043	240.000000	320.000000
0	14.831000	13.913043	240.000000	320.000000
0	14.862000	13.913043	240.000000	320.000000
0	14.894000	13.913043	240.000000	320.000000
0	14.925000	13.913043	240.000000	320.000000
0	14.956000	13.913043	240.000000	320.000000
0	14.987000	13.913043	240.000000	320.000000
0	15.018000	13.913043	240.000000	320.000000
0	15.065000	13.913043	240.000000	320.000000
0	15.096000	13.913043	240.000000	320.000000
0	15.128000	13.913043	240.000000	320.000000
0	15.159000	13.913043	240.000000	320.000000
0	15.190000	13.913043	240.000000	320.000000
0	15.221000	13.913043	240.000000	320.000000
0	15.252000	13.913043	240.000000	320.000000
0	15.299000	13.913043	240.000000	320.000000
0	15.330000	13.913043	240.000000	320.000000
0	15.362000	13.913043	240.000000	320.000000
0	15.393000	13.913043	240.000000	320.000000
0	15.424000	13.913043	240.000000	320.000000
0	15.455000	13.913043	240.000000	320.000000
0	15.486000	13.913043	240.000000	320.000000
0	15.518000	13.913043	240.000000	320.000000
0	15.564000	13.913043	240.000000	320.000000
0	15.596000	13.913043	240.000000	320.000000
0	15.627000	13.913043	240.000000	320.000000
0	15.658000	13.913043	240.000000	320.000000
0	15.689000	13.913043	240.000000	320.000000
0	15.720000	13.913043	240.000000	320.000000
0	15.752000	13.913043	240.000000	320.000000
0	15.783000	13.913043	240.000000	320.000000
0	15.830000	13.913043	240.000000	320.000000
0	15.861000	13.913043	240.000000	320.000000
0	15.892000	13.913043	240.000000	320.000000
0	15.923000	13.913043	240.000000	320.000000
0	15.954000	13.913043	240.000000	320.000000
0	15.986000	13.913043	240.000000	320.000000
0	16.017000	13.913043	240.000000	320.000000
0	16.064000	13.913043	240.000000	320.000000
0	16.095000	13.913043	240.000000	320.000000
0	16.126000	13.913043	240.000000	320.000000
0	16.157000	13.913043	240.000000	320.000000
0	16.188000	13.913043	240.000000	320.000000
0	16.220000	13.913043	240.000000	320.000000
0	16.251000	13.913043	240.000000	320.000000
0	16.298000	13.913043	240.000000	320.000000
0	16.329000	13.913043	240.000000	320.000000
0	16.360000	13.913043	240.000000	320.000000
0	16.391000	13.913043	240.000000	320.000000
0	16.422000	13.913043	240.000000	320.000000
0	16.454000	13.913043	240.000000	320.000000
0	16.485000	13.913043	240.000000	320.000000
0	16.516000	13.913043	240.000000	320.000000
0	16.563000	13.913043	240.000000	320.000000
0	16.594000	13.913043	240.000000	320.000000
0	16.625000	13.913043	240.000000	320.000000
0	16.656000	13.913043	240.000000	320.000000
0	16.688000	13.913043	240.000000	320.000000
0	16.719000	13.913043	240.000000	320.000000
0	16.750000	13.913043	240.000000	320.000000
0	16.797000	13.913043	240.000000	320.000000
0	16.828000	13.913043	240.000000	320.000000
0	16.859000	13.913043	240.000000	320.000000
0	16.890000	13.913043	240.000000	320.000000
0	16.922000	13.913043	240.000000	320.000000
0	16.953000	13.913043	240.000000	320.000000
0	16.984000	13.913043	240.000000	320.000000
0	17.031000	13.913043	240.000000	320.000000
0	17.062000	13.913043	240.000000	320.000000
0	17.093000	13.913043	240.000000	320.000000
0	17.124000	13.913043	240.000000	320.000000
0	17.156000	13.913043	240.000000	320.000000
0	17.187000	13.913043	240.000000	320.000000
0	17.218000	13.913043	240.000000	320.000000
0	17.249000	13.913043	240.000000	320.000000
0	17.296000	13.913043	240.000000	320.000000
0	17.327000	13.913043	240.000000	320.000000
0	17.358000	13.913043	240.000000	320.000000
0	17.390000	13.913043	240.000000	320.000000
0	17.421000	13.913043	240.000000	320.000000
0	17.452000	13.913043	240.000000	320.000000
0	17.483000	13.913043	240.000000	320.000000
0	17.530000	13.913043	240.000000	320.000000
0	17.561000	13.913043	240.000000	320.000000
0	17.592000	13.913043	240.000000	320.000000
0	17.624000	13.913043	240.000000	320.000000
0	17.655000	13.913043	240.000000	320.000000
0	17.686000	13.913043	240.000000	320.000000
0	17.717000	13.913043	240.000000	320.000000
0	17.764000	13.913043	240.000000	320.000000
0	17.795000	13.913043	240.000000	320.000000
0	17.826000	13.913043	240.000000	320.000000
0	17.858000	13.913043	240.000000	320.000000
0	17.889000	13.913043	240.000000	320.000000
0	17.920000	13.913043	240.000000	320.000000
0	17.951000	13.913043	240.000000	320.000000
0	17.982000	13.913043	240.000000	320.000000
<\LEFT-PUPIL-DATA>
<RIGHT-PUPIL-ANALYSIS>
1
0	0	17	542	0	0	0.508000	17.518002	0.509000	31625.173828	0.000000	0.000000	0.000000	0	1	1	1	1	0	0	0	0.000000	0.000000	0.000000	0.000000	0.000000	0.000000	0.000000	-1.000000	0.000000	0	1.290377	0.421153	1.307792	0.139336	0.237000	-0.428611	-1.597918	-1.000000	0.051431	1	1.290377	0.421153	1.307792	0.139336	0.237000	-0.454305	-1.597922	-1.000000	0.051376
<\RIGHT-PUPIL-ANALYSIS>
<LEFT-PUPIL-ANALYSIS>
1
0	0	18	542	0	0	0.508000	17.518002	0.509000	31625.173828	0.000000	0.000000	0.000000	0	1	1	1	1	0	0	0	0.000000	0.000000	0.000000	0.000000	0.000000	0.000000	0.000000	-1.000000	0.000000	0	-0.034783	-0.034783	0.000950	0.000950	0.018000	0.000000	0.000000	-1.000000	0.000000	1	-0.034783	-0.034783	0.000950	0.000950	0.018000	-1000000.000000	-1000000.000000	-1.000000	0.000000
<\LEFT-PUPIL-ANALYSIS>
%%%%%%%%%
%%%%%%%%%
%%%%%%%%%
%%%	Measurement Tiime is: 2017-08-15 10:33:45
%%%	Subject ID is: c57-1mois-M4-4.5r
%%%	Note: 
%%%	RSS: Default Human Relative Spectral Sensitivity
%%%	Pupil Analysis:
%%%
%%%
%%%
%%%	Pulse Index:	0
%%%	Stimulus Session Index:	0
%%%	Right Pupil Stimulated
%%%	Light Metric is Photopic
%%%	Stimulus Start Time(sec):	0.51
%%%	Stimulus Duration(sec):	17.52
%%%	Stimulus Pulse Duration(sec):	0.51
%%%	Right Pulse:	31625.17	(Red  )	-	0.00	(Red  )	[Lux ]
%%%	Left Pulse:	0.00	(Red  )	-	0.00	(Red  )	[Lux ]
%%%
%%%		RIGHT	LEFT	R.Pupil Mean	L.Pupil Mean	R.Stim Mean	R.Stim Mean
%%%	INPUT:	RAW DATA	RAW DATA
%%%	STATE:	ABNORMAL	ABNORMAL	ABNORMAL	ABNORMAL	ABNORMAL	ABNORMAL
%%%	MAX(mm):	0.00	0.00	0.00	0.00	0.00	0.00
%%%	MIN(mm):	0.00	0.00	0.00	0.00	0.00	0.00
%%%	DELTA(mm):						
%%%	CH(%):						
%%%	LAT(sec):	0.00	0.00	0.00	0.00	0.00	0.00
%%%	CV(mm/s):	0.00	0.00	0.00	0.00	0.00	0.00
%%%	MCV(mm/s):	0.00	0.00	0.00	0.00	0.00	0.00
%%%	DV(mm/s):	0.00	0.00	0.00	0.00	0.00	0.00
%%%%%%%%%
%%%%%%%%%
%%%%%%%%%
%%%	Right Pupil Profile (1st row -> 1 == valid tracking, 0 == invalid tracking; 2nd row -> time; 3rd row -> diameter (mm))
%%%	1	1	1	1	1	1	1	1	1	1	1	1	1	1	1	1	1	1	1	1	1	1	1	1	1	1	0	0	1	1	0	0	1	1	0	1	0	0	1	1	1	1	0	1	1	0	1	1	1	1	1	0	1	1	1	1	1	0	1	0	0	0	1	1	0	0	0	0	1	0	0	0	0	1	1	1	1	0	0	0	1	1	1	1	1	0	0	1	1	1	1	1	0	1	0	1	0	0	1	1	1	1	1	1	1	0	1	0	1	0	1	1	0	1	1	0	1	1	1	0	1	1	1	1	0	1	1	1	1	1	1	1	0	1	1	1	1	0	1	1	0	1	0	0	0	1	1	1	1	1	1	1	1	1	0	1	1	0	1	1	0	1	1	1	0	0	1	0	0	1	1	1	0	1	1	1	1	1	0	0	0	1	1	1	1	0	0	0	0	0	1	1	1	1	0	0	0	0	0	0	0	1	0	1	0	0	0	1	0	1	0	0	0	1	1	0	0	0	1	1	0	1	1	0	1	0	0	1	1	0	1	0	0	1	1	1	0	0	0	0	1	1	1	1	1	1	1	1	1	1	0	1	0	0	0	1	1	1	0	0	1	1	1	1	0	1	1	0	0	1	0	1	0	0	0	1	0	1	1	0	0	1	1	1	1	0	1	1	0	1	1	1	1	0	1	1	0	1	0	1	0	1	1	0	0	1	1	0	0	0	1	1	0	0	0	1	1	0	1	1	1	1	0	0	0	1	1	0	1	1	1	1	0	1	1	1	1	1	1	0	0	1	1	0	1	0	0	0	1	1	0	0	1	1	1	1	1	1	1	0	0	1	1	1	1	1	0	1	1	1	1	1	1	1	1	1	1	0	1	1	1	1	0	0	1	1	0	1	1	1	1	1	1	0	1	1	1	1	1	1	1	0	1	1	0	1	1	0	1	1	0	1	1	1	1	0	1	0	1	1	1	0	0	1	1	1	1	1	1	0	1	1	0	0	0	1	1	0	1	0	1	1	1	1	1	0	1	1	1	0	1	0	1	0	0	1	0	1	1	0	0	0	1	0	1	1	0	0	1	0	0	0	0	1	0	0	0	1	1	0	0	0	0	0	1	0	1	1	1	1	1	1	1	1	1	1	1	1	1	1	0	1	0	1	1	1	1	1	1	1	1	0	1	1	1	1	1	1	1	1	1	1	1	1	1	0	1	1	1	1	1	1	1	0	1	1	1	1	1	1	1	1	1
%%%	-0.051000	-0.020000	0.012000	0.043000	0.074000	0.105000	0.136000	0.183000	0.214000	0.246000	0.277000	0.308000	0.339000	0.370000	0.417000	0.448000	0.480000	0.511000	0.542000	0.573000	0.604000	0.636000	0.682000	0.714000	0.745000	0.776000	0.807000	0.838000	0.870000	0.916000	0.948000	0.979000	1.010000	1.041000	1.072000	1.104000	1.150000	1.182000	1.213000	1.244000	1.275000	1.306000	1.338000	1.369000	1.416000	1.447000	1.478000	1.509000	1.540000	1.572000	1.603000	1.634000	1.681000	1.712000	1.743000	1.774000	1.806000	1.837000	1.868000	1.915000	1.946000	1.977000	2.008000	2.040000	2.071000	2.102000	2.149000	2.180000	2.211000	2.242000	2.274000	2.305000	2.336000	2.367000	2.414000	2.445000	2.476000	2.508000	2.539000	2.570000	2.601000	2.648000	2.679000	2.710000	2.742000	2.773000	2.804000	2.835000	2.882000	2.913000	2.944000	2.976000	3.007000	3.038000	3.069000	3.100000	3.147000	3.178000	3.210000	3.241000	3.272000	3.303000	3.334000	3.381000	3.412000	3.444000	3.475000	3.506000	3.537000	3.568000	3.615000	3.646000	3.678000	3.709000	3.740000	3.771000	3.802000	3.834000	3.880000	3.912000	3.943000	3.974000	4.005000	4.036000	4.068000	4.114000	4.146000	4.177000	4.208000	4.239000	4.270000	4.302000	4.348000	4.380000	4.411000	4.442000	4.473000	4.504000	4.536000	4.567000	4.614000	4.645000	4.676000	4.707000	4.738000	4.770000	4.801000	4.848000	4.879000	4.910000	4.941000	4.972000	5.004000	5.035000	5.082000	5.113000	5.144000	5.175000	5.206000	5.238000	5.269000	5.300000	5.347000	5.378000	5.409000	5.440000	5.472000	5.503000	5.534000	5.565000	5.612000	5.643000	5.674000	5.706000	5.737000	5.768000	5.815000	5.846000	5.877000	5.908000	5.940000	5.971000	6.002000	6.033000	6.080000	6.111000	6.142000	6.174000	6.205000	6.236000	6.267000	6.298000	6.345000	6.376000	6.408000	6.439000	6.470000	6.501000	6.532000	6.579000	6.610000	6.642000	6.673000	6.704000	6.735000	6.766000	6.813000	6.844000	6.876000	6.907000	6.938000	6.969000	7.000000	7.032000	7.078000	7.110000	7.141000	7.172000	7.203000	7.234000	7.266000	7.312000	7.344000	7.375000	7.406000	7.437000	7.468000	7.500000	7.546000	7.578000	7.609000	7.640000	7.671000	7.702000	7.734000	7.765000	7.812000	7.843000	7.874000	7.905000	7.936000	7.968000	7.999000	8.046000	8.077000	8.108000	8.139000	8.170000	8.202000	8.233000	8.280000	8.311000	8.342000	8.373000	8.404000	8.436000	8.467000	8.498000	8.545000	8.576000	8.607000	8.638000	8.670000	8.701000	8.732000	8.779000	8.810000	8.841000	8.872000	8.904000	8.935000	8.966000	9.013000	9.044000	9.075000	9.106000	9.138000	9.169000	9.200000	9.231000	9.278000	9.309000	9.340000	9.372000	9.403000	9.434000	9.465000	9.512000	9.543000	9.574000	9.606000	9.637000	9.668000	9.699000	9.746000	9.777000	9.808000	9.840000	9.871000	9.902000	9.933000	9.964000	10.011000	10.042000	10.074000	10.105000	10.136000	10.167000	10.198000	10.245000	10.276000	10.308000	10.339000	10.370000	10.401000	10.432000	10.464000	10.510000	10.542000	10.573000	10.604000	10.635000	10.666000	10.698000	10.744000	10.776000	10.807000	10.838000	10.869000	10.900000	10.932000	10.963000	11.010000	11.041000	11.072000	11.103000	11.134000	11.166000	11.197000	11.244000	11.275000	11.306000	11.337000	11.368000	11.400000	11.431000	11.478000	11.509000	11.540000	11.571000	11.602000	11.634000	11.665000	11.696000	11.743000	11.774000	11.805000	11.836000	11.868000	11.899000	11.930000	11.977000	12.008000	12.039000	12.070000	12.102000	12.133000	12.164000	12.211000	12.242000	12.273000	12.304000	12.336000	12.367000	12.398000	12.429000	12.476000	12.507000	12.538000	12.570000	12.601000	12.632000	12.663000	12.710000	12.741000	12.772000	12.804000	12.835000	12.866000	12.897000	12.944000	12.975000	13.006000	13.038000	13.069000	13.100000	13.131000	13.162000	13.209000	13.240000	13.272000	13.303000	13.334000	13.365000	13.396000	13.443000	13.474000	13.506000	13.537000	13.568000	13.599000	13.630000	13.677000	13.708000	13.740000	13.771000	13.802000	13.833000	13.864000	13.896000	13.942000	13.974000	14.005000	14.036000	14.067000	14.098000	14.130000	14.176000	14.208000	14.239000	14.270000	14.301000	14.332000	14.364000	14.395000	14.442000	14.473000	14.504000	14.535000	14.566000	14.598000	14.629000	14.676000	14.707000	14.738000	14.769000	14.800000	14.832000	14.863000	14.910000	14.941000	14.972000	15.003000	15.034000	15.066000	15.097000	15.128000	15.175000	15.206000	15.237000	15.268000	15.300000	15.331000	15.362000	15.409000	15.440000	15.471000	15.502000	15.534000	15.565000	15.596000	15.643000	15.674000	15.705000	15.736000	15.768000	15.799000	15.830000	15.861000	15.908000	15.939000	15.970000	16.002000	16.033000	16.064000	16.095000	16.142000	16.173000	16.204000	16.236000	16.267000	16.298000	16.329000	16.376000	16.407000	16.438000	16.470000	16.501000	16.532000	16.563000	16.594000	16.641000	16.672000	16.704000	16.735000	16.766000	16.797000	16.828000	16.875000	16.906000	16.938000	16.969000	17.000000	17.031000	17.062000	17.094000	17.140000	17.172000	17.203000	17.234000	17.265000	17.296000	17.328000	17.374000	17.406000	17.437000	17.468000	17.499000	17.530000	17.562000	17.608000	17.640000	17.671000	17.702000	17.733000	17.764000	17.796000	17.827000	17.874000	17.905000	17.936000	17.967000	17.998000
%%%	1.299275	1.305507	1.327101	1.307246	1.305797	1.327681	1.325652	1.305072	1.322754	1.328985	1.327101	1.306812	1.304928	1.316232	1.305942	1.326522	1.333333	1.285362	1.304928	1.283768	1.292464	1.272754	1.295072	1.275217	1.274638	1.233188	1.095072	0.800580	1.137536	0.713623	0.783768	0.722319	0.720725	0.709420	0.648406	0.695507	0.643478	0.549420	0.556522	0.551884	0.550725	0.529855	0.510290	0.511449	0.502754	0.494638	0.417971	0.453768	0.493623	0.457971	0.431159	0.437971	0.457536	0.477101	0.442464	0.440580	0.428841	0.416812	0.424928	0.424928	0.423333	0.390290	0.437536	0.447246	0.437536	0.406377	0.388840	0.442319	0.446377	0.425507	0.407101	0.429420	0.423188	0.446377	0.436232	0.437536	0.371159	0.392464	0.437536	0.419275	0.452174	0.411594	0.443623	0.432029	0.428841	0.416667	0.407971	0.426812	0.417971	0.422609	0.424928	0.439855	0.456667	0.446232	0.483333	0.417391	0.452174	0.442464	0.483333	0.446812	0.503768	0.447246	0.490580	0.493478	0.455507	0.409855	0.459420	0.442464	0.446667	0.458116	0.521449	0.462029	0.467536	0.467971	0.522319	0.475507	0.494493	0.465217	0.468841	0.465797	0.447681	0.455507	0.470145	0.456377	0.438551	0.466812	0.442899	0.514203	0.457101	0.479275	0.521015	0.477681	0.446377	0.488116	0.530290	0.494638	0.446232	0.521594	0.423333	0.514203	0.556522	0.521015	0.438551	0.495797	0.459855	0.455797	0.509855	0.504348	0.496667	0.485797	0.518841	0.498985	0.512029	0.544928	0.533333	0.521015	0.494493	0.521015	0.515217	0.496232	0.498985	0.531594	0.555942	0.520290	0.535362	0.540290	0.591304	0.574493	0.555942	0.562029	0.559855	0.583623	0.531014	0.571014	0.609855	0.560290	0.603188	0.566812	0.574928	0.611449	0.579710	0.620725	0.607101	0.647246	0.653333	0.683333	0.665942	0.548406	0.640145	0.583333	0.664203	0.645797	0.672319	0.678116	0.684203	0.681449	0.633623	0.638551	0.672464	0.610145	0.717971	0.865797	0.579710	0.682029	0.733768	0.626087	0.633623	0.707536	0.660870	0.662464	0.579710	0.705362	0.645507	0.664638	0.665072	0.685362	0.602899	0.683768	0.672899	0.848985	0.647101	0.848985	0.689710	0.615942	0.689855	0.662899	0.579710	0.821014	0.660870	0.653623	0.868406	0.684203	0.579275	0.714058	0.672899	0.689710	0.742898	0.649275	0.672464	0.718406	0.735362	0.715942	0.690145	0.689710	0.667971	0.696232	0.690290	0.914493	0.743623	0.717971	0.724493	0.715797	0.791884	0.652754	0.714203	0.714203	0.695652	0.729275	0.675072	0.662319	0.606522	0.650145	0.721739	0.672319	0.690145	0.695652	0.730435	0.672899	0.865797	0.717971	0.765362	0.722319	0.866377	0.737971	0.866377	0.876812	0.690145	0.864058	0.950580	0.711884	0.707246	0.971884	0.721159	0.894493	0.713043	0.865797	0.903188	0.951594	0.898551	0.974638	0.672464	0.695507	0.920145	0.690290	0.698985	0.725072	0.724493	0.927101	0.796667	0.921594	0.745072	0.931594	0.951159	0.741884	0.710290	0.721159	0.979710	0.722754	0.752029	0.846667	0.690145	0.971884	0.896232	0.887101	0.765217	0.742319	0.940290	0.731014	0.716812	0.910145	0.901449	0.765362	0.695652	0.761594	0.672319	0.965797	0.896812	0.695652	0.708116	0.689710	0.938116	0.885942	0.764638	0.725507	0.950580	0.783188	0.973188	0.978841	0.767681	0.743623	0.717246	0.986377	0.941594	0.789710	1.015072	0.895072	0.716667	0.783768	1.015362	0.935797	0.788406	0.744638	0.781884	0.997101	0.957681	0.939275	0.787536	0.722319	0.742898	0.741884	0.894638	0.750580	0.985362	1.014493	1.011159	0.999420	0.869710	0.920580	1.020000	1.029275	1.018116	0.996232	1.016232	0.979855	0.957102	1.044638	1.021884	0.865797	1.009420	0.743333	1.021159	1.026667	0.883188	0.823334	1.055942	0.759275	0.778116	0.729275	0.987536	1.044638	0.730435	0.948551	0.723333	0.765217	1.031449	1.025072	1.007102	1.048406	0.968406	1.033333	1.043478	0.738986	0.931015	1.034928	0.889420	1.064638	1.079275	0.948551	1.017536	1.007102	0.932319	0.744058	1.044058	1.044058	0.983623	0.765217	0.992464	0.881159	1.020290	0.998841	0.962319	0.937246	0.950725	1.044638	1.034203	1.052899	1.045942	1.059710	1.043623	0.938116	1.002898	1.043333	0.865942	0.811884	0.765217	0.990290	0.963623	0.964058	0.968985	0.938116	1.026377	1.031884	1.023333	1.036955	1.043478	0.744928	0.972319	0.996085	1.041594	0.959275	0.742319	0.796667	1.038406	0.761594	0.775362	0.983768	0.741449	1.080435	1.078261	0.936812	0.939275	0.927246	0.975507	0.950580	0.985797	1.089855	0.960870	0.974058	1.069420	0.992464	0.938116	0.938116	0.955507	0.977681	0.938116	0.965072	0.927681	1.062029	1.017536	0.950580	0.885362	0.916377	0.952029	0.955507	1.066232	0.788406	1.101449	1.000000	1.085942	1.078841	0.972899	1.092464	1.120725	1.100725	1.033623	1.099855	1.113043	1.099420	1.100145	1.100580	0.912029	1.089855	1.025362	1.072899	1.099420	1.089710	1.103333	1.034928	1.113623	1.090290	0.973188	0.966232	1.083623	1.131594	1.079420	1.095652	1.022319	1.118986	1.118551	1.103623	1.089130	1.018985	1.114203	1.114203	1.136377	0.957102	1.124638	1.089855	1.113623	1.079275	1.070145	1.018985	1.075362	0.991449	1.005797	1.104928	1.096232	1.092464	1.100580	1.043478	1.129710	1.043478	0.777536
%%%	Left Pupil Profile (1st row -> 1 == valid tracking, 0 == invalid tracking; 2nd row -> time; 3rd row -> diameter (mm))
%%%	0	0	0	0	0	0	0	0	0	0	0	0	0	0	0	0	0	0	0	0	0	0	0	0	0	0	0	0	0	0	0	0	0	0	0	0	0	0	0	0	0	0	0	0	0	0	0	0	0	0	0	0	0	0	0	0	0	0	0	0	0	0	0	0	0	0	0	0	0	0	0	0	0	0	0	0	0	0	0	0	0	0	0	0	0	0	0	0	0	0	0	0	0	0	0	0	0	0	0	0	0	0	0	0	0	0	0	0	0	0	0	0	0	0	0	0	0	0	0	0	0	0	0	0	0	0	0	0	0	0	0	0	0	0	0	0	0	0	0	0	0	0	0	0	0	0	0	0	0	0	0	0	0	0	0	0	0	0	0	0	0	0	0	0	0	0	0	0	0	0	0	0	0	0	0	0	0	0	0	0	0	0	0	0	0	0	0	0	0	0	0	0	0	0	0	0	0	0	0	0	0	0	0	0	0	0	0	0	0	0	0	0	0	0	0	0	0	0	0	0	0	0	0	0	0	0	0	0	0	0	0	0	0	0	0	0	0	0	0	0	0	0	0	0	0	0	0	0	0	0	0	0	0	0	0	0	0	0	0	0	0	0	0	0	0	0	0	0	0	0	0	0	0	0	0	0	0	0	0	0	0	0	0	0	0	0	0	0	0	0	0	0	0	0	0	0	0	0	0	0	0	0	0	0	0	0	0	0	0	0	0	0	0	0	0	0	0	0	0	0	0	0	0	0	0	0	0	0	0	0	0	0	0	0	0	0	0	0	0	0	0	0	0	0	0	0	0	0	0	0	0	0	0	0	0	0	0	0	0	0	0	0	0	0	0	0	0	0	0	0	0	0	0	0	0	0	0	0	0	0	0	0	0	0	0	0	0	0	0	0	0	0	0	0	0	0	0	0	0	0	0	0	0	0	0	0	0	0	0	0	0	0	0	0	0	0	0	0	0	0	0	0	0	0	0	0	0	0	0	0	0	0	0	0	0	0	0	0	0	0	0	0	0	0	0	0	0	0	0	0	0	0	0	0	0	0	0	0	0	0	0	0	0	0	0	0	0	0	0	0	0	0	0	0	0	0	0	0	0	0	0	0	0	0	0	0	0	0	0	0	0	0	0	0	0	0	0	0	0	0	0	0	0	0	0	0	0	0	0	0	0	0	0	0	0	0	0	0	0	0	0	0	0	0	0	0	0	0	0	0	0	0	0	0	0	0	0	0	0	0	0	0	0
%%%	-0.067000	-0.036000	-0.004000	0.027000	0.058000	0.105000	0.136000	0.167000	0.198000	0.230000	0.261000	0.292000	0.339000	0.370000	0.401000	0.432000	0.464000	0.495000	0.526000	0.573000	0.604000	0.635000	0.666000	0.698000	0.729000	0.760000	0.791000	0.838000	0.869000	0.900000	0.932000	0.963000	0.994000	1.025000	1.072000	1.103000	1.134000	1.166000	1.197000	1.228000	1.259000	1.306000	1.337000	1.368000	1.400000	1.431000	1.462000	1.493000	1.524000	1.571000	1.602000	1.634000	1.665000	1.696000	1.727000	1.758000	1.805000	1.836000	1.868000	1.899000	1.930000	1.961000	1.992000	2.039000	2.070000	2.102000	2.133000	2.164000	2.195000	2.226000	2.258000	2.304000	2.336000	2.367000	2.398000	2.429000	2.460000	2.492000	2.538000	2.570000	2.601000	2.632000	2.663000	2.694000	2.726000	2.757000	2.804000	2.835000	2.866000	2.897000	2.928000	2.960000	2.991000	3.038000	3.069000	3.100000	3.131000	3.162000	3.194000	3.225000	3.272000	3.303000	3.334000	3.365000	3.396000	3.428000	3.459000	3.490000	3.537000	3.568000	3.599000	3.630000	3.662000	3.693000	3.724000	3.771000	3.802000	3.833000	3.864000	3.896000	3.927000	3.958000	3.989000	4.036000	4.067000	4.098000	4.130000	4.161000	4.192000	4.223000	4.270000	4.301000	4.332000	4.364000	4.395000	4.426000	4.457000	4.504000	4.535000	4.566000	4.598000	4.629000	4.660000	4.691000	4.722000	4.769000	4.800000	4.832000	4.863000	4.894000	4.925000	4.956000	5.003000	5.034000	5.066000	5.097000	5.128000	5.159000	5.190000	5.237000	5.268000	5.300000	5.331000	5.362000	5.393000	5.424000	5.456000	5.502000	5.534000	5.565000	5.596000	5.627000	5.658000	5.690000	5.736000	5.768000	5.799000	5.830000	5.861000	5.892000	5.924000	5.970000	6.002000	6.033000	6.064000	6.095000	6.126000	6.158000	6.189000	6.236000	6.267000	6.298000	6.329000	6.360000	6.392000	6.423000	6.470000	6.501000	6.532000	6.563000	6.594000	6.626000	6.657000	6.704000	6.735000	6.766000	6.797000	6.828000	6.860000	6.891000	6.922000	6.969000	7.000000	7.031000	7.062000	7.094000	7.125000	7.156000	7.203000	7.234000	7.265000	7.296000	7.328000	7.359000	7.390000	7.437000	7.468000	7.499000	7.530000	7.562000	7.593000	7.624000	7.655000	7.702000	7.733000	7.764000	7.796000	7.827000	7.858000	7.889000	7.920000	7.967000	7.998000	8.030000	8.061000	8.092000	8.123000	8.154000	8.201000	8.232000	8.264000	8.295000	8.326000	8.357000	8.388000	8.435000	8.466000	8.498000	8.529000	8.560000	8.591000	8.622000	8.654000	8.700000	8.732000	8.763000	8.794000	8.825000	8.856000	8.888000	8.934000	8.966000	8.997000	9.028000	9.059000	9.090000	9.122000	9.168000	9.200000	9.231000	9.262000	9.293000	9.324000	9.356000	9.387000	9.434000	9.465000	9.496000	9.527000	9.558000	9.590000	9.621000	9.668000	9.699000	9.730000	9.761000	9.792000	9.824000	9.855000	9.902000	9.933000	9.964000	9.995000	10.026000	10.058000	10.089000	10.120000	10.167000	10.198000	10.229000	10.260000	10.292000	10.323000	10.354000	10.401000	10.432000	10.463000	10.494000	10.526000	10.557000	10.588000	10.635000	10.666000	10.697000	10.728000	10.760000	10.791000	10.822000	10.853000	10.900000	10.931000	10.962000	10.994000	11.025000	11.056000	11.087000	11.134000	11.165000	11.196000	11.228000	11.259000	11.290000	11.321000	11.368000	11.399000	11.430000	11.462000	11.493000	11.524000	11.555000	11.586000	11.633000	11.664000	11.696000	11.727000	11.758000	11.789000	11.820000	11.852000	11.898000	11.930000	11.961000	11.992000	12.023000	12.054000	12.086000	12.132000	12.164000	12.195000	12.226000	12.257000	12.288000	12.320000	12.366000	12.398000	12.429000	12.460000	12.491000	12.522000	12.554000	12.585000	12.632000	12.663000	12.694000	12.725000	12.756000	12.788000	12.819000	12.866000	12.897000	12.928000	12.959000	12.990000	13.022000	13.053000	13.100000	13.131000	13.162000	13.193000	13.224000	13.256000	13.287000	13.318000	13.365000	13.396000	13.427000	13.458000	13.490000	13.521000	13.552000	13.599000	13.630000	13.661000	13.692000	13.724000	13.755000	13.786000	13.833000	13.864000	13.895000	13.926000	13.958000	13.989000	14.020000	14.051000	14.098000	14.129000	14.160000	14.192000	14.223000	14.254000	14.285000	14.332000	14.363000	14.394000	14.426000	14.457000	14.488000	14.519000	14.566000	14.597000	14.628000	14.660000	14.691000	14.722000	14.753000	14.784000	14.831000	14.862000	14.894000	14.925000	14.956000	14.987000	15.018000	15.065000	15.096000	15.128000	15.159000	15.190000	15.221000	15.252000	15.299000	15.330000	15.362000	15.393000	15.424000	15.455000	15.486000	15.518000	15.564000	15.596000	15.627000	15.658000	15.689000	15.720000	15.752000	15.783000	15.830000	15.861000	15.892000	15.923000	15.954000	15.986000	16.017000	16.064000	16.095000	16.126000	16.157000	16.188000	16.220000	16.251000	16.298000	16.329000	16.360000	16.391000	16.422000	16.454000	16.485000	16.516000	16.563000	16.594000	16.625000	16.656000	16.688000	16.719000	16.750000	16.797000	16.828000	16.859000	16.890000	16.922000	16.953000	16.984000	17.031000	17.062000	17.093000	17.124000	17.156000	17.187000	17.218000	17.249000	17.296000	17.327000	17.358000	17.390000	17.421000	17.452000	17.483000	17.530000	17.561000	17.592000	17.624000	17.655000	17.686000	17.717000	17.764000	17.795000	17.826000	17.858000	17.889000	17.920000	17.951000	17.982000
%%%	13.913043	13.913043	13.913043	13.913043	13.913043	13.913043	13.913043	13.913043	13.913043	13.913043	13.913043	13.913043	13.913043	13.913043	13.913043	13.913043	13.913043	13.913043	13.913043	13.913043	13.913043	13.913043	13.913043	13.913043	13.913043	13.913043	13.913043	13.913043	13.913043	13.913043	13.913043	13.913043	13.913043	13.913043	13.913043	13.913043	13.913043	13.913043	13.913043	13.913043	13.913043	13.913043	13.913043	13.913043	13.913043	13.913043	13.913043	13.913043	13.913043	13.913043	13.913043	13.913043	13.913043	13.913043	13.913043	13.913043	13.913043	13.913043	13.913043	13.913043	13.913043	13.913043	13.913043	13.913043	13.913043	13.913043	13.913043	13.913043	13.913043	13.913043	13.913043	13.913043	13.913043	13.913043	13.913043	13.913043	13.913043	13.913043	13.913043	13.913043	13.913043	13.913043	13.913043	13.913043	13.913043	13.913043	13.913043	13.913043	13.913043	13.913043	13.913043	13.913043	13.913043	13.913043	13.913043	13.913043	13.913043	13.913043	13.913043	13.913043	13.913043	13.913043	13.913043	13.913043	13.913043	13.913043	13.913043	13.913043	13.913043	13.913043	13.913043	13.913043	13.913043	13.913043	13.913043	13.913043	13.913043	13.913043	13.913043	13.913043	13.913043	13.913043	13.913043	13.913043	13.913043	13.913043	13.913043	13.913043	13.913043	13.913043	13.913043	13.913043	13.913043	13.913043	13.913043	13.913043	13.913043	13.913043	13.913043	13.913043	13.913043	13.913043	13.913043	13.913043	13.913043	13.913043	13.913043	13.913043	13.913043	13.913043	13.913043	13.913043	13.913043	13.913043	13.913043	13.913043	13.913043	13.913043	13.913043	13.913043	13.913043	13.913043	13.913043	13.913043	13.913043	13.913043	13.913043	13.913043	13.913043	13.913043	13.913043	13.913043	13.913043	13.913043	13.913043	13.913043	13.913043	13.913043	13.913043	13.913043	13.913043	13.913043	13.913043	13.913043	13.913043	13.913043	13.913043	13.913043	13.913043	13.913043	13.913043	13.913043	13.913043	13.913043	13.913043	13.913043	13.913043	13.913043	13.913043	13.913043	13.913043	13.913043	13.913043	13.913043	13.913043	13.913043	13.913043	13.913043	13.913043	13.913043	13.913043	13.913043	13.913043	13.913043	13.913043	13.913043	13.913043	13.913043	13.913043	13.913043	13.913043	13.913043	13.913043	13.913043	13.913043	13.913043	13.913043	13.913043	13.913043	13.913043	13.913043	13.913043	13.913043	13.913043	13.913043	13.913043	13.913043	13.913043	13.913043	13.913043	13.913043	13.913043	13.913043	13.913043	13.913043	13.913043	13.913043	13.913043	13.913043	13.913043	13.913043	13.913043	13.913043	13.913043	13.913043	13.913043	13.913043	13.913043	13.913043	13.913043	13.913043	13.913043	13.913043	13.913043	13.913043	13.913043	13.913043	13.913043	13.913043	13.913043	13.913043	13.913043	13.913043	13.913043	13.913043	13.913043	13.913043	13.913043	13.913043	13.913043	13.913043	13.913043	13.913043	13.913043	13.913043	13.913043	13.913043	13.913043	13.913043	13.913043	13.913043	13.913043	13.913043	13.913043	13.913043	13.913043	13.913043	13.913043	13.913043	13.913043	13.913043	13.913043	13.913043	13.913043	13.913043	13.913043	13.913043	13.913043	13.913043	13.913043	13.913043	13.913043	13.913043	13.913043	13.913043	13.913043	13.913043	13.913043	13.913043	13.913043	13.913043	13.913043	13.913043	13.913043	13.913043	13.913043	13.913043	13.913043	13.913043	13.913043	13.913043	13.913043	13.913043	13.913043	13.913043	13.913043	13.913043	13.913043	13.913043	13.913043	13.913043	13.913043	13.913043	13.913043	13.913043	13.913043	13.913043	13.913043	13.913043	13.913043	13.913043	13.913043	13.913043	13.913043	13.913043	13.913043	13.913043	13.913043	13.913043	13.913043	13.913043	13.913043	13.913043	13.913043	13.913043	13.913043	13.913043	13.913043	13.913043	13.913043	13.913043	13.913043	13.913043	13.913043	13.913043	13.913043	13.913043	13.913043	13.913043	13.913043	13.913043	13.913043	13.913043	13.913043	13.913043	13.913043	13.913043	13.913043	13.913043	13.913043	13.913043	13.913043	13.913043	13.913043	13.913043	13.913043	13.913043	13.913043	13.913043	13.913043	13.913043	13.913043	13.913043	13.913043	13.913043	13.913043	13.913043	13.913043	13.913043	13.913043	13.913043	13.913043	13.913043	13.913043	13.913043	13.913043	13.913043	13.913043	13.913043	13.913043	13.913043	13.913043	13.913043	13.913043	13.913043	13.913043	13.913043	13.913043	13.913043	13.913043	13.913043	13.913043	13.913043	13.913043	13.913043	13.913043	13.913043	13.913043	13.913043	13.913043	13.913043	13.913043	13.913043	13.913043	13.913043	13.913043	13.913043	13.913043	13.913043	13.913043	13.913043	13.913043	13.913043	13.913043	13.913043	13.913043	13.913043	13.913043	13.913043	13.913043	13.913043	13.913043	13.913043	13.913043	13.913043	13.913043	13.913043	13.913043	13.913043	13.913043	13.913043	13.913043	13.913043	13.913043	13.913043	13.913043	13.913043	13.913043	13.913043	13.913043	13.913043	13.913043	13.913043	13.913043	13.913043	13.913043	13.913043	13.913043	13.913043	13.913043	13.913043	13.913043	13.913043	13.913043	13.913043	13.913043	13.913043	13.913043	13.913043	13.913043	13.913043	13.913043	13.913043	13.913043	13.913043	13.913043	13.913043	13.913043	13.913043	13.913043	13.913043	13.913043	13.913043	13.913043	13.913043	13.913043	13.913043	13.913043	13.913043	13.913043	13.913043	13.913043	13.913043	13.913043	13.913043	13.913043	13.913043	13.913043	13.913043	13.913043	13.913043	13.913043	13.913043	13.913043	13.913043	13.913043	13.913043	13.913043	13.913043	13.913043	13.913043	13.913043	13.913043
%%%	Pulse Index	Stimulus Section Index	Stimulus Section Start Index	Stimulus Section End Index	Pupil Stimulated: 0 = Right, 1 = Left, 2 = Both	Light Metric: 0 = Photopic, 1 = Scopotic, 2 = Radiometric	Stimulus Start Time	Stimulus Duration	Stimulus Pulse Duration	Right Pulse Max Level	Right Pulse Max Color (0123 = WRGB)	Right Pulse Min Level	Right Pulse Min Color (0123 = WRGB)	Left Pulse Max Level	Left Pulse Max Color (0123 = WRGB)	Left Pulse Min Level	Left Pulse Min Color (0123 = WRGB)	Right Data Input Type (0 == RAW DATA, 1 == FITTED DATA, 2 == M. OVERRIDED)	Right ANALYSIS STATE (0 == ABNORMAL, 1 == NORMAL)	Right MAX (mm) (EMPTY if INVALID)	Right MIN (mm) (EMPTY if INVALID)	Right DELTA (mm) (EMPTY if INVALID)	Right CH (%) (EMPTY if INVALID)	Right LAT (sec) (EMPTY if INVALID)	Right CV (mm/s) (EMPTY if INVALID)	Right MCV (mm/s) (EMPTY if INVALID)	Right DV (mm/s) (EMPTY if INVALID)	Left Data Input Type (0 == RAW DATA, 1 == FITTED DATA, 2 == M. OVERRIDED)	Left ANALYSIS STATE (0 == ABNORMAL, 1 == NORMAL)	Left MAX (mm) (EMPTY if INVALID)	Left MIN (mm) (EMPTY if INVALID)	Left DELTA (mm) (EMPTY if INVALID)	Left CH (%) (EMPTY if INVALID)	Left LAT (sec) (EMPTY if INVALID)	Left CV (mm/s) (EMPTY if INVALID)	Left MCV (mm/s) (EMPTY if INVALID)	Left DV (mm/s) (EMPTY if INVALID)
%%%	0	0	17	542	0	0	0.51	17.52	0.51	31625.17	1	0.00	1	0.00	1	0.00	1	0	0	0.00	0.00			0.00	0.00	0.00	0.00	0	0	0.00	0.00			0.00	0.00	0.00	0.00
%%%%%%%%%
%%%%%%%%%
%%%%%%%%%
<\SESSION>
