<SESSION>
<VERSION>
2
<\VERSION>
<DATE>
2017-08-15 10:19:07
<\DATE>
<SUBJECT-ID>
c57-1mois-F6-1.2r
<\SUBJECT-ID>
<NOTE>

<\NOTE>
<MIN-MAX-PLOT>
0.100000 51880.761719
<\MIN-MAX-PLOT>
<STIMULUS-DEFINED>
Default
Default Human Relative Spectral Sensitivity
1	0
1	0.500000	0.500000	17.000000	1	1	1.200000	-100.000000	0.100000	-100.000000	0
<\STIMULUS-DEFINED>
<STIMULUS-GENERATED>
4
0	0	0.000000	1	0.000000	0.000000	1	0.000000	0.000000
0	1	0.510000	1	0.065221	15.983889	1	0.000000	0.000000
0	4	1.019000	1	0.000000	0.000000	1	0.000000	0.000000
-1	5	18.028000	0	0.000000	0.000000	0	0.000000	0.000000
<\STIMULUS-GENERATED>
<RIGHT-PUPIL-DATA>
542	1
1	-0.065000	0.959275	293.968750	237.968750
1	-0.034000	0.966812	293.593750	238.406250
0	-0.003000	1.449275	296.500000	223.000000
1	0.028000	0.955507	293.743744	237.256256
1	0.075000	0.955362	294.274994	236.725006
1	0.106000	0.957102	293.250000	237.687500
0	0.137000	0.687536	296.500000	239.000000
1	0.169000	0.970290	297.468750	250.043762
0	0.200000	0.522899	291.774994	239.475006
1	0.231000	0.979420	299.162506	239.037506
1	0.262000	0.964638	301.862488	238.375000
1	0.309000	0.982029	304.812500	238.875000
1	0.340000	0.985507	305.000000	236.500000
1	0.371000	0.951159	306.806244	230.806244
0	0.403000	0.367971	300.418732	225.131256
0	0.434000	0.869565	292.000000	213.500000
0	0.465000	0.866232	236.056244	226.056244
0	0.496000	0.561304	270.406250	233.031250
0	0.527000	1.101449	294.000000	227.500000
0	0.574000	1.008696	287.500000	210.000000
0	0.605000	0.442464	272.868744	202.368744
0	0.637000	0.347826	256.018738	218.318665
0	0.668000	0.382754	263.243744	201.493759
0	0.699000	0.745797	301.412506	206.712509
0	0.730000	0.347826	298.706238	223.268738
0	0.761000	0.348406	298.375000	231.125000
0	0.808000	0.347826	290.343658	231.006256
0	0.839000	0.683768	311.487396	212.487518
0	0.871000	1.003768	300.512573	218.462524
1	0.902000	0.947826	311.687500	237.812500
0	0.933000	0.470580	295.293610	247.206512
0	0.964000	1.040291	280.062347	270.574860
0	0.995000	1.884348	275.924927	289.812439
0	1.042000	0.504348	272.125000	274.125000
1	1.073000	0.949710	285.843781	272.793732
1	1.105000	0.939130	286.500000	268.000000
0	1.136000	1.522319	285.875000	253.137512
0	1.167000	0.892754	284.000000	265.500000
1	1.198000	0.933623	285.537506	265.524994
0	1.229000	1.414495	271.825043	260.275421
1	1.261000	0.937971	289.024994	261.475006
0	1.307000	1.416232	290.774994	247.274994
1	1.339000	0.933623	290.649994	261.037506
1	1.370000	0.969420	288.556244	260.093719
0	1.401000	1.449275	285.000000	242.500000
0	1.432000	1.601160	289.225006	246.225006
1	1.463000	0.974493	288.000000	258.625000
0	1.495000	1.362899	285.037506	250.962494
0	1.541000	1.546232	293.281250	244.756165
1	1.573000	1.005942	287.968750	258.568726
0	1.604000	1.629855	281.625000	270.562500
0	1.635000	2.348985	290.225006	258.399994
0	1.666000	1.634783	296.000000	249.500000
0	1.697000	1.298986	287.318756	240.818756
1	1.729000	1.078261	288.000000	253.500000
1	1.775000	1.060725	286.243744	254.193756
1	1.807000	1.066377	287.787506	252.787506
1	1.838000	1.060870	287.375000	250.250000
0	1.869000	1.489420	281.193787	243.518738
0	1.900000	1.681159	293.000000	238.500000
1	1.931000	1.113043	289.000000	250.500000
1	1.963000	1.084058	288.500000	251.000000
1	1.994000	1.114058	289.506256	250.006256
1	2.041000	1.092898	289.156250	250.156250
0	2.072000	1.784927	292.650085	239.850037
0	2.103000	1.820290	296.000000	241.500000
0	2.134000	1.751594	291.812500	238.812500
1	2.165000	1.107971	289.956238	250.031250
1	2.197000	1.097101	289.812500	250.987488
0	2.228000	1.772899	292.931244	239.006256
1	2.259000	1.139130	290.156250	251.593750
0	2.306000	1.554927	289.393524	241.393890
1	2.337000	1.098841	289.837494	253.712494
1	2.368000	1.094058	289.906250	253.156250
1	2.399000	1.101159	289.787506	252.287506
1	2.431000	1.121015	290.468689	250.918762
1	2.462000	1.113043	290.000000	250.500000
1	2.493000	1.123333	289.881226	250.043762
1	2.540000	1.096812	290.225006	250.149994
0	2.571000	1.449275	292.000000	241.500000
1	2.602000	1.263768	292.000000	249.500000
1	2.633000	1.138551	290.575012	248.187500
1	2.665000	1.113043	291.000000	247.500000
0	2.696000	1.672319	291.843750	235.781250
1	2.727000	1.118551	290.462494	246.912506
0	2.774000	1.590290	296.818756	232.068756
1	2.805000	1.114203	290.399994	246.524994
0	2.836000	1.697246	293.093750	234.593750
1	2.867000	1.079855	290.968750	245.968750
1	2.899000	1.079420	290.475006	244.975006
1	2.930000	1.103334	291.293793	244.681305
0	2.961000	1.490145	296.412506	229.912506
0	2.992000	1.843478	282.500000	239.000000
1	3.039000	1.113623	292.500000	246.500000
1	3.070000	1.100580	291.687500	247.187500
0	3.101000	1.686812	293.618744	238.243744
1	3.133000	1.100580	291.700012	248.187500
1	3.164000	1.113043	291.000000	248.500000
1	3.195000	1.061884	291.243744	246.743744
1	3.226000	1.078261	292.000000	245.500000
1	3.273000	1.086232	291.643738	245.393738
1	3.304000	1.124638	292.500000	245.000000
0	3.335000	1.648840	295.556244	232.793732
1	3.367000	1.101159	291.787506	245.162506
1	3.398000	1.115217	292.256256	244.993744
1	3.429000	1.151159	292.706207	246.293671
1	3.460000	1.797101	294.000000	235.500000
1	3.507000	1.171015	293.000000	246.500000
0	3.538000	1.712029	292.318756	234.568756
0	3.569000	1.677101	292.100006	233.899994
0	3.601000	1.561884	294.318756	232.681244
1	3.632000	1.145507	292.237518	244.237518
1	3.663000	1.136232	292.375000	243.875000
1	3.694000	1.165507	292.475006	243.762482
1	3.725000	1.164058	292.475006	243.662506
1	3.772000	1.131449	292.118744	243.718719
1	3.803000	1.144058	292.250000	243.887512
1	3.835000	1.118551	291.912506	244.537506
0	3.866000	1.540290	295.162506	230.350006
1	3.897000	1.162464	291.531250	245.218750
1	3.928000	1.133333	291.075012	243.700012
0	3.959000	1.714638	293.656250	232.318726
1	4.006000	1.135217	291.731262	243.031250
1	4.037000	1.138551	290.562500	242.250000
1	4.069000	1.124638	291.000000	240.500000
0	4.100000	1.913043	280.000000	241.500000
1	4.131000	1.129420	291.193756	242.506256
0	4.162000	1.611594	291.500000	231.000000
1	4.193000	1.139130	290.187500	242.187500
0	4.240000	1.733768	293.068756	230.693756
1	4.271000	1.133333	291.299988	242.737488
1	4.303000	1.133333	291.299988	242.700012
1	4.334000	1.105942	291.218750	243.893738
0	4.365000	1.600000	293.000000	231.500000
1	4.396000	1.111594	291.512512	246.737488
1	4.427000	1.120145	291.406250	247.406250
0	4.459000	1.696812	293.100006	235.537506
1	4.505000	1.147826	291.500000	250.000000
0	4.537000	1.635362	291.375000	239.375000
1	4.568000	1.140290	290.199982	251.225006
1	4.599000	1.114203	289.850006	249.524994
1	4.630000	1.133333	290.299988	248.700012
0	4.661000	1.612464	289.375000	238.375000
0	4.693000	1.624927	299.287506	239.387482
0	4.739000	1.563333	279.468750	246.468750
0	4.771000	1.477101	294.475006	236.524994
1	4.802000	1.840145	293.243744	234.443756
0	4.833000	1.442899	289.000000	236.937500
1	4.864000	1.132754	287.725006	244.774994
1	4.895000	1.151449	288.718750	245.068787
0	4.927000	1.518986	289.593750	231.093750
0	4.973000	1.542029	288.000000	233.500000
0	5.005000	2.560145	287.418762	246.418762
0	5.036000	1.640725	292.406250	231.593750
1	5.067000	1.136377	289.218750	244.218750
1	5.098000	1.126667	289.062500	242.812500
1	5.129000	1.171015	289.000000	242.500000
0	5.161000	1.534058	293.106262	233.831238
1	5.192000	1.150145	289.999939	246.000000
1	5.239000	1.156377	289.618744	246.381256
1	5.270000	1.171015	291.000000	246.500000
1	5.301000	1.173188	290.393738	245.643738
0	5.332000	1.398406	292.593750	230.406250
1	5.363000	1.176667	290.656250	246.368652
1	5.395000	1.194203	290.500000	246.000000
0	5.426000	1.520145	289.081299	237.043762
1	5.473000	1.204203	291.306244	245.706268
1	5.504000	1.183768	291.012482	245.399994
1	5.535000	1.183188	290.500000	245.500000
0	5.566000	1.600000	293.000000	231.500000
1	5.597000	1.181014	290.281189	244.018738
1	5.629000	1.185942	290.443756	242.981232
1	5.660000	1.203333	290.256256	243.693756
1	5.707000	1.159420	290.750000	244.250000
1	5.738000	1.171015	290.700012	245.700012
0	5.769000	1.686377	282.000000	247.000000
0	5.800000	1.647246	282.812500	247.512451
1	5.831000	1.190145	290.475006	247.837494
1	5.863000	1.179855	290.468750	249.281250
1	5.894000	1.190725	290.112488	249.500000
1	5.925000	1.182609	289.000000	248.500000
0	5.972000	1.438406	290.918671	230.993988
1	6.003000	1.174927	289.968719	244.618744
1	6.034000	1.217391	291.000000	242.500000
1	6.065000	1.171015	292.000000	237.500000
1	6.097000	1.178841	290.625000	238.000000
1	6.128000	1.171015	292.000000	237.500000
0	6.159000	1.759710	280.537506	235.962494
0	6.190000	2.282754	289.693756	238.693756
1	6.237000	1.155507	293.368744	237.381256
0	6.268000	1.147826	294.000000	239.500000
0	6.299000	1.100580	301.299988	255.187500
0	6.331000	1.634783	296.000000	265.500000
0	6.362000	1.104928	293.250000	246.125000
1	6.393000	1.176667	278.343750	239.656250
0	6.424000	1.768406	272.587494	255.412506
0	6.471000	1.875073	263.037506	262.037506
0	6.502000	0.981449	219.649994	257.024994
0	6.533000	0.347826	208.468628	280.343750
0	6.565000	0.465797	193.187500	306.187500
0	6.596000	0.347826	239.018127	314.518494
0	6.627000	0.347826	209.718750	322.000000
0	6.658000	0.347826	183.281921	322.000000
0	6.705000	0.347826	183.281921	322.000000
0	6.736000	0.347826	183.281921	322.000000
0	6.767000	0.347826	232.843750	322.000000
0	6.799000	0.955362	247.712494	313.274994
0	6.830000	1.634783	267.000000	302.500000
0	6.861000	1.133333	279.700012	292.700012
0	6.892000	1.205507	288.087494	270.337494
0	6.923000	1.321739	295.437500	283.937500
1	6.970000	1.203333	284.756256	297.943756
0	7.001000	1.704928	291.312500	299.250000
1	7.033000	1.205942	280.656250	296.656250
0	7.064000	1.809275	284.987549	285.562439
1	7.095000	1.751594	282.562500	286.312500
1	7.126000	1.192899	277.843750	298.093750
0	7.157000	1.643478	277.000000	289.500000
0	7.204000	1.623188	280.000000	289.500000
1	7.235000	1.203188	274.287506	300.987518
0	7.267000	1.707536	283.725006	294.350006
1	7.298000	1.171015	276.000000	301.500000
1	7.329000	1.217391	275.000000	302.500000
0	7.360000	1.618116	274.581238	292.468750
0	7.391000	1.629855	280.562500	289.625000
1	7.438000	1.220580	274.212494	299.962494
0	7.469000	1.739710	279.500000	290.750000
0	7.501000	1.796812	280.662506	291.662506
1	7.532000	1.222319	273.987488	299.575012
1	7.563000	1.192899	274.843750	298.093750
0	7.594000	1.773913	283.500000	288.000000
0	7.625000	1.692754	276.250000	285.250000
0	7.657000	2.353623	282.000000	293.500000
1	7.703000	1.240580	274.000000	293.500000
0	7.735000	2.005797	285.000000	286.862488
1	7.766000	2.469565	280.000000	289.500000
0	7.797000	2.017391	285.750000	282.750000
1	7.828000	2.457971	277.000000	290.500000
1	7.859000	1.252899	274.356262	286.356262
0	7.891000	1.974927	286.381256	284.381256
0	7.937000	1.623188	277.000000	275.500000
1	7.969000	2.565797	278.375000	288.924988
0	8.000000	1.980290	284.425232	280.425110
1	8.031000	2.510290	279.518646	288.800079
0	8.062000	1.785942	284.181244	277.368744
1	8.093000	2.376812	281.000000	288.500000
1	8.125000	1.240290	275.725006	285.587494
1	8.171000	2.506232	279.968750	286.218750
1	8.203000	2.544493	279.881256	287.368744
0	8.234000	2.448406	282.000000	286.500000
1	8.265000	2.591884	279.987488	286.412476
0	8.296000	2.414349	284.581421	286.718689
0	8.327000	2.432754	281.024994	286.287506
0	8.359000	2.075362	288.000000	287.500000
0	8.390000	1.915072	284.399994	277.537506
0	8.437000	1.797101	286.000000	273.500000
1	8.468000	2.535507	278.818817	284.468719
0	8.499000	1.742464	280.493744	271.318756
0	8.530000	2.217971	283.437500	279.625000
0	8.561000	1.948406	286.000000	287.000000
0	8.593000	2.422757	282.168945	283.156067
1	8.624000	2.565797	278.375000	284.625000
0	8.671000	1.942029	286.125000	276.924866
1	8.702000	2.452174	281.500000	285.000000
0	8.733000	2.486957	281.500000	284.000000
0	8.764000	1.665362	279.881256	270.968781
0	8.795000	2.422899	282.837494	282.837494
0	8.827000	1.707681	280.118744	270.743744
0	8.858000	2.114203	286.350006	279.712494
0	8.905000	2.159855	284.068756	278.056244
0	8.936000	2.492754	278.000000	283.500000
0	8.967000	1.831884	280.750000	273.250000
0	8.998000	2.470145	282.250000	284.687500
0	9.029000	2.284058	277.000000	284.500000
0	9.061000	2.424638	280.637512	287.799988
0	9.092000	1.773914	279.975342	273.625061
0	9.123000	2.017391	288.000000	283.500000
1	9.170000	2.515942	280.000000	285.500000
0	9.201000	2.086957	283.000000	294.500000
1	9.232000	2.543623	282.712494	285.068756
1	9.263000	1.801884	281.043732	273.943756
1	9.295000	2.583189	278.875000	288.125000
0	9.326000	2.240725	283.143738	281.906250
1	9.357000	2.513043	280.000000	286.500000
0	9.404000	2.451159	283.006256	285.493744
0	9.435000	2.050725	287.750000	287.500000
0	9.466000	2.361884	281.993744	286.506256
0	9.497000	2.469565	280.000000	289.500000
1	9.529000	2.562319	278.500000	286.000000
0	9.560000	2.450580	282.056274	284.031250
0	9.591000	2.498551	281.500000	284.250000
0	9.638000	1.829420	281.743744	273.743744
1	9.669000	2.538116	279.418732	286.568756
0	9.700000	2.504348	276.000000	287.500000
1	9.731000	2.597101	279.000000	287.500000
0	9.763000	1.565217	274.000000	275.500000
0	9.794000	2.391159	281.756256	284.318756
0	9.825000	1.843478	285.125000	277.125000
0	9.856000	2.485797	278.962494	287.524994
0	9.903000	2.467971	279.718750	287.906250
0	9.934000	2.409855	278.524994	288.350006
0	9.965000	1.883624	284.868774	283.118958
0	9.997000	1.866667	273.250000	300.250000
0	10.028000	2.608696	279.000000	290.500000
1	10.059000	2.561160	278.612488	290.174988
0	10.090000	1.957101	288.625000	288.625000
1	10.137000	2.526812	276.418762	290.668762
1	10.168000	2.535942	277.537506	290.537506
0	10.199000	2.133188	285.406250	285.593750
0	10.231000	1.820290	276.000000	281.500000
1	10.262000	2.494638	279.368744	291.131256
0	10.293000	1.875073	285.962494	282.037506
1	10.324000	2.459275	279.843750	291.656250
0	10.355000	2.267971	280.531250	287.218750
0	10.402000	1.933768	284.818756	285.181244
1	10.433000	2.425507	279.187500	287.625000
0	10.465000	1.994638	281.818756	282.256256
0	10.496000	1.707681	271.506348	278.368774
1	10.527000	2.492754	273.750000	289.750000
0	10.558000	2.034783	272.000000	297.500000
0	10.589000	2.321739	277.000000	285.250000
0	10.636000	1.727536	276.000000	281.500000
0	10.667000	1.402899	269.000000	252.500000
0	10.699000	0.425072	272.881256	202.118744
0	10.730000	1.391304	246.000000	306.500000
0	10.761000	1.995072	218.750000	268.312500
0	10.792000	0.347826	183.281921	322.000000
0	10.823000	0.347826	187.281921	322.000000
0	10.855000	0.347826	203.281921	321.750061
0	10.901000	0.347826	235.068726	307.818665
0	10.933000	2.070145	289.250000	297.250000
0	10.964000	4.556522	256.743744	261.500000
0	10.995000	4.556522	283.292938	261.500000
0	11.026000	4.556522	283.292938	261.500000
0	11.057000	4.556522	283.292938	261.500000
0	11.089000	4.556522	283.292938	261.500000
0	11.135000	4.556522	281.743317	261.500000
0	11.167000	4.556522	283.292938	261.500000
0	11.198000	4.556522	283.292938	261.500000
0	11.229000	4.556522	279.743744	261.500000
0	11.260000	4.556522	283.292938	261.500000
0	11.291000	4.556522	283.292938	261.500000
0	11.323000	4.556522	283.292938	261.500000
0	11.369000	4.556522	283.292938	261.500000
0	11.401000	4.556522	282.743073	261.500000
0	11.432000	4.556522	283.292938	261.500000
0	11.463000	4.556522	283.292938	261.500000
0	11.494000	4.556522	283.292938	261.500000
0	11.525000	4.556522	283.292938	261.500000
0	11.557000	4.556522	283.292938	261.500000
0	11.588000	4.556522	283.292938	261.500000
0	11.635000	4.556522	283.292938	261.500000
0	11.666000	4.556522	255.493744	261.500000
0	11.697000	4.556522	278.743744	261.500000
0	11.728000	4.556522	283.292938	261.500000
0	11.759000	4.556522	283.292938	261.500000
0	11.791000	4.556522	273.743744	261.500000
0	11.822000	3.802753	297.343750	272.343750
0	11.869000	2.853333	310.975006	285.975006
0	11.900000	3.748985	298.100006	273.100006
0	11.931000	4.556522	280.743561	261.500000
0	11.962000	4.556522	283.292938	261.500000
0	11.993000	4.556522	283.292938	261.500000
0	12.025000	4.556522	283.292938	261.500000
0	12.056000	4.556522	283.292938	261.500000
0	12.103000	4.556522	283.292938	261.500000
0	12.134000	4.556522	283.292938	261.500000
0	12.165000	4.556522	283.292938	261.500000
0	12.196000	4.556522	259.743744	261.500000
0	12.227000	4.556522	283.292938	261.500000
0	12.259000	4.556522	283.292938	261.500000
0	12.290000	4.556522	283.292938	261.500000
0	12.321000	4.556522	277.743744	261.500000
0	12.368000	4.556522	283.292938	261.500000
0	12.399000	4.556522	283.292938	261.500000
0	12.430000	4.556522	283.292938	261.500000
0	12.461000	4.556522	283.292938	261.500000
0	12.493000	4.556522	283.292938	261.500000
0	12.524000	4.556522	261.743744	261.500000
0	12.555000	4.556522	283.292938	261.500000
0	12.602000	4.556522	283.292938	261.500000
0	12.633000	4.556522	283.292938	261.500000
0	12.664000	4.556522	283.292938	261.500000
0	12.695000	4.556522	283.292938	261.500000
0	12.727000	4.556522	283.292938	261.500000
0	12.758000	4.556522	283.292938	261.500000
0	12.789000	4.556522	283.292938	261.500000
0	12.836000	4.556522	283.292938	261.500000
0	12.867000	4.556522	283.292938	261.500000
0	12.898000	4.556522	283.292938	261.500000
0	12.929000	4.556522	283.292938	261.500000
0	12.961000	4.556522	283.292938	261.500000
0	12.992000	4.556522	283.292938	261.500000
0	13.023000	4.556522	283.292938	261.500000
0	13.054000	4.556522	283.292938	261.500000
0	13.101000	4.556522	283.292938	261.500000
0	13.132000	4.556522	283.292938	261.500000
0	13.163000	4.556522	283.292938	261.500000
0	13.195000	4.556522	283.292938	261.500000
0	13.226000	4.556522	283.292938	261.500000
0	13.257000	4.556522	283.292938	261.500000
0	13.288000	4.556522	283.292938	261.500000
0	13.335000	4.556522	283.292938	261.500000
0	13.366000	4.556522	283.292938	261.500000
0	13.397000	4.556522	283.292938	261.500000
0	13.429000	4.556522	283.292938	261.500000
0	13.460000	4.556522	283.292938	261.500000
0	13.491000	4.556522	283.292938	261.500000
0	13.522000	4.556522	283.292938	261.500000
0	13.569000	4.556522	283.292938	261.500000
0	13.600000	4.556522	283.292938	261.500000
0	13.631000	4.556522	283.292938	261.500000
0	13.663000	4.556522	283.292938	261.500000
0	13.694000	4.556522	283.292938	261.500000
0	13.725000	4.556522	283.292938	261.500000
0	13.756000	4.556522	283.292938	261.500000
0	13.787000	4.556522	283.292938	261.500000
0	13.834000	4.556522	283.292938	261.500000
0	13.865000	4.556522	283.292938	261.500000
0	13.897000	4.556522	283.292938	261.500000
0	13.928000	4.556522	283.292938	261.500000
0	13.959000	4.556522	283.292938	261.500000
0	13.990000	4.556522	283.292938	261.500000
0	14.021000	4.556522	283.292938	261.500000
0	14.068000	4.556522	283.292938	261.500000
0	14.099000	4.556522	283.292938	261.500000
0	14.131000	4.556522	283.292938	261.500000
0	14.162000	4.556522	283.292938	261.500000
0	14.193000	4.556522	283.292938	261.500000
0	14.224000	4.556522	283.292938	261.500000
0	14.255000	4.556522	283.292938	261.500000
0	14.287000	4.556522	283.292938	261.500000
0	14.333000	4.556522	283.292938	261.500000
0	14.365000	4.556522	283.292938	261.500000
0	14.396000	4.556522	283.292938	261.500000
0	14.427000	4.556522	283.292938	261.500000
0	14.458000	4.556522	283.292938	261.500000
0	14.489000	4.556522	283.292938	261.500000
0	14.521000	4.556522	283.292938	261.500000
0	14.567000	4.556522	283.292938	261.500000
0	14.599000	4.556522	283.292938	261.500000
0	14.630000	4.556522	283.292938	261.500000
0	14.661000	4.556522	283.292938	261.500000
0	14.692000	4.556522	283.292938	261.500000
0	14.723000	4.556522	283.292938	261.500000
0	14.755000	4.556522	283.292938	261.500000
0	14.801000	4.556522	283.292938	261.500000
0	14.833000	4.556522	283.292938	261.500000
0	14.864000	4.556522	283.292938	261.500000
0	14.895000	4.556522	283.292938	261.500000
0	14.926000	4.556522	283.292938	261.500000
0	14.957000	4.556522	283.292938	261.500000
0	14.989000	4.556522	283.292938	261.500000
0	15.020000	4.556522	283.292938	261.500000
0	15.067000	4.556522	283.292938	261.500000
0	15.098000	4.556522	265.056244	261.500000
0	15.129000	4.556522	283.292938	261.500000
0	15.160000	4.556522	283.292938	261.500000
0	15.191000	4.556522	283.292938	261.500000
0	15.223000	4.556522	283.292938	261.500000
0	15.254000	4.556522	283.292938	261.500000
0	15.301000	4.556522	283.292938	261.500000
0	15.332000	4.556522	283.292938	261.500000
0	15.363000	4.556522	283.292938	261.500000
0	15.394000	4.556522	283.292938	261.500000
0	15.425000	4.556522	271.743744	261.500000
0	15.457000	4.556522	283.292938	261.500000
0	15.488000	4.556522	283.292938	261.500000
0	15.535000	4.556522	283.292938	261.500000
0	15.566000	4.556522	283.292938	261.500000
0	15.597000	4.556522	283.292938	261.500000
0	15.628000	4.556522	283.292938	261.500000
0	15.659000	4.556522	283.292938	261.500000
0	15.691000	4.556522	283.292938	261.500000
0	15.722000	4.556522	283.292938	261.500000
0	15.753000	4.556522	283.292938	261.500000
0	15.800000	4.556522	283.292938	261.500000
0	15.831000	4.556522	283.292938	261.500000
0	15.862000	4.556522	283.292938	261.500000
0	15.893000	4.556522	283.292938	261.500000
0	15.925000	4.556522	283.292938	261.500000
0	15.956000	4.556522	283.292938	261.500000
0	15.987000	4.556522	283.292938	261.500000
0	16.034000	4.556522	283.292938	261.500000
0	16.065000	4.556522	283.292938	261.500000
0	16.096000	4.556522	283.292938	261.500000
0	16.127000	4.556522	275.743744	261.500000
0	16.159000	4.556522	283.292938	261.500000
0	16.190000	4.556522	283.292938	261.500000
0	16.221000	4.556522	283.292938	261.500000
0	16.268000	4.556522	283.292938	261.500000
0	16.299000	4.556522	283.292938	261.500000
0	16.330000	4.556522	283.292938	261.500000
0	16.361000	4.556522	283.292938	261.500000
0	16.393000	4.556522	283.292938	261.500000
0	16.424000	4.556522	283.292938	261.500000
0	16.455000	4.556522	283.292938	261.500000
0	16.486000	4.556522	283.292938	261.500000
0	16.533000	4.556522	283.292938	261.500000
0	16.564000	4.556522	283.292938	261.500000
0	16.595000	4.556522	283.292938	261.500000
0	16.627000	4.556522	283.292938	261.500000
0	16.658000	4.556522	283.292938	261.500000
0	16.689000	4.556522	283.292938	261.500000
0	16.720000	4.556522	283.292938	261.500000
0	16.767000	4.556522	283.292938	261.500000
0	16.798000	4.556522	283.292938	261.500000
0	16.829000	4.556522	283.292938	261.500000
0	16.861000	4.556522	283.292938	261.500000
0	16.892000	4.556522	283.292938	261.500000
0	16.923000	4.556522	283.292938	261.500000
0	16.954000	4.556522	283.292938	261.500000
0	16.985000	4.556522	283.292938	261.500000
0	17.032000	4.556522	283.292938	261.500000
0	17.063000	4.556522	283.292938	261.500000
0	17.095000	4.556522	283.292938	261.500000
0	17.126000	4.556522	283.292938	261.500000
0	17.157000	4.556522	283.292938	261.500000
0	17.188000	4.556522	283.292938	261.500000
0	17.219000	4.556522	283.292938	261.500000
0	17.266000	4.556522	283.292938	261.500000
0	17.297000	4.556522	283.292938	261.500000
0	17.329000	4.556522	283.292938	261.500000
0	17.360000	4.556522	283.292938	261.500000
0	17.391000	4.556522	283.292938	261.500000
0	17.422000	4.556522	283.292938	261.500000
0	17.453000	4.556522	283.292938	261.500000
0	17.500000	4.556522	283.292938	261.500000
0	17.531000	4.556522	283.292938	261.500000
0	17.563000	4.556522	283.292938	261.500000
0	17.594000	4.556522	283.292938	261.500000
0	17.625000	4.556522	283.292938	261.500000
0	17.656000	4.556522	283.292938	261.500000
0	17.687000	4.556522	283.292938	261.500000
0	17.719000	4.556522	283.292938	261.500000
0	17.765000	4.556522	283.292938	261.500000
0	17.797000	4.556522	283.292938	261.500000
0	17.828000	4.556522	283.292938	261.500000
0	17.859000	4.556522	283.292938	261.500000
0	17.890000	4.556522	283.292938	261.500000
0	17.921000	4.556522	283.292938	261.500000
0	17.953000	4.556522	283.292938	261.500000
<\RIGHT-PUPIL-DATA>
<LEFT-PUPIL-DATA>
543	0
0	-0.050000	13.913043	240.000000	320.000000
0	-0.019000	13.913043	240.000000	320.000000
0	0.012000	13.913043	240.000000	320.000000
0	0.044000	13.913043	240.000000	320.000000
0	0.075000	13.913043	240.000000	320.000000
0	0.106000	13.913043	240.000000	320.000000
0	0.153000	13.913043	240.000000	320.000000
0	0.184000	13.913043	240.000000	320.000000
0	0.215000	13.913043	240.000000	320.000000
0	0.246000	13.913043	240.000000	320.000000
0	0.278000	13.913043	240.000000	320.000000
0	0.309000	13.913043	240.000000	320.000000
0	0.340000	13.913043	240.000000	320.000000
0	0.387000	13.913043	240.000000	320.000000
0	0.418000	13.913043	240.000000	320.000000
0	0.449000	13.913043	240.000000	320.000000
0	0.480000	13.913043	240.000000	320.000000
0	0.512000	13.913043	240.000000	320.000000
0	0.543000	13.913043	240.000000	320.000000
0	0.574000	13.913043	240.000000	320.000000
0	0.621000	13.913043	240.000000	320.000000
0	0.652000	13.913043	240.000000	320.000000
0	0.683000	13.913043	240.000000	320.000000
0	0.714000	13.913043	240.000000	320.000000
0	0.746000	13.913043	240.000000	320.000000
0	0.777000	13.913043	240.000000	320.000000
0	0.808000	13.913043	240.000000	320.000000
0	0.839000	13.913043	240.000000	320.000000
0	0.886000	13.913043	240.000000	320.000000
0	0.917000	13.913043	240.000000	320.000000
0	0.948000	13.913043	240.000000	320.000000
0	0.980000	13.913043	240.000000	320.000000
0	1.011000	13.913043	240.000000	320.000000
0	1.042000	13.913043	240.000000	320.000000
0	1.073000	13.913043	240.000000	320.000000
0	1.120000	13.913043	240.000000	320.000000
0	1.151000	13.913043	240.000000	320.000000
0	1.182000	13.913043	240.000000	320.000000
0	1.214000	13.913043	240.000000	320.000000
0	1.245000	13.913043	240.000000	320.000000
0	1.276000	13.913043	240.000000	320.000000
0	1.307000	13.913043	240.000000	320.000000
0	1.354000	13.913043	240.000000	320.000000
0	1.385000	13.913043	240.000000	320.000000
0	1.416000	13.913043	240.000000	320.000000
0	1.448000	13.913043	240.000000	320.000000
0	1.479000	13.913043	240.000000	320.000000
0	1.510000	13.913043	240.000000	320.000000
0	1.541000	13.913043	240.000000	320.000000
0	1.572000	13.913043	240.000000	320.000000
0	1.619000	13.913043	240.000000	320.000000
0	1.650000	13.913043	240.000000	320.000000
0	1.682000	13.913043	240.000000	320.000000
0	1.713000	13.913043	240.000000	320.000000
0	1.744000	13.913043	240.000000	320.000000
0	1.775000	13.913043	240.000000	320.000000
0	1.806000	13.913043	240.000000	320.000000
0	1.853000	13.913043	240.000000	320.000000
0	1.884000	13.913043	240.000000	320.000000
0	1.916000	13.913043	240.000000	320.000000
0	1.947000	13.913043	240.000000	320.000000
0	1.978000	13.913043	240.000000	320.000000
0	2.009000	13.913043	240.000000	320.000000
0	2.040000	13.913043	240.000000	320.000000
0	2.087000	13.913043	240.000000	320.000000
0	2.118000	13.913043	240.000000	320.000000
0	2.150000	13.913043	240.000000	320.000000
0	2.181000	13.913043	240.000000	320.000000
0	2.212000	13.913043	240.000000	320.000000
0	2.243000	13.913043	240.000000	320.000000
0	2.274000	13.913043	240.000000	320.000000
0	2.306000	13.913043	240.000000	320.000000
0	2.352000	13.913043	240.000000	320.000000
0	2.384000	13.913043	240.000000	320.000000
0	2.415000	13.913043	240.000000	320.000000
0	2.446000	13.913043	240.000000	320.000000
0	2.477000	13.913043	240.000000	320.000000
0	2.508000	13.913043	240.000000	320.000000
0	2.540000	13.913043	240.000000	320.000000
0	2.586000	13.913043	240.000000	320.000000
0	2.618000	13.913043	240.000000	320.000000
0	2.649000	13.913043	240.000000	320.000000
0	2.680000	13.913043	240.000000	320.000000
0	2.711000	13.913043	240.000000	320.000000
0	2.742000	13.913043	240.000000	320.000000
0	2.774000	13.913043	240.000000	320.000000
0	2.820000	13.913043	240.000000	320.000000
0	2.852000	13.913043	240.000000	320.000000
0	2.883000	13.913043	240.000000	320.000000
0	2.914000	13.913043	240.000000	320.000000
0	2.945000	13.913043	240.000000	320.000000
0	2.976000	13.913043	240.000000	320.000000
0	3.008000	13.913043	240.000000	320.000000
0	3.039000	13.913043	240.000000	320.000000
0	3.086000	13.913043	240.000000	320.000000
0	3.117000	13.913043	240.000000	320.000000
0	3.148000	13.913043	240.000000	320.000000
0	3.179000	13.913043	240.000000	320.000000
0	3.210000	13.913043	240.000000	320.000000
0	3.242000	13.913043	240.000000	320.000000
0	3.273000	13.913043	240.000000	320.000000
0	3.320000	13.913043	240.000000	320.000000
0	3.351000	13.913043	240.000000	320.000000
0	3.382000	13.913043	240.000000	320.000000
0	3.413000	13.913043	240.000000	320.000000
0	3.444000	13.913043	240.000000	320.000000
0	3.476000	13.913043	240.000000	320.000000
0	3.507000	13.913043	240.000000	320.000000
0	3.538000	13.913043	240.000000	320.000000
0	3.585000	13.913043	240.000000	320.000000
0	3.616000	13.913043	240.000000	320.000000
0	3.647000	13.913043	240.000000	320.000000
0	3.678000	13.913043	240.000000	320.000000
0	3.710000	13.913043	240.000000	320.000000
0	3.741000	13.913043	240.000000	320.000000
0	3.772000	13.913043	240.000000	320.000000
0	3.819000	13.913043	240.000000	320.000000
0	3.850000	13.913043	240.000000	320.000000
0	3.881000	13.913043	240.000000	320.000000
0	3.912000	13.913043	240.000000	320.000000
0	3.944000	13.913043	240.000000	320.000000
0	3.975000	13.913043	240.000000	320.000000
0	4.006000	13.913043	240.000000	320.000000
0	4.037000	13.913043	240.000000	320.000000
0	4.084000	13.913043	240.000000	320.000000
0	4.115000	13.913043	240.000000	320.000000
0	4.146000	13.913043	240.000000	320.000000
0	4.178000	13.913043	240.000000	320.000000
0	4.209000	13.913043	240.000000	320.000000
0	4.240000	13.913043	240.000000	320.000000
0	4.271000	13.913043	240.000000	320.000000
0	4.318000	13.913043	240.000000	320.000000
0	4.349000	13.913043	240.000000	320.000000
0	4.380000	13.913043	240.000000	320.000000
0	4.412000	13.913043	240.000000	320.000000
0	4.443000	13.913043	240.000000	320.000000
0	4.474000	13.913043	240.000000	320.000000
0	4.505000	13.913043	240.000000	320.000000
0	4.552000	13.913043	240.000000	320.000000
0	4.583000	13.913043	240.000000	320.000000
0	4.614000	13.913043	240.000000	320.000000
0	4.646000	13.913043	240.000000	320.000000
0	4.677000	13.913043	240.000000	320.000000
0	4.708000	13.913043	240.000000	320.000000
0	4.739000	13.913043	240.000000	320.000000
0	4.770000	13.913043	240.000000	320.000000
0	4.817000	13.913043	240.000000	320.000000
0	4.848000	13.913043	240.000000	320.000000
0	4.880000	13.913043	240.000000	320.000000
0	4.911000	13.913043	240.000000	320.000000
0	4.942000	13.913043	240.000000	320.000000
0	4.973000	13.913043	240.000000	320.000000
0	5.004000	13.913043	240.000000	320.000000
0	5.051000	13.913043	240.000000	320.000000
0	5.082000	13.913043	240.000000	320.000000
0	5.114000	13.913043	240.000000	320.000000
0	5.145000	13.913043	240.000000	320.000000
0	5.176000	13.913043	240.000000	320.000000
0	5.207000	13.913043	240.000000	320.000000
0	5.238000	13.913043	240.000000	320.000000
0	5.285000	13.913043	240.000000	320.000000
0	5.316000	13.913043	240.000000	320.000000
0	5.348000	13.913043	240.000000	320.000000
0	5.379000	13.913043	240.000000	320.000000
0	5.410000	13.913043	240.000000	320.000000
0	5.441000	13.913043	240.000000	320.000000
0	5.472000	13.913043	240.000000	320.000000
0	5.504000	13.913043	240.000000	320.000000
0	5.550000	13.913043	240.000000	320.000000
0	5.582000	13.913043	240.000000	320.000000
0	5.613000	13.913043	240.000000	320.000000
0	5.644000	13.913043	240.000000	320.000000
0	5.675000	13.913043	240.000000	320.000000
0	5.706000	13.913043	240.000000	320.000000
0	5.738000	13.913043	240.000000	320.000000
0	5.784000	13.913043	240.000000	320.000000
0	5.816000	13.913043	240.000000	320.000000
0	5.847000	13.913043	240.000000	320.000000
0	5.878000	13.913043	240.000000	320.000000
0	5.909000	13.913043	240.000000	320.000000
0	5.940000	13.913043	240.000000	320.000000
0	5.972000	13.913043	240.000000	320.000000
0	6.018000	13.913043	240.000000	320.000000
0	6.050000	13.913043	240.000000	320.000000
0	6.081000	13.913043	240.000000	320.000000
0	6.112000	13.913043	240.000000	320.000000
0	6.143000	13.913043	240.000000	320.000000
0	6.174000	13.913043	240.000000	320.000000
0	6.206000	13.913043	240.000000	320.000000
0	6.237000	13.913043	240.000000	320.000000
0	6.284000	13.913043	240.000000	320.000000
0	6.315000	13.913043	240.000000	320.000000
0	6.346000	13.913043	240.000000	320.000000
0	6.377000	13.913043	240.000000	320.000000
0	6.408000	13.913043	240.000000	320.000000
0	6.440000	13.913043	240.000000	320.000000
0	6.471000	13.913043	240.000000	320.000000
0	6.518000	13.913043	240.000000	320.000000
0	6.549000	13.913043	240.000000	320.000000
0	6.580000	13.913043	240.000000	320.000000
0	6.611000	13.913043	240.000000	320.000000
0	6.642000	13.913043	240.000000	320.000000
0	6.674000	13.913043	240.000000	320.000000
0	6.705000	13.913043	240.000000	320.000000
0	6.752000	13.913043	240.000000	320.000000
0	6.783000	13.913043	240.000000	320.000000
0	6.814000	13.913043	240.000000	320.000000
0	6.845000	13.913043	240.000000	320.000000
0	6.876000	13.913043	240.000000	320.000000
0	6.908000	13.913043	240.000000	320.000000
0	6.939000	13.913043	240.000000	320.000000
0	6.970000	13.913043	240.000000	320.000000
0	7.017000	13.913043	240.000000	320.000000
0	7.048000	13.913043	240.000000	320.000000
0	7.079000	13.913043	240.000000	320.000000
0	7.110000	13.913043	240.000000	320.000000
0	7.142000	13.913043	240.000000	320.000000
0	7.173000	13.913043	240.000000	320.000000
0	7.204000	13.913043	240.000000	320.000000
0	7.251000	13.913043	240.000000	320.000000
0	7.282000	13.913043	240.000000	320.000000
0	7.313000	13.913043	240.000000	320.000000
0	7.344000	13.913043	240.000000	320.000000
0	7.376000	13.913043	240.000000	320.000000
0	7.407000	13.913043	240.000000	320.000000
0	7.438000	13.913043	240.000000	320.000000
0	7.469000	13.913043	240.000000	320.000000
0	7.516000	13.913043	240.000000	320.000000
0	7.547000	13.913043	240.000000	320.000000
0	7.578000	13.913043	240.000000	320.000000
0	7.610000	13.913043	240.000000	320.000000
0	7.641000	13.913043	240.000000	320.000000
0	7.672000	13.913043	240.000000	320.000000
0	7.703000	13.913043	240.000000	320.000000
0	7.750000	13.913043	240.000000	320.000000
0	7.781000	13.913043	240.000000	320.000000
0	7.812000	13.913043	240.000000	320.000000
0	7.844000	13.913043	240.000000	320.000000
0	7.875000	13.913043	240.000000	320.000000
0	7.906000	13.913043	240.000000	320.000000
0	7.937000	13.913043	240.000000	320.000000
0	7.984000	13.913043	240.000000	320.000000
0	8.015000	13.913043	240.000000	320.000000
0	8.046000	13.913043	240.000000	320.000000
0	8.078000	13.913043	240.000000	320.000000
0	8.109000	13.913043	240.000000	320.000000
0	8.140000	13.913043	240.000000	320.000000
0	8.171000	13.913043	240.000000	320.000000
0	8.202000	13.913043	240.000000	320.000000
0	8.249000	13.913043	240.000000	320.000000
0	8.280000	13.913043	240.000000	320.000000
0	8.312000	13.913043	240.000000	320.000000
0	8.343000	13.913043	240.000000	320.000000
0	8.374000	13.913043	240.000000	320.000000
0	8.405000	13.913043	240.000000	320.000000
0	8.436000	13.913043	240.000000	320.000000
0	8.483000	13.913043	240.000000	320.000000
0	8.514000	13.913043	240.000000	320.000000
0	8.546000	13.913043	240.000000	320.000000
0	8.577000	13.913043	240.000000	320.000000
0	8.608000	13.913043	240.000000	320.000000
0	8.639000	13.913043	240.000000	320.000000
0	8.670000	13.913043	240.000000	320.000000
0	8.702000	13.913043	240.000000	320.000000
0	8.748000	13.913043	240.000000	320.000000
0	8.780000	13.913043	240.000000	320.000000
0	8.811000	13.913043	240.000000	320.000000
0	8.842000	13.913043	240.000000	320.000000
0	8.873000	13.913043	240.000000	320.000000
0	8.904000	13.913043	240.000000	320.000000
0	8.936000	13.913043	240.000000	320.000000
0	8.982000	13.913043	240.000000	320.000000
0	9.014000	13.913043	240.000000	320.000000
0	9.045000	13.913043	240.000000	320.000000
0	9.076000	13.913043	240.000000	320.000000
0	9.107000	13.913043	240.000000	320.000000
0	9.138000	13.913043	240.000000	320.000000
0	9.170000	13.913043	240.000000	320.000000
0	9.216000	13.913043	240.000000	320.000000
0	9.248000	13.913043	240.000000	320.000000
0	9.279000	13.913043	240.000000	320.000000
0	9.310000	13.913043	240.000000	320.000000
0	9.341000	13.913043	240.000000	320.000000
0	9.372000	13.913043	240.000000	320.000000
0	9.404000	13.913043	240.000000	320.000000
0	9.435000	13.913043	240.000000	320.000000
0	9.482000	13.913043	240.000000	320.000000
0	9.513000	13.913043	240.000000	320.000000
0	9.544000	13.913043	240.000000	320.000000
0	9.575000	13.913043	240.000000	320.000000
0	9.606000	13.913043	240.000000	320.000000
0	9.638000	13.913043	240.000000	320.000000
0	9.669000	13.913043	240.000000	320.000000
0	9.716000	13.913043	240.000000	320.000000
0	9.747000	13.913043	240.000000	320.000000
0	9.778000	13.913043	240.000000	320.000000
0	9.809000	13.913043	240.000000	320.000000
0	9.840000	13.913043	240.000000	320.000000
0	9.872000	13.913043	240.000000	320.000000
0	9.903000	13.913043	240.000000	320.000000
0	9.950000	13.913043	240.000000	320.000000
0	9.981000	13.913043	240.000000	320.000000
0	10.012000	13.913043	240.000000	320.000000
0	10.043000	13.913043	240.000000	320.000000
0	10.074000	13.913043	240.000000	320.000000
0	10.106000	13.913043	240.000000	320.000000
0	10.137000	13.913043	240.000000	320.000000
0	10.168000	13.913043	240.000000	320.000000
0	10.215000	13.913043	240.000000	320.000000
0	10.246000	13.913043	240.000000	320.000000
0	10.277000	13.913043	240.000000	320.000000
0	10.308000	13.913043	240.000000	320.000000
0	10.340000	13.913043	240.000000	320.000000
0	10.371000	13.913043	240.000000	320.000000
0	10.402000	13.913043	240.000000	320.000000
0	10.449000	13.913043	240.000000	320.000000
0	10.480000	13.913043	240.000000	320.000000
0	10.511000	13.913043	240.000000	320.000000
0	10.542000	13.913043	240.000000	320.000000
0	10.574000	13.913043	240.000000	320.000000
0	10.605000	13.913043	240.000000	320.000000
0	10.636000	13.913043	240.000000	320.000000
0	10.683000	13.913043	240.000000	320.000000
0	10.714000	13.913043	240.000000	320.000000
0	10.745000	13.913043	240.000000	320.000000
0	10.776000	13.913043	240.000000	320.000000
0	10.808000	13.913043	240.000000	320.000000
0	10.839000	13.913043	240.000000	320.000000
0	10.870000	13.913043	240.000000	320.000000
0	10.901000	13.913043	240.000000	320.000000
0	10.948000	13.913043	240.000000	320.000000
0	10.979000	13.913043	240.000000	320.000000
0	11.010000	13.913043	240.000000	320.000000
0	11.042000	13.913043	240.000000	320.000000
0	11.073000	13.913043	240.000000	320.000000
0	11.104000	13.913043	240.000000	320.000000
0	11.135000	13.913043	240.000000	320.000000
0	11.182000	13.913043	240.000000	320.000000
0	11.213000	13.913043	240.000000	320.000000
0	11.244000	13.913043	240.000000	320.000000
0	11.276000	13.913043	240.000000	320.000000
0	11.307000	13.913043	240.000000	320.000000
0	11.338000	13.913043	240.000000	320.000000
0	11.369000	13.913043	240.000000	320.000000
0	11.400000	13.913043	240.000000	320.000000
0	11.447000	13.913043	240.000000	320.000000
0	11.478000	13.913043	240.000000	320.000000
0	11.510000	13.913043	240.000000	320.000000
0	11.541000	13.913043	240.000000	320.000000
0	11.572000	13.913043	240.000000	320.000000
0	11.603000	13.913043	240.000000	320.000000
0	11.634000	13.913043	240.000000	320.000000
0	11.681000	13.913043	240.000000	320.000000
0	11.712000	13.913043	240.000000	320.000000
0	11.744000	13.913043	240.000000	320.000000
0	11.775000	13.913043	240.000000	320.000000
0	11.806000	13.913043	240.000000	320.000000
0	11.837000	13.913043	240.000000	320.000000
0	11.868000	13.913043	240.000000	320.000000
0	11.915000	13.913043	240.000000	320.000000
0	11.946000	13.913043	240.000000	320.000000
0	11.978000	13.913043	240.000000	320.000000
0	12.009000	13.913043	240.000000	320.000000
0	12.040000	13.913043	240.000000	320.000000
0	12.071000	13.913043	240.000000	320.000000
0	12.102000	13.913043	240.000000	320.000000
0	12.134000	13.913043	240.000000	320.000000
0	12.180000	13.913043	240.000000	320.000000
0	12.212000	13.913043	240.000000	320.000000
0	12.243000	13.913043	240.000000	320.000000
0	12.274000	13.913043	240.000000	320.000000
0	12.305000	13.913043	240.000000	320.000000
0	12.336000	13.913043	240.000000	320.000000
0	12.368000	13.913043	240.000000	320.000000
0	12.414000	13.913043	240.000000	320.000000
0	12.446000	13.913043	240.000000	320.000000
0	12.477000	13.913043	240.000000	320.000000
0	12.508000	13.913043	240.000000	320.000000
0	12.539000	13.913043	240.000000	320.000000
0	12.570000	13.913043	240.000000	320.000000
0	12.602000	13.913043	240.000000	320.000000
0	12.648000	13.913043	240.000000	320.000000
0	12.680000	13.913043	240.000000	320.000000
0	12.711000	13.913043	240.000000	320.000000
0	12.742000	13.913043	240.000000	320.000000
0	12.773000	13.913043	240.000000	320.000000
0	12.804000	13.913043	240.000000	320.000000
0	12.836000	13.913043	240.000000	320.000000
0	12.867000	13.913043	240.000000	320.000000
0	12.914000	13.913043	240.000000	320.000000
0	12.945000	13.913043	240.000000	320.000000
0	12.976000	13.913043	240.000000	320.000000
0	13.007000	13.913043	240.000000	320.000000
0	13.038000	13.913043	240.000000	320.000000
0	13.070000	13.913043	240.000000	320.000000
0	13.101000	13.913043	240.000000	320.000000
0	13.148000	13.913043	240.000000	320.000000
0	13.179000	13.913043	240.000000	320.000000
0	13.210000	13.913043	240.000000	320.000000
0	13.241000	13.913043	240.000000	320.000000
0	13.272000	13.913043	240.000000	320.000000
0	13.304000	13.913043	240.000000	320.000000
0	13.335000	13.913043	240.000000	320.000000
0	13.382000	13.913043	240.000000	320.000000
0	13.413000	13.913043	240.000000	320.000000
0	13.444000	13.913043	240.000000	320.000000
0	13.475000	13.913043	240.000000	320.000000
0	13.506000	13.913043	240.000000	320.000000
0	13.538000	13.913043	240.000000	320.000000
0	13.569000	13.913043	240.000000	320.000000
0	13.600000	13.913043	240.000000	320.000000
0	13.647000	13.913043	240.000000	320.000000
0	13.678000	13.913043	240.000000	320.000000
0	13.709000	13.913043	240.000000	320.000000
0	13.740000	13.913043	240.000000	320.000000
0	13.772000	13.913043	240.000000	320.000000
0	13.803000	13.913043	240.000000	320.000000
0	13.834000	13.913043	240.000000	320.000000
0	13.881000	13.913043	240.000000	320.000000
0	13.912000	13.913043	240.000000	320.000000
0	13.943000	13.913043	240.000000	320.000000
0	13.974000	13.913043	240.000000	320.000000
0	14.006000	13.913043	240.000000	320.000000
0	14.037000	13.913043	240.000000	320.000000
0	14.068000	13.913043	240.000000	320.000000
0	14.099000	13.913043	240.000000	320.000000
0	14.146000	13.913043	240.000000	320.000000
0	14.177000	13.913043	240.000000	320.000000
0	14.208000	13.913043	240.000000	320.000000
0	14.240000	13.913043	240.000000	320.000000
0	14.271000	13.913043	240.000000	320.000000
0	14.302000	13.913043	240.000000	320.000000
0	14.333000	13.913043	240.000000	320.000000
0	14.380000	13.913043	240.000000	320.000000
0	14.411000	13.913043	240.000000	320.000000
0	14.442000	13.913043	240.000000	320.000000
0	14.474000	13.913043	240.000000	320.000000
0	14.505000	13.913043	240.000000	320.000000
0	14.536000	13.913043	240.000000	320.000000
0	14.567000	13.913043	240.000000	320.000000
0	14.614000	13.913043	240.000000	320.000000
0	14.645000	13.913043	240.000000	320.000000
0	14.676000	13.913043	240.000000	320.000000
0	14.708000	13.913043	240.000000	320.000000
0	14.739000	13.913043	240.000000	320.000000
0	14.770000	13.913043	240.000000	320.000000
0	14.801000	13.913043	240.000000	320.000000
0	14.832000	13.913043	240.000000	320.000000
0	14.879000	13.913043	240.000000	320.000000
0	14.910000	13.913043	240.000000	320.000000
0	14.942000	13.913043	240.000000	320.000000
0	14.973000	13.913043	240.000000	320.000000
0	15.004000	13.913043	240.000000	320.000000
0	15.035000	13.913043	240.000000	320.000000
0	15.066000	13.913043	240.000000	320.000000
0	15.113000	13.913043	240.000000	320.000000
0	15.144000	13.913043	240.000000	320.000000
0	15.176000	13.913043	240.000000	320.000000
0	15.207000	13.913043	240.000000	320.000000
0	15.238000	13.913043	240.000000	320.000000
0	15.269000	13.913043	240.000000	320.000000
0	15.300000	13.913043	240.000000	320.000000
0	15.332000	13.913043	240.000000	320.000000
0	15.378000	13.913043	240.000000	320.000000
0	15.410000	13.913043	240.000000	320.000000
0	15.441000	13.913043	240.000000	320.000000
0	15.472000	13.913043	240.000000	320.000000
0	15.503000	13.913043	240.000000	320.000000
0	15.534000	13.913043	240.000000	320.000000
0	15.566000	13.913043	240.000000	320.000000
0	15.612000	13.913043	240.000000	320.000000
0	15.644000	13.913043	240.000000	320.000000
0	15.675000	13.913043	240.000000	320.000000
0	15.706000	13.913043	240.000000	320.000000
0	15.737000	13.913043	240.000000	320.000000
0	15.768000	13.913043	240.000000	320.000000
0	15.800000	13.913043	240.000000	320.000000
0	15.846000	13.913043	240.000000	320.000000
0	15.878000	13.913043	240.000000	320.000000
0	15.909000	13.913043	240.000000	320.000000
0	15.940000	13.913043	240.000000	320.000000
0	15.971000	13.913043	240.000000	320.000000
0	16.002000	13.913043	240.000000	320.000000
0	16.034000	13.913043	240.000000	320.000000
0	16.065000	13.913043	240.000000	320.000000
0	16.112000	13.913043	240.000000	320.000000
0	16.143000	13.913043	240.000000	320.000000
0	16.174000	13.913043	240.000000	320.000000
0	16.205000	13.913043	240.000000	320.000000
0	16.236000	13.913043	240.000000	320.000000
0	16.268000	13.913043	240.000000	320.000000
0	16.299000	13.913043	240.000000	320.000000
0	16.346000	13.913043	240.000000	320.000000
0	16.377000	13.913043	240.000000	320.000000
0	16.408000	13.913043	240.000000	320.000000
0	16.439000	13.913043	240.000000	320.000000
0	16.470000	13.913043	240.000000	320.000000
0	16.502000	13.913043	240.000000	320.000000
0	16.533000	13.913043	240.000000	320.000000
0	16.580000	13.913043	240.000000	320.000000
0	16.611000	13.913043	240.000000	320.000000
0	16.642000	13.913043	240.000000	320.000000
0	16.673000	13.913043	240.000000	320.000000
0	16.704000	13.913043	240.000000	320.000000
0	16.736000	13.913043	240.000000	320.000000
0	16.767000	13.913043	240.000000	320.000000
0	16.798000	13.913043	240.000000	320.000000
0	16.845000	13.913043	240.000000	320.000000
0	16.876000	13.913043	240.000000	320.000000
0	16.907000	13.913043	240.000000	320.000000
0	16.938000	13.913043	240.000000	320.000000
0	16.970000	13.913043	240.000000	320.000000
0	17.001000	13.913043	240.000000	320.000000
0	17.032000	13.913043	240.000000	320.000000
0	17.079000	13.913043	240.000000	320.000000
0	17.110000	13.913043	240.000000	320.000000
0	17.141000	13.913043	240.000000	320.000000
0	17.172000	13.913043	240.000000	320.000000
0	17.204000	13.913043	240.000000	320.000000
0	17.235000	13.913043	240.000000	320.000000
0	17.266000	13.913043	240.000000	320.000000
0	17.313000	13.913043	240.000000	320.000000
0	17.344000	13.913043	240.000000	320.000000
0	17.375000	13.913043	240.000000	320.000000
0	17.406000	13.913043	240.000000	320.000000
0	17.438000	13.913043	240.000000	320.000000
0	17.469000	13.913043	240.000000	320.000000
0	17.500000	13.913043	240.000000	320.000000
0	17.531000	13.913043	240.000000	320.000000
0	17.578000	13.913043	240.000000	320.000000
0	17.609000	13.913043	240.000000	320.000000
0	17.640000	13.913043	240.000000	320.000000
0	17.672000	13.913043	240.000000	320.000000
0	17.703000	13.913043	240.000000	320.000000
0	17.734000	13.913043	240.000000	320.000000
0	17.765000	13.913043	240.000000	320.000000
0	17.812000	13.913043	240.000000	320.000000
0	17.843000	13.913043	240.000000	320.000000
0	17.874000	13.913043	240.000000	320.000000
0	17.906000	13.913043	240.000000	320.000000
0	17.937000	13.913043	240.000000	320.000000
0	17.968000	13.913043	240.000000	320.000000
0	17.999000	13.913043	240.000000	320.000000
<\LEFT-PUPIL-DATA>
<RIGHT-PUPIL-ANALYSIS>
1
0	0	18	541	0	0	0.510000	17.518000	0.509000	15.983889	0.000000	0.000000	0.000000	0	1	1	1	1	0	0	0	0.000000	0.000000	0.000000	0.000000	0.000000	0.000000	0.000000	-1.000000	0.000000	0	1.004325	1.004325	0.792210	0.792210	0.189000	0.000000	0.000000	-1.000000	0.098661	1	1.004325	1.004325	0.792210	0.792210	0.189000	-1000000.000000	-1000000.000000	-1.000000	0.098661
<\RIGHT-PUPIL-ANALYSIS>
<LEFT-PUPIL-ANALYSIS>
1
0	0	17	542	0	0	0.510000	17.518000	0.509000	15.983889	0.000000	0.000000	0.000000	0	1	1	1	1	0	0	0	0.000000	0.000000	0.000000	0.000000	0.000000	0.000000	0.000000	-1.000000	0.000000	0	-0.034783	-0.034783	0.000950	0.000950	0.002000	0.000000	0.000000	-1.000000	0.000000	1	-0.034783	-0.034783	0.000950	0.000950	0.002000	-1000000.000000	-1000000.000000	-1.000000	0.000000
<\LEFT-PUPIL-ANALYSIS>
%%%%%%%%%
%%%%%%%%%
%%%%%%%%%
%%%	Measurement Tiime is: 2017-08-15 10:19:07
%%%	Subject ID is: c57-1mois-F6-1.2r
%%%	Note: 
%%%	RSS: Default Human Relative Spectral Sensitivity
%%%	Pupil Analysis:
%%%
%%%
%%%
%%%	Pulse Index:	0
%%%	Stimulus Session Index:	0
%%%	Right Pupil Stimulated
%%%	Light Metric is Photopic
%%%	Stimulus Start Time(sec):	0.51
%%%	Stimulus Duration(sec):	17.52
%%%	Stimulus Pulse Duration(sec):	0.51
%%%	Right Pulse:	15.98	(Red  )	-	0.00	(Red  )	[Lux ]
%%%	Left Pulse:	0.00	(Red  )	-	0.00	(Red  )	[Lux ]
%%%
%%%		RIGHT	LEFT	R.Pupil Mean	L.Pupil Mean	R.Stim Mean	R.Stim Mean
%%%	INPUT:	RAW DATA	RAW DATA
%%%	STATE:	ABNORMAL	ABNORMAL	ABNORMAL	ABNORMAL	ABNORMAL	ABNORMAL
%%%	MAX(mm):	0.00	0.00	0.00	0.00	0.00	0.00
%%%	MIN(mm):	0.00	0.00	0.00	0.00	0.00	0.00
%%%	DELTA(mm):						
%%%	CH(%):						
%%%	LAT(sec):	0.00	0.00	0.00	0.00	0.00	0.00
%%%	CV(mm/s):	0.00	0.00	0.00	0.00	0.00	0.00
%%%	MCV(mm/s):	0.00	0.00	0.00	0.00	0.00	0.00
%%%	DV(mm/s):	0.00	0.00	0.00	0.00	0.00	0.00
%%%%%%%%%
%%%%%%%%%
%%%%%%%%%
%%%	Right Pupil Profile (1st row -> 1 == valid tracking, 0 == invalid tracking; 2nd row -> time; 3rd row -> diameter (mm))
%%%	1	1	0	1	1	1	0	1	0	1	1	1	1	1	0	0	0	0	0	0	0	0	0	0	0	0	0	0	0	1	0	0	0	0	1	1	0	0	1	0	1	0	1	1	0	0	1	0	0	1	0	0	0	0	1	1	1	1	0	0	1	1	1	1	0	0	0	1	1	0	1	0	1	1	1	1	1	1	1	0	1	1	1	0	1	0	1	0	1	1	1	0	0	1	1	0	1	1	1	1	1	1	0	1	1	1	1	1	0	0	0	1	1	1	1	1	1	1	0	1	1	0	1	1	1	0	1	0	1	0	1	1	1	0	1	1	0	1	0	1	1	1	0	0	0	0	1	0	1	1	0	0	0	0	1	1	1	0	1	1	1	1	0	1	1	0	1	1	1	0	1	1	1	1	1	0	0	1	1	1	1	0	1	1	1	1	1	0	0	1	0	0	0	0	1	0	0	0	0	0	0	0	0	0	0	0	0	0	0	0	0	1	0	1	0	1	1	0	0	1	0	1	1	0	0	1	0	0	1	1	0	0	0	1	0	1	0	1	1	0	0	1	0	1	0	1	1	1	1	0	1	0	0	0	0	0	1	0	0	0	0	1	0	1	0	0	0	0	0	0	0	0	0	0	0	0	0	1	0	1	1	1	0	1	0	0	0	0	1	0	0	0	1	0	1	0	0	0	0	0	0	0	0	0	1	0	1	1	0	0	1	0	1	0	0	1	0	0	1	0	0	0	0	0	0	0	0	0	0	0	0	0	0	0	0	0	0	0	0	0	0	0	0	0	0	0	0	0	0	0	0	0	0	0	0	0	0	0	0	0	0	0	0	0	0	0	0	0	0	0	0	0	0	0	0	0	0	0	0	0	0	0	0	0	0	0	0	0	0	0	0	0	0	0	0	0	0	0	0	0	0	0	0	0	0	0	0	0	0	0	0	0	0	0	0	0	0	0	0	0	0	0	0	0	0	0	0	0	0	0	0	0	0	0	0	0	0	0	0	0	0	0	0	0	0	0	0	0	0	0	0	0	0	0	0	0	0	0	0	0	0	0	0	0	0	0	0	0	0	0	0	0	0	0	0	0	0	0	0	0	0	0	0	0	0	0	0	0	0	0	0	0	0	0	0	0	0	0	0	0	0	0	0	0	0	0	0	0	0	0	0	0	0	0	0	0	0	0	0	0	0	0	0	0	0	0	0	0	0	0	0	0	0	0	0	0	0	0	0	0	0	0
%%%	-0.065000	-0.034000	-0.003000	0.028000	0.075000	0.106000	0.137000	0.169000	0.200000	0.231000	0.262000	0.309000	0.340000	0.371000	0.403000	0.434000	0.465000	0.496000	0.527000	0.574000	0.605000	0.637000	0.668000	0.699000	0.730000	0.761000	0.808000	0.839000	0.871000	0.902000	0.933000	0.964000	0.995000	1.042000	1.073000	1.105000	1.136000	1.167000	1.198000	1.229000	1.261000	1.307000	1.339000	1.370000	1.401000	1.432000	1.463000	1.495000	1.541000	1.573000	1.604000	1.635000	1.666000	1.697000	1.729000	1.775000	1.807000	1.838000	1.869000	1.900000	1.931000	1.963000	1.994000	2.041000	2.072000	2.103000	2.134000	2.165000	2.197000	2.228000	2.259000	2.306000	2.337000	2.368000	2.399000	2.431000	2.462000	2.493000	2.540000	2.571000	2.602000	2.633000	2.665000	2.696000	2.727000	2.774000	2.805000	2.836000	2.867000	2.899000	2.930000	2.961000	2.992000	3.039000	3.070000	3.101000	3.133000	3.164000	3.195000	3.226000	3.273000	3.304000	3.335000	3.367000	3.398000	3.429000	3.460000	3.507000	3.538000	3.569000	3.601000	3.632000	3.663000	3.694000	3.725000	3.772000	3.803000	3.835000	3.866000	3.897000	3.928000	3.959000	4.006000	4.037000	4.069000	4.100000	4.131000	4.162000	4.193000	4.240000	4.271000	4.303000	4.334000	4.365000	4.396000	4.427000	4.459000	4.505000	4.537000	4.568000	4.599000	4.630000	4.661000	4.693000	4.739000	4.771000	4.802000	4.833000	4.864000	4.895000	4.927000	4.973000	5.005000	5.036000	5.067000	5.098000	5.129000	5.161000	5.192000	5.239000	5.270000	5.301000	5.332000	5.363000	5.395000	5.426000	5.473000	5.504000	5.535000	5.566000	5.597000	5.629000	5.660000	5.707000	5.738000	5.769000	5.800000	5.831000	5.863000	5.894000	5.925000	5.972000	6.003000	6.034000	6.065000	6.097000	6.128000	6.159000	6.190000	6.237000	6.268000	6.299000	6.331000	6.362000	6.393000	6.424000	6.471000	6.502000	6.533000	6.565000	6.596000	6.627000	6.658000	6.705000	6.736000	6.767000	6.799000	6.830000	6.861000	6.892000	6.923000	6.970000	7.001000	7.033000	7.064000	7.095000	7.126000	7.157000	7.204000	7.235000	7.267000	7.298000	7.329000	7.360000	7.391000	7.438000	7.469000	7.501000	7.532000	7.563000	7.594000	7.625000	7.657000	7.703000	7.735000	7.766000	7.797000	7.828000	7.859000	7.891000	7.937000	7.969000	8.000000	8.031000	8.062000	8.093000	8.125000	8.171000	8.203000	8.234000	8.265000	8.296000	8.327000	8.359000	8.390000	8.437000	8.468000	8.499000	8.530000	8.561000	8.593000	8.624000	8.671000	8.702000	8.733000	8.764000	8.795000	8.827000	8.858000	8.905000	8.936000	8.967000	8.998000	9.029000	9.061000	9.092000	9.123000	9.170000	9.201000	9.232000	9.263000	9.295000	9.326000	9.357000	9.404000	9.435000	9.466000	9.497000	9.529000	9.560000	9.591000	9.638000	9.669000	9.700000	9.731000	9.763000	9.794000	9.825000	9.856000	9.903000	9.934000	9.965000	9.997000	10.028000	10.059000	10.090000	10.137000	10.168000	10.199000	10.231000	10.262000	10.293000	10.324000	10.355000	10.402000	10.433000	10.465000	10.496000	10.527000	10.558000	10.589000	10.636000	10.667000	10.699000	10.730000	10.761000	10.792000	10.823000	10.855000	10.901000	10.933000	10.964000	10.995000	11.026000	11.057000	11.089000	11.135000	11.167000	11.198000	11.229000	11.260000	11.291000	11.323000	11.369000	11.401000	11.432000	11.463000	11.494000	11.525000	11.557000	11.588000	11.635000	11.666000	11.697000	11.728000	11.759000	11.791000	11.822000	11.869000	11.900000	11.931000	11.962000	11.993000	12.025000	12.056000	12.103000	12.134000	12.165000	12.196000	12.227000	12.259000	12.290000	12.321000	12.368000	12.399000	12.430000	12.461000	12.493000	12.524000	12.555000	12.602000	12.633000	12.664000	12.695000	12.727000	12.758000	12.789000	12.836000	12.867000	12.898000	12.929000	12.961000	12.992000	13.023000	13.054000	13.101000	13.132000	13.163000	13.195000	13.226000	13.257000	13.288000	13.335000	13.366000	13.397000	13.429000	13.460000	13.491000	13.522000	13.569000	13.600000	13.631000	13.663000	13.694000	13.725000	13.756000	13.787000	13.834000	13.865000	13.897000	13.928000	13.959000	13.990000	14.021000	14.068000	14.099000	14.131000	14.162000	14.193000	14.224000	14.255000	14.287000	14.333000	14.365000	14.396000	14.427000	14.458000	14.489000	14.521000	14.567000	14.599000	14.630000	14.661000	14.692000	14.723000	14.755000	14.801000	14.833000	14.864000	14.895000	14.926000	14.957000	14.989000	15.020000	15.067000	15.098000	15.129000	15.160000	15.191000	15.223000	15.254000	15.301000	15.332000	15.363000	15.394000	15.425000	15.457000	15.488000	15.535000	15.566000	15.597000	15.628000	15.659000	15.691000	15.722000	15.753000	15.800000	15.831000	15.862000	15.893000	15.925000	15.956000	15.987000	16.034000	16.065000	16.096000	16.127000	16.159000	16.190000	16.221000	16.268000	16.299000	16.330000	16.361000	16.393000	16.424000	16.455000	16.486000	16.533000	16.564000	16.595000	16.627000	16.658000	16.689000	16.720000	16.767000	16.798000	16.829000	16.861000	16.892000	16.923000	16.954000	16.985000	17.032000	17.063000	17.095000	17.126000	17.157000	17.188000	17.219000	17.266000	17.297000	17.329000	17.360000	17.391000	17.422000	17.453000	17.500000	17.531000	17.563000	17.594000	17.625000	17.656000	17.687000	17.719000	17.765000	17.797000	17.828000	17.859000	17.890000	17.921000	17.953000
%%%	0.959275	0.966812	1.449275	0.955507	0.955362	0.957102	0.687536	0.970290	0.522899	0.979420	0.964638	0.982029	0.985507	0.951159	0.367971	0.869565	0.866232	0.561304	1.101449	1.008696	0.442464	0.347826	0.382754	0.745797	0.347826	0.348406	0.347826	0.683768	1.003768	0.947826	0.470580	1.040291	1.884348	0.504348	0.949710	0.939130	1.522319	0.892754	0.933623	1.414495	0.937971	1.416232	0.933623	0.969420	1.449275	1.601160	0.974493	1.362899	1.546232	1.005942	1.629855	2.348985	1.634783	1.298986	1.078261	1.060725	1.066377	1.060870	1.489420	1.681159	1.113043	1.084058	1.114058	1.092898	1.784927	1.820290	1.751594	1.107971	1.097101	1.772899	1.139130	1.554927	1.098841	1.094058	1.101159	1.121015	1.113043	1.123333	1.096812	1.449275	1.263768	1.138551	1.113043	1.672319	1.118551	1.590290	1.114203	1.697246	1.079855	1.079420	1.103334	1.490145	1.843478	1.113623	1.100580	1.686812	1.100580	1.113043	1.061884	1.078261	1.086232	1.124638	1.648840	1.101159	1.115217	1.151159	1.797101	1.171015	1.712029	1.677101	1.561884	1.145507	1.136232	1.165507	1.164058	1.131449	1.144058	1.118551	1.540290	1.162464	1.133333	1.714638	1.135217	1.138551	1.124638	1.913043	1.129420	1.611594	1.139130	1.733768	1.133333	1.133333	1.105942	1.600000	1.111594	1.120145	1.696812	1.147826	1.635362	1.140290	1.114203	1.133333	1.612464	1.624927	1.563333	1.477101	1.840145	1.442899	1.132754	1.151449	1.518986	1.542029	2.560145	1.640725	1.136377	1.126667	1.171015	1.534058	1.150145	1.156377	1.171015	1.173188	1.398406	1.176667	1.194203	1.520145	1.204203	1.183768	1.183188	1.600000	1.181014	1.185942	1.203333	1.159420	1.171015	1.686377	1.647246	1.190145	1.179855	1.190725	1.182609	1.438406	1.174927	1.217391	1.171015	1.178841	1.171015	1.759710	2.282754	1.155507	1.147826	1.100580	1.634783	1.104928	1.176667	1.768406	1.875073	0.981449	0.347826	0.465797	0.347826	0.347826	0.347826	0.347826	0.347826	0.347826	0.955362	1.634783	1.133333	1.205507	1.321739	1.203333	1.704928	1.205942	1.809275	1.751594	1.192899	1.643478	1.623188	1.203188	1.707536	1.171015	1.217391	1.618116	1.629855	1.220580	1.739710	1.796812	1.222319	1.192899	1.773913	1.692754	2.353623	1.240580	2.005797	2.469565	2.017391	2.457971	1.252899	1.974927	1.623188	2.565797	1.980290	2.510290	1.785942	2.376812	1.240290	2.506232	2.544493	2.448406	2.591884	2.414349	2.432754	2.075362	1.915072	1.797101	2.535507	1.742464	2.217971	1.948406	2.422757	2.565797	1.942029	2.452174	2.486957	1.665362	2.422899	1.707681	2.114203	2.159855	2.492754	1.831884	2.470145	2.284058	2.424638	1.773914	2.017391	2.515942	2.086957	2.543623	1.801884	2.583189	2.240725	2.513043	2.451159	2.050725	2.361884	2.469565	2.562319	2.450580	2.498551	1.829420	2.538116	2.504348	2.597101	1.565217	2.391159	1.843478	2.485797	2.467971	2.409855	1.883624	1.866667	2.608696	2.561160	1.957101	2.526812	2.535942	2.133188	1.820290	2.494638	1.875073	2.459275	2.267971	1.933768	2.425507	1.994638	1.707681	2.492754	2.034783	2.321739	1.727536	1.402899	0.425072	1.391304	1.995072	0.347826	0.347826	0.347826	0.347826	2.070145	4.556522	4.556522	4.556522	4.556522	4.556522	4.556522	4.556522	4.556522	4.556522	4.556522	4.556522	4.556522	4.556522	4.556522	4.556522	4.556522	4.556522	4.556522	4.556522	4.556522	4.556522	4.556522	4.556522	4.556522	4.556522	4.556522	3.802753	2.853333	3.748985	4.556522	4.556522	4.556522	4.556522	4.556522	4.556522	4.556522	4.556522	4.556522	4.556522	4.556522	4.556522	4.556522	4.556522	4.556522	4.556522	4.556522	4.556522	4.556522	4.556522	4.556522	4.556522	4.556522	4.556522	4.556522	4.556522	4.556522	4.556522	4.556522	4.556522	4.556522	4.556522	4.556522	4.556522	4.556522	4.556522	4.556522	4.556522	4.556522	4.556522	4.556522	4.556522	4.556522	4.556522	4.556522	4.556522	4.556522	4.556522	4.556522	4.556522	4.556522	4.556522	4.556522	4.556522	4.556522	4.556522	4.556522	4.556522	4.556522	4.556522	4.556522	4.556522	4.556522	4.556522	4.556522	4.556522	4.556522	4.556522	4.556522	4.556522	4.556522	4.556522	4.556522	4.556522	4.556522	4.556522	4.556522	4.556522	4.556522	4.556522	4.556522	4.556522	4.556522	4.556522	4.556522	4.556522	4.556522	4.556522	4.556522	4.556522	4.556522	4.556522	4.556522	4.556522	4.556522	4.556522	4.556522	4.556522	4.556522	4.556522	4.556522	4.556522	4.556522	4.556522	4.556522	4.556522	4.556522	4.556522	4.556522	4.556522	4.556522	4.556522	4.556522	4.556522	4.556522	4.556522	4.556522	4.556522	4.556522	4.556522	4.556522	4.556522	4.556522	4.556522	4.556522	4.556522	4.556522	4.556522	4.556522	4.556522	4.556522	4.556522	4.556522	4.556522	4.556522	4.556522	4.556522	4.556522	4.556522	4.556522	4.556522	4.556522	4.556522	4.556522	4.556522	4.556522	4.556522	4.556522	4.556522	4.556522	4.556522	4.556522	4.556522	4.556522	4.556522	4.556522	4.556522	4.556522	4.556522	4.556522	4.556522	4.556522	4.556522	4.556522	4.556522	4.556522	4.556522	4.556522	4.556522	4.556522	4.556522	4.556522	4.556522	4.556522	4.556522	4.556522	4.556522	4.556522	4.556522	4.556522	4.556522	4.556522
%%%	Left Pupil Profile (1st row -> 1 == valid tracking, 0 == invalid tracking; 2nd row -> time; 3rd row -> diameter (mm))
%%%	0	0	0	0	0	0	0	0	0	0	0	0	0	0	0	0	0	0	0	0	0	0	0	0	0	0	0	0	0	0	0	0	0	0	0	0	0	0	0	0	0	0	0	0	0	0	0	0	0	0	0	0	0	0	0	0	0	0	0	0	0	0	0	0	0	0	0	0	0	0	0	0	0	0	0	0	0	0	0	0	0	0	0	0	0	0	0	0	0	0	0	0	0	0	0	0	0	0	0	0	0	0	0	0	0	0	0	0	0	0	0	0	0	0	0	0	0	0	0	0	0	0	0	0	0	0	0	0	0	0	0	0	0	0	0	0	0	0	0	0	0	0	0	0	0	0	0	0	0	0	0	0	0	0	0	0	0	0	0	0	0	0	0	0	0	0	0	0	0	0	0	0	0	0	0	0	0	0	0	0	0	0	0	0	0	0	0	0	0	0	0	0	0	0	0	0	0	0	0	0	0	0	0	0	0	0	0	0	0	0	0	0	0	0	0	0	0	0	0	0	0	0	0	0	0	0	0	0	0	0	0	0	0	0	0	0	0	0	0	0	0	0	0	0	0	0	0	0	0	0	0	0	0	0	0	0	0	0	0	0	0	0	0	0	0	0	0	0	0	0	0	0	0	0	0	0	0	0	0	0	0	0	0	0	0	0	0	0	0	0	0	0	0	0	0	0	0	0	0	0	0	0	0	0	0	0	0	0	0	0	0	0	0	0	0	0	0	0	0	0	0	0	0	0	0	0	0	0	0	0	0	0	0	0	0	0	0	0	0	0	0	0	0	0	0	0	0	0	0	0	0	0	0	0	0	0	0	0	0	0	0	0	0	0	0	0	0	0	0	0	0	0	0	0	0	0	0	0	0	0	0	0	0	0	0	0	0	0	0	0	0	0	0	0	0	0	0	0	0	0	0	0	0	0	0	0	0	0	0	0	0	0	0	0	0	0	0	0	0	0	0	0	0	0	0	0	0	0	0	0	0	0	0	0	0	0	0	0	0	0	0	0	0	0	0	0	0	0	0	0	0	0	0	0	0	0	0	0	0	0	0	0	0	0	0	0	0	0	0	0	0	0	0	0	0	0	0	0	0	0	0	0	0	0	0	0	0	0	0	0	0	0	0	0	0	0	0	0	0	0	0	0	0	0	0	0	0	0	0	0	0	0	0	0	0	0	0	0	0	0	0	0	0	0	0	0	0	0	0	0	0	0	0	0	0	0	0	0	0	0	0	0	0
%%%	-0.050000	-0.019000	0.012000	0.044000	0.075000	0.106000	0.153000	0.184000	0.215000	0.246000	0.278000	0.309000	0.340000	0.387000	0.418000	0.449000	0.480000	0.512000	0.543000	0.574000	0.621000	0.652000	0.683000	0.714000	0.746000	0.777000	0.808000	0.839000	0.886000	0.917000	0.948000	0.980000	1.011000	1.042000	1.073000	1.120000	1.151000	1.182000	1.214000	1.245000	1.276000	1.307000	1.354000	1.385000	1.416000	1.448000	1.479000	1.510000	1.541000	1.572000	1.619000	1.650000	1.682000	1.713000	1.744000	1.775000	1.806000	1.853000	1.884000	1.916000	1.947000	1.978000	2.009000	2.040000	2.087000	2.118000	2.150000	2.181000	2.212000	2.243000	2.274000	2.306000	2.352000	2.384000	2.415000	2.446000	2.477000	2.508000	2.540000	2.586000	2.618000	2.649000	2.680000	2.711000	2.742000	2.774000	2.820000	2.852000	2.883000	2.914000	2.945000	2.976000	3.008000	3.039000	3.086000	3.117000	3.148000	3.179000	3.210000	3.242000	3.273000	3.320000	3.351000	3.382000	3.413000	3.444000	3.476000	3.507000	3.538000	3.585000	3.616000	3.647000	3.678000	3.710000	3.741000	3.772000	3.819000	3.850000	3.881000	3.912000	3.944000	3.975000	4.006000	4.037000	4.084000	4.115000	4.146000	4.178000	4.209000	4.240000	4.271000	4.318000	4.349000	4.380000	4.412000	4.443000	4.474000	4.505000	4.552000	4.583000	4.614000	4.646000	4.677000	4.708000	4.739000	4.770000	4.817000	4.848000	4.880000	4.911000	4.942000	4.973000	5.004000	5.051000	5.082000	5.114000	5.145000	5.176000	5.207000	5.238000	5.285000	5.316000	5.348000	5.379000	5.410000	5.441000	5.472000	5.504000	5.550000	5.582000	5.613000	5.644000	5.675000	5.706000	5.738000	5.784000	5.816000	5.847000	5.878000	5.909000	5.940000	5.972000	6.018000	6.050000	6.081000	6.112000	6.143000	6.174000	6.206000	6.237000	6.284000	6.315000	6.346000	6.377000	6.408000	6.440000	6.471000	6.518000	6.549000	6.580000	6.611000	6.642000	6.674000	6.705000	6.752000	6.783000	6.814000	6.845000	6.876000	6.908000	6.939000	6.970000	7.017000	7.048000	7.079000	7.110000	7.142000	7.173000	7.204000	7.251000	7.282000	7.313000	7.344000	7.376000	7.407000	7.438000	7.469000	7.516000	7.547000	7.578000	7.610000	7.641000	7.672000	7.703000	7.750000	7.781000	7.812000	7.844000	7.875000	7.906000	7.937000	7.984000	8.015000	8.046000	8.078000	8.109000	8.140000	8.171000	8.202000	8.249000	8.280000	8.312000	8.343000	8.374000	8.405000	8.436000	8.483000	8.514000	8.546000	8.577000	8.608000	8.639000	8.670000	8.702000	8.748000	8.780000	8.811000	8.842000	8.873000	8.904000	8.936000	8.982000	9.014000	9.045000	9.076000	9.107000	9.138000	9.170000	9.216000	9.248000	9.279000	9.310000	9.341000	9.372000	9.404000	9.435000	9.482000	9.513000	9.544000	9.575000	9.606000	9.638000	9.669000	9.716000	9.747000	9.778000	9.809000	9.840000	9.872000	9.903000	9.950000	9.981000	10.012000	10.043000	10.074000	10.106000	10.137000	10.168000	10.215000	10.246000	10.277000	10.308000	10.340000	10.371000	10.402000	10.449000	10.480000	10.511000	10.542000	10.574000	10.605000	10.636000	10.683000	10.714000	10.745000	10.776000	10.808000	10.839000	10.870000	10.901000	10.948000	10.979000	11.010000	11.042000	11.073000	11.104000	11.135000	11.182000	11.213000	11.244000	11.276000	11.307000	11.338000	11.369000	11.400000	11.447000	11.478000	11.510000	11.541000	11.572000	11.603000	11.634000	11.681000	11.712000	11.744000	11.775000	11.806000	11.837000	11.868000	11.915000	11.946000	11.978000	12.009000	12.040000	12.071000	12.102000	12.134000	12.180000	12.212000	12.243000	12.274000	12.305000	12.336000	12.368000	12.414000	12.446000	12.477000	12.508000	12.539000	12.570000	12.602000	12.648000	12.680000	12.711000	12.742000	12.773000	12.804000	12.836000	12.867000	12.914000	12.945000	12.976000	13.007000	13.038000	13.070000	13.101000	13.148000	13.179000	13.210000	13.241000	13.272000	13.304000	13.335000	13.382000	13.413000	13.444000	13.475000	13.506000	13.538000	13.569000	13.600000	13.647000	13.678000	13.709000	13.740000	13.772000	13.803000	13.834000	13.881000	13.912000	13.943000	13.974000	14.006000	14.037000	14.068000	14.099000	14.146000	14.177000	14.208000	14.240000	14.271000	14.302000	14.333000	14.380000	14.411000	14.442000	14.474000	14.505000	14.536000	14.567000	14.614000	14.645000	14.676000	14.708000	14.739000	14.770000	14.801000	14.832000	14.879000	14.910000	14.942000	14.973000	15.004000	15.035000	15.066000	15.113000	15.144000	15.176000	15.207000	15.238000	15.269000	15.300000	15.332000	15.378000	15.410000	15.441000	15.472000	15.503000	15.534000	15.566000	15.612000	15.644000	15.675000	15.706000	15.737000	15.768000	15.800000	15.846000	15.878000	15.909000	15.940000	15.971000	16.002000	16.034000	16.065000	16.112000	16.143000	16.174000	16.205000	16.236000	16.268000	16.299000	16.346000	16.377000	16.408000	16.439000	16.470000	16.502000	16.533000	16.580000	16.611000	16.642000	16.673000	16.704000	16.736000	16.767000	16.798000	16.845000	16.876000	16.907000	16.938000	16.970000	17.001000	17.032000	17.079000	17.110000	17.141000	17.172000	17.204000	17.235000	17.266000	17.313000	17.344000	17.375000	17.406000	17.438000	17.469000	17.500000	17.531000	17.578000	17.609000	17.640000	17.672000	17.703000	17.734000	17.765000	17.812000	17.843000	17.874000	17.906000	17.937000	17.968000	17.999000
%%%	13.913043	13.913043	13.913043	13.913043	13.913043	13.913043	13.913043	13.913043	13.913043	13.913043	13.913043	13.913043	13.913043	13.913043	13.913043	13.913043	13.913043	13.913043	13.913043	13.913043	13.913043	13.913043	13.913043	13.913043	13.913043	13.913043	13.913043	13.913043	13.913043	13.913043	13.913043	13.913043	13.913043	13.913043	13.913043	13.913043	13.913043	13.913043	13.913043	13.913043	13.913043	13.913043	13.913043	13.913043	13.913043	13.913043	13.913043	13.913043	13.913043	13.913043	13.913043	13.913043	13.913043	13.913043	13.913043	13.913043	13.913043	13.913043	13.913043	13.913043	13.913043	13.913043	13.913043	13.913043	13.913043	13.913043	13.913043	13.913043	13.913043	13.913043	13.913043	13.913043	13.913043	13.913043	13.913043	13.913043	13.913043	13.913043	13.913043	13.913043	13.913043	13.913043	13.913043	13.913043	13.913043	13.913043	13.913043	13.913043	13.913043	13.913043	13.913043	13.913043	13.913043	13.913043	13.913043	13.913043	13.913043	13.913043	13.913043	13.913043	13.913043	13.913043	13.913043	13.913043	13.913043	13.913043	13.913043	13.913043	13.913043	13.913043	13.913043	13.913043	13.913043	13.913043	13.913043	13.913043	13.913043	13.913043	13.913043	13.913043	13.913043	13.913043	13.913043	13.913043	13.913043	13.913043	13.913043	13.913043	13.913043	13.913043	13.913043	13.913043	13.913043	13.913043	13.913043	13.913043	13.913043	13.913043	13.913043	13.913043	13.913043	13.913043	13.913043	13.913043	13.913043	13.913043	13.913043	13.913043	13.913043	13.913043	13.913043	13.913043	13.913043	13.913043	13.913043	13.913043	13.913043	13.913043	13.913043	13.913043	13.913043	13.913043	13.913043	13.913043	13.913043	13.913043	13.913043	13.913043	13.913043	13.913043	13.913043	13.913043	13.913043	13.913043	13.913043	13.913043	13.913043	13.913043	13.913043	13.913043	13.913043	13.913043	13.913043	13.913043	13.913043	13.913043	13.913043	13.913043	13.913043	13.913043	13.913043	13.913043	13.913043	13.913043	13.913043	13.913043	13.913043	13.913043	13.913043	13.913043	13.913043	13.913043	13.913043	13.913043	13.913043	13.913043	13.913043	13.913043	13.913043	13.913043	13.913043	13.913043	13.913043	13.913043	13.913043	13.913043	13.913043	13.913043	13.913043	13.913043	13.913043	13.913043	13.913043	13.913043	13.913043	13.913043	13.913043	13.913043	13.913043	13.913043	13.913043	13.913043	13.913043	13.913043	13.913043	13.913043	13.913043	13.913043	13.913043	13.913043	13.913043	13.913043	13.913043	13.913043	13.913043	13.913043	13.913043	13.913043	13.913043	13.913043	13.913043	13.913043	13.913043	13.913043	13.913043	13.913043	13.913043	13.913043	13.913043	13.913043	13.913043	13.913043	13.913043	13.913043	13.913043	13.913043	13.913043	13.913043	13.913043	13.913043	13.913043	13.913043	13.913043	13.913043	13.913043	13.913043	13.913043	13.913043	13.913043	13.913043	13.913043	13.913043	13.913043	13.913043	13.913043	13.913043	13.913043	13.913043	13.913043	13.913043	13.913043	13.913043	13.913043	13.913043	13.913043	13.913043	13.913043	13.913043	13.913043	13.913043	13.913043	13.913043	13.913043	13.913043	13.913043	13.913043	13.913043	13.913043	13.913043	13.913043	13.913043	13.913043	13.913043	13.913043	13.913043	13.913043	13.913043	13.913043	13.913043	13.913043	13.913043	13.913043	13.913043	13.913043	13.913043	13.913043	13.913043	13.913043	13.913043	13.913043	13.913043	13.913043	13.913043	13.913043	13.913043	13.913043	13.913043	13.913043	13.913043	13.913043	13.913043	13.913043	13.913043	13.913043	13.913043	13.913043	13.913043	13.913043	13.913043	13.913043	13.913043	13.913043	13.913043	13.913043	13.913043	13.913043	13.913043	13.913043	13.913043	13.913043	13.913043	13.913043	13.913043	13.913043	13.913043	13.913043	13.913043	13.913043	13.913043	13.913043	13.913043	13.913043	13.913043	13.913043	13.913043	13.913043	13.913043	13.913043	13.913043	13.913043	13.913043	13.913043	13.913043	13.913043	13.913043	13.913043	13.913043	13.913043	13.913043	13.913043	13.913043	13.913043	13.913043	13.913043	13.913043	13.913043	13.913043	13.913043	13.913043	13.913043	13.913043	13.913043	13.913043	13.913043	13.913043	13.913043	13.913043	13.913043	13.913043	13.913043	13.913043	13.913043	13.913043	13.913043	13.913043	13.913043	13.913043	13.913043	13.913043	13.913043	13.913043	13.913043	13.913043	13.913043	13.913043	13.913043	13.913043	13.913043	13.913043	13.913043	13.913043	13.913043	13.913043	13.913043	13.913043	13.913043	13.913043	13.913043	13.913043	13.913043	13.913043	13.913043	13.913043	13.913043	13.913043	13.913043	13.913043	13.913043	13.913043	13.913043	13.913043	13.913043	13.913043	13.913043	13.913043	13.913043	13.913043	13.913043	13.913043	13.913043	13.913043	13.913043	13.913043	13.913043	13.913043	13.913043	13.913043	13.913043	13.913043	13.913043	13.913043	13.913043	13.913043	13.913043	13.913043	13.913043	13.913043	13.913043	13.913043	13.913043	13.913043	13.913043	13.913043	13.913043	13.913043	13.913043	13.913043	13.913043	13.913043	13.913043	13.913043	13.913043	13.913043	13.913043	13.913043	13.913043	13.913043	13.913043	13.913043	13.913043	13.913043	13.913043	13.913043	13.913043	13.913043	13.913043	13.913043	13.913043	13.913043	13.913043	13.913043	13.913043	13.913043	13.913043	13.913043	13.913043	13.913043	13.913043	13.913043	13.913043	13.913043	13.913043	13.913043	13.913043	13.913043	13.913043	13.913043	13.913043	13.913043	13.913043	13.913043	13.913043	13.913043	13.913043	13.913043	13.913043	13.913043	13.913043	13.913043	13.913043	13.913043	13.913043	13.913043
%%%	Pulse Index	Stimulus Section Index	Stimulus Section Start Index	Stimulus Section End Index	Pupil Stimulated: 0 = Right, 1 = Left, 2 = Both	Light Metric: 0 = Photopic, 1 = Scopotic, 2 = Radiometric	Stimulus Start Time	Stimulus Duration	Stimulus Pulse Duration	Right Pulse Max Level	Right Pulse Max Color (0123 = WRGB)	Right Pulse Min Level	Right Pulse Min Color (0123 = WRGB)	Left Pulse Max Level	Left Pulse Max Color (0123 = WRGB)	Left Pulse Min Level	Left Pulse Min Color (0123 = WRGB)	Right Data Input Type (0 == RAW DATA, 1 == FITTED DATA, 2 == M. OVERRIDED)	Right ANALYSIS STATE (0 == ABNORMAL, 1 == NORMAL)	Right MAX (mm) (EMPTY if INVALID)	Right MIN (mm) (EMPTY if INVALID)	Right DELTA (mm) (EMPTY if INVALID)	Right CH (%) (EMPTY if INVALID)	Right LAT (sec) (EMPTY if INVALID)	Right CV (mm/s) (EMPTY if INVALID)	Right MCV (mm/s) (EMPTY if INVALID)	Right DV (mm/s) (EMPTY if INVALID)	Left Data Input Type (0 == RAW DATA, 1 == FITTED DATA, 2 == M. OVERRIDED)	Left ANALYSIS STATE (0 == ABNORMAL, 1 == NORMAL)	Left MAX (mm) (EMPTY if INVALID)	Left MIN (mm) (EMPTY if INVALID)	Left DELTA (mm) (EMPTY if INVALID)	Left CH (%) (EMPTY if INVALID)	Left LAT (sec) (EMPTY if INVALID)	Left CV (mm/s) (EMPTY if INVALID)	Left MCV (mm/s) (EMPTY if INVALID)	Left DV (mm/s) (EMPTY if INVALID)
%%%	0	0	18	541	0	0	0.51	17.52	0.51	15.98	1	0.00	1	0.00	1	0.00	1	0	0	0.00	0.00			0.00	0.00	0.00	0.00	0	0	0.00	0.00			0.00	0.00	0.00	0.00
%%%%%%%%%
%%%%%%%%%
%%%%%%%%%
<\SESSION>
