<SESSION>
<VERSION>
2
<\VERSION>
<DATE>
2017-08-15 10:24:52
<\DATE>
<SUBJECT-ID>
c57-1mois-F6-4.5r
<\SUBJECT-ID>
<NOTE>

<\NOTE>
<MIN-MAX-PLOT>
0.100000 51880.761719
<\MIN-MAX-PLOT>
<STIMULUS-DEFINED>
Default
Default Human Relative Spectral Sensitivity
1	0
1	0.500000	0.500000	17.000000	1	1	4.500000	-100.000000	0.100000	-100.000000	0
<\STIMULUS-DEFINED>
<STIMULUS-GENERATED>
4
0	0	0.000000	1	0.000000	0.000000	1	0.000000	0.000000
0	1	0.509000	1	129.044220	31625.173828	1	0.000000	0.000000
0	4	1.018000	1	0.000000	0.000000	1	0.000000	0.000000
-1	5	18.028000	0	0.000000	0.000000	0	0.000000	0.000000
<\STIMULUS-GENERATED>
<RIGHT-PUPIL-DATA>
543	1
1	-0.051000	1.324493	337.593750	306.531250
1	-0.019000	1.322899	337.399994	306.475006
1	0.012000	1.321159	337.500000	307.250000
0	0.043000	0.637971	346.374969	314.037506
1	0.074000	1.299275	338.081238	308.043762
1	0.105000	1.322899	337.524994	307.975006
1	0.137000	1.330145	336.587494	308.412506
1	0.183000	1.379710	338.000000	308.500000
1	0.215000	1.327681	336.593750	307.593750
1	0.246000	1.325073	337.006256	307.493744
1	0.277000	1.324927	337.524994	307.475006
1	0.308000	1.329855	337.437500	307.562500
1	0.339000	1.321739	337.000000	307.500000
1	0.371000	1.333333	339.000000	305.500000
1	0.417000	1.322899	337.475006	307.024994
0	0.449000	1.240580	335.000000	309.500000
1	0.480000	1.357536	338.068756	307.131256
0	0.511000	1.240580	335.000000	309.500000
1	0.542000	1.333768	337.431244	306.693756
1	0.573000	1.294493	337.149994	306.149994
0	0.605000	1.207101	337.643738	309.218750
1	0.651000	1.303333	337.731262	307.231262
1	0.683000	1.291884	337.937500	306.937500
1	0.714000	1.286957	338.000000	306.500000
1	0.745000	1.305942	337.781250	307.768738
1	0.776000	1.265362	337.868744	307.431244
1	0.807000	1.298551	337.281250	307.843750
1	0.839000	1.272319	339.156250	309.331238
1	0.870000	1.272754	338.712494	309.287506
1	0.917000	1.238986	338.806244	309.568756
1	0.948000	1.185362	338.531250	309.531250
1	0.979000	0.918406	342.618744	307.568756
1	1.010000	1.171015	337.000000	309.500000
1	1.041000	1.125507	338.937500	309.500000
1	1.073000	1.107971	338.956238	309.831238
1	1.104000	1.113043	338.750000	309.750000
1	1.151000	1.072899	338.693756	310.481232
1	1.182000	1.062029	338.274994	310.225006
1	1.213000	1.009855	338.012482	309.475006
0	1.244000	0.913623	339.625000	309.125000
1	1.275000	0.989710	338.218750	309.093750
1	1.307000	0.972754	338.475006	308.975006
1	1.338000	0.946667	337.850006	308.850006
1	1.385000	0.933333	338.000000	309.000000
1	1.416000	0.839420	338.350006	307.962494
1	1.447000	0.941159	339.287506	310.287506
1	1.478000	0.932754	338.449890	310.599976
1	1.509000	0.913768	337.893738	310.893738
1	1.541000	0.882754	338.256256	311.631256
0	1.572000	0.869565	339.000000	309.500000
1	1.603000	0.540145	342.506256	314.506256
1	1.650000	0.876812	337.887512	309.887512
1	1.681000	0.861449	338.000000	310.000000
1	1.712000	0.835942	339.274994	309.975006
1	1.743000	0.783768	339.112518	307.962494
0	1.775000	0.792318	337.981415	307.968597
1	1.806000	0.881159	337.000000	310.500000
1	1.837000	0.848406	338.437500	310.812500
0	1.884000	0.800000	339.000000	309.500000
1	1.915000	0.813623	338.312500	310.312500
1	1.946000	0.848841	338.756256	310.806244
1	1.977000	0.815362	338.662506	310.287506
1	2.009000	0.776812	339.500000	310.000000
1	2.040000	0.831594	338.462494	309.537506
1	2.071000	0.544638	343.537506	314.087494
1	2.118000	0.814638	338.706238	310.281250
1	2.149000	0.813623	338.737488	310.312500
0	2.180000	0.742464	340.318756	309.268768
1	2.211000	0.801159	339.225006	311.024994
1	2.243000	0.809855	339.225006	311.225006
1	2.274000	0.794493	340.100006	311.912506
1	2.305000	0.833623	339.412506	311.975006
0	2.336000	0.743623	339.306244	311.318756
0	2.383000	0.716812	339.062500	309.937500
1	2.414000	0.494058	342.856262	315.893738
1	2.445000	0.791304	338.000000	310.250000
0	2.477000	0.465942	342.406250	316.293762
1	2.508000	0.800000	339.250000	310.750000
0	2.539000	0.721159	340.125000	311.000000
1	2.570000	0.411884	331.212494	304.712494
1	2.617000	0.820580	338.212494	309.787506
0	2.648000	0.781449	339.024994	309.725006
1	2.679000	0.827246	338.587494	309.475006
0	2.711000	0.591304	343.000000	313.500000
0	2.742000	0.496377	342.843719	311.206268
1	2.773000	0.814638	338.718750	306.281250
1	2.804000	0.800145	339.131256	307.006256
1	2.851000	0.847681	339.243744	307.556244
1	2.882000	0.566232	344.006256	311.868744
0	2.913000	0.831015	339.437500	308.562500
1	2.945000	0.856377	339.693726	309.681030
1	2.976000	0.833188	339.468750	308.593750
1	3.007000	0.516232	343.287506	313.662506
1	3.038000	0.813623	339.687500	308.312500
0	3.069000	0.591304	343.000000	313.500000
1	3.116000	0.855362	339.287506	307.899994
1	3.147000	0.859710	339.037506	307.600006
0	3.179000	0.555362	343.949982	311.912506
1	3.210000	0.871159	339.093750	307.518738
1	3.241000	0.839855	339.581238	307.418762
1	3.272000	0.865797	338.937500	308.549988
1	3.303000	0.876232	338.837494	308.912506
0	3.350000	0.751015	339.712494	310.537506
1	3.381000	0.867971	338.843750	308.518738
1	3.413000	0.900290	339.500000	308.549988
1	3.444000	0.881449	338.662506	308.387482
1	3.475000	0.892898	338.893738	309.193726
1	3.506000	0.876812	339.137512	308.612488
1	3.537000	0.865797	338.187500	307.937500
0	3.584000	0.610870	342.625000	313.375000
0	3.615000	0.568986	343.062500	313.062500
1	3.647000	0.872464	339.825012	310.049988
1	3.678000	0.886377	338.000000	310.000000
1	3.709000	0.568551	343.931244	314.068756
0	3.740000	0.812464	338.362488	308.737488
1	3.771000	0.904348	338.750000	309.750000
1	3.803000	0.884928	338.287506	309.287506
1	3.849000	0.874928	338.068756	309.931244
0	3.881000	0.556522	343.000000	314.500000
0	3.912000	0.834058	339.481262	309.018738
0	3.943000	0.614493	345.000000	313.500000
1	3.974000	0.913188	337.693756	310.431244
0	4.005000	0.743623	340.681244	312.681244
1	4.037000	0.550725	343.625000	315.825012
1	4.083000	0.886377	338.000000	311.375000
1	4.115000	0.886957	337.500000	311.000000
1	4.146000	0.885507	338.737488	311.299988
0	4.177000	0.660870	341.500000	314.000000
0	4.208000	0.805797	339.000000	309.500000
0	4.239000	0.817391	339.000000	310.500000
1	4.271000	0.597246	343.218750	315.281250
0	4.302000	0.579710	343.250000	315.750000
0	4.349000	0.568116	343.000000	315.500000
1	4.380000	0.920145	338.218750	311.781250
0	4.411000	0.578261	342.975006	315.812531
1	4.442000	0.575072	343.024994	316.024994
1	4.473000	0.903188	337.475006	311.975006
0	4.505000	0.835362	339.500000	310.625000
1	4.536000	0.920725	337.743744	312.381256
1	4.583000	0.858406	338.831238	311.843750
1	4.614000	0.630725	344.162476	315.950073
0	4.645000	0.556667	343.043732	317.268768
1	4.676000	0.927536	337.750000	313.750000
0	4.707000	0.857681	340.162506	313.337494
1	4.739000	0.926811	337.581268	312.943756
0	4.770000	0.601015	343.631256	316.506256
1	4.817000	0.583768	343.899994	317.274994
1	4.848000	0.951159	338.181244	311.818756
1	4.879000	0.944058	337.687500	312.187500
1	4.910000	0.951015	338.287506	311.837494
1	4.941000	0.914493	338.174988	311.737488
0	4.973000	0.591304	343.000000	317.500000
1	5.004000	0.927681	338.593750	311.543762
0	5.035000	0.609275	343.500000	316.500000
1	5.082000	0.938116	337.993744	311.993744
0	5.113000	0.604928	343.437500	316.437500
1	5.144000	0.935362	338.362488	313.000000
0	5.175000	0.541884	343.468750	317.218750
1	5.207000	0.560290	343.674988	316.987488
0	5.238000	0.636231	343.125122	316.062439
0	5.269000	0.591304	344.000000	314.500000
1	5.316000	0.920145	338.781250	312.656250
1	5.347000	0.574058	344.006287	315.856201
0	5.378000	0.857681	340.837494	311.662506
1	5.409000	0.957102	338.687500	312.750000
1	5.441000	0.939130	338.718750	312.468750
1	5.472000	0.622464	343.706238	316.956238
1	5.503000	0.956667	338.243744	312.931244
1	5.550000	0.957246	338.093719	313.243744
1	5.581000	0.973188	338.018738	313.768738
1	5.612000	0.957102	338.750000	313.750000
0	5.643000	0.620580	342.662506	315.537506
1	5.675000	0.970290	337.956238	314.081238
1	5.706000	0.987971	337.943756	314.256256
0	5.737000	0.802899	341.750000	315.000000
1	5.768000	0.985797	338.199951	314.712463
1	5.815000	0.957102	338.062500	314.750000
1	5.846000	0.977681	338.062500	314.812500
1	5.877000	0.972899	337.493744	314.618744
1	5.909000	0.972319	337.531250	314.968750
0	5.940000	0.637681	343.500000	318.000000
0	5.971000	0.912029	337.381256	316.118744
1	6.002000	0.962319	336.000000	314.500000
1	6.049000	0.998841	336.850006	314.100006
1	6.080000	1.002899	337.424988	314.549988
1	6.111000	0.998841	336.850006	313.899994
1	6.143000	1.008116	337.750000	314.000000
1	6.174000	1.013768	337.456238	314.043762
1	6.205000	0.977246	337.456268	313.993744
1	6.236000	1.008116	337.000000	314.500000
1	6.267000	0.997101	337.750000	313.750000
0	6.314000	0.855362	340.537506	314.287506
0	6.345000	0.614493	343.500000	317.000000
0	6.377000	0.611014	343.212494	317.550018
1	6.408000	1.009420	337.018738	313.531250
1	6.439000	1.008841	336.543732	313.743744
0	6.470000	0.962319	338.000000	314.500000
1	6.501000	0.972899	337.493744	313.118744
0	6.548000	0.614493	343.250000	317.250000
1	6.579000	0.990290	337.681244	313.756256
1	6.611000	1.034928	336.881256	313.881256
1	6.642000	1.024493	337.268738	313.781250
0	6.673000	1.152174	354.662506	322.712433
0	6.704000	0.635797	343.868744	315.556244
1	6.735000	1.040580	337.487488	313.887512
1	6.782000	1.002754	337.481232	313.506195
1	6.813000	0.987536	337.312500	313.312500
1	6.845000	1.027971	337.218811	313.168823
1	6.876000	1.042898	336.950012	312.512512
0	6.907000	0.605362	343.443756	317.443756
1	6.938000	1.024493	337.218750	314.218750
1	6.969000	1.006377	337.475006	313.524994
1	7.001000	0.991304	338.875000	314.375000
1	7.047000	1.041884	337.406250	313.968750
0	7.079000	0.974058	337.993744	314.443756
1	7.110000	1.026232	337.243744	313.431244
1	7.141000	0.973333	338.000000	314.000000
0	7.172000	0.915942	338.000000	312.500000
1	7.203000	1.049420	337.906250	313.093750
1	7.235000	1.014493	338.000000	314.000000
1	7.281000	1.023333	337.268738	312.818848
0	7.313000	0.814349	348.719055	321.631714
0	7.344000	1.007102	337.731262	314.468750
0	7.375000	0.898406	341.531250	313.843750
1	7.406000	1.061884	337.243744	313.256256
1	7.437000	0.994058	337.281250	314.281250
1	7.469000	0.631884	342.000000	318.000000
1	7.515000	1.009420	337.531250	314.018738
0	7.547000	0.679275	343.493744	317.493744
1	7.578000	1.095652	336.500000	313.000000
1	7.609000	1.044638	336.524994	313.399994
1	7.640000	1.040290	336.587494	313.475006
1	7.671000	1.055072	336.000000	312.500000
1	7.703000	1.019565	337.181244	313.693756
1	7.734000	1.055072	339.000000	313.500000
1	7.781000	1.018405	337.618774	313.681396
1	7.812000	0.990290	337.243744	315.243744
1	7.843000	1.079275	337.006256	313.006256
1	7.874000	0.997971	338.149994	314.649994
1	7.905000	1.074058	337.518768	313.081268
0	7.937000	0.689710	342.406250	317.593750
1	7.968000	1.020145	337.343750	313.843750
1	8.015000	1.114638	336.531250	314.018738
0	8.046000	1.055072	335.000000	313.500000
1	8.077000	1.034203	337.637512	313.125000
1	8.108000	0.985362	338.156250	314.281250
1	8.139000	1.055072	339.000000	313.500000
1	8.171000	1.025072	338.193756	314.818756
0	8.202000	0.865797	341.187500	313.812500
1	8.233000	1.079855	337.531250	312.968750
1	8.280000	1.064638	336.812500	312.750000
1	8.311000	0.971159	338.906250	314.593750
1	8.342000	1.097246	337.218750	313.218750
1	8.373000	1.083188	337.049988	312.937500
1	8.405000	1.066667	337.625000	312.875000
1	8.436000	1.054928	337.593750	313.906250
1	8.467000	1.088116	337.100006	313.962494
1	8.514000	1.065797	337.362488	312.687500
1	8.545000	1.072899	337.318756	312.481232
0	8.576000	1.000000	338.000000	314.250000
1	8.607000	1.097246	337.218750	313.218750
0	8.639000	1.634783	347.000000	321.500000
1	8.670000	1.117971	337.437500	313.937500
1	8.701000	1.113043	337.000000	314.500000
0	8.748000	0.994058	353.706238	321.281250
0	8.779000	0.681159	343.450012	319.450012
1	8.810000	1.040290	337.475006	316.587494
1	8.841000	1.101449	336.312500	315.937500
1	8.873000	1.061449	337.250000	317.250000
1	8.904000	1.118551	336.337494	318.087494
1	8.935000	1.085507	337.012512	317.237488
0	8.966000	1.055072	339.000000	317.500000
1	9.013000	1.113623	336.000000	317.000000
0	9.044000	1.028841	336.206238	318.843750
1	9.075000	1.124638	335.000000	317.500000
1	9.107000	1.081594	336.443756	317.556244
1	9.138000	1.089710	335.843750	316.156250
1	9.169000	1.111014	335.912506	316.287506
1	9.200000	1.131014	336.250000	316.875000
1	9.247000	1.142029	336.000000	317.000000
1	9.278000	1.081449	336.537506	318.462494
0	9.309000	0.682464	343.431244	320.506256
1	9.341000	1.111449	336.531250	317.293762
1	9.372000	1.079855	337.031250	318.406250
1	9.403000	1.123333	335.968750	317.406250
1	9.434000	1.168551	336.193756	317.193756
1	9.481000	1.084493	336.481262	318.381287
1	9.512000	1.101159	335.887482	317.162506
1	9.543000	1.134058	335.843750	317.218750
1	9.575000	1.121159	335.875000	318.062500
1	9.606000	1.114203	335.524994	315.975006
1	9.637000	1.131159	335.768738	317.768738
1	9.668000	1.158551	336.087494	316.774994
1	9.699000	1.171015	337.000000	317.500000
1	9.746000	1.134058	336.331238	317.331238
1	9.777000	1.155507	335.618744	317.418732
1	9.809000	1.177101	335.337494	317.962494
1	9.840000	1.161884	335.806244	316.806244
1	9.871000	1.159855	335.556244	316.631256
1	9.902000	1.152319	336.431244	316.431244
1	9.933000	1.147826	336.000000	316.500000
1	9.980000	1.159420	336.000000	315.500000
0	10.011000	0.719275	343.018799	322.005981
1	10.043000	1.181449	335.975006	315.975006
1	10.074000	1.171015	335.000000	315.500000
1	10.105000	1.167971	336.318756	315.968781
1	10.136000	1.194203	336.500000	317.000000
1	10.167000	1.190725	336.500000	316.500000
1	10.214000	1.188116	336.524994	316.524994
1	10.245000	1.178841	336.625000	315.937500
0	10.277000	0.718551	343.087494	320.087494
1	10.308000	1.194203	336.125000	315.375000
1	10.339000	1.188551	336.081238	315.468750
1	10.370000	1.202899	336.299988	314.700012
1	10.401000	1.197101	336.362488	314.200012
1	10.433000	1.187971	336.493744	314.506256
1	10.479000	1.181449	336.399994	315.024994
1	10.511000	1.185942	336.556244	315.443756
1	10.542000	1.209855	336.212494	315.350006
1	10.573000	1.203333	336.693756	316.306244
1	10.604000	1.203768	336.674988	315.362488
0	10.635000	1.008696	338.000000	318.500000
1	10.667000	1.187971	336.493744	315.506256
1	10.713000	1.169420	335.806244	314.556244
1	10.745000	1.216377	335.881256	315.868744
1	10.776000	1.164493	336.206238	315.768738
1	10.807000	1.202319	336.225006	316.225006
1	10.838000	1.197971	336.912506	315.262482
1	10.869000	1.204348	336.250000	316.250000
1	10.901000	1.159275	336.093750	317.093750
1	10.947000	1.167971	336.218750	316.781250
1	10.979000	1.204638	336.000000	317.000000
1	11.010000	1.209855	336.337494	315.350006
0	11.041000	0.722899	343.037506	319.975006
1	11.072000	1.153623	336.424988	315.987488
1	11.103000	1.194203	336.250000	315.250000
1	11.135000	1.242899	335.862488	315.625000
1	11.166000	1.221159	336.062500	315.812500
1	11.213000	1.192464	335.899994	315.850006
1	11.244000	1.194203	336.000000	316.500000
1	11.275000	1.171015	336.750000	316.250000
1	11.306000	1.182609	337.000000	316.500000
1	11.337000	1.203333	336.693756	315.631256
1	11.369000	1.229855	336.687500	315.937500
1	11.400000	1.206522	337.000000	314.687500
1	11.447000	1.230725	337.287506	313.524994
1	11.478000	1.189420	337.043762	312.518738
0	11.509000	1.574493	347.125000	321.375000
0	11.540000	0.723333	344.981262	315.968750
1	11.571000	1.191884	337.437500	311.875000
1	11.603000	1.211884	337.412506	313.087494
1	11.634000	1.221159	336.937500	312.812500
1	11.681000	1.240580	338.000000	312.500000
1	11.712000	1.194058	336.843750	312.593750
0	11.743000	0.990290	338.068756	316.243744
1	11.774000	1.220145	336.781250	311.781250
0	11.805000	0.713333	344.412476	318.112488
1	11.837000	1.200145	337.056244	311.806244
1	11.868000	1.233188	336.468750	311.968750
1	11.899000	1.217391	337.000000	311.500000
1	11.946000	1.217391	337.000000	311.500000
1	11.977000	1.221159	337.187500	312.062500
1	12.008000	1.229420	336.181244	312.068756
1	12.039000	1.175073	336.399994	312.600006
1	12.071000	1.225073	336.568756	312.256256
1	12.102000	1.238116	336.568756	311.806244
1	12.133000	1.217391	336.500000	312.000000
1	12.164000	1.217391	336.500000	312.000000
0	12.211000	1.018116	337.393768	316.293793
1	12.242000	1.222319	336.000000	311.437500
1	12.273000	1.240580	335.000000	313.500000
1	12.305000	0.707536	343.837494	318.837494
1	12.336000	1.220580	336.962494	312.037506
1	12.367000	1.240290	336.712494	313.087494
1	12.398000	1.222319	336.750000	312.562500
1	12.445000	1.239275	336.768677	312.406250
1	12.476000	1.217246	335.993744	312.368744
1	12.507000	1.251160	335.993744	311.993744
1	12.539000	1.244638	336.475006	311.850006
1	12.570000	1.240580	335.000000	313.500000
1	12.601000	1.233188	336.468750	312.718750
1	12.632000	1.263768	336.500000	312.000000
1	12.679000	1.253188	336.618744	312.743744
1	12.710000	1.234783	336.718750	313.468750
1	12.741000	1.253188	336.743744	313.618744
1	12.773000	1.240580	335.500000	314.000000
1	12.804000	1.239710	336.375000	315.125000
0	12.835000	1.240580	339.000000	317.500000
1	12.866000	1.257246	336.418762	314.581238
1	12.897000	1.283333	336.581238	314.456238
1	12.944000	1.230435	335.875000	314.375000
1	12.975000	1.252754	336.000000	315.000000
1	13.007000	1.271159	335.718750	315.093750
1	13.038000	1.258116	336.343750	315.656250
1	13.069000	1.228841	336.093750	316.156250
1	13.100000	1.248986	335.912506	316.537506
1	13.131000	1.252174	336.000000	316.500000
1	13.178000	1.261449	336.125000	316.487488
1	13.209000	1.240580	335.000000	317.500000
1	13.241000	1.292899	335.468750	316.218750
1	13.272000	1.267971	335.781250	315.781250
1	13.303000	1.257101	335.312500	315.687500
1	13.334000	1.268841	336.268738	315.268738
1	13.365000	1.251594	335.625000	314.500000
1	13.412000	1.238551	335.812500	314.187500
1	13.443000	1.273333	336.125000	313.737488
1	13.475000	1.288116	336.024994	313.824982
1	13.506000	1.240580	339.000000	313.500000
1	13.537000	1.333333	335.000000	313.500000
1	13.568000	1.252319	336.243744	313.993744
1	13.599000	1.235362	335.625000	313.187500
1	13.631000	1.274638	336.143738	313.668762
1	13.677000	1.271159	335.718750	312.831238
1	13.709000	1.248840	335.993744	312.631256
1	13.740000	1.274638	335.668762	313.668762
1	13.771000	1.304493	336.743744	313.243744
1	13.802000	1.286957	336.500000	313.000000
1	13.833000	1.265942	336.543762	312.906250
0	13.865000	0.755942	342.500000	319.625000
1	13.911000	1.277536	335.768768	312.856293
1	13.943000	1.263768	335.250000	312.750000
1	13.974000	1.279420	335.274994	313.024994
1	14.005000	1.263623	335.206238	313.543762
1	14.036000	1.263768	335.500000	314.000000
1	14.067000	1.250580	335.418762	314.293762
1	14.099000	1.252754	335.000000	313.562500
1	14.145000	1.258116	335.343750	313.343750
1	14.177000	1.267246	335.274994	313.225006
1	14.208000	1.296812	335.975006	314.024994
1	14.239000	1.264058	335.587494	314.087494
1	14.270000	1.257246	336.081238	315.418762
1	14.301000	1.283768	335.787506	315.037506
1	14.333000	1.255797	335.506256	316.006256
1	14.364000	1.292754	335.500000	315.000000
1	14.411000	1.274493	335.187500	315.312500
1	14.442000	1.264058	335.412506	315.287506
1	14.473000	1.251014	335.600006	314.600006
1	14.504000	1.266232	335.893707	314.881256
1	14.535000	1.286957	335.500000	316.000000
1	14.567000	1.270580	336.256256	315.243744
1	14.598000	1.296377	335.156250	315.606262
1	14.645000	1.283188	336.062500	315.187500
0	14.676000	1.611594	347.000000	321.500000
1	14.707000	1.285362	335.968750	316.218750
1	14.738000	1.263623	335.593750	315.843750
1	14.769000	1.261594	336.043762	315.706238
1	14.801000	1.270145	336.187500	315.250000
1	14.832000	1.279420	336.274994	314.912506
0	14.879000	1.333333	339.000000	317.500000
1	14.910000	1.283768	336.212494	314.975006
1	14.941000	1.281014	337.768738	314.781250
1	14.972000	1.240580	339.000000	313.500000
1	15.003000	1.268986	337.125000	314.625000
1	15.035000	1.273333	337.187500	314.687500
1	15.066000	1.269565	337.000000	315.000000
1	15.097000	1.234058	336.768738	315.106262
1	15.144000	1.260290	337.125000	315.500000
1	15.175000	1.240580	335.000000	317.500000
1	15.206000	1.272754	336.662506	315.037506
1	15.237000	1.305507	336.725006	314.225006
1	15.269000	1.333333	335.000000	313.500000
1	15.300000	1.285942	336.543732	314.181244
1	15.331000	1.257971	337.000000	314.000000
1	15.378000	1.284203	336.756226	314.031250
1	15.409000	1.286377	337.000000	314.000000
1	15.440000	1.275507	337.281250	313.843750
1	15.471000	1.333333	339.000000	313.500000
1	15.503000	1.251594	335.562500	313.625000
1	15.534000	1.274058	336.693756	314.693756
1	15.565000	1.282609	336.250000	314.750000
1	15.612000	1.255942	336.437500	313.625000
0	15.643000	1.240580	339.000000	313.500000
1	15.674000	1.310725	336.425018	313.837494
1	15.705000	1.283623	336.506256	313.943756
1	15.737000	1.290290	336.756256	314.068756
0	15.768000	1.677246	345.618744	321.881256
1	15.799000	1.292464	336.087494	313.912506
1	15.830000	1.286957	336.500000	315.000000
1	15.877000	1.298551	336.000000	314.500000
1	15.908000	1.333333	335.000000	313.500000
1	15.939000	1.310145	337.000000	315.500000
0	15.971000	1.761014	345.931244	320.681244
0	16.002000	1.807681	345.931244	320.493744
1	16.033000	1.296232	335.125000	314.000000
1	16.064000	1.307971	335.668762	314.106262
1	16.095000	1.286957	336.000000	314.500000
1	16.142000	1.318986	335.593750	313.843750
0	16.173000	1.696232	341.875000	322.875000
1	16.205000	1.333333	335.000000	313.500000
1	16.236000	1.286957	336.000000	314.500000
0	16.267000	1.663623	345.906281	322.068695
1	16.298000	1.310290	336.156250	314.156250
1	16.329000	1.285362	336.031250	313.843750
1	16.376000	1.329420	335.518768	313.443756
1	16.407000	1.305072	335.093750	312.768738
1	16.439000	1.321739	336.468750	312.593750
1	16.470000	1.310290	335.406250	312.156250
1	16.501000	1.327536	335.375000	312.625000
1	16.532000	1.322899	335.475006	312.350006
1	16.563000	1.327246	335.412506	312.912506
1	16.610000	1.327101	335.493744	313.443756
1	16.641000	1.327536	335.375000	313.625000
1	16.673000	1.296377	335.031250	313.156250
1	16.704000	1.351160	334.818756	314.606232
1	16.735000	1.326232	335.506256	313.931244
1	16.766000	1.321739	334.250000	312.750000
1	16.797000	1.341884	334.706238	312.718750
1	16.829000	1.327246	335.412506	312.537506
1	16.875000	1.296812	334.899994	311.975006
1	16.907000	1.360290	337.062500	312.437500
1	16.938000	1.309275	334.687500	313.187500
1	16.969000	1.300580	334.937500	313.937500
1	17.000000	1.310145	335.500000	314.000000
1	17.031000	1.293333	334.962494	314.149994
0	17.063000	1.711449	346.381165	319.593750
0	17.109000	1.772754	344.024994	316.649994
1	17.141000	1.327101	335.431244	314.556244
1	17.172000	1.339130	335.500000	314.500000
1	17.203000	1.310145	335.000000	315.500000
1	17.234000	1.341884	335.718750	313.718750
0	17.265000	0.742319	343.274994	322.287506
1	17.297000	1.286957	335.500000	314.000000
0	17.343000	1.518841	347.000000	321.500000
1	17.375000	1.331884	335.375000	313.375000
0	17.406000	1.831449	345.568756	319.193756
0	17.437000	1.584203	347.893738	321.643738
0	17.468000	1.402899	351.000000	319.500000
1	17.499000	1.313188	335.631256	314.118744
1	17.531000	1.310145	336.750000	313.750000
0	17.562000	1.704348	343.000000	321.500000
1	17.609000	1.327246	335.912506	313.512482
1	17.640000	1.328261	335.937500	313.062500
1	17.671000	1.333768	336.381256	312.506256
1	17.702000	1.331014	335.500000	312.862488
1	17.733000	1.309855	336.162506	313.412506
1	17.765000	1.340145	335.681244	313.681244
1	17.796000	1.304493	335.781250	313.893738
1	17.843000	1.322319	335.500000	314.000000
1	17.874000	1.344493	336.631256	314.681244
1	17.905000	1.368116	335.000000	313.500000
1	17.936000	1.370290	336.062500	313.625000
1	17.967000	1.329855	335.875000	313.500000
1	17.999000	1.344058	336.687500	312.687500
<\RIGHT-PUPIL-DATA>
<LEFT-PUPIL-DATA>
542	0
0	-0.067000	13.913043	240.000000	320.000000
0	-0.020000	13.913043	240.000000	320.000000
0	0.011000	13.913043	240.000000	320.000000
0	0.043000	13.913043	240.000000	320.000000
0	0.074000	13.913043	240.000000	320.000000
0	0.105000	13.913043	240.000000	320.000000
0	0.136000	13.913043	240.000000	320.000000
0	0.167000	13.913043	240.000000	320.000000
0	0.199000	13.913043	240.000000	320.000000
0	0.245000	13.913043	240.000000	320.000000
0	0.277000	13.913043	240.000000	320.000000
0	0.308000	13.913043	240.000000	320.000000
0	0.339000	13.913043	240.000000	320.000000
0	0.370000	13.913043	240.000000	320.000000
0	0.401000	13.913043	240.000000	320.000000
0	0.433000	13.913043	240.000000	320.000000
0	0.479000	13.913043	240.000000	320.000000
0	0.511000	13.913043	240.000000	320.000000
0	0.542000	13.913043	240.000000	320.000000
0	0.573000	13.913043	240.000000	320.000000
0	0.604000	13.913043	240.000000	320.000000
0	0.635000	13.913043	240.000000	320.000000
0	0.667000	13.913043	240.000000	320.000000
0	0.713000	13.913043	240.000000	320.000000
0	0.745000	13.913043	240.000000	320.000000
0	0.776000	13.913043	240.000000	320.000000
0	0.807000	13.913043	240.000000	320.000000
0	0.838000	13.913043	240.000000	320.000000
0	0.869000	13.913043	240.000000	320.000000
0	0.901000	13.913043	240.000000	320.000000
0	0.932000	13.913043	240.000000	320.000000
0	0.979000	13.913043	240.000000	320.000000
0	1.010000	13.913043	240.000000	320.000000
0	1.041000	13.913043	240.000000	320.000000
0	1.072000	13.913043	240.000000	320.000000
0	1.103000	13.913043	240.000000	320.000000
0	1.135000	13.913043	240.000000	320.000000
0	1.166000	13.913043	240.000000	320.000000
0	1.213000	13.913043	240.000000	320.000000
0	1.244000	13.913043	240.000000	320.000000
0	1.275000	13.913043	240.000000	320.000000
0	1.306000	13.913043	240.000000	320.000000
0	1.337000	13.913043	240.000000	320.000000
0	1.369000	13.913043	240.000000	320.000000
0	1.400000	13.913043	240.000000	320.000000
0	1.447000	13.913043	240.000000	320.000000
0	1.478000	13.913043	240.000000	320.000000
0	1.509000	13.913043	240.000000	320.000000
0	1.540000	13.913043	240.000000	320.000000
0	1.571000	13.913043	240.000000	320.000000
0	1.603000	13.913043	240.000000	320.000000
0	1.634000	13.913043	240.000000	320.000000
0	1.665000	13.913043	240.000000	320.000000
0	1.712000	13.913043	240.000000	320.000000
0	1.743000	13.913043	240.000000	320.000000
0	1.774000	13.913043	240.000000	320.000000
0	1.805000	13.913043	240.000000	320.000000
0	1.837000	13.913043	240.000000	320.000000
0	1.868000	13.913043	240.000000	320.000000
0	1.899000	13.913043	240.000000	320.000000
0	1.946000	13.913043	240.000000	320.000000
0	1.977000	13.913043	240.000000	320.000000
0	2.008000	13.913043	240.000000	320.000000
0	2.039000	13.913043	240.000000	320.000000
0	2.071000	13.913043	240.000000	320.000000
0	2.102000	13.913043	240.000000	320.000000
0	2.133000	13.913043	240.000000	320.000000
0	2.180000	13.913043	240.000000	320.000000
0	2.211000	13.913043	240.000000	320.000000
0	2.242000	13.913043	240.000000	320.000000
0	2.273000	13.913043	240.000000	320.000000
0	2.305000	13.913043	240.000000	320.000000
0	2.336000	13.913043	240.000000	320.000000
0	2.367000	13.913043	240.000000	320.000000
0	2.398000	13.913043	240.000000	320.000000
0	2.445000	13.913043	240.000000	320.000000
0	2.476000	13.913043	240.000000	320.000000
0	2.507000	13.913043	240.000000	320.000000
0	2.539000	13.913043	240.000000	320.000000
0	2.570000	13.913043	240.000000	320.000000
0	2.601000	13.913043	240.000000	320.000000
0	2.632000	13.913043	240.000000	320.000000
0	2.679000	13.913043	240.000000	320.000000
0	2.710000	13.913043	240.000000	320.000000
0	2.741000	13.913043	240.000000	320.000000
0	2.773000	13.913043	240.000000	320.000000
0	2.804000	13.913043	240.000000	320.000000
0	2.835000	13.913043	240.000000	320.000000
0	2.866000	13.913043	240.000000	320.000000
0	2.913000	13.913043	240.000000	320.000000
0	2.944000	13.913043	240.000000	320.000000
0	2.975000	13.913043	240.000000	320.000000
0	3.007000	13.913043	240.000000	320.000000
0	3.038000	13.913043	240.000000	320.000000
0	3.069000	13.913043	240.000000	320.000000
0	3.100000	13.913043	240.000000	320.000000
0	3.131000	13.913043	240.000000	320.000000
0	3.178000	13.913043	240.000000	320.000000
0	3.209000	13.913043	240.000000	320.000000
0	3.241000	13.913043	240.000000	320.000000
0	3.272000	13.913043	240.000000	320.000000
0	3.303000	13.913043	240.000000	320.000000
0	3.334000	13.913043	240.000000	320.000000
0	3.365000	13.913043	240.000000	320.000000
0	3.412000	13.913043	240.000000	320.000000
0	3.443000	13.913043	240.000000	320.000000
0	3.475000	13.913043	240.000000	320.000000
0	3.506000	13.913043	240.000000	320.000000
0	3.537000	13.913043	240.000000	320.000000
0	3.568000	13.913043	240.000000	320.000000
0	3.599000	13.913043	240.000000	320.000000
0	3.646000	13.913043	240.000000	320.000000
0	3.677000	13.913043	240.000000	320.000000
0	3.709000	13.913043	240.000000	320.000000
0	3.740000	13.913043	240.000000	320.000000
0	3.771000	13.913043	240.000000	320.000000
0	3.802000	13.913043	240.000000	320.000000
0	3.833000	13.913043	240.000000	320.000000
0	3.865000	13.913043	240.000000	320.000000
0	3.911000	13.913043	240.000000	320.000000
0	3.943000	13.913043	240.000000	320.000000
0	3.974000	13.913043	240.000000	320.000000
0	4.005000	13.913043	240.000000	320.000000
0	4.036000	13.913043	240.000000	320.000000
0	4.067000	13.913043	240.000000	320.000000
0	4.099000	13.913043	240.000000	320.000000
0	4.130000	13.913043	240.000000	320.000000
0	4.177000	13.913043	240.000000	320.000000
0	4.208000	13.913043	240.000000	320.000000
0	4.239000	13.913043	240.000000	320.000000
0	4.270000	13.913043	240.000000	320.000000
0	4.301000	13.913043	240.000000	320.000000
0	4.333000	13.913043	240.000000	320.000000
0	4.364000	13.913043	240.000000	320.000000
0	4.411000	13.913043	240.000000	320.000000
0	4.442000	13.913043	240.000000	320.000000
0	4.473000	13.913043	240.000000	320.000000
0	4.504000	13.913043	240.000000	320.000000
0	4.535000	13.913043	240.000000	320.000000
0	4.567000	13.913043	240.000000	320.000000
0	4.598000	13.913043	240.000000	320.000000
0	4.645000	13.913043	240.000000	320.000000
0	4.676000	13.913043	240.000000	320.000000
0	4.707000	13.913043	240.000000	320.000000
0	4.738000	13.913043	240.000000	320.000000
0	4.769000	13.913043	240.000000	320.000000
0	4.801000	13.913043	240.000000	320.000000
0	4.832000	13.913043	240.000000	320.000000
0	4.863000	13.913043	240.000000	320.000000
0	4.910000	13.913043	240.000000	320.000000
0	4.941000	13.913043	240.000000	320.000000
0	4.972000	13.913043	240.000000	320.000000
0	5.003000	13.913043	240.000000	320.000000
0	5.035000	13.913043	240.000000	320.000000
0	5.066000	13.913043	240.000000	320.000000
0	5.097000	13.913043	240.000000	320.000000
0	5.144000	13.913043	240.000000	320.000000
0	5.175000	13.913043	240.000000	320.000000
0	5.206000	13.913043	240.000000	320.000000
0	5.237000	13.913043	240.000000	320.000000
0	5.269000	13.913043	240.000000	320.000000
0	5.300000	13.913043	240.000000	320.000000
0	5.331000	13.913043	240.000000	320.000000
0	5.378000	13.913043	240.000000	320.000000
0	5.409000	13.913043	240.000000	320.000000
0	5.440000	13.913043	240.000000	320.000000
0	5.471000	13.913043	240.000000	320.000000
0	5.503000	13.913043	240.000000	320.000000
0	5.534000	13.913043	240.000000	320.000000
0	5.565000	13.913043	240.000000	320.000000
0	5.596000	13.913043	240.000000	320.000000
0	5.643000	13.913043	240.000000	320.000000
0	5.674000	13.913043	240.000000	320.000000
0	5.705000	13.913043	240.000000	320.000000
0	5.737000	13.913043	240.000000	320.000000
0	5.768000	13.913043	240.000000	320.000000
0	5.799000	13.913043	240.000000	320.000000
0	5.830000	13.913043	240.000000	320.000000
0	5.877000	13.913043	240.000000	320.000000
0	5.908000	13.913043	240.000000	320.000000
0	5.939000	13.913043	240.000000	320.000000
0	5.971000	13.913043	240.000000	320.000000
0	6.002000	13.913043	240.000000	320.000000
0	6.033000	13.913043	240.000000	320.000000
0	6.064000	13.913043	240.000000	320.000000
0	6.111000	13.913043	240.000000	320.000000
0	6.142000	13.913043	240.000000	320.000000
0	6.173000	13.913043	240.000000	320.000000
0	6.205000	13.913043	240.000000	320.000000
0	6.236000	13.913043	240.000000	320.000000
0	6.267000	13.913043	240.000000	320.000000
0	6.298000	13.913043	240.000000	320.000000
0	6.329000	13.913043	240.000000	320.000000
0	6.376000	13.913043	240.000000	320.000000
0	6.407000	13.913043	240.000000	320.000000
0	6.439000	13.913043	240.000000	320.000000
0	6.470000	13.913043	240.000000	320.000000
0	6.501000	13.913043	240.000000	320.000000
0	6.532000	13.913043	240.000000	320.000000
0	6.563000	13.913043	240.000000	320.000000
0	6.610000	13.913043	240.000000	320.000000
0	6.641000	13.913043	240.000000	320.000000
0	6.673000	13.913043	240.000000	320.000000
0	6.704000	13.913043	240.000000	320.000000
0	6.735000	13.913043	240.000000	320.000000
0	6.766000	13.913043	240.000000	320.000000
0	6.797000	13.913043	240.000000	320.000000
0	6.844000	13.913043	240.000000	320.000000
0	6.875000	13.913043	240.000000	320.000000
0	6.907000	13.913043	240.000000	320.000000
0	6.938000	13.913043	240.000000	320.000000
0	6.969000	13.913043	240.000000	320.000000
0	7.000000	13.913043	240.000000	320.000000
0	7.031000	13.913043	240.000000	320.000000
0	7.063000	13.913043	240.000000	320.000000
0	7.109000	13.913043	240.000000	320.000000
0	7.141000	13.913043	240.000000	320.000000
0	7.172000	13.913043	240.000000	320.000000
0	7.203000	13.913043	240.000000	320.000000
0	7.234000	13.913043	240.000000	320.000000
0	7.265000	13.913043	240.000000	320.000000
0	7.297000	13.913043	240.000000	320.000000
0	7.343000	13.913043	240.000000	320.000000
0	7.375000	13.913043	240.000000	320.000000
0	7.406000	13.913043	240.000000	320.000000
0	7.437000	13.913043	240.000000	320.000000
0	7.468000	13.913043	240.000000	320.000000
0	7.499000	13.913043	240.000000	320.000000
0	7.531000	13.913043	240.000000	320.000000
0	7.577000	13.913043	240.000000	320.000000
0	7.609000	13.913043	240.000000	320.000000
0	7.640000	13.913043	240.000000	320.000000
0	7.671000	13.913043	240.000000	320.000000
0	7.702000	13.913043	240.000000	320.000000
0	7.733000	13.913043	240.000000	320.000000
0	7.765000	13.913043	240.000000	320.000000
0	7.796000	13.913043	240.000000	320.000000
0	7.843000	13.913043	240.000000	320.000000
0	7.874000	13.913043	240.000000	320.000000
0	7.905000	13.913043	240.000000	320.000000
0	7.936000	13.913043	240.000000	320.000000
0	7.967000	13.913043	240.000000	320.000000
0	7.999000	13.913043	240.000000	320.000000
0	8.030000	13.913043	240.000000	320.000000
0	8.077000	13.913043	240.000000	320.000000
0	8.108000	13.913043	240.000000	320.000000
0	8.139000	13.913043	240.000000	320.000000
0	8.170000	13.913043	240.000000	320.000000
0	8.201000	13.913043	240.000000	320.000000
0	8.233000	13.913043	240.000000	320.000000
0	8.264000	13.913043	240.000000	320.000000
0	8.295000	13.913043	240.000000	320.000000
0	8.342000	13.913043	240.000000	320.000000
0	8.373000	13.913043	240.000000	320.000000
0	8.404000	13.913043	240.000000	320.000000
0	8.435000	13.913043	240.000000	320.000000
0	8.467000	13.913043	240.000000	320.000000
0	8.498000	13.913043	240.000000	320.000000
0	8.529000	13.913043	240.000000	320.000000
0	8.576000	13.913043	240.000000	320.000000
0	8.607000	13.913043	240.000000	320.000000
0	8.638000	13.913043	240.000000	320.000000
0	8.669000	13.913043	240.000000	320.000000
0	8.701000	13.913043	240.000000	320.000000
0	8.732000	13.913043	240.000000	320.000000
0	8.763000	13.913043	240.000000	320.000000
0	8.810000	13.913043	240.000000	320.000000
0	8.841000	13.913043	240.000000	320.000000
0	8.872000	13.913043	240.000000	320.000000
0	8.903000	13.913043	240.000000	320.000000
0	8.935000	13.913043	240.000000	320.000000
0	8.966000	13.913043	240.000000	320.000000
0	8.997000	13.913043	240.000000	320.000000
0	9.028000	13.913043	240.000000	320.000000
0	9.075000	13.913043	240.000000	320.000000
0	9.106000	13.913043	240.000000	320.000000
0	9.137000	13.913043	240.000000	320.000000
0	9.169000	13.913043	240.000000	320.000000
0	9.200000	13.913043	240.000000	320.000000
0	9.231000	13.913043	240.000000	320.000000
0	9.262000	13.913043	240.000000	320.000000
0	9.309000	13.913043	240.000000	320.000000
0	9.340000	13.913043	240.000000	320.000000
0	9.371000	13.913043	240.000000	320.000000
0	9.403000	13.913043	240.000000	320.000000
0	9.434000	13.913043	240.000000	320.000000
0	9.465000	13.913043	240.000000	320.000000
0	9.496000	13.913043	240.000000	320.000000
0	9.527000	13.913043	240.000000	320.000000
0	9.574000	13.913043	240.000000	320.000000
0	9.605000	13.913043	240.000000	320.000000
0	9.637000	13.913043	240.000000	320.000000
0	9.668000	13.913043	240.000000	320.000000
0	9.699000	13.913043	240.000000	320.000000
0	9.730000	13.913043	240.000000	320.000000
0	9.761000	13.913043	240.000000	320.000000
0	9.808000	13.913043	240.000000	320.000000
0	9.839000	13.913043	240.000000	320.000000
0	9.871000	13.913043	240.000000	320.000000
0	9.902000	13.913043	240.000000	320.000000
0	9.933000	13.913043	240.000000	320.000000
0	9.964000	13.913043	240.000000	320.000000
0	9.995000	13.913043	240.000000	320.000000
0	10.042000	13.913043	240.000000	320.000000
0	10.073000	13.913043	240.000000	320.000000
0	10.105000	13.913043	240.000000	320.000000
0	10.136000	13.913043	240.000000	320.000000
0	10.167000	13.913043	240.000000	320.000000
0	10.198000	13.913043	240.000000	320.000000
0	10.229000	13.913043	240.000000	320.000000
0	10.261000	13.913043	240.000000	320.000000
0	10.307000	13.913043	240.000000	320.000000
0	10.339000	13.913043	240.000000	320.000000
0	10.370000	13.913043	240.000000	320.000000
0	10.401000	13.913043	240.000000	320.000000
0	10.432000	13.913043	240.000000	320.000000
0	10.463000	13.913043	240.000000	320.000000
0	10.495000	13.913043	240.000000	320.000000
0	10.541000	13.913043	240.000000	320.000000
0	10.573000	13.913043	240.000000	320.000000
0	10.604000	13.913043	240.000000	320.000000
0	10.635000	13.913043	240.000000	320.000000
0	10.666000	13.913043	240.000000	320.000000
0	10.697000	13.913043	240.000000	320.000000
0	10.729000	13.913043	240.000000	320.000000
0	10.775000	13.913043	240.000000	320.000000
0	10.807000	13.913043	240.000000	320.000000
0	10.838000	13.913043	240.000000	320.000000
0	10.869000	13.913043	240.000000	320.000000
0	10.900000	13.913043	240.000000	320.000000
0	10.931000	13.913043	240.000000	320.000000
0	10.963000	13.913043	240.000000	320.000000
0	10.994000	13.913043	240.000000	320.000000
0	11.041000	13.913043	240.000000	320.000000
0	11.072000	13.913043	240.000000	320.000000
0	11.103000	13.913043	240.000000	320.000000
0	11.134000	13.913043	240.000000	320.000000
0	11.165000	13.913043	240.000000	320.000000
0	11.197000	13.913043	240.000000	320.000000
0	11.228000	13.913043	240.000000	320.000000
0	11.275000	13.913043	240.000000	320.000000
0	11.306000	13.913043	240.000000	320.000000
0	11.337000	13.913043	240.000000	320.000000
0	11.368000	13.913043	240.000000	320.000000
0	11.399000	13.913043	240.000000	320.000000
0	11.431000	13.913043	240.000000	320.000000
0	11.462000	13.913043	240.000000	320.000000
0	11.509000	13.913043	240.000000	320.000000
0	11.540000	13.913043	240.000000	320.000000
0	11.571000	13.913043	240.000000	320.000000
0	11.602000	13.913043	240.000000	320.000000
0	11.633000	13.913043	240.000000	320.000000
0	11.665000	13.913043	240.000000	320.000000
0	11.696000	13.913043	240.000000	320.000000
0	11.727000	13.913043	240.000000	320.000000
0	11.774000	13.913043	240.000000	320.000000
0	11.805000	13.913043	240.000000	320.000000
0	11.836000	13.913043	240.000000	320.000000
0	11.867000	13.913043	240.000000	320.000000
0	11.899000	13.913043	240.000000	320.000000
0	11.930000	13.913043	240.000000	320.000000
0	11.961000	13.913043	240.000000	320.000000
0	12.008000	13.913043	240.000000	320.000000
0	12.039000	13.913043	240.000000	320.000000
0	12.070000	13.913043	240.000000	320.000000
0	12.101000	13.913043	240.000000	320.000000
0	12.133000	13.913043	240.000000	320.000000
0	12.164000	13.913043	240.000000	320.000000
0	12.195000	13.913043	240.000000	320.000000
0	12.226000	13.913043	240.000000	320.000000
0	12.273000	13.913043	240.000000	320.000000
0	12.304000	13.913043	240.000000	320.000000
0	12.335000	13.913043	240.000000	320.000000
0	12.367000	13.913043	240.000000	320.000000
0	12.398000	13.913043	240.000000	320.000000
0	12.429000	13.913043	240.000000	320.000000
0	12.460000	13.913043	240.000000	320.000000
0	12.507000	13.913043	240.000000	320.000000
0	12.538000	13.913043	240.000000	320.000000
0	12.569000	13.913043	240.000000	320.000000
0	12.601000	13.913043	240.000000	320.000000
0	12.632000	13.913043	240.000000	320.000000
0	12.663000	13.913043	240.000000	320.000000
0	12.694000	13.913043	240.000000	320.000000
0	12.741000	13.913043	240.000000	320.000000
0	12.772000	13.913043	240.000000	320.000000
0	12.803000	13.913043	240.000000	320.000000
0	12.835000	13.913043	240.000000	320.000000
0	12.866000	13.913043	240.000000	320.000000
0	12.897000	13.913043	240.000000	320.000000
0	12.928000	13.913043	240.000000	320.000000
0	12.959000	13.913043	240.000000	320.000000
0	13.006000	13.913043	240.000000	320.000000
0	13.037000	13.913043	240.000000	320.000000
0	13.069000	13.913043	240.000000	320.000000
0	13.100000	13.913043	240.000000	320.000000
0	13.131000	13.913043	240.000000	320.000000
0	13.162000	13.913043	240.000000	320.000000
0	13.193000	13.913043	240.000000	320.000000
0	13.240000	13.913043	240.000000	320.000000
0	13.271000	13.913043	240.000000	320.000000
0	13.303000	13.913043	240.000000	320.000000
0	13.334000	13.913043	240.000000	320.000000
0	13.365000	13.913043	240.000000	320.000000
0	13.396000	13.913043	240.000000	320.000000
0	13.427000	13.913043	240.000000	320.000000
0	13.474000	13.913043	240.000000	320.000000
0	13.505000	13.913043	240.000000	320.000000
0	13.537000	13.913043	240.000000	320.000000
0	13.568000	13.913043	240.000000	320.000000
0	13.599000	13.913043	240.000000	320.000000
0	13.630000	13.913043	240.000000	320.000000
0	13.661000	13.913043	240.000000	320.000000
0	13.693000	13.913043	240.000000	320.000000
0	13.739000	13.913043	240.000000	320.000000
0	13.771000	13.913043	240.000000	320.000000
0	13.802000	13.913043	240.000000	320.000000
0	13.833000	13.913043	240.000000	320.000000
0	13.864000	13.913043	240.000000	320.000000
0	13.895000	13.913043	240.000000	320.000000
0	13.927000	13.913043	240.000000	320.000000
0	13.973000	13.913043	240.000000	320.000000
0	14.005000	13.913043	240.000000	320.000000
0	14.036000	13.913043	240.000000	320.000000
0	14.067000	13.913043	240.000000	320.000000
0	14.098000	13.913043	240.000000	320.000000
0	14.129000	13.913043	240.000000	320.000000
0	14.161000	13.913043	240.000000	320.000000
0	14.207000	13.913043	240.000000	320.000000
0	14.239000	13.913043	240.000000	320.000000
0	14.270000	13.913043	240.000000	320.000000
0	14.301000	13.913043	240.000000	320.000000
0	14.332000	13.913043	240.000000	320.000000
0	14.363000	13.913043	240.000000	320.000000
0	14.395000	13.913043	240.000000	320.000000
0	14.426000	13.913043	240.000000	320.000000
0	14.473000	13.913043	240.000000	320.000000
0	14.504000	13.913043	240.000000	320.000000
0	14.535000	13.913043	240.000000	320.000000
0	14.566000	13.913043	240.000000	320.000000
0	14.597000	13.913043	240.000000	320.000000
0	14.629000	13.913043	240.000000	320.000000
0	14.660000	13.913043	240.000000	320.000000
0	14.707000	13.913043	240.000000	320.000000
0	14.738000	13.913043	240.000000	320.000000
0	14.769000	13.913043	240.000000	320.000000
0	14.800000	13.913043	240.000000	320.000000
0	14.831000	13.913043	240.000000	320.000000
0	14.863000	13.913043	240.000000	320.000000
0	14.894000	13.913043	240.000000	320.000000
0	14.925000	13.913043	240.000000	320.000000
0	14.972000	13.913043	240.000000	320.000000
0	15.003000	13.913043	240.000000	320.000000
0	15.034000	13.913043	240.000000	320.000000
0	15.065000	13.913043	240.000000	320.000000
0	15.097000	13.913043	240.000000	320.000000
0	15.128000	13.913043	240.000000	320.000000
0	15.159000	13.913043	240.000000	320.000000
0	15.206000	13.913043	240.000000	320.000000
0	15.237000	13.913043	240.000000	320.000000
0	15.268000	13.913043	240.000000	320.000000
0	15.299000	13.913043	240.000000	320.000000
0	15.331000	13.913043	240.000000	320.000000
0	15.362000	13.913043	240.000000	320.000000
0	15.393000	13.913043	240.000000	320.000000
0	15.440000	13.913043	240.000000	320.000000
0	15.471000	13.913043	240.000000	320.000000
0	15.502000	13.913043	240.000000	320.000000
0	15.533000	13.913043	240.000000	320.000000
0	15.565000	13.913043	240.000000	320.000000
0	15.596000	13.913043	240.000000	320.000000
0	15.627000	13.913043	240.000000	320.000000
0	15.658000	13.913043	240.000000	320.000000
0	15.705000	13.913043	240.000000	320.000000
0	15.736000	13.913043	240.000000	320.000000
0	15.767000	13.913043	240.000000	320.000000
0	15.799000	13.913043	240.000000	320.000000
0	15.830000	13.913043	240.000000	320.000000
0	15.861000	13.913043	240.000000	320.000000
0	15.892000	13.913043	240.000000	320.000000
0	15.939000	13.913043	240.000000	320.000000
0	15.970000	13.913043	240.000000	320.000000
0	16.001000	13.913043	240.000000	320.000000
0	16.033000	13.913043	240.000000	320.000000
0	16.064000	13.913043	240.000000	320.000000
0	16.095000	13.913043	240.000000	320.000000
0	16.126000	13.913043	240.000000	320.000000
0	16.157000	13.913043	240.000000	320.000000
0	16.204000	13.913043	240.000000	320.000000
0	16.235000	13.913043	240.000000	320.000000
0	16.267000	13.913043	240.000000	320.000000
0	16.298000	13.913043	240.000000	320.000000
0	16.329000	13.913043	240.000000	320.000000
0	16.360000	13.913043	240.000000	320.000000
0	16.391000	13.913043	240.000000	320.000000
0	16.438000	13.913043	240.000000	320.000000
0	16.469000	13.913043	240.000000	320.000000
0	16.501000	13.913043	240.000000	320.000000
0	16.532000	13.913043	240.000000	320.000000
0	16.563000	13.913043	240.000000	320.000000
0	16.594000	13.913043	240.000000	320.000000
0	16.625000	13.913043	240.000000	320.000000
0	16.672000	13.913043	240.000000	320.000000
0	16.703000	13.913043	240.000000	320.000000
0	16.735000	13.913043	240.000000	320.000000
0	16.766000	13.913043	240.000000	320.000000
0	16.797000	13.913043	240.000000	320.000000
0	16.828000	13.913043	240.000000	320.000000
0	16.859000	13.913043	240.000000	320.000000
0	16.891000	13.913043	240.000000	320.000000
0	16.937000	13.913043	240.000000	320.000000
0	16.969000	13.913043	240.000000	320.000000
0	17.000000	13.913043	240.000000	320.000000
0	17.031000	13.913043	240.000000	320.000000
0	17.062000	13.913043	240.000000	320.000000
0	17.093000	13.913043	240.000000	320.000000
0	17.125000	13.913043	240.000000	320.000000
0	17.171000	13.913043	240.000000	320.000000
0	17.203000	13.913043	240.000000	320.000000
0	17.234000	13.913043	240.000000	320.000000
0	17.265000	13.913043	240.000000	320.000000
0	17.296000	13.913043	240.000000	320.000000
0	17.327000	13.913043	240.000000	320.000000
0	17.359000	13.913043	240.000000	320.000000
0	17.405000	13.913043	240.000000	320.000000
0	17.437000	13.913043	240.000000	320.000000
0	17.468000	13.913043	240.000000	320.000000
0	17.499000	13.913043	240.000000	320.000000
0	17.530000	13.913043	240.000000	320.000000
0	17.561000	13.913043	240.000000	320.000000
0	17.593000	13.913043	240.000000	320.000000
0	17.624000	13.913043	240.000000	320.000000
0	17.671000	13.913043	240.000000	320.000000
0	17.702000	13.913043	240.000000	320.000000
0	17.733000	13.913043	240.000000	320.000000
0	17.764000	13.913043	240.000000	320.000000
0	17.795000	13.913043	240.000000	320.000000
0	17.827000	13.913043	240.000000	320.000000
0	17.858000	13.913043	240.000000	320.000000
0	17.905000	13.913043	240.000000	320.000000
0	17.936000	13.913043	240.000000	320.000000
0	17.967000	13.913043	240.000000	320.000000
<\LEFT-PUPIL-DATA>
<RIGHT-PUPIL-ANALYSIS>
1
0	0	17	542	0	0	0.509000	17.518999	0.509000	31625.173828	0.000000	0.000000	0.000000	0	1	1	1	1	0	0	0	0.000000	0.000000	0.000000	0.000000	0.000000	0.000000	0.000000	-1.000000	0.000000	0	1.312263	0.610829	1.352490	0.296915	2.373000	-0.274212	-2.071570	-1.000000	0.124549	1	1.312263	0.610829	1.352490	0.296915	2.373000	-1.207754	-2.071569	-1.000000	0.098015
<\RIGHT-PUPIL-ANALYSIS>
<LEFT-PUPIL-ANALYSIS>
1
0	0	17	541	0	0	0.509000	17.518999	0.509000	31625.173828	0.000000	0.000000	0.000000	0	1	1	1	1	0	0	0	0.000000	0.000000	0.000000	0.000000	0.000000	0.000000	0.000000	-1.000000	0.000000	0	-0.034783	-0.034783	0.000950	0.000950	0.002000	0.000000	0.000000	-1.000000	0.000000	1	-0.034783	-0.034783	0.000950	0.000950	0.002000	-1000000.000000	-1000000.000000	-1.000000	0.000000
<\LEFT-PUPIL-ANALYSIS>
%%%%%%%%%
%%%%%%%%%
%%%%%%%%%
%%%	Measurement Tiime is: 2017-08-15 10:24:52
%%%	Subject ID is: c57-1mois-F6-4.5r
%%%	Note: 
%%%	RSS: Default Human Relative Spectral Sensitivity
%%%	Pupil Analysis:
%%%
%%%
%%%
%%%	Pulse Index:	0
%%%	Stimulus Session Index:	0
%%%	Right Pupil Stimulated
%%%	Light Metric is Photopic
%%%	Stimulus Start Time(sec):	0.51
%%%	Stimulus Duration(sec):	17.52
%%%	Stimulus Pulse Duration(sec):	0.51
%%%	Right Pulse:	31625.17	(Red  )	-	0.00	(Red  )	[Lux ]
%%%	Left Pulse:	0.00	(Red  )	-	0.00	(Red  )	[Lux ]
%%%
%%%		RIGHT	LEFT	R.Pupil Mean	L.Pupil Mean	R.Stim Mean	R.Stim Mean
%%%	INPUT:	RAW DATA	RAW DATA
%%%	STATE:	ABNORMAL	ABNORMAL	ABNORMAL	ABNORMAL	ABNORMAL	ABNORMAL
%%%	MAX(mm):	0.00	0.00	0.00	0.00	0.00	0.00
%%%	MIN(mm):	0.00	0.00	0.00	0.00	0.00	0.00
%%%	DELTA(mm):						
%%%	CH(%):						
%%%	LAT(sec):	0.00	0.00	0.00	0.00	0.00	0.00
%%%	CV(mm/s):	0.00	0.00	0.00	0.00	0.00	0.00
%%%	MCV(mm/s):	0.00	0.00	0.00	0.00	0.00	0.00
%%%	DV(mm/s):	0.00	0.00	0.00	0.00	0.00	0.00
%%%%%%%%%
%%%%%%%%%
%%%%%%%%%
%%%	Right Pupil Profile (1st row -> 1 == valid tracking, 0 == invalid tracking; 2nd row -> time; 3rd row -> diameter (mm))
%%%	1	1	1	0	1	1	1	1	1	1	1	1	1	1	1	0	1	0	1	1	0	1	1	1	1	1	1	1	1	1	1	1	1	1	1	1	1	1	1	0	1	1	1	1	1	1	1	1	1	0	1	1	1	1	1	0	1	1	0	1	1	1	1	1	1	1	1	0	1	1	1	1	0	0	1	1	0	1	0	1	1	0	1	0	0	1	1	1	1	0	1	1	1	1	0	1	1	0	1	1	1	1	0	1	1	1	1	1	1	0	0	1	1	1	0	1	1	1	0	0	0	1	0	1	1	1	1	0	0	0	1	0	0	1	0	1	1	0	1	1	1	0	1	0	1	0	1	1	1	1	1	0	1	0	1	0	1	0	1	0	0	1	1	0	1	1	1	1	1	1	1	0	1	1	0	1	1	1	1	1	0	0	1	1	1	1	1	1	1	1	1	0	0	0	1	1	0	1	0	1	1	1	0	0	1	1	1	1	1	0	1	1	1	1	0	1	1	0	1	1	1	0	0	0	1	1	1	1	0	1	1	1	1	1	1	1	1	1	1	1	0	1	1	0	1	1	1	1	0	1	1	1	1	1	1	1	1	1	1	0	1	0	1	1	0	0	1	1	1	1	1	0	1	0	1	1	1	1	1	1	1	0	1	1	1	1	1	1	1	1	1	1	1	1	1	1	1	1	1	1	1	1	0	1	1	1	1	1	1	1	0	1	1	1	1	1	1	1	1	1	1	0	1	1	1	1	1	1	1	1	1	1	1	0	1	1	1	1	1	1	1	1	1	1	1	1	1	0	0	1	1	1	1	1	0	1	0	1	1	1	1	1	1	1	1	1	1	1	0	1	1	1	1	1	1	1	1	1	1	1	1	1	1	1	1	1	1	0	1	1	1	1	1	1	1	1	1	1	1	1	1	1	1	1	1	1	1	1	1	1	1	1	1	1	1	1	1	1	0	1	1	1	1	1	1	1	1	1	1	1	1	1	1	1	1	1	1	1	1	1	1	1	0	1	1	1	1	1	0	1	1	1	1	1	1	1	1	1	1	1	1	1	1	1	1	1	1	1	1	1	1	0	1	1	1	0	1	1	1	1	1	0	0	1	1	1	1	0	1	1	0	1	1	1	1	1	1	1	1	1	1	1	1	1	1	1	1	1	1	1	1	1	1	1	0	0	1	1	1	1	0	1	0	1	0	0	0	1	1	0	1	1	1	1	1	1	1	1	1	1	1	1	1
%%%	-0.051000	-0.019000	0.012000	0.043000	0.074000	0.105000	0.137000	0.183000	0.215000	0.246000	0.277000	0.308000	0.339000	0.371000	0.417000	0.449000	0.480000	0.511000	0.542000	0.573000	0.605000	0.651000	0.683000	0.714000	0.745000	0.776000	0.807000	0.839000	0.870000	0.917000	0.948000	0.979000	1.010000	1.041000	1.073000	1.104000	1.151000	1.182000	1.213000	1.244000	1.275000	1.307000	1.338000	1.385000	1.416000	1.447000	1.478000	1.509000	1.541000	1.572000	1.603000	1.650000	1.681000	1.712000	1.743000	1.775000	1.806000	1.837000	1.884000	1.915000	1.946000	1.977000	2.009000	2.040000	2.071000	2.118000	2.149000	2.180000	2.211000	2.243000	2.274000	2.305000	2.336000	2.383000	2.414000	2.445000	2.477000	2.508000	2.539000	2.570000	2.617000	2.648000	2.679000	2.711000	2.742000	2.773000	2.804000	2.851000	2.882000	2.913000	2.945000	2.976000	3.007000	3.038000	3.069000	3.116000	3.147000	3.179000	3.210000	3.241000	3.272000	3.303000	3.350000	3.381000	3.413000	3.444000	3.475000	3.506000	3.537000	3.584000	3.615000	3.647000	3.678000	3.709000	3.740000	3.771000	3.803000	3.849000	3.881000	3.912000	3.943000	3.974000	4.005000	4.037000	4.083000	4.115000	4.146000	4.177000	4.208000	4.239000	4.271000	4.302000	4.349000	4.380000	4.411000	4.442000	4.473000	4.505000	4.536000	4.583000	4.614000	4.645000	4.676000	4.707000	4.739000	4.770000	4.817000	4.848000	4.879000	4.910000	4.941000	4.973000	5.004000	5.035000	5.082000	5.113000	5.144000	5.175000	5.207000	5.238000	5.269000	5.316000	5.347000	5.378000	5.409000	5.441000	5.472000	5.503000	5.550000	5.581000	5.612000	5.643000	5.675000	5.706000	5.737000	5.768000	5.815000	5.846000	5.877000	5.909000	5.940000	5.971000	6.002000	6.049000	6.080000	6.111000	6.143000	6.174000	6.205000	6.236000	6.267000	6.314000	6.345000	6.377000	6.408000	6.439000	6.470000	6.501000	6.548000	6.579000	6.611000	6.642000	6.673000	6.704000	6.735000	6.782000	6.813000	6.845000	6.876000	6.907000	6.938000	6.969000	7.001000	7.047000	7.079000	7.110000	7.141000	7.172000	7.203000	7.235000	7.281000	7.313000	7.344000	7.375000	7.406000	7.437000	7.469000	7.515000	7.547000	7.578000	7.609000	7.640000	7.671000	7.703000	7.734000	7.781000	7.812000	7.843000	7.874000	7.905000	7.937000	7.968000	8.015000	8.046000	8.077000	8.108000	8.139000	8.171000	8.202000	8.233000	8.280000	8.311000	8.342000	8.373000	8.405000	8.436000	8.467000	8.514000	8.545000	8.576000	8.607000	8.639000	8.670000	8.701000	8.748000	8.779000	8.810000	8.841000	8.873000	8.904000	8.935000	8.966000	9.013000	9.044000	9.075000	9.107000	9.138000	9.169000	9.200000	9.247000	9.278000	9.309000	9.341000	9.372000	9.403000	9.434000	9.481000	9.512000	9.543000	9.575000	9.606000	9.637000	9.668000	9.699000	9.746000	9.777000	9.809000	9.840000	9.871000	9.902000	9.933000	9.980000	10.011000	10.043000	10.074000	10.105000	10.136000	10.167000	10.214000	10.245000	10.277000	10.308000	10.339000	10.370000	10.401000	10.433000	10.479000	10.511000	10.542000	10.573000	10.604000	10.635000	10.667000	10.713000	10.745000	10.776000	10.807000	10.838000	10.869000	10.901000	10.947000	10.979000	11.010000	11.041000	11.072000	11.103000	11.135000	11.166000	11.213000	11.244000	11.275000	11.306000	11.337000	11.369000	11.400000	11.447000	11.478000	11.509000	11.540000	11.571000	11.603000	11.634000	11.681000	11.712000	11.743000	11.774000	11.805000	11.837000	11.868000	11.899000	11.946000	11.977000	12.008000	12.039000	12.071000	12.102000	12.133000	12.164000	12.211000	12.242000	12.273000	12.305000	12.336000	12.367000	12.398000	12.445000	12.476000	12.507000	12.539000	12.570000	12.601000	12.632000	12.679000	12.710000	12.741000	12.773000	12.804000	12.835000	12.866000	12.897000	12.944000	12.975000	13.007000	13.038000	13.069000	13.100000	13.131000	13.178000	13.209000	13.241000	13.272000	13.303000	13.334000	13.365000	13.412000	13.443000	13.475000	13.506000	13.537000	13.568000	13.599000	13.631000	13.677000	13.709000	13.740000	13.771000	13.802000	13.833000	13.865000	13.911000	13.943000	13.974000	14.005000	14.036000	14.067000	14.099000	14.145000	14.177000	14.208000	14.239000	14.270000	14.301000	14.333000	14.364000	14.411000	14.442000	14.473000	14.504000	14.535000	14.567000	14.598000	14.645000	14.676000	14.707000	14.738000	14.769000	14.801000	14.832000	14.879000	14.910000	14.941000	14.972000	15.003000	15.035000	15.066000	15.097000	15.144000	15.175000	15.206000	15.237000	15.269000	15.300000	15.331000	15.378000	15.409000	15.440000	15.471000	15.503000	15.534000	15.565000	15.612000	15.643000	15.674000	15.705000	15.737000	15.768000	15.799000	15.830000	15.877000	15.908000	15.939000	15.971000	16.002000	16.033000	16.064000	16.095000	16.142000	16.173000	16.205000	16.236000	16.267000	16.298000	16.329000	16.376000	16.407000	16.439000	16.470000	16.501000	16.532000	16.563000	16.610000	16.641000	16.673000	16.704000	16.735000	16.766000	16.797000	16.829000	16.875000	16.907000	16.938000	16.969000	17.000000	17.031000	17.063000	17.109000	17.141000	17.172000	17.203000	17.234000	17.265000	17.297000	17.343000	17.375000	17.406000	17.437000	17.468000	17.499000	17.531000	17.562000	17.609000	17.640000	17.671000	17.702000	17.733000	17.765000	17.796000	17.843000	17.874000	17.905000	17.936000	17.967000	17.999000
%%%	1.324493	1.322899	1.321159	0.637971	1.299275	1.322899	1.330145	1.379710	1.327681	1.325073	1.324927	1.329855	1.321739	1.333333	1.322899	1.240580	1.357536	1.240580	1.333768	1.294493	1.207101	1.303333	1.291884	1.286957	1.305942	1.265362	1.298551	1.272319	1.272754	1.238986	1.185362	0.918406	1.171015	1.125507	1.107971	1.113043	1.072899	1.062029	1.009855	0.913623	0.989710	0.972754	0.946667	0.933333	0.839420	0.941159	0.932754	0.913768	0.882754	0.869565	0.540145	0.876812	0.861449	0.835942	0.783768	0.792318	0.881159	0.848406	0.800000	0.813623	0.848841	0.815362	0.776812	0.831594	0.544638	0.814638	0.813623	0.742464	0.801159	0.809855	0.794493	0.833623	0.743623	0.716812	0.494058	0.791304	0.465942	0.800000	0.721159	0.411884	0.820580	0.781449	0.827246	0.591304	0.496377	0.814638	0.800145	0.847681	0.566232	0.831015	0.856377	0.833188	0.516232	0.813623	0.591304	0.855362	0.859710	0.555362	0.871159	0.839855	0.865797	0.876232	0.751015	0.867971	0.900290	0.881449	0.892898	0.876812	0.865797	0.610870	0.568986	0.872464	0.886377	0.568551	0.812464	0.904348	0.884928	0.874928	0.556522	0.834058	0.614493	0.913188	0.743623	0.550725	0.886377	0.886957	0.885507	0.660870	0.805797	0.817391	0.597246	0.579710	0.568116	0.920145	0.578261	0.575072	0.903188	0.835362	0.920725	0.858406	0.630725	0.556667	0.927536	0.857681	0.926811	0.601015	0.583768	0.951159	0.944058	0.951015	0.914493	0.591304	0.927681	0.609275	0.938116	0.604928	0.935362	0.541884	0.560290	0.636231	0.591304	0.920145	0.574058	0.857681	0.957102	0.939130	0.622464	0.956667	0.957246	0.973188	0.957102	0.620580	0.970290	0.987971	0.802899	0.985797	0.957102	0.977681	0.972899	0.972319	0.637681	0.912029	0.962319	0.998841	1.002899	0.998841	1.008116	1.013768	0.977246	1.008116	0.997101	0.855362	0.614493	0.611014	1.009420	1.008841	0.962319	0.972899	0.614493	0.990290	1.034928	1.024493	1.152174	0.635797	1.040580	1.002754	0.987536	1.027971	1.042898	0.605362	1.024493	1.006377	0.991304	1.041884	0.974058	1.026232	0.973333	0.915942	1.049420	1.014493	1.023333	0.814349	1.007102	0.898406	1.061884	0.994058	0.631884	1.009420	0.679275	1.095652	1.044638	1.040290	1.055072	1.019565	1.055072	1.018405	0.990290	1.079275	0.997971	1.074058	0.689710	1.020145	1.114638	1.055072	1.034203	0.985362	1.055072	1.025072	0.865797	1.079855	1.064638	0.971159	1.097246	1.083188	1.066667	1.054928	1.088116	1.065797	1.072899	1.000000	1.097246	1.634783	1.117971	1.113043	0.994058	0.681159	1.040290	1.101449	1.061449	1.118551	1.085507	1.055072	1.113623	1.028841	1.124638	1.081594	1.089710	1.111014	1.131014	1.142029	1.081449	0.682464	1.111449	1.079855	1.123333	1.168551	1.084493	1.101159	1.134058	1.121159	1.114203	1.131159	1.158551	1.171015	1.134058	1.155507	1.177101	1.161884	1.159855	1.152319	1.147826	1.159420	0.719275	1.181449	1.171015	1.167971	1.194203	1.190725	1.188116	1.178841	0.718551	1.194203	1.188551	1.202899	1.197101	1.187971	1.181449	1.185942	1.209855	1.203333	1.203768	1.008696	1.187971	1.169420	1.216377	1.164493	1.202319	1.197971	1.204348	1.159275	1.167971	1.204638	1.209855	0.722899	1.153623	1.194203	1.242899	1.221159	1.192464	1.194203	1.171015	1.182609	1.203333	1.229855	1.206522	1.230725	1.189420	1.574493	0.723333	1.191884	1.211884	1.221159	1.240580	1.194058	0.990290	1.220145	0.713333	1.200145	1.233188	1.217391	1.217391	1.221159	1.229420	1.175073	1.225073	1.238116	1.217391	1.217391	1.018116	1.222319	1.240580	0.707536	1.220580	1.240290	1.222319	1.239275	1.217246	1.251160	1.244638	1.240580	1.233188	1.263768	1.253188	1.234783	1.253188	1.240580	1.239710	1.240580	1.257246	1.283333	1.230435	1.252754	1.271159	1.258116	1.228841	1.248986	1.252174	1.261449	1.240580	1.292899	1.267971	1.257101	1.268841	1.251594	1.238551	1.273333	1.288116	1.240580	1.333333	1.252319	1.235362	1.274638	1.271159	1.248840	1.274638	1.304493	1.286957	1.265942	0.755942	1.277536	1.263768	1.279420	1.263623	1.263768	1.250580	1.252754	1.258116	1.267246	1.296812	1.264058	1.257246	1.283768	1.255797	1.292754	1.274493	1.264058	1.251014	1.266232	1.286957	1.270580	1.296377	1.283188	1.611594	1.285362	1.263623	1.261594	1.270145	1.279420	1.333333	1.283768	1.281014	1.240580	1.268986	1.273333	1.269565	1.234058	1.260290	1.240580	1.272754	1.305507	1.333333	1.285942	1.257971	1.284203	1.286377	1.275507	1.333333	1.251594	1.274058	1.282609	1.255942	1.240580	1.310725	1.283623	1.290290	1.677246	1.292464	1.286957	1.298551	1.333333	1.310145	1.761014	1.807681	1.296232	1.307971	1.286957	1.318986	1.696232	1.333333	1.286957	1.663623	1.310290	1.285362	1.329420	1.305072	1.321739	1.310290	1.327536	1.322899	1.327246	1.327101	1.327536	1.296377	1.351160	1.326232	1.321739	1.341884	1.327246	1.296812	1.360290	1.309275	1.300580	1.310145	1.293333	1.711449	1.772754	1.327101	1.339130	1.310145	1.341884	0.742319	1.286957	1.518841	1.331884	1.831449	1.584203	1.402899	1.313188	1.310145	1.704348	1.327246	1.328261	1.333768	1.331014	1.309855	1.340145	1.304493	1.322319	1.344493	1.368116	1.370290	1.329855	1.344058
%%%	Left Pupil Profile (1st row -> 1 == valid tracking, 0 == invalid tracking; 2nd row -> time; 3rd row -> diameter (mm))
%%%	0	0	0	0	0	0	0	0	0	0	0	0	0	0	0	0	0	0	0	0	0	0	0	0	0	0	0	0	0	0	0	0	0	0	0	0	0	0	0	0	0	0	0	0	0	0	0	0	0	0	0	0	0	0	0	0	0	0	0	0	0	0	0	0	0	0	0	0	0	0	0	0	0	0	0	0	0	0	0	0	0	0	0	0	0	0	0	0	0	0	0	0	0	0	0	0	0	0	0	0	0	0	0	0	0	0	0	0	0	0	0	0	0	0	0	0	0	0	0	0	0	0	0	0	0	0	0	0	0	0	0	0	0	0	0	0	0	0	0	0	0	0	0	0	0	0	0	0	0	0	0	0	0	0	0	0	0	0	0	0	0	0	0	0	0	0	0	0	0	0	0	0	0	0	0	0	0	0	0	0	0	0	0	0	0	0	0	0	0	0	0	0	0	0	0	0	0	0	0	0	0	0	0	0	0	0	0	0	0	0	0	0	0	0	0	0	0	0	0	0	0	0	0	0	0	0	0	0	0	0	0	0	0	0	0	0	0	0	0	0	0	0	0	0	0	0	0	0	0	0	0	0	0	0	0	0	0	0	0	0	0	0	0	0	0	0	0	0	0	0	0	0	0	0	0	0	0	0	0	0	0	0	0	0	0	0	0	0	0	0	0	0	0	0	0	0	0	0	0	0	0	0	0	0	0	0	0	0	0	0	0	0	0	0	0	0	0	0	0	0	0	0	0	0	0	0	0	0	0	0	0	0	0	0	0	0	0	0	0	0	0	0	0	0	0	0	0	0	0	0	0	0	0	0	0	0	0	0	0	0	0	0	0	0	0	0	0	0	0	0	0	0	0	0	0	0	0	0	0	0	0	0	0	0	0	0	0	0	0	0	0	0	0	0	0	0	0	0	0	0	0	0	0	0	0	0	0	0	0	0	0	0	0	0	0	0	0	0	0	0	0	0	0	0	0	0	0	0	0	0	0	0	0	0	0	0	0	0	0	0	0	0	0	0	0	0	0	0	0	0	0	0	0	0	0	0	0	0	0	0	0	0	0	0	0	0	0	0	0	0	0	0	0	0	0	0	0	0	0	0	0	0	0	0	0	0	0	0	0	0	0	0	0	0	0	0	0	0	0	0	0	0	0	0	0	0	0	0	0	0	0	0	0	0	0	0	0	0	0	0	0	0	0	0	0	0	0	0	0	0	0	0	0	0	0	0	0	0	0	0	0	0
%%%	-0.067000	-0.020000	0.011000	0.043000	0.074000	0.105000	0.136000	0.167000	0.199000	0.245000	0.277000	0.308000	0.339000	0.370000	0.401000	0.433000	0.479000	0.511000	0.542000	0.573000	0.604000	0.635000	0.667000	0.713000	0.745000	0.776000	0.807000	0.838000	0.869000	0.901000	0.932000	0.979000	1.010000	1.041000	1.072000	1.103000	1.135000	1.166000	1.213000	1.244000	1.275000	1.306000	1.337000	1.369000	1.400000	1.447000	1.478000	1.509000	1.540000	1.571000	1.603000	1.634000	1.665000	1.712000	1.743000	1.774000	1.805000	1.837000	1.868000	1.899000	1.946000	1.977000	2.008000	2.039000	2.071000	2.102000	2.133000	2.180000	2.211000	2.242000	2.273000	2.305000	2.336000	2.367000	2.398000	2.445000	2.476000	2.507000	2.539000	2.570000	2.601000	2.632000	2.679000	2.710000	2.741000	2.773000	2.804000	2.835000	2.866000	2.913000	2.944000	2.975000	3.007000	3.038000	3.069000	3.100000	3.131000	3.178000	3.209000	3.241000	3.272000	3.303000	3.334000	3.365000	3.412000	3.443000	3.475000	3.506000	3.537000	3.568000	3.599000	3.646000	3.677000	3.709000	3.740000	3.771000	3.802000	3.833000	3.865000	3.911000	3.943000	3.974000	4.005000	4.036000	4.067000	4.099000	4.130000	4.177000	4.208000	4.239000	4.270000	4.301000	4.333000	4.364000	4.411000	4.442000	4.473000	4.504000	4.535000	4.567000	4.598000	4.645000	4.676000	4.707000	4.738000	4.769000	4.801000	4.832000	4.863000	4.910000	4.941000	4.972000	5.003000	5.035000	5.066000	5.097000	5.144000	5.175000	5.206000	5.237000	5.269000	5.300000	5.331000	5.378000	5.409000	5.440000	5.471000	5.503000	5.534000	5.565000	5.596000	5.643000	5.674000	5.705000	5.737000	5.768000	5.799000	5.830000	5.877000	5.908000	5.939000	5.971000	6.002000	6.033000	6.064000	6.111000	6.142000	6.173000	6.205000	6.236000	6.267000	6.298000	6.329000	6.376000	6.407000	6.439000	6.470000	6.501000	6.532000	6.563000	6.610000	6.641000	6.673000	6.704000	6.735000	6.766000	6.797000	6.844000	6.875000	6.907000	6.938000	6.969000	7.000000	7.031000	7.063000	7.109000	7.141000	7.172000	7.203000	7.234000	7.265000	7.297000	7.343000	7.375000	7.406000	7.437000	7.468000	7.499000	7.531000	7.577000	7.609000	7.640000	7.671000	7.702000	7.733000	7.765000	7.796000	7.843000	7.874000	7.905000	7.936000	7.967000	7.999000	8.030000	8.077000	8.108000	8.139000	8.170000	8.201000	8.233000	8.264000	8.295000	8.342000	8.373000	8.404000	8.435000	8.467000	8.498000	8.529000	8.576000	8.607000	8.638000	8.669000	8.701000	8.732000	8.763000	8.810000	8.841000	8.872000	8.903000	8.935000	8.966000	8.997000	9.028000	9.075000	9.106000	9.137000	9.169000	9.200000	9.231000	9.262000	9.309000	9.340000	9.371000	9.403000	9.434000	9.465000	9.496000	9.527000	9.574000	9.605000	9.637000	9.668000	9.699000	9.730000	9.761000	9.808000	9.839000	9.871000	9.902000	9.933000	9.964000	9.995000	10.042000	10.073000	10.105000	10.136000	10.167000	10.198000	10.229000	10.261000	10.307000	10.339000	10.370000	10.401000	10.432000	10.463000	10.495000	10.541000	10.573000	10.604000	10.635000	10.666000	10.697000	10.729000	10.775000	10.807000	10.838000	10.869000	10.900000	10.931000	10.963000	10.994000	11.041000	11.072000	11.103000	11.134000	11.165000	11.197000	11.228000	11.275000	11.306000	11.337000	11.368000	11.399000	11.431000	11.462000	11.509000	11.540000	11.571000	11.602000	11.633000	11.665000	11.696000	11.727000	11.774000	11.805000	11.836000	11.867000	11.899000	11.930000	11.961000	12.008000	12.039000	12.070000	12.101000	12.133000	12.164000	12.195000	12.226000	12.273000	12.304000	12.335000	12.367000	12.398000	12.429000	12.460000	12.507000	12.538000	12.569000	12.601000	12.632000	12.663000	12.694000	12.741000	12.772000	12.803000	12.835000	12.866000	12.897000	12.928000	12.959000	13.006000	13.037000	13.069000	13.100000	13.131000	13.162000	13.193000	13.240000	13.271000	13.303000	13.334000	13.365000	13.396000	13.427000	13.474000	13.505000	13.537000	13.568000	13.599000	13.630000	13.661000	13.693000	13.739000	13.771000	13.802000	13.833000	13.864000	13.895000	13.927000	13.973000	14.005000	14.036000	14.067000	14.098000	14.129000	14.161000	14.207000	14.239000	14.270000	14.301000	14.332000	14.363000	14.395000	14.426000	14.473000	14.504000	14.535000	14.566000	14.597000	14.629000	14.660000	14.707000	14.738000	14.769000	14.800000	14.831000	14.863000	14.894000	14.925000	14.972000	15.003000	15.034000	15.065000	15.097000	15.128000	15.159000	15.206000	15.237000	15.268000	15.299000	15.331000	15.362000	15.393000	15.440000	15.471000	15.502000	15.533000	15.565000	15.596000	15.627000	15.658000	15.705000	15.736000	15.767000	15.799000	15.830000	15.861000	15.892000	15.939000	15.970000	16.001000	16.033000	16.064000	16.095000	16.126000	16.157000	16.204000	16.235000	16.267000	16.298000	16.329000	16.360000	16.391000	16.438000	16.469000	16.501000	16.532000	16.563000	16.594000	16.625000	16.672000	16.703000	16.735000	16.766000	16.797000	16.828000	16.859000	16.891000	16.937000	16.969000	17.000000	17.031000	17.062000	17.093000	17.125000	17.171000	17.203000	17.234000	17.265000	17.296000	17.327000	17.359000	17.405000	17.437000	17.468000	17.499000	17.530000	17.561000	17.593000	17.624000	17.671000	17.702000	17.733000	17.764000	17.795000	17.827000	17.858000	17.905000	17.936000	17.967000
%%%	13.913043	13.913043	13.913043	13.913043	13.913043	13.913043	13.913043	13.913043	13.913043	13.913043	13.913043	13.913043	13.913043	13.913043	13.913043	13.913043	13.913043	13.913043	13.913043	13.913043	13.913043	13.913043	13.913043	13.913043	13.913043	13.913043	13.913043	13.913043	13.913043	13.913043	13.913043	13.913043	13.913043	13.913043	13.913043	13.913043	13.913043	13.913043	13.913043	13.913043	13.913043	13.913043	13.913043	13.913043	13.913043	13.913043	13.913043	13.913043	13.913043	13.913043	13.913043	13.913043	13.913043	13.913043	13.913043	13.913043	13.913043	13.913043	13.913043	13.913043	13.913043	13.913043	13.913043	13.913043	13.913043	13.913043	13.913043	13.913043	13.913043	13.913043	13.913043	13.913043	13.913043	13.913043	13.913043	13.913043	13.913043	13.913043	13.913043	13.913043	13.913043	13.913043	13.913043	13.913043	13.913043	13.913043	13.913043	13.913043	13.913043	13.913043	13.913043	13.913043	13.913043	13.913043	13.913043	13.913043	13.913043	13.913043	13.913043	13.913043	13.913043	13.913043	13.913043	13.913043	13.913043	13.913043	13.913043	13.913043	13.913043	13.913043	13.913043	13.913043	13.913043	13.913043	13.913043	13.913043	13.913043	13.913043	13.913043	13.913043	13.913043	13.913043	13.913043	13.913043	13.913043	13.913043	13.913043	13.913043	13.913043	13.913043	13.913043	13.913043	13.913043	13.913043	13.913043	13.913043	13.913043	13.913043	13.913043	13.913043	13.913043	13.913043	13.913043	13.913043	13.913043	13.913043	13.913043	13.913043	13.913043	13.913043	13.913043	13.913043	13.913043	13.913043	13.913043	13.913043	13.913043	13.913043	13.913043	13.913043	13.913043	13.913043	13.913043	13.913043	13.913043	13.913043	13.913043	13.913043	13.913043	13.913043	13.913043	13.913043	13.913043	13.913043	13.913043	13.913043	13.913043	13.913043	13.913043	13.913043	13.913043	13.913043	13.913043	13.913043	13.913043	13.913043	13.913043	13.913043	13.913043	13.913043	13.913043	13.913043	13.913043	13.913043	13.913043	13.913043	13.913043	13.913043	13.913043	13.913043	13.913043	13.913043	13.913043	13.913043	13.913043	13.913043	13.913043	13.913043	13.913043	13.913043	13.913043	13.913043	13.913043	13.913043	13.913043	13.913043	13.913043	13.913043	13.913043	13.913043	13.913043	13.913043	13.913043	13.913043	13.913043	13.913043	13.913043	13.913043	13.913043	13.913043	13.913043	13.913043	13.913043	13.913043	13.913043	13.913043	13.913043	13.913043	13.913043	13.913043	13.913043	13.913043	13.913043	13.913043	13.913043	13.913043	13.913043	13.913043	13.913043	13.913043	13.913043	13.913043	13.913043	13.913043	13.913043	13.913043	13.913043	13.913043	13.913043	13.913043	13.913043	13.913043	13.913043	13.913043	13.913043	13.913043	13.913043	13.913043	13.913043	13.913043	13.913043	13.913043	13.913043	13.913043	13.913043	13.913043	13.913043	13.913043	13.913043	13.913043	13.913043	13.913043	13.913043	13.913043	13.913043	13.913043	13.913043	13.913043	13.913043	13.913043	13.913043	13.913043	13.913043	13.913043	13.913043	13.913043	13.913043	13.913043	13.913043	13.913043	13.913043	13.913043	13.913043	13.913043	13.913043	13.913043	13.913043	13.913043	13.913043	13.913043	13.913043	13.913043	13.913043	13.913043	13.913043	13.913043	13.913043	13.913043	13.913043	13.913043	13.913043	13.913043	13.913043	13.913043	13.913043	13.913043	13.913043	13.913043	13.913043	13.913043	13.913043	13.913043	13.913043	13.913043	13.913043	13.913043	13.913043	13.913043	13.913043	13.913043	13.913043	13.913043	13.913043	13.913043	13.913043	13.913043	13.913043	13.913043	13.913043	13.913043	13.913043	13.913043	13.913043	13.913043	13.913043	13.913043	13.913043	13.913043	13.913043	13.913043	13.913043	13.913043	13.913043	13.913043	13.913043	13.913043	13.913043	13.913043	13.913043	13.913043	13.913043	13.913043	13.913043	13.913043	13.913043	13.913043	13.913043	13.913043	13.913043	13.913043	13.913043	13.913043	13.913043	13.913043	13.913043	13.913043	13.913043	13.913043	13.913043	13.913043	13.913043	13.913043	13.913043	13.913043	13.913043	13.913043	13.913043	13.913043	13.913043	13.913043	13.913043	13.913043	13.913043	13.913043	13.913043	13.913043	13.913043	13.913043	13.913043	13.913043	13.913043	13.913043	13.913043	13.913043	13.913043	13.913043	13.913043	13.913043	13.913043	13.913043	13.913043	13.913043	13.913043	13.913043	13.913043	13.913043	13.913043	13.913043	13.913043	13.913043	13.913043	13.913043	13.913043	13.913043	13.913043	13.913043	13.913043	13.913043	13.913043	13.913043	13.913043	13.913043	13.913043	13.913043	13.913043	13.913043	13.913043	13.913043	13.913043	13.913043	13.913043	13.913043	13.913043	13.913043	13.913043	13.913043	13.913043	13.913043	13.913043	13.913043	13.913043	13.913043	13.913043	13.913043	13.913043	13.913043	13.913043	13.913043	13.913043	13.913043	13.913043	13.913043	13.913043	13.913043	13.913043	13.913043	13.913043	13.913043	13.913043	13.913043	13.913043	13.913043	13.913043	13.913043	13.913043	13.913043	13.913043	13.913043	13.913043	13.913043	13.913043	13.913043	13.913043	13.913043	13.913043	13.913043	13.913043	13.913043	13.913043	13.913043	13.913043	13.913043	13.913043	13.913043	13.913043	13.913043	13.913043	13.913043	13.913043	13.913043	13.913043	13.913043	13.913043	13.913043	13.913043	13.913043	13.913043	13.913043	13.913043	13.913043	13.913043	13.913043	13.913043	13.913043	13.913043	13.913043	13.913043	13.913043	13.913043	13.913043	13.913043	13.913043	13.913043	13.913043	13.913043	13.913043	13.913043	13.913043	13.913043	13.913043	13.913043	13.913043
%%%	Pulse Index	Stimulus Section Index	Stimulus Section Start Index	Stimulus Section End Index	Pupil Stimulated: 0 = Right, 1 = Left, 2 = Both	Light Metric: 0 = Photopic, 1 = Scopotic, 2 = Radiometric	Stimulus Start Time	Stimulus Duration	Stimulus Pulse Duration	Right Pulse Max Level	Right Pulse Max Color (0123 = WRGB)	Right Pulse Min Level	Right Pulse Min Color (0123 = WRGB)	Left Pulse Max Level	Left Pulse Max Color (0123 = WRGB)	Left Pulse Min Level	Left Pulse Min Color (0123 = WRGB)	Right Data Input Type (0 == RAW DATA, 1 == FITTED DATA, 2 == M. OVERRIDED)	Right ANALYSIS STATE (0 == ABNORMAL, 1 == NORMAL)	Right MAX (mm) (EMPTY if INVALID)	Right MIN (mm) (EMPTY if INVALID)	Right DELTA (mm) (EMPTY if INVALID)	Right CH (%) (EMPTY if INVALID)	Right LAT (sec) (EMPTY if INVALID)	Right CV (mm/s) (EMPTY if INVALID)	Right MCV (mm/s) (EMPTY if INVALID)	Right DV (mm/s) (EMPTY if INVALID)	Left Data Input Type (0 == RAW DATA, 1 == FITTED DATA, 2 == M. OVERRIDED)	Left ANALYSIS STATE (0 == ABNORMAL, 1 == NORMAL)	Left MAX (mm) (EMPTY if INVALID)	Left MIN (mm) (EMPTY if INVALID)	Left DELTA (mm) (EMPTY if INVALID)	Left CH (%) (EMPTY if INVALID)	Left LAT (sec) (EMPTY if INVALID)	Left CV (mm/s) (EMPTY if INVALID)	Left MCV (mm/s) (EMPTY if INVALID)	Left DV (mm/s) (EMPTY if INVALID)
%%%	0	0	17	542	0	0	0.51	17.52	0.51	31625.17	1	0.00	1	0.00	1	0.00	1	0	0	0.00	0.00			0.00	0.00	0.00	0.00	0	0	0.00	0.00			0.00	0.00	0.00	0.00
%%%%%%%%%
%%%%%%%%%
%%%%%%%%%
<\SESSION>
