<SESSION>
<VERSION>
2
<\VERSION>
<DATE>
2017-08-15 09:38:02
<\DATE>
<SUBJECT-ID>
c57-1mois-f3-2r
<\SUBJECT-ID>
<NOTE>

<\NOTE>
<MIN-MAX-PLOT>
0.100000 51880.761719
<\MIN-MAX-PLOT>
<STIMULUS-DEFINED>
Default
Default Human Relative Spectral Sensitivity
1	0
1	0.500000	0.500000	17.000000	1	1	2.000000	-100.000000	0.100000	-100.000000	0
<\STIMULUS-DEFINED>
<STIMULUS-GENERATED>
4
0	0	0.000000	1	0.000000	0.000000	1	0.000000	0.000000
0	1	0.509000	1	0.406861	99.710426	1	0.000000	0.000000
0	4	1.018000	1	0.000000	0.000000	1	0.000000	0.000000
-1	5	18.028000	0	0.000000	0.000000	0	0.000000	0.000000
<\STIMULUS-GENERATED>
<RIGHT-PUPIL-DATA>
543	1
1	-0.051000	1.048406	316.437500	237.562500
1	-0.019000	0.979710	315.937500	237.062500
1	0.012000	1.061884	317.243744	238.243744
1	0.043000	1.008116	316.000000	237.000000
1	0.074000	1.068551	317.618744	237.268768
1	0.105000	1.043478	316.500000	236.500000
1	0.137000	1.043188	317.000183	237.500000
1	0.183000	1.029855	316.437500	235.812500
1	0.215000	1.097971	317.212494	237.274994
1	0.246000	1.008696	317.500000	236.500000
1	0.277000	1.057102	318.812500	237.937500
1	0.308000	1.000145	317.881256	236.443756
1	0.339000	1.048406	316.937500	237.312500
1	0.371000	1.148986	316.712494	237.475006
1	0.402000	0.990145	314.225006	235.024994
1	0.449000	1.051884	315.062500	236.312500
1	0.480000	1.020290	314.375000	235.125000
1	0.511000	1.079420	315.975006	236.024994
1	0.542000	1.061884	315.756256	235.118744
1	0.573000	0.997246	315.406250	234.406250
1	0.605000	1.110145	316.250000	236.250000
1	0.636000	1.078261	315.500000	236.500000
1	0.683000	1.044638	314.975006	233.975006
1	0.714000	1.104638	316.912506	235.725006
1	0.745000	1.040290	316.537506	234.524994
1	0.776000	1.096812	317.225006	236.225006
1	0.807000	1.078841	316.562500	236.500000
1	0.839000	1.057536	315.181244	235.743744
1	0.870000	0.959855	313.681244	234.056244
1	0.917000	1.031159	314.481232	234.843719
1	0.948000	0.929275	313.600006	234.100006
1	0.979000	0.977681	313.000000	234.937500
1	1.010000	0.974493	313.049988	235.000000
1	1.041000	0.892754	313.625000	234.625000
1	1.073000	0.874058	314.881256	236.193756
1	1.104000	0.840145	315.943756	236.556244
1	1.135000	0.836377	316.468750	237.906250
1	1.182000	0.788406	316.500000	237.500000
1	1.213000	0.815942	316.312500	237.875000
1	1.244000	0.813623	315.299988	237.312500
1	1.275000	0.794493	315.024994	237.424957
1	1.307000	0.828986	314.500000	238.500000
1	1.338000	0.805507	313.837494	237.162506
0	1.369000	0.347826	354.681458	249.456177
1	1.416000	0.751882	314.449677	238.450348
1	1.447000	0.723188	314.625000	238.000000
0	1.478000	0.590145	313.212494	240.475006
0	1.509000	0.619710	312.399994	239.399994
0	1.541000	0.709275	313.825012	237.237488
1	1.572000	0.730435	313.500000	236.500000
1	1.603000	0.731449	315.743744	238.543732
0	1.634000	0.567971	314.781250	241.156250
0	1.681000	0.572754	315.037506	241.850006
0	1.712000	0.486957	311.500000	238.500000
1	1.743000	0.694203	314.375000	236.875000
0	1.775000	0.673333	316.187500	238.312500
1	1.806000	0.715797	317.043793	239.968781
1	1.837000	0.488986	316.912506	243.787506
0	1.868000	0.553188	314.006256	241.368866
1	1.915000	0.738986	312.743744	237.618744
1	1.946000	0.701159	315.037506	238.899994
0	1.977000	0.588116	314.537506	241.712494
1	2.009000	0.679420	314.725006	238.587494
1	2.040000	0.707101	316.093750	239.656250
1	2.071000	0.690145	316.587494	239.587494
1	2.102000	0.731014	316.487488	239.500000
1	2.149000	0.574493	317.000000	243.000000
1	2.180000	0.712464	317.125000	240.875000
1	2.211000	0.695652	316.500000	239.500000
0	2.243000	0.611594	316.250000	243.512512
1	2.274000	0.695797	316.381256	239.931244
1	2.305000	0.737971	315.287506	239.600006
1	2.336000	0.801159	315.100006	240.512482
1	2.367000	0.788406	314.500000	239.500000
1	2.414000	0.747826	313.500000	238.500000
1	2.445000	0.752174	313.375000	238.625000
1	2.477000	0.793478	316.000000	239.000000
1	2.508000	0.805507	315.162506	239.287506
1	2.539000	0.759275	315.781250	239.468750
1	2.570000	0.792898	316.031250	239.093750
1	2.601000	0.782609	315.687500	238.937500
1	2.648000	0.781884	315.768738	238.231262
1	2.679000	0.800000	316.000000	239.000000
0	2.711000	0.690290	316.106232	240.993744
1	2.742000	0.758696	316.556244	238.431244
1	2.773000	0.813623	316.687500	238.687500
1	2.804000	0.818551	316.837494	238.725006
1	2.835000	0.820725	316.193756	238.756256
1	2.882000	0.839275	316.318756	238.556244
1	2.913000	0.801159	315.100006	237.975006
1	2.945000	0.852174	314.000000	238.000000
1	2.976000	0.814058	314.256256	236.306244
0	3.007000	0.786520	314.868378	239.006500
1	3.038000	0.847246	316.062500	237.187500
1	3.069000	0.800000	316.500000	237.500000
1	3.101000	0.828986	316.500000	237.500000
1	3.147000	0.829855	317.062500	237.437500
1	3.179000	0.835797	316.493744	237.068756
1	3.210000	0.815942	316.262512	237.312500
1	3.241000	0.800000	316.500000	237.500000
1	3.272000	0.868406	316.850006	238.149994
1	3.303000	0.810290	315.218750	236.906250
0	3.335000	0.707536	314.162506	241.662506
1	3.381000	0.842898	313.687500	236.875000
1	3.413000	0.875942	312.899994	236.587494
1	3.444000	0.877536	313.456238	237.043762
0	3.475000	0.838551	314.437500	237.437500
1	3.506000	0.861014	314.756256	237.743744
1	3.537000	0.875942	314.100006	236.587494
1	3.569000	0.840725	314.343750	236.656250
1	3.615000	0.870145	316.500000	237.750000
1	3.647000	0.861594	316.643738	237.731262
1	3.678000	0.881594	316.681244	238.631256
1	3.709000	0.835942	316.149994	237.500031
1	3.740000	0.846667	316.212494	237.787506
1	3.771000	0.835362	314.562500	237.562500
1	3.803000	0.881159	314.250000	237.750000
1	3.834000	0.916232	312.762482	237.337494
1	3.881000	0.913043	313.750000	237.500000
1	3.912000	0.844203	313.718750	236.481262
1	3.943000	0.869565	314.250000	237.250000
1	3.974000	0.904493	315.806244	238.556244
1	4.005000	0.884928	315.287506	238.024994
1	4.037000	0.893188	314.868744	237.868561
1	4.068000	0.936667	315.506256	238.493744
1	4.115000	0.896812	315.100006	237.587494
1	4.146000	0.877536	314.956238	238.393738
1	4.177000	0.885942	315.993744	237.381256
1	4.208000	0.864203	315.068756	237.193756
1	4.239000	0.855362	315.712494	237.337494
1	4.271000	0.838551	314.437500	236.562500
1	4.302000	0.916667	315.406250	237.768738
1	4.333000	0.913188	314.431244	237.306244
1	4.380000	0.915942	314.000000	237.000000
1	4.411000	0.901449	313.987488	237.549988
1	4.442000	0.886957	314.500000	237.500000
1	4.473000	0.912029	313.743744	237.631256
1	4.505000	0.916377	313.681244	237.131256
1	4.536000	0.937971	313.712494	237.024994
0	4.567000	0.828986	314.000000	237.500000
1	4.614000	0.904348	315.750000	237.750000
1	4.645000	0.915942	316.125000	237.875000
1	4.676000	0.936232	316.450012	237.799988
1	4.707000	0.919420	316.412506	237.937531
1	4.739000	0.881449	314.962555	238.987579
1	4.770000	0.904928	313.500000	236.875000
1	4.801000	0.940145	313.068726	235.956238
1	4.848000	0.895072	312.862488	235.924988
1	4.879000	0.929275	313.462494	236.412506
1	4.910000	0.951015	315.212494	237.787506
1	4.941000	0.924058	315.425049	237.500000
1	4.973000	0.827246	314.475006	237.850006
0	5.004000	0.716812	313.875000	243.062500
1	5.035000	0.950725	315.500000	237.500000
1	5.066000	0.877536	315.081238	238.043762
1	5.113000	0.940290	317.475006	238.524994
1	5.144000	0.974493	316.000000	240.000000
1	5.175000	0.921159	317.237488	237.750000
1	5.207000	0.912319	315.293762	238.143738
1	5.238000	0.904348	313.750000	236.750000
0	5.269000	0.892754	311.500000	236.500000
1	5.300000	0.949420	314.706238	237.168762
1	5.347000	0.931449	315.381256	237.868744
1	5.378000	0.939130	317.000000	238.000000
1	5.409000	0.948985	317.212494	238.600006
1	5.441000	0.915072	316.712494	238.712494
1	5.472000	0.987101	317.806244	240.231232
1	5.503000	0.874928	316.818756	239.181244
1	5.534000	0.974928	318.431244	240.943756
1	5.581000	0.956522	318.000000	240.500000
1	5.612000	0.901015	316.543732	239.506256
1	5.643000	0.922319	315.375000	239.750000
1	5.675000	0.920580	312.774994	238.774994
1	5.706000	0.962319	313.250000	239.250000
1	5.737000	0.927536	314.750000	238.250000
1	5.768000	0.904348	315.312500	238.312500
1	5.799000	0.940290	315.475006	239.475006
1	5.846000	0.951159	315.193756	240.181244
1	5.877000	0.931015	315.625000	239.062500
0	5.909000	0.967971	316.043762	240.906250
1	5.940000	0.967971	316.468750	240.843750
1	5.971000	1.060870	317.875000	242.625000
1	6.002000	0.957536	315.793732	240.931244
1	6.033000	0.939130	314.750000	239.750000
1	6.080000	0.951159	315.193756	239.818756
1	6.111000	0.929855	315.175018	240.425018
1	6.143000	0.946232	315.468750	241.156250
0	6.174000	0.614493	311.500000	248.500000
1	6.205000	0.988116	315.962494	241.712494
0	6.236000	0.707101	312.843750	245.156250
1	6.267000	0.927101	314.306244	239.556244
0	6.314000	0.921884	313.743744	240.806244
1	6.345000	0.903188	314.475006	240.787506
1	6.377000	0.933623	315.524994	240.962494
1	6.408000	1.044638	318.024994	243.475006
1	6.439000	1.015797	317.656250	243.781250
1	6.470000	1.019710	318.837494	243.399994
0	6.501000	0.882029	316.312500	245.687500
1	6.533000	1.008841	317.743744	243.006256
0	6.579000	0.678261	315.500000	248.000000
1	6.611000	0.953188	315.431244	241.443756
1	6.642000	1.008696	315.500000	240.500000
1	6.673000	0.955942	314.250000	240.250000
1	6.704000	0.985362	313.718750	241.031250
1	6.735000	0.947246	312.612488	240.625000
1	6.767000	0.946812	312.756256	240.131256
1	6.813000	1.043478	314.062500	241.062500
1	6.845000	0.929420	314.268768	240.568756
1	6.876000	0.927681	314.593750	240.468750
1	6.907000	0.924928	315.399994	241.862579
1	6.938000	1.044638	317.475006	242.600006
1	6.969000	0.970145	316.875000	242.000000
0	7.001000	0.878261	316.000000	240.500000
1	7.032000	1.003478	315.762543	241.475006
1	7.079000	0.934203	315.062500	239.937500
0	7.110000	0.948551	313.393738	239.356262
1	7.141000	0.950580	314.331238	240.156250
1	7.172000	0.972899	315.056244	241.506256
1	7.203000	1.017391	316.750000	242.250000
1	7.235000	0.940290	315.725006	241.475006
1	7.266000	1.044638	318.024994	242.475006
1	7.313000	0.985942	317.306244	241.693756
1	7.344000	0.896812	316.837494	241.100006
1	7.375000	0.951159	317.806244	241.193756
1	7.406000	1.009855	317.012482	241.475006
1	7.437000	1.048841	317.068756	241.306244
1	7.469000	0.997101	316.500000	241.500000
1	7.500000	0.964638	316.000000	241.000000
1	7.547000	0.967246	316.037506	240.837494
1	7.578000	0.969710	316.193756	241.068756
1	7.609000	0.951159	315.681244	240.193756
1	7.640000	0.916232	313.762482	238.662506
1	7.671000	0.957102	314.750000	240.250000
1	7.703000	0.985507	316.062500	240.687500
1	7.734000	0.985507	316.000000	241.000000
1	7.765000	0.972754	317.475006	241.524994
1	7.812000	1.072464	320.000000	243.500000
1	7.843000	0.962464	317.668823	241.893799
1	7.874000	1.079420	319.975006	243.975006
1	7.905000	1.008116	318.375000	243.000000
1	7.937000	1.029420	317.818756	243.693756
1	7.968000	0.912464	313.750000	242.000000
1	7.999000	0.941884	313.531250	240.718750
0	8.046000	0.896667	313.118744	239.481232
1	8.077000	0.967102	314.043732	240.856171
1	8.108000	0.939130	313.937500	241.437500
1	8.139000	0.903188	314.274994	242.212494
1	8.171000	1.079420	317.587494	243.475006
1	8.202000	0.878406	314.668732	241.368744
1	8.233000	1.087536	317.875000	244.125000
0	8.264000	0.881159	316.750000	241.750000
0	8.311000	1.044058	318.500000	243.500000
1	8.342000	1.018551	318.600006	242.649994
1	8.373000	1.044638	318.975006	244.024994
1	8.405000	0.881159	314.750000	241.250000
1	8.436000	1.043478	315.500000	243.500000
1	8.467000	0.951159	313.181244	242.181244
1	8.498000	1.008696	315.500000	242.500000
0	8.545000	0.924493	314.156250	241.656250
1	8.576000	0.884928	314.287506	241.287506
1	8.607000	1.025942	316.743744	242.243744
1	8.639000	0.972754	315.899994	241.524994
1	8.670000	0.975072	316.100006	241.975006
1	8.701000	1.072029	318.143768	243.718658
1	8.732000	1.063768	318.750000	243.799988
0	8.779000	0.990145	317.774994	242.774994
0	8.810000	0.933188	315.581238	242.343750
1	8.841000	1.078841	318.562500	244.000000
0	8.873000	0.994203	317.812500	242.937500
0	8.904000	0.921739	315.500000	242.500000
1	8.935000	0.866377	314.787506	241.787506
1	8.966000	0.992754	315.299988	241.812500
1	8.997000	1.118551	316.037506	242.537506
1	9.044000	0.990725	314.312500	239.750000
0	9.075000	0.894493	314.037506	239.837494
1	9.107000	1.081015	317.468750	243.031250
1	9.138000	1.061449	318.250000	242.750000
1	9.169000	1.055072	318.750000	242.750000
1	9.200000	1.034203	318.562500	242.437500
0	9.231000	1.023333	318.593750	241.718750
0	9.278000	0.895072	316.125000	241.862488
1	9.309000	1.046667	318.462494	242.912506
1	9.341000	1.089710	319.406250	243.906250
1	9.372000	1.001449	317.125000	242.000000
1	9.403000	1.063333	317.756226	242.743774
1	9.434000	1.020290	316.250000	241.250000
1	9.465000	1.109855	315.787506	242.287506
1	9.512000	0.978406	313.943756	239.931244
1	9.543000	1.117971	315.937500	241.937500
1	9.575000	1.100725	317.331238	242.168762
0	9.606000	0.730580	313.193756	244.743744
1	9.637000	1.139420	318.362488	243.812500
1	9.668000	1.078261	319.500000	244.500000
0	9.699000	0.892754	315.500000	240.500000
1	9.731000	1.002899	317.625000	241.875000
1	9.777000	1.124638	320.500000	243.500000
0	9.809000	0.878116	314.931244	242.931244
1	9.840000	1.113043	317.875000	244.125000
0	9.871000	0.892754	312.575012	240.424988
0	9.902000	0.983623	312.993744	241.068756
1	9.933000	1.105507	315.274994	241.725006
0	9.965000	1.026087	314.500000	241.500000
1	10.011000	0.974493	314.000000	241.000000
1	10.043000	0.936377	314.968750	240.443726
1	10.074000	1.079855	316.581238	242.468750
1	10.105000	1.153623	318.024933	243.375031
1	10.136000	1.117971	317.937500	243.062500
1	10.167000	1.100580	318.174988	242.812500
1	10.199000	1.159420	318.750000	243.250000
1	10.245000	1.079275	317.993622	242.993744
0	10.277000	0.873333	314.875000	241.125000
1	10.308000	1.124638	317.000000	244.000000
1	10.339000	0.915797	314.406250	241.218750
1	10.370000	1.131739	316.756256	243.981293
0	10.401000	1.046377	313.437500	241.937500
1	10.433000	0.939130	313.000000	239.000000
1	10.464000	0.974493	313.000000	241.000000
1	10.511000	1.078986	316.431366	242.468842
1	10.542000	1.140579	317.562653	243.787445
1	10.573000	1.041884	316.968750	242.468750
1	10.604000	1.136812	318.850006	243.850006
1	10.635000	1.019710	317.162506	242.350006
1	10.667000	1.133044	319.500000	244.250000
1	10.698000	1.171594	320.199982	245.274994
1	10.745000	1.109855	318.537506	244.212494
1	10.776000	1.061449	316.250000	242.750000
1	10.807000	1.079275	315.543732	242.993744
1	10.838000	1.147826	315.500000	242.500000
1	10.869000	0.972319	312.968750	239.531250
1	10.901000	1.153333	316.287506	242.962494
1	10.932000	1.125942	316.993713	243.356201
1	10.979000	1.104348	317.000000	242.250000
1	11.010000	0.937536	314.531250	240.093750
1	11.041000	1.147971	318.256256	242.943756
1	11.072000	1.133188	318.281250	243.106262
1	11.103000	1.147826	319.000000	244.000000
1	11.135000	1.140290	317.587494	244.199982
1	11.166000	0.990580	313.268738	240.906250
1	11.197000	1.157971	316.674988	243.112488
1	11.244000	0.981594	313.631256	241.193756
1	11.275000	1.150580	316.968750	243.531250
1	11.306000	1.157681	316.600006	243.600006
1	11.337000	1.150580	317.031250	243.968750
1	11.369000	1.181594	316.618744	243.993744
1	11.400000	1.150580	316.281250	242.531250
1	11.431000	1.117971	314.937500	242.062500
1	11.478000	1.146232	316.281250	243.281250
1	11.509000	1.142753	317.368652	243.618591
1	11.540000	1.217971	317.500000	244.500000
1	11.571000	1.140725	318.843750	243.593750
1	11.603000	1.202754	319.031250	244.968750
1	11.634000	1.148986	319.225006	244.774994
1	11.665000	1.149855	318.524994	244.962494
1	11.712000	1.117971	317.562500	243.937500
0	11.743000	0.974493	315.000000	242.000000
1	11.774000	1.165072	318.168701	244.156250
1	11.805000	1.181159	318.512512	244.375000
1	11.837000	1.122899	316.725006	244.024994
1	11.868000	1.263768	319.500000	244.500000
1	11.899000	1.150580	316.281250	242.968750
1	11.930000	1.117971	315.187500	241.937500
1	11.977000	1.175073	316.600006	243.399994
1	12.008000	1.165362	318.493744	244.181244
0	12.039000	1.171015	316.500000	243.500000
1	12.071000	1.156666	318.906036	244.080963
0	12.102000	1.078261	315.500000	244.500000
1	12.133000	1.151160	318.306244	244.943756
1	12.164000	1.185942	318.006256	244.443756
1	12.195000	1.175073	318.100006	244.600006
1	12.242000	1.142464	316.318756	243.193756
1	12.273000	1.171015	316.750000	242.750000
1	12.305000	1.141449	314.600006	242.212494
1	12.336000	1.182609	316.625000	242.875000
1	12.367000	1.165072	316.818756	242.818756
1	12.398000	1.168551	318.193756	243.806244
1	12.429000	1.154928	318.268738	243.356262
1	12.476000	1.194203	318.000000	244.000000
1	12.507000	1.203188	319.712494	244.287506
1	12.539000	1.222899	318.737518	245.024994
0	12.570000	0.926667	314.312500	240.125000
0	12.601000	0.995652	313.875000	240.875000
1	12.632000	1.185507	316.250000	244.000000
1	12.663000	1.107971	313.831238	241.956238
1	12.710000	1.171015	316.000000	244.000000
0	12.741000	1.072464	314.000000	242.000000
1	12.773000	1.194203	315.500000	244.500000
1	12.804000	1.194203	316.000000	244.000000
1	12.835000	1.207101	317.281250	244.218750
1	12.866000	1.140145	317.568756	243.618744
1	12.897000	1.127681	316.656250	243.206238
1	12.929000	1.157971	318.112488	244.112488
1	12.975000	1.177101	318.962494	244.337494
1	13.007000	1.189855	319.475006	244.487457
1	13.038000	1.211449	318.906250	244.843750
1	13.069000	1.182609	318.750000	244.750000
1	13.100000	1.202754	317.281250	243.331238
0	13.131000	1.263768	319.500000	240.500000
1	13.163000	1.202754	316.281250	244.031250
1	13.209000	1.165797	317.750000	244.812500
1	13.241000	1.183623	316.743744	244.043732
1	13.272000	1.217536	317.743744	244.243744
1	13.303000	1.167246	316.787506	244.149994
1	13.334000	1.185942	318.443756	244.443756
1	13.365000	1.177681	317.062500	244.312500
1	13.397000	1.194203	316.375000	244.125000
1	13.443000	1.205942	316.331238	242.281250
1	13.475000	1.185362	316.531250	243.468750
1	13.506000	1.203188	318.287506	244.712494
1	13.537000	1.171015	319.500000	244.500000
1	13.568000	1.186377	318.250000	244.562500
1	13.599000	1.189420	318.656250	245.093750
1	13.631000	1.170725	316.787506	244.225006
1	13.662000	1.206232	316.706268	244.981171
1	13.709000	1.191159	316.443756	244.243744
1	13.740000	1.164058	316.475006	243.524994
1	13.771000	1.183768	316.524994	243.975006
1	13.802000	1.201449	316.012512	244.299988
1	13.833000	1.182609	314.750000	243.750000
1	13.865000	1.211449	316.156250	244.843750
1	13.896000	1.194203	317.000000	245.000000
0	13.943000	1.263768	319.500000	248.500000
0	13.974000	1.027246	315.412506	242.774994
0	14.005000	1.313043	322.125000	245.312500
1	14.036000	1.201594	318.343750	245.781250
1	14.067000	1.203333	316.631256	245.993744
1	14.099000	1.217391	316.500000	245.500000
0	14.130000	1.863623	328.781250	239.218750
1	14.177000	1.203333	315.256256	245.056244
0	14.208000	0.998551	311.825012	241.075012
1	14.239000	1.181014	314.968750	244.593750
1	14.270000	1.171015	317.000000	245.000000
1	14.301000	1.201160	316.662506	245.225006
1	14.333000	1.212029	317.931244	245.818756
1	14.364000	1.201014	318.381256	246.243744
1	14.395000	1.192899	317.543762	246.143738
0	14.442000	1.263768	315.500000	248.500000
1	14.473000	1.182029	317.500000	246.000000
1	14.504000	1.176667	317.018799	246.343750
1	14.535000	1.217391	314.500000	245.500000
1	14.567000	1.199275	314.268738	245.268738
1	14.598000	1.206232	314.706268	245.506256
0	14.629000	1.263768	315.500000	248.500000
1	14.676000	1.263768	314.500000	245.500000
1	14.707000	1.199420	316.375000	246.125000
1	14.738000	1.220290	316.437500	246.062500
1	14.769000	1.171015	319.500000	244.500000
1	14.801000	1.203333	317.943756	246.056244
1	14.832000	1.242464	317.743744	245.818756
1	14.863000	1.205362	318.018738	246.756287
1	14.910000	1.217391	318.500000	247.500000
1	14.941000	1.263768	315.500000	248.500000
1	14.972000	1.191159	318.118744	248.493744
1	15.003000	1.219710	315.774933	247.462494
0	15.035000	1.000725	311.856262	245.156250
0	15.066000	1.035217	312.431274	245.443726
1	15.097000	1.228985	316.375000	247.875000
1	15.128000	1.242464	315.556244	248.256256
1	15.175000	1.147826	314.250000	245.750000
1	15.206000	1.202754	315.031250	247.218750
1	15.237000	1.229855	315.500000	247.687500
1	15.269000	1.246812	315.493744	248.106232
1	15.300000	1.234783	315.500000	248.000000
1	15.331000	1.218551	316.475006	247.837494
1	15.362000	1.235362	315.375000	248.750000
1	15.409000	1.216667	316.393738	248.481262
1	15.440000	1.240580	316.750000	248.750000
1	15.471000	1.240580	316.000000	249.000000
1	15.503000	1.221159	316.937500	248.937500
1	15.534000	1.244638	317.850006	249.712494
1	15.565000	1.242753	317.506287	249.856201
1	15.596000	1.211884	318.087494	249.912506
1	15.643000	1.232609	316.893768	250.406281
1	15.674000	1.220580	317.212494	249.787506
1	15.705000	1.221159	316.937500	250.062500
1	15.737000	1.260870	316.000000	249.750000
1	15.768000	1.281594	315.943756	249.993744
1	15.799000	1.253768	315.593750	249.718750
1	15.830000	1.229855	316.687500	248.937500
1	15.861000	1.263768	316.799988	249.299988
1	15.908000	1.237971	315.774994	249.587494
1	15.939000	1.226087	315.500000	248.500000
1	15.971000	1.201160	314.225006	247.225006
0	16.002000	1.171015	311.500000	248.500000
1	16.033000	1.229855	314.937500	247.687500
1	16.064000	1.222319	316.000000	248.437500
1	16.095000	1.261449	316.125000	248.512512
1	16.127000	1.188551	317.906250	249.218750
1	16.173000	1.235942	317.725006	249.162506
1	16.205000	1.223188	318.500000	249.500000
1	16.236000	1.202754	317.281250	249.318726
1	16.267000	1.237101	317.600006	250.212494
1	16.298000	1.216377	316.868744	249.868744
1	16.329000	1.217391	314.000000	249.000000
1	16.361000	1.257536	313.931244	248.506256
1	16.407000	1.263768	314.000000	249.000000
1	16.439000	1.238841	313.424988	248.412537
1	16.470000	1.223333	313.031250	246.593750
1	16.501000	1.257971	312.500000	247.500000
1	16.532000	1.248406	312.437500	247.437500
0	16.563000	1.171015	311.500000	248.500000
1	16.595000	1.256522	315.750000	249.000000
1	16.641000	1.246232	316.343750	249.343750
0	16.673000	1.913043	328.500000	243.500000
1	16.704000	1.240580	317.000000	250.000000
1	16.735000	1.211449	318.906250	250.843750
1	16.766000	1.237536	318.218750	250.218750
0	16.797000	1.171015	315.500000	252.500000
1	16.829000	1.265942	317.156250	250.456238
1	16.860000	0.738986	310.618744	255.743744
1	16.907000	1.268551	314.881256	251.243744
1	16.938000	1.251594	314.375000	250.625000
1	16.969000	1.171015	315.500000	252.500000
1	17.000000	1.240580	313.000000	250.000000
1	17.031000	1.238116	313.181244	249.856232
0	17.063000	1.009420	308.481262	247.981262
1	17.094000	1.256812	313.612518	250.649994
1	17.141000	1.251014	315.475006	250.975006
1	17.172000	1.298986	315.318756	251.431244
1	17.203000	1.256667	315.443756	251.806244
1	17.234000	1.272319	315.781250	251.968750
1	17.265000	1.250580	315.706238	252.018738
1	17.297000	1.268841	317.256226	252.281250
1	17.328000	1.244203	315.606262	252.393738
1	17.375000	1.285942	316.068756	252.006256
1	17.406000	1.275073	315.837494	253.162506
1	17.437000	1.246232	314.906250	253.531250
1	17.468000	1.268986	313.625000	253.125000
1	17.499000	1.263188	312.850037	252.449890
1	17.531000	1.269565	312.000000	251.500000
1	17.562000	1.222319	312.000000	250.437500
1	17.593000	1.241884	313.531250	252.718750
1	17.640000	1.286957	313.500000	252.500000
1	17.671000	1.269565	314.500000	253.000000
1	17.702000	1.278841	314.375000	253.000000
1	17.733000	1.265942	314.250000	253.187500
1	17.765000	1.263768	314.000000	253.000000
1	17.796000	1.283188	314.187500	253.937500
1	17.827000	1.283768	314.412506	254.212494
1	17.874000	1.240580	314.875000	253.875000
1	17.905000	1.211884	316.162506	254.912506
1	17.936000	1.252754	315.375000	254.612488
1	17.967000	1.238551	316.812500	255.812500
1	17.999000	1.235942	315.162506	255.162506
<\RIGHT-PUPIL-DATA>
<LEFT-PUPIL-DATA>
543	0
0	-0.067000	13.913043	240.000000	320.000000
0	-0.035000	13.913043	240.000000	320.000000
0	-0.004000	13.913043	240.000000	320.000000
0	0.027000	13.913043	240.000000	320.000000
0	0.074000	13.913043	240.000000	320.000000
0	0.105000	13.913043	240.000000	320.000000
0	0.136000	13.913043	240.000000	320.000000
0	0.167000	13.913043	240.000000	320.000000
0	0.199000	13.913043	240.000000	320.000000
0	0.230000	13.913043	240.000000	320.000000
0	0.261000	13.913043	240.000000	320.000000
0	0.308000	13.913043	240.000000	320.000000
0	0.339000	13.913043	240.000000	320.000000
0	0.370000	13.913043	240.000000	320.000000
0	0.401000	13.913043	240.000000	320.000000
0	0.433000	13.913043	240.000000	320.000000
0	0.464000	13.913043	240.000000	320.000000
0	0.495000	13.913043	240.000000	320.000000
0	0.526000	13.913043	240.000000	320.000000
0	0.573000	13.913043	240.000000	320.000000
0	0.604000	13.913043	240.000000	320.000000
0	0.635000	13.913043	240.000000	320.000000
0	0.667000	13.913043	240.000000	320.000000
0	0.698000	13.913043	240.000000	320.000000
0	0.729000	13.913043	240.000000	320.000000
0	0.760000	13.913043	240.000000	320.000000
0	0.807000	13.913043	240.000000	320.000000
0	0.838000	13.913043	240.000000	320.000000
0	0.869000	13.913043	240.000000	320.000000
0	0.901000	13.913043	240.000000	320.000000
0	0.932000	13.913043	240.000000	320.000000
0	0.963000	13.913043	240.000000	320.000000
0	0.994000	13.913043	240.000000	320.000000
0	1.041000	13.913043	240.000000	320.000000
0	1.072000	13.913043	240.000000	320.000000
0	1.103000	13.913043	240.000000	320.000000
0	1.135000	13.913043	240.000000	320.000000
0	1.166000	13.913043	240.000000	320.000000
0	1.197000	13.913043	240.000000	320.000000
0	1.228000	13.913043	240.000000	320.000000
0	1.259000	13.913043	240.000000	320.000000
0	1.306000	13.913043	240.000000	320.000000
0	1.337000	13.913043	240.000000	320.000000
0	1.369000	13.913043	240.000000	320.000000
0	1.400000	13.913043	240.000000	320.000000
0	1.431000	13.913043	240.000000	320.000000
0	1.462000	13.913043	240.000000	320.000000
0	1.493000	13.913043	240.000000	320.000000
0	1.540000	13.913043	240.000000	320.000000
0	1.571000	13.913043	240.000000	320.000000
0	1.603000	13.913043	240.000000	320.000000
0	1.634000	13.913043	240.000000	320.000000
0	1.665000	13.913043	240.000000	320.000000
0	1.696000	13.913043	240.000000	320.000000
0	1.727000	13.913043	240.000000	320.000000
0	1.774000	13.913043	240.000000	320.000000
0	1.805000	13.913043	240.000000	320.000000
0	1.837000	13.913043	240.000000	320.000000
0	1.868000	13.913043	240.000000	320.000000
0	1.899000	13.913043	240.000000	320.000000
0	1.930000	13.913043	240.000000	320.000000
0	1.961000	13.913043	240.000000	320.000000
0	1.993000	13.913043	240.000000	320.000000
0	2.039000	13.913043	240.000000	320.000000
0	2.071000	13.913043	240.000000	320.000000
0	2.102000	13.913043	240.000000	320.000000
0	2.133000	13.913043	240.000000	320.000000
0	2.164000	13.913043	240.000000	320.000000
0	2.195000	13.913043	240.000000	320.000000
0	2.227000	13.913043	240.000000	320.000000
0	2.273000	13.913043	240.000000	320.000000
0	2.305000	13.913043	240.000000	320.000000
0	2.336000	13.913043	240.000000	320.000000
0	2.367000	13.913043	240.000000	320.000000
0	2.398000	13.913043	240.000000	320.000000
0	2.429000	13.913043	240.000000	320.000000
0	2.461000	13.913043	240.000000	320.000000
0	2.507000	13.913043	240.000000	320.000000
0	2.539000	13.913043	240.000000	320.000000
0	2.570000	13.913043	240.000000	320.000000
0	2.601000	13.913043	240.000000	320.000000
0	2.632000	13.913043	240.000000	320.000000
0	2.663000	13.913043	240.000000	320.000000
0	2.695000	13.913043	240.000000	320.000000
0	2.726000	13.913043	240.000000	320.000000
0	2.773000	13.913043	240.000000	320.000000
0	2.804000	13.913043	240.000000	320.000000
0	2.835000	13.913043	240.000000	320.000000
0	2.866000	13.913043	240.000000	320.000000
0	2.897000	13.913043	240.000000	320.000000
0	2.929000	13.913043	240.000000	320.000000
0	2.960000	13.913043	240.000000	320.000000
0	2.991000	13.913043	240.000000	320.000000
0	3.038000	13.913043	240.000000	320.000000
0	3.069000	13.913043	240.000000	320.000000
0	3.100000	13.913043	240.000000	320.000000
0	3.131000	13.913043	240.000000	320.000000
0	3.163000	13.913043	240.000000	320.000000
0	3.194000	13.913043	240.000000	320.000000
0	3.225000	13.913043	240.000000	320.000000
0	3.272000	13.913043	240.000000	320.000000
0	3.303000	13.913043	240.000000	320.000000
0	3.334000	13.913043	240.000000	320.000000
0	3.365000	13.913043	240.000000	320.000000
0	3.397000	13.913043	240.000000	320.000000
0	3.428000	13.913043	240.000000	320.000000
0	3.459000	13.913043	240.000000	320.000000
0	3.506000	13.913043	240.000000	320.000000
0	3.537000	13.913043	240.000000	320.000000
0	3.568000	13.913043	240.000000	320.000000
0	3.599000	13.913043	240.000000	320.000000
0	3.631000	13.913043	240.000000	320.000000
0	3.662000	13.913043	240.000000	320.000000
0	3.693000	13.913043	240.000000	320.000000
0	3.724000	13.913043	240.000000	320.000000
0	3.771000	13.913043	240.000000	320.000000
0	3.802000	13.913043	240.000000	320.000000
0	3.833000	13.913043	240.000000	320.000000
0	3.865000	13.913043	240.000000	320.000000
0	3.896000	13.913043	240.000000	320.000000
0	3.927000	13.913043	240.000000	320.000000
0	3.958000	13.913043	240.000000	320.000000
0	4.005000	13.913043	240.000000	320.000000
0	4.036000	13.913043	240.000000	320.000000
0	4.067000	13.913043	240.000000	320.000000
0	4.099000	13.913043	240.000000	320.000000
0	4.130000	13.913043	240.000000	320.000000
0	4.161000	13.913043	240.000000	320.000000
0	4.192000	13.913043	240.000000	320.000000
0	4.239000	13.913043	240.000000	320.000000
0	4.270000	13.913043	240.000000	320.000000
0	4.301000	13.913043	240.000000	320.000000
0	4.333000	13.913043	240.000000	320.000000
0	4.364000	13.913043	240.000000	320.000000
0	4.395000	13.913043	240.000000	320.000000
0	4.426000	13.913043	240.000000	320.000000
0	4.457000	13.913043	240.000000	320.000000
0	4.504000	13.913043	240.000000	320.000000
0	4.535000	13.913043	240.000000	320.000000
0	4.567000	13.913043	240.000000	320.000000
0	4.598000	13.913043	240.000000	320.000000
0	4.629000	13.913043	240.000000	320.000000
0	4.660000	13.913043	240.000000	320.000000
0	4.691000	13.913043	240.000000	320.000000
0	4.738000	13.913043	240.000000	320.000000
0	4.769000	13.913043	240.000000	320.000000
0	4.801000	13.913043	240.000000	320.000000
0	4.832000	13.913043	240.000000	320.000000
0	4.863000	13.913043	240.000000	320.000000
0	4.894000	13.913043	240.000000	320.000000
0	4.925000	13.913043	240.000000	320.000000
0	4.972000	13.913043	240.000000	320.000000
0	5.003000	13.913043	240.000000	320.000000
0	5.035000	13.913043	240.000000	320.000000
0	5.066000	13.913043	240.000000	320.000000
0	5.097000	13.913043	240.000000	320.000000
0	5.128000	13.913043	240.000000	320.000000
0	5.159000	13.913043	240.000000	320.000000
0	5.191000	13.913043	240.000000	320.000000
0	5.237000	13.913043	240.000000	320.000000
0	5.269000	13.913043	240.000000	320.000000
0	5.300000	13.913043	240.000000	320.000000
0	5.331000	13.913043	240.000000	320.000000
0	5.362000	13.913043	240.000000	320.000000
0	5.393000	13.913043	240.000000	320.000000
0	5.425000	13.913043	240.000000	320.000000
0	5.471000	13.913043	240.000000	320.000000
0	5.503000	13.913043	240.000000	320.000000
0	5.534000	13.913043	240.000000	320.000000
0	5.565000	13.913043	240.000000	320.000000
0	5.596000	13.913043	240.000000	320.000000
0	5.627000	13.913043	240.000000	320.000000
0	5.659000	13.913043	240.000000	320.000000
0	5.705000	13.913043	240.000000	320.000000
0	5.737000	13.913043	240.000000	320.000000
0	5.768000	13.913043	240.000000	320.000000
0	5.799000	13.913043	240.000000	320.000000
0	5.830000	13.913043	240.000000	320.000000
0	5.861000	13.913043	240.000000	320.000000
0	5.893000	13.913043	240.000000	320.000000
0	5.924000	13.913043	240.000000	320.000000
0	5.971000	13.913043	240.000000	320.000000
0	6.002000	13.913043	240.000000	320.000000
0	6.033000	13.913043	240.000000	320.000000
0	6.064000	13.913043	240.000000	320.000000
0	6.095000	13.913043	240.000000	320.000000
0	6.127000	13.913043	240.000000	320.000000
0	6.158000	13.913043	240.000000	320.000000
0	6.205000	13.913043	240.000000	320.000000
0	6.236000	13.913043	240.000000	320.000000
0	6.267000	13.913043	240.000000	320.000000
0	6.298000	13.913043	240.000000	320.000000
0	6.329000	13.913043	240.000000	320.000000
0	6.361000	13.913043	240.000000	320.000000
0	6.392000	13.913043	240.000000	320.000000
0	6.439000	13.913043	240.000000	320.000000
0	6.470000	13.913043	240.000000	320.000000
0	6.501000	13.913043	240.000000	320.000000
0	6.532000	13.913043	240.000000	320.000000
0	6.563000	13.913043	240.000000	320.000000
0	6.595000	13.913043	240.000000	320.000000
0	6.626000	13.913043	240.000000	320.000000
0	6.657000	13.913043	240.000000	320.000000
0	6.704000	13.913043	240.000000	320.000000
0	6.735000	13.913043	240.000000	320.000000
0	6.766000	13.913043	240.000000	320.000000
0	6.797000	13.913043	240.000000	320.000000
0	6.829000	13.913043	240.000000	320.000000
0	6.860000	13.913043	240.000000	320.000000
0	6.891000	13.913043	240.000000	320.000000
0	6.938000	13.913043	240.000000	320.000000
0	6.969000	13.913043	240.000000	320.000000
0	7.000000	13.913043	240.000000	320.000000
0	7.031000	13.913043	240.000000	320.000000
0	7.063000	13.913043	240.000000	320.000000
0	7.094000	13.913043	240.000000	320.000000
0	7.125000	13.913043	240.000000	320.000000
0	7.156000	13.913043	240.000000	320.000000
0	7.203000	13.913043	240.000000	320.000000
0	7.234000	13.913043	240.000000	320.000000
0	7.265000	13.913043	240.000000	320.000000
0	7.297000	13.913043	240.000000	320.000000
0	7.328000	13.913043	240.000000	320.000000
0	7.359000	13.913043	240.000000	320.000000
0	7.390000	13.913043	240.000000	320.000000
0	7.437000	13.913043	240.000000	320.000000
0	7.468000	13.913043	240.000000	320.000000
0	7.499000	13.913043	240.000000	320.000000
0	7.531000	13.913043	240.000000	320.000000
0	7.562000	13.913043	240.000000	320.000000
0	7.593000	13.913043	240.000000	320.000000
0	7.624000	13.913043	240.000000	320.000000
0	7.671000	13.913043	240.000000	320.000000
0	7.702000	13.913043	240.000000	320.000000
0	7.733000	13.913043	240.000000	320.000000
0	7.765000	13.913043	240.000000	320.000000
0	7.796000	13.913043	240.000000	320.000000
0	7.827000	13.913043	240.000000	320.000000
0	7.858000	13.913043	240.000000	320.000000
0	7.889000	13.913043	240.000000	320.000000
0	7.936000	13.913043	240.000000	320.000000
0	7.967000	13.913043	240.000000	320.000000
0	7.999000	13.913043	240.000000	320.000000
0	8.030000	13.913043	240.000000	320.000000
0	8.061000	13.913043	240.000000	320.000000
0	8.092000	13.913043	240.000000	320.000000
0	8.123000	13.913043	240.000000	320.000000
0	8.170000	13.913043	240.000000	320.000000
0	8.201000	13.913043	240.000000	320.000000
0	8.233000	13.913043	240.000000	320.000000
0	8.264000	13.913043	240.000000	320.000000
0	8.295000	13.913043	240.000000	320.000000
0	8.326000	13.913043	240.000000	320.000000
0	8.357000	13.913043	240.000000	320.000000
0	8.404000	13.913043	240.000000	320.000000
0	8.435000	13.913043	240.000000	320.000000
0	8.467000	13.913043	240.000000	320.000000
0	8.498000	13.913043	240.000000	320.000000
0	8.529000	13.913043	240.000000	320.000000
0	8.560000	13.913043	240.000000	320.000000
0	8.591000	13.913043	240.000000	320.000000
0	8.623000	13.913043	240.000000	320.000000
0	8.669000	13.913043	240.000000	320.000000
0	8.701000	13.913043	240.000000	320.000000
0	8.732000	13.913043	240.000000	320.000000
0	8.763000	13.913043	240.000000	320.000000
0	8.794000	13.913043	240.000000	320.000000
0	8.825000	13.913043	240.000000	320.000000
0	8.857000	13.913043	240.000000	320.000000
0	8.903000	13.913043	240.000000	320.000000
0	8.935000	13.913043	240.000000	320.000000
0	8.966000	13.913043	240.000000	320.000000
0	8.997000	13.913043	240.000000	320.000000
0	9.028000	13.913043	240.000000	320.000000
0	9.059000	13.913043	240.000000	320.000000
0	9.091000	13.913043	240.000000	320.000000
0	9.122000	13.913043	240.000000	320.000000
0	9.169000	13.913043	240.000000	320.000000
0	9.200000	13.913043	240.000000	320.000000
0	9.231000	13.913043	240.000000	320.000000
0	9.262000	13.913043	240.000000	320.000000
0	9.293000	13.913043	240.000000	320.000000
0	9.325000	13.913043	240.000000	320.000000
0	9.356000	13.913043	240.000000	320.000000
0	9.403000	13.913043	240.000000	320.000000
0	9.434000	13.913043	240.000000	320.000000
0	9.465000	13.913043	240.000000	320.000000
0	9.496000	13.913043	240.000000	320.000000
0	9.527000	13.913043	240.000000	320.000000
0	9.559000	13.913043	240.000000	320.000000
0	9.590000	13.913043	240.000000	320.000000
0	9.637000	13.913043	240.000000	320.000000
0	9.668000	13.913043	240.000000	320.000000
0	9.699000	13.913043	240.000000	320.000000
0	9.730000	13.913043	240.000000	320.000000
0	9.761000	13.913043	240.000000	320.000000
0	9.793000	13.913043	240.000000	320.000000
0	9.824000	13.913043	240.000000	320.000000
0	9.855000	13.913043	240.000000	320.000000
0	9.902000	13.913043	240.000000	320.000000
0	9.933000	13.913043	240.000000	320.000000
0	9.964000	13.913043	240.000000	320.000000
0	9.995000	13.913043	240.000000	320.000000
0	10.027000	13.913043	240.000000	320.000000
0	10.058000	13.913043	240.000000	320.000000
0	10.089000	13.913043	240.000000	320.000000
0	10.136000	13.913043	240.000000	320.000000
0	10.167000	13.913043	240.000000	320.000000
0	10.198000	13.913043	240.000000	320.000000
0	10.229000	13.913043	240.000000	320.000000
0	10.261000	13.913043	240.000000	320.000000
0	10.292000	13.913043	240.000000	320.000000
0	10.323000	13.913043	240.000000	320.000000
0	10.370000	13.913043	240.000000	320.000000
0	10.401000	13.913043	240.000000	320.000000
0	10.432000	13.913043	240.000000	320.000000
0	10.463000	13.913043	240.000000	320.000000
0	10.495000	13.913043	240.000000	320.000000
0	10.526000	13.913043	240.000000	320.000000
0	10.557000	13.913043	240.000000	320.000000
0	10.588000	13.913043	240.000000	320.000000
0	10.635000	13.913043	240.000000	320.000000
0	10.666000	13.913043	240.000000	320.000000
0	10.697000	13.913043	240.000000	320.000000
0	10.729000	13.913043	240.000000	320.000000
0	10.760000	13.913043	240.000000	320.000000
0	10.791000	13.913043	240.000000	320.000000
0	10.822000	13.913043	240.000000	320.000000
0	10.869000	13.913043	240.000000	320.000000
0	10.900000	13.913043	240.000000	320.000000
0	10.931000	13.913043	240.000000	320.000000
0	10.963000	13.913043	240.000000	320.000000
0	10.994000	13.913043	240.000000	320.000000
0	11.025000	13.913043	240.000000	320.000000
0	11.056000	13.913043	240.000000	320.000000
0	11.087000	13.913043	240.000000	320.000000
0	11.134000	13.913043	240.000000	320.000000
0	11.165000	13.913043	240.000000	320.000000
0	11.197000	13.913043	240.000000	320.000000
0	11.228000	13.913043	240.000000	320.000000
0	11.259000	13.913043	240.000000	320.000000
0	11.290000	13.913043	240.000000	320.000000
0	11.321000	13.913043	240.000000	320.000000
0	11.368000	13.913043	240.000000	320.000000
0	11.399000	13.913043	240.000000	320.000000
0	11.431000	13.913043	240.000000	320.000000
0	11.462000	13.913043	240.000000	320.000000
0	11.493000	13.913043	240.000000	320.000000
0	11.524000	13.913043	240.000000	320.000000
0	11.555000	13.913043	240.000000	320.000000
0	11.602000	13.913043	240.000000	320.000000
0	11.633000	13.913043	240.000000	320.000000
0	11.665000	13.913043	240.000000	320.000000
0	11.696000	13.913043	240.000000	320.000000
0	11.727000	13.913043	240.000000	320.000000
0	11.758000	13.913043	240.000000	320.000000
0	11.789000	13.913043	240.000000	320.000000
0	11.821000	13.913043	240.000000	320.000000
0	11.867000	13.913043	240.000000	320.000000
0	11.899000	13.913043	240.000000	320.000000
0	11.930000	13.913043	240.000000	320.000000
0	11.961000	13.913043	240.000000	320.000000
0	11.992000	13.913043	240.000000	320.000000
0	12.023000	13.913043	240.000000	320.000000
0	12.055000	13.913043	240.000000	320.000000
0	12.101000	13.913043	240.000000	320.000000
0	12.133000	13.913043	240.000000	320.000000
0	12.164000	13.913043	240.000000	320.000000
0	12.195000	13.913043	240.000000	320.000000
0	12.226000	13.913043	240.000000	320.000000
0	12.257000	13.913043	240.000000	320.000000
0	12.289000	13.913043	240.000000	320.000000
0	12.335000	13.913043	240.000000	320.000000
0	12.367000	13.913043	240.000000	320.000000
0	12.398000	13.913043	240.000000	320.000000
0	12.429000	13.913043	240.000000	320.000000
0	12.460000	13.913043	240.000000	320.000000
0	12.491000	13.913043	240.000000	320.000000
0	12.523000	13.913043	240.000000	320.000000
0	12.554000	13.913043	240.000000	320.000000
0	12.601000	13.913043	240.000000	320.000000
0	12.632000	13.913043	240.000000	320.000000
0	12.663000	13.913043	240.000000	320.000000
0	12.694000	13.913043	240.000000	320.000000
0	12.725000	13.913043	240.000000	320.000000
0	12.757000	13.913043	240.000000	320.000000
0	12.788000	13.913043	240.000000	320.000000
0	12.835000	13.913043	240.000000	320.000000
0	12.866000	13.913043	240.000000	320.000000
0	12.897000	13.913043	240.000000	320.000000
0	12.928000	13.913043	240.000000	320.000000
0	12.959000	13.913043	240.000000	320.000000
0	12.991000	13.913043	240.000000	320.000000
0	13.022000	13.913043	240.000000	320.000000
0	13.069000	13.913043	240.000000	320.000000
0	13.100000	13.913043	240.000000	320.000000
0	13.131000	13.913043	240.000000	320.000000
0	13.162000	13.913043	240.000000	320.000000
0	13.193000	13.913043	240.000000	320.000000
0	13.225000	13.913043	240.000000	320.000000
0	13.256000	13.913043	240.000000	320.000000
0	13.287000	13.913043	240.000000	320.000000
0	13.334000	13.913043	240.000000	320.000000
0	13.365000	13.913043	240.000000	320.000000
0	13.396000	13.913043	240.000000	320.000000
0	13.427000	13.913043	240.000000	320.000000
0	13.459000	13.913043	240.000000	320.000000
0	13.490000	13.913043	240.000000	320.000000
0	13.521000	13.913043	240.000000	320.000000
0	13.568000	13.913043	240.000000	320.000000
0	13.599000	13.913043	240.000000	320.000000
0	13.630000	13.913043	240.000000	320.000000
0	13.661000	13.913043	240.000000	320.000000
0	13.693000	13.913043	240.000000	320.000000
0	13.724000	13.913043	240.000000	320.000000
0	13.755000	13.913043	240.000000	320.000000
0	13.802000	13.913043	240.000000	320.000000
0	13.833000	13.913043	240.000000	320.000000
0	13.864000	13.913043	240.000000	320.000000
0	13.895000	13.913043	240.000000	320.000000
0	13.927000	13.913043	240.000000	320.000000
0	13.958000	13.913043	240.000000	320.000000
0	13.989000	13.913043	240.000000	320.000000
0	14.020000	13.913043	240.000000	320.000000
0	14.067000	13.913043	240.000000	320.000000
0	14.098000	13.913043	240.000000	320.000000
0	14.129000	13.913043	240.000000	320.000000
0	14.161000	13.913043	240.000000	320.000000
0	14.192000	13.913043	240.000000	320.000000
0	14.223000	13.913043	240.000000	320.000000
0	14.254000	13.913043	240.000000	320.000000
0	14.301000	13.913043	240.000000	320.000000
0	14.332000	13.913043	240.000000	320.000000
0	14.363000	13.913043	240.000000	320.000000
0	14.395000	13.913043	240.000000	320.000000
0	14.426000	13.913043	240.000000	320.000000
0	14.457000	13.913043	240.000000	320.000000
0	14.488000	13.913043	240.000000	320.000000
0	14.519000	13.913043	240.000000	320.000000
0	14.566000	13.913043	240.000000	320.000000
0	14.597000	13.913043	240.000000	320.000000
0	14.629000	13.913043	240.000000	320.000000
0	14.660000	13.913043	240.000000	320.000000
0	14.691000	13.913043	240.000000	320.000000
0	14.722000	13.913043	240.000000	320.000000
0	14.753000	13.913043	240.000000	320.000000
0	14.800000	13.913043	240.000000	320.000000
0	14.831000	13.913043	240.000000	320.000000
0	14.863000	13.913043	240.000000	320.000000
0	14.894000	13.913043	240.000000	320.000000
0	14.925000	13.913043	240.000000	320.000000
0	14.956000	13.913043	240.000000	320.000000
0	14.987000	13.913043	240.000000	320.000000
0	15.019000	13.913043	240.000000	320.000000
0	15.065000	13.913043	240.000000	320.000000
0	15.097000	13.913043	240.000000	320.000000
0	15.128000	13.913043	240.000000	320.000000
0	15.159000	13.913043	240.000000	320.000000
0	15.190000	13.913043	240.000000	320.000000
0	15.221000	13.913043	240.000000	320.000000
0	15.253000	13.913043	240.000000	320.000000
0	15.299000	13.913043	240.000000	320.000000
0	15.331000	13.913043	240.000000	320.000000
0	15.362000	13.913043	240.000000	320.000000
0	15.393000	13.913043	240.000000	320.000000
0	15.424000	13.913043	240.000000	320.000000
0	15.455000	13.913043	240.000000	320.000000
0	15.487000	13.913043	240.000000	320.000000
0	15.533000	13.913043	240.000000	320.000000
0	15.565000	13.913043	240.000000	320.000000
0	15.596000	13.913043	240.000000	320.000000
0	15.627000	13.913043	240.000000	320.000000
0	15.658000	13.913043	240.000000	320.000000
0	15.689000	13.913043	240.000000	320.000000
0	15.721000	13.913043	240.000000	320.000000
0	15.752000	13.913043	240.000000	320.000000
0	15.799000	13.913043	240.000000	320.000000
0	15.830000	13.913043	240.000000	320.000000
0	15.861000	13.913043	240.000000	320.000000
0	15.892000	13.913043	240.000000	320.000000
0	15.923000	13.913043	240.000000	320.000000
0	15.955000	13.913043	240.000000	320.000000
0	15.986000	13.913043	240.000000	320.000000
0	16.033000	13.913043	240.000000	320.000000
0	16.064000	13.913043	240.000000	320.000000
0	16.095000	13.913043	240.000000	320.000000
0	16.126000	13.913043	240.000000	320.000000
0	16.157000	13.913043	240.000000	320.000000
0	16.189000	13.913043	240.000000	320.000000
0	16.220000	13.913043	240.000000	320.000000
0	16.267000	13.913043	240.000000	320.000000
0	16.298000	13.913043	240.000000	320.000000
0	16.329000	13.913043	240.000000	320.000000
0	16.360000	13.913043	240.000000	320.000000
0	16.391000	13.913043	240.000000	320.000000
0	16.423000	13.913043	240.000000	320.000000
0	16.454000	13.913043	240.000000	320.000000
0	16.485000	13.913043	240.000000	320.000000
0	16.532000	13.913043	240.000000	320.000000
0	16.563000	13.913043	240.000000	320.000000
0	16.594000	13.913043	240.000000	320.000000
0	16.625000	13.913043	240.000000	320.000000
0	16.657000	13.913043	240.000000	320.000000
0	16.688000	13.913043	240.000000	320.000000
0	16.719000	13.913043	240.000000	320.000000
0	16.766000	13.913043	240.000000	320.000000
0	16.797000	13.913043	240.000000	320.000000
0	16.828000	13.913043	240.000000	320.000000
0	16.859000	13.913043	240.000000	320.000000
0	16.891000	13.913043	240.000000	320.000000
0	16.922000	13.913043	240.000000	320.000000
0	16.953000	13.913043	240.000000	320.000000
0	17.000000	13.913043	240.000000	320.000000
0	17.031000	13.913043	240.000000	320.000000
0	17.062000	13.913043	240.000000	320.000000
0	17.093000	13.913043	240.000000	320.000000
0	17.125000	13.913043	240.000000	320.000000
0	17.156000	13.913043	240.000000	320.000000
0	17.187000	13.913043	240.000000	320.000000
0	17.218000	13.913043	240.000000	320.000000
0	17.265000	13.913043	240.000000	320.000000
0	17.296000	13.913043	240.000000	320.000000
0	17.327000	13.913043	240.000000	320.000000
0	17.359000	13.913043	240.000000	320.000000
0	17.390000	13.913043	240.000000	320.000000
0	17.421000	13.913043	240.000000	320.000000
0	17.452000	13.913043	240.000000	320.000000
0	17.499000	13.913043	240.000000	320.000000
0	17.530000	13.913043	240.000000	320.000000
0	17.561000	13.913043	240.000000	320.000000
0	17.593000	13.913043	240.000000	320.000000
0	17.624000	13.913043	240.000000	320.000000
0	17.655000	13.913043	240.000000	320.000000
0	17.686000	13.913043	240.000000	320.000000
0	17.733000	13.913043	240.000000	320.000000
0	17.764000	13.913043	240.000000	320.000000
0	17.795000	13.913043	240.000000	320.000000
0	17.827000	13.913043	240.000000	320.000000
0	17.858000	13.913043	240.000000	320.000000
0	17.889000	13.913043	240.000000	320.000000
0	17.920000	13.913043	240.000000	320.000000
0	17.951000	13.913043	240.000000	320.000000
0	17.998000	13.913043	240.000000	320.000000
<\LEFT-PUPIL-DATA>
<RIGHT-PUPIL-ANALYSIS>
1
0	0	17	542	0	0	0.509000	17.518999	0.509000	99.710426	0.000000	0.000000	0.000000	0	1	1	1	1	0	0	0	0.000000	0.000000	0.000000	0.000000	0.000000	0.000000	0.000000	-1.000000	0.000000	0	1.075623	0.683002	0.909296	0.368827	0.267000	-0.303182	-1.200562	-1.000000	0.097917	1	1.075623	0.683002	0.909296	0.368827	0.267000	-0.302206	-1.200560	-1.000000	0.097917
<\RIGHT-PUPIL-ANALYSIS>
<LEFT-PUPIL-ANALYSIS>
1
0	0	18	542	0	0	0.509000	17.518999	0.509000	99.710426	0.000000	0.000000	0.000000	0	1	1	1	1	0	0	0	0.000000	0.000000	0.000000	0.000000	0.000000	0.000000	0.000000	-1.000000	0.000000	0	-0.034783	-0.034783	0.000950	0.000950	0.017000	0.000000	0.000000	-1.000000	0.000000	1	-0.034783	-0.034783	0.000950	0.000950	0.017000	-1000000.000000	-1000000.000000	-1.000000	0.000000
<\LEFT-PUPIL-ANALYSIS>
%%%%%%%%%
%%%%%%%%%
%%%%%%%%%
%%%	Measurement Tiime is: 2017-08-15 09:38:02
%%%	Subject ID is: c57-1mois-f3-2r
%%%	Note: 
%%%	RSS: Default Human Relative Spectral Sensitivity
%%%	Pupil Analysis:
%%%
%%%
%%%
%%%	Pulse Index:	0
%%%	Stimulus Session Index:	0
%%%	Right Pupil Stimulated
%%%	Light Metric is Photopic
%%%	Stimulus Start Time(sec):	0.51
%%%	Stimulus Duration(sec):	17.52
%%%	Stimulus Pulse Duration(sec):	0.51
%%%	Right Pulse:	99.71	(Red  )	-	0.00	(Red  )	[Lux ]
%%%	Left Pulse:	0.00	(Red  )	-	0.00	(Red  )	[Lux ]
%%%
%%%		RIGHT	LEFT	R.Pupil Mean	L.Pupil Mean	R.Stim Mean	R.Stim Mean
%%%	INPUT:	RAW DATA	RAW DATA
%%%	STATE:	ABNORMAL	ABNORMAL	ABNORMAL	ABNORMAL	ABNORMAL	ABNORMAL
%%%	MAX(mm):	0.00	0.00	0.00	0.00	0.00	0.00
%%%	MIN(mm):	0.00	0.00	0.00	0.00	0.00	0.00
%%%	DELTA(mm):						
%%%	CH(%):						
%%%	LAT(sec):	0.00	0.00	0.00	0.00	0.00	0.00
%%%	CV(mm/s):	0.00	0.00	0.00	0.00	0.00	0.00
%%%	MCV(mm/s):	0.00	0.00	0.00	0.00	0.00	0.00
%%%	DV(mm/s):	0.00	0.00	0.00	0.00	0.00	0.00
%%%%%%%%%
%%%%%%%%%
%%%%%%%%%
%%%	Right Pupil Profile (1st row -> 1 == valid tracking, 0 == invalid tracking; 2nd row -> time; 3rd row -> diameter (mm))
%%%	1	1	1	1	1	1	1	1	1	1	1	1	1	1	1	1	1	1	1	1	1	1	1	1	1	1	1	1	1	1	1	1	1	1	1	1	1	1	1	1	1	1	1	0	1	1	0	0	0	1	1	0	0	0	1	0	1	1	0	1	1	0	1	1	1	1	1	1	1	0	1	1	1	1	1	1	1	1	1	1	1	1	1	0	1	1	1	1	1	1	1	1	0	1	1	1	1	1	1	1	1	1	0	1	1	1	0	1	1	1	1	1	1	1	1	1	1	1	1	1	1	1	1	1	1	1	1	1	1	1	1	1	1	1	1	1	1	1	1	0	1	1	1	1	1	1	1	1	1	1	1	1	0	1	1	1	1	1	1	1	0	1	1	1	1	1	1	1	1	1	1	1	1	1	1	1	1	1	1	0	1	1	1	1	1	1	1	0	1	0	1	0	1	1	1	1	1	0	1	0	1	1	1	1	1	1	1	1	1	1	1	1	0	1	1	0	1	1	1	1	1	1	1	1	1	1	1	1	1	1	1	1	1	1	1	1	1	1	1	1	1	1	1	0	1	1	1	1	1	1	0	0	1	1	1	1	1	1	0	1	1	1	1	1	1	0	0	1	0	0	1	1	1	1	0	1	1	1	1	0	0	1	1	1	1	1	1	1	1	1	0	1	1	0	1	1	0	1	0	0	1	0	1	1	1	1	1	1	1	1	0	1	1	1	0	1	1	1	1	1	1	1	1	1	1	1	1	1	1	1	1	1	1	1	1	1	1	1	1	1	1	1	1	1	1	1	1	1	1	1	1	1	1	1	0	1	1	1	1	1	1	1	1	0	1	0	1	1	1	1	1	1	1	1	1	1	1	1	1	0	0	1	1	1	0	1	1	1	1	1	1	1	1	1	1	1	0	1	1	1	1	1	1	1	1	1	1	1	1	1	1	1	1	1	1	1	1	1	1	1	0	0	0	1	1	1	0	1	0	1	1	1	1	1	1	0	1	1	1	1	1	0	1	1	1	1	1	1	1	1	1	1	1	0	0	1	1	1	1	1	1	1	1	1	1	1	1	1	1	1	1	1	1	1	1	1	1	1	1	1	1	1	0	1	1	1	1	1	1	1	1	1	1	1	1	1	1	1	1	0	1	1	0	1	1	1	0	1	1	1	1	1	1	1	0	1	1	1	1	1	1	1	1	1	1	1	1	1	1	1	1	1	1	1	1	1	1	1	1	1	1	1	1
%%%	-0.051000	-0.019000	0.012000	0.043000	0.074000	0.105000	0.137000	0.183000	0.215000	0.246000	0.277000	0.308000	0.339000	0.371000	0.402000	0.449000	0.480000	0.511000	0.542000	0.573000	0.605000	0.636000	0.683000	0.714000	0.745000	0.776000	0.807000	0.839000	0.870000	0.917000	0.948000	0.979000	1.010000	1.041000	1.073000	1.104000	1.135000	1.182000	1.213000	1.244000	1.275000	1.307000	1.338000	1.369000	1.416000	1.447000	1.478000	1.509000	1.541000	1.572000	1.603000	1.634000	1.681000	1.712000	1.743000	1.775000	1.806000	1.837000	1.868000	1.915000	1.946000	1.977000	2.009000	2.040000	2.071000	2.102000	2.149000	2.180000	2.211000	2.243000	2.274000	2.305000	2.336000	2.367000	2.414000	2.445000	2.477000	2.508000	2.539000	2.570000	2.601000	2.648000	2.679000	2.711000	2.742000	2.773000	2.804000	2.835000	2.882000	2.913000	2.945000	2.976000	3.007000	3.038000	3.069000	3.101000	3.147000	3.179000	3.210000	3.241000	3.272000	3.303000	3.335000	3.381000	3.413000	3.444000	3.475000	3.506000	3.537000	3.569000	3.615000	3.647000	3.678000	3.709000	3.740000	3.771000	3.803000	3.834000	3.881000	3.912000	3.943000	3.974000	4.005000	4.037000	4.068000	4.115000	4.146000	4.177000	4.208000	4.239000	4.271000	4.302000	4.333000	4.380000	4.411000	4.442000	4.473000	4.505000	4.536000	4.567000	4.614000	4.645000	4.676000	4.707000	4.739000	4.770000	4.801000	4.848000	4.879000	4.910000	4.941000	4.973000	5.004000	5.035000	5.066000	5.113000	5.144000	5.175000	5.207000	5.238000	5.269000	5.300000	5.347000	5.378000	5.409000	5.441000	5.472000	5.503000	5.534000	5.581000	5.612000	5.643000	5.675000	5.706000	5.737000	5.768000	5.799000	5.846000	5.877000	5.909000	5.940000	5.971000	6.002000	6.033000	6.080000	6.111000	6.143000	6.174000	6.205000	6.236000	6.267000	6.314000	6.345000	6.377000	6.408000	6.439000	6.470000	6.501000	6.533000	6.579000	6.611000	6.642000	6.673000	6.704000	6.735000	6.767000	6.813000	6.845000	6.876000	6.907000	6.938000	6.969000	7.001000	7.032000	7.079000	7.110000	7.141000	7.172000	7.203000	7.235000	7.266000	7.313000	7.344000	7.375000	7.406000	7.437000	7.469000	7.500000	7.547000	7.578000	7.609000	7.640000	7.671000	7.703000	7.734000	7.765000	7.812000	7.843000	7.874000	7.905000	7.937000	7.968000	7.999000	8.046000	8.077000	8.108000	8.139000	8.171000	8.202000	8.233000	8.264000	8.311000	8.342000	8.373000	8.405000	8.436000	8.467000	8.498000	8.545000	8.576000	8.607000	8.639000	8.670000	8.701000	8.732000	8.779000	8.810000	8.841000	8.873000	8.904000	8.935000	8.966000	8.997000	9.044000	9.075000	9.107000	9.138000	9.169000	9.200000	9.231000	9.278000	9.309000	9.341000	9.372000	9.403000	9.434000	9.465000	9.512000	9.543000	9.575000	9.606000	9.637000	9.668000	9.699000	9.731000	9.777000	9.809000	9.840000	9.871000	9.902000	9.933000	9.965000	10.011000	10.043000	10.074000	10.105000	10.136000	10.167000	10.199000	10.245000	10.277000	10.308000	10.339000	10.370000	10.401000	10.433000	10.464000	10.511000	10.542000	10.573000	10.604000	10.635000	10.667000	10.698000	10.745000	10.776000	10.807000	10.838000	10.869000	10.901000	10.932000	10.979000	11.010000	11.041000	11.072000	11.103000	11.135000	11.166000	11.197000	11.244000	11.275000	11.306000	11.337000	11.369000	11.400000	11.431000	11.478000	11.509000	11.540000	11.571000	11.603000	11.634000	11.665000	11.712000	11.743000	11.774000	11.805000	11.837000	11.868000	11.899000	11.930000	11.977000	12.008000	12.039000	12.071000	12.102000	12.133000	12.164000	12.195000	12.242000	12.273000	12.305000	12.336000	12.367000	12.398000	12.429000	12.476000	12.507000	12.539000	12.570000	12.601000	12.632000	12.663000	12.710000	12.741000	12.773000	12.804000	12.835000	12.866000	12.897000	12.929000	12.975000	13.007000	13.038000	13.069000	13.100000	13.131000	13.163000	13.209000	13.241000	13.272000	13.303000	13.334000	13.365000	13.397000	13.443000	13.475000	13.506000	13.537000	13.568000	13.599000	13.631000	13.662000	13.709000	13.740000	13.771000	13.802000	13.833000	13.865000	13.896000	13.943000	13.974000	14.005000	14.036000	14.067000	14.099000	14.130000	14.177000	14.208000	14.239000	14.270000	14.301000	14.333000	14.364000	14.395000	14.442000	14.473000	14.504000	14.535000	14.567000	14.598000	14.629000	14.676000	14.707000	14.738000	14.769000	14.801000	14.832000	14.863000	14.910000	14.941000	14.972000	15.003000	15.035000	15.066000	15.097000	15.128000	15.175000	15.206000	15.237000	15.269000	15.300000	15.331000	15.362000	15.409000	15.440000	15.471000	15.503000	15.534000	15.565000	15.596000	15.643000	15.674000	15.705000	15.737000	15.768000	15.799000	15.830000	15.861000	15.908000	15.939000	15.971000	16.002000	16.033000	16.064000	16.095000	16.127000	16.173000	16.205000	16.236000	16.267000	16.298000	16.329000	16.361000	16.407000	16.439000	16.470000	16.501000	16.532000	16.563000	16.595000	16.641000	16.673000	16.704000	16.735000	16.766000	16.797000	16.829000	16.860000	16.907000	16.938000	16.969000	17.000000	17.031000	17.063000	17.094000	17.141000	17.172000	17.203000	17.234000	17.265000	17.297000	17.328000	17.375000	17.406000	17.437000	17.468000	17.499000	17.531000	17.562000	17.593000	17.640000	17.671000	17.702000	17.733000	17.765000	17.796000	17.827000	17.874000	17.905000	17.936000	17.967000	17.999000
%%%	1.048406	0.979710	1.061884	1.008116	1.068551	1.043478	1.043188	1.029855	1.097971	1.008696	1.057102	1.000145	1.048406	1.148986	0.990145	1.051884	1.020290	1.079420	1.061884	0.997246	1.110145	1.078261	1.044638	1.104638	1.040290	1.096812	1.078841	1.057536	0.959855	1.031159	0.929275	0.977681	0.974493	0.892754	0.874058	0.840145	0.836377	0.788406	0.815942	0.813623	0.794493	0.828986	0.805507	0.347826	0.751882	0.723188	0.590145	0.619710	0.709275	0.730435	0.731449	0.567971	0.572754	0.486957	0.694203	0.673333	0.715797	0.488986	0.553188	0.738986	0.701159	0.588116	0.679420	0.707101	0.690145	0.731014	0.574493	0.712464	0.695652	0.611594	0.695797	0.737971	0.801159	0.788406	0.747826	0.752174	0.793478	0.805507	0.759275	0.792898	0.782609	0.781884	0.800000	0.690290	0.758696	0.813623	0.818551	0.820725	0.839275	0.801159	0.852174	0.814058	0.786520	0.847246	0.800000	0.828986	0.829855	0.835797	0.815942	0.800000	0.868406	0.810290	0.707536	0.842898	0.875942	0.877536	0.838551	0.861014	0.875942	0.840725	0.870145	0.861594	0.881594	0.835942	0.846667	0.835362	0.881159	0.916232	0.913043	0.844203	0.869565	0.904493	0.884928	0.893188	0.936667	0.896812	0.877536	0.885942	0.864203	0.855362	0.838551	0.916667	0.913188	0.915942	0.901449	0.886957	0.912029	0.916377	0.937971	0.828986	0.904348	0.915942	0.936232	0.919420	0.881449	0.904928	0.940145	0.895072	0.929275	0.951015	0.924058	0.827246	0.716812	0.950725	0.877536	0.940290	0.974493	0.921159	0.912319	0.904348	0.892754	0.949420	0.931449	0.939130	0.948985	0.915072	0.987101	0.874928	0.974928	0.956522	0.901015	0.922319	0.920580	0.962319	0.927536	0.904348	0.940290	0.951159	0.931015	0.967971	0.967971	1.060870	0.957536	0.939130	0.951159	0.929855	0.946232	0.614493	0.988116	0.707101	0.927101	0.921884	0.903188	0.933623	1.044638	1.015797	1.019710	0.882029	1.008841	0.678261	0.953188	1.008696	0.955942	0.985362	0.947246	0.946812	1.043478	0.929420	0.927681	0.924928	1.044638	0.970145	0.878261	1.003478	0.934203	0.948551	0.950580	0.972899	1.017391	0.940290	1.044638	0.985942	0.896812	0.951159	1.009855	1.048841	0.997101	0.964638	0.967246	0.969710	0.951159	0.916232	0.957102	0.985507	0.985507	0.972754	1.072464	0.962464	1.079420	1.008116	1.029420	0.912464	0.941884	0.896667	0.967102	0.939130	0.903188	1.079420	0.878406	1.087536	0.881159	1.044058	1.018551	1.044638	0.881159	1.043478	0.951159	1.008696	0.924493	0.884928	1.025942	0.972754	0.975072	1.072029	1.063768	0.990145	0.933188	1.078841	0.994203	0.921739	0.866377	0.992754	1.118551	0.990725	0.894493	1.081015	1.061449	1.055072	1.034203	1.023333	0.895072	1.046667	1.089710	1.001449	1.063333	1.020290	1.109855	0.978406	1.117971	1.100725	0.730580	1.139420	1.078261	0.892754	1.002899	1.124638	0.878116	1.113043	0.892754	0.983623	1.105507	1.026087	0.974493	0.936377	1.079855	1.153623	1.117971	1.100580	1.159420	1.079275	0.873333	1.124638	0.915797	1.131739	1.046377	0.939130	0.974493	1.078986	1.140579	1.041884	1.136812	1.019710	1.133044	1.171594	1.109855	1.061449	1.079275	1.147826	0.972319	1.153333	1.125942	1.104348	0.937536	1.147971	1.133188	1.147826	1.140290	0.990580	1.157971	0.981594	1.150580	1.157681	1.150580	1.181594	1.150580	1.117971	1.146232	1.142753	1.217971	1.140725	1.202754	1.148986	1.149855	1.117971	0.974493	1.165072	1.181159	1.122899	1.263768	1.150580	1.117971	1.175073	1.165362	1.171015	1.156666	1.078261	1.151160	1.185942	1.175073	1.142464	1.171015	1.141449	1.182609	1.165072	1.168551	1.154928	1.194203	1.203188	1.222899	0.926667	0.995652	1.185507	1.107971	1.171015	1.072464	1.194203	1.194203	1.207101	1.140145	1.127681	1.157971	1.177101	1.189855	1.211449	1.182609	1.202754	1.263768	1.202754	1.165797	1.183623	1.217536	1.167246	1.185942	1.177681	1.194203	1.205942	1.185362	1.203188	1.171015	1.186377	1.189420	1.170725	1.206232	1.191159	1.164058	1.183768	1.201449	1.182609	1.211449	1.194203	1.263768	1.027246	1.313043	1.201594	1.203333	1.217391	1.863623	1.203333	0.998551	1.181014	1.171015	1.201160	1.212029	1.201014	1.192899	1.263768	1.182029	1.176667	1.217391	1.199275	1.206232	1.263768	1.263768	1.199420	1.220290	1.171015	1.203333	1.242464	1.205362	1.217391	1.263768	1.191159	1.219710	1.000725	1.035217	1.228985	1.242464	1.147826	1.202754	1.229855	1.246812	1.234783	1.218551	1.235362	1.216667	1.240580	1.240580	1.221159	1.244638	1.242753	1.211884	1.232609	1.220580	1.221159	1.260870	1.281594	1.253768	1.229855	1.263768	1.237971	1.226087	1.201160	1.171015	1.229855	1.222319	1.261449	1.188551	1.235942	1.223188	1.202754	1.237101	1.216377	1.217391	1.257536	1.263768	1.238841	1.223333	1.257971	1.248406	1.171015	1.256522	1.246232	1.913043	1.240580	1.211449	1.237536	1.171015	1.265942	0.738986	1.268551	1.251594	1.171015	1.240580	1.238116	1.009420	1.256812	1.251014	1.298986	1.256667	1.272319	1.250580	1.268841	1.244203	1.285942	1.275073	1.246232	1.268986	1.263188	1.269565	1.222319	1.241884	1.286957	1.269565	1.278841	1.265942	1.263768	1.283188	1.283768	1.240580	1.211884	1.252754	1.238551	1.235942
%%%	Left Pupil Profile (1st row -> 1 == valid tracking, 0 == invalid tracking; 2nd row -> time; 3rd row -> diameter (mm))
%%%	0	0	0	0	0	0	0	0	0	0	0	0	0	0	0	0	0	0	0	0	0	0	0	0	0	0	0	0	0	0	0	0	0	0	0	0	0	0	0	0	0	0	0	0	0	0	0	0	0	0	0	0	0	0	0	0	0	0	0	0	0	0	0	0	0	0	0	0	0	0	0	0	0	0	0	0	0	0	0	0	0	0	0	0	0	0	0	0	0	0	0	0	0	0	0	0	0	0	0	0	0	0	0	0	0	0	0	0	0	0	0	0	0	0	0	0	0	0	0	0	0	0	0	0	0	0	0	0	0	0	0	0	0	0	0	0	0	0	0	0	0	0	0	0	0	0	0	0	0	0	0	0	0	0	0	0	0	0	0	0	0	0	0	0	0	0	0	0	0	0	0	0	0	0	0	0	0	0	0	0	0	0	0	0	0	0	0	0	0	0	0	0	0	0	0	0	0	0	0	0	0	0	0	0	0	0	0	0	0	0	0	0	0	0	0	0	0	0	0	0	0	0	0	0	0	0	0	0	0	0	0	0	0	0	0	0	0	0	0	0	0	0	0	0	0	0	0	0	0	0	0	0	0	0	0	0	0	0	0	0	0	0	0	0	0	0	0	0	0	0	0	0	0	0	0	0	0	0	0	0	0	0	0	0	0	0	0	0	0	0	0	0	0	0	0	0	0	0	0	0	0	0	0	0	0	0	0	0	0	0	0	0	0	0	0	0	0	0	0	0	0	0	0	0	0	0	0	0	0	0	0	0	0	0	0	0	0	0	0	0	0	0	0	0	0	0	0	0	0	0	0	0	0	0	0	0	0	0	0	0	0	0	0	0	0	0	0	0	0	0	0	0	0	0	0	0	0	0	0	0	0	0	0	0	0	0	0	0	0	0	0	0	0	0	0	0	0	0	0	0	0	0	0	0	0	0	0	0	0	0	0	0	0	0	0	0	0	0	0	0	0	0	0	0	0	0	0	0	0	0	0	0	0	0	0	0	0	0	0	0	0	0	0	0	0	0	0	0	0	0	0	0	0	0	0	0	0	0	0	0	0	0	0	0	0	0	0	0	0	0	0	0	0	0	0	0	0	0	0	0	0	0	0	0	0	0	0	0	0	0	0	0	0	0	0	0	0	0	0	0	0	0	0	0	0	0	0	0	0	0	0	0	0	0	0	0	0	0	0	0	0	0	0	0	0	0	0	0	0	0	0	0	0	0	0	0	0	0	0	0	0	0	0
%%%	-0.067000	-0.035000	-0.004000	0.027000	0.074000	0.105000	0.136000	0.167000	0.199000	0.230000	0.261000	0.308000	0.339000	0.370000	0.401000	0.433000	0.464000	0.495000	0.526000	0.573000	0.604000	0.635000	0.667000	0.698000	0.729000	0.760000	0.807000	0.838000	0.869000	0.901000	0.932000	0.963000	0.994000	1.041000	1.072000	1.103000	1.135000	1.166000	1.197000	1.228000	1.259000	1.306000	1.337000	1.369000	1.400000	1.431000	1.462000	1.493000	1.540000	1.571000	1.603000	1.634000	1.665000	1.696000	1.727000	1.774000	1.805000	1.837000	1.868000	1.899000	1.930000	1.961000	1.993000	2.039000	2.071000	2.102000	2.133000	2.164000	2.195000	2.227000	2.273000	2.305000	2.336000	2.367000	2.398000	2.429000	2.461000	2.507000	2.539000	2.570000	2.601000	2.632000	2.663000	2.695000	2.726000	2.773000	2.804000	2.835000	2.866000	2.897000	2.929000	2.960000	2.991000	3.038000	3.069000	3.100000	3.131000	3.163000	3.194000	3.225000	3.272000	3.303000	3.334000	3.365000	3.397000	3.428000	3.459000	3.506000	3.537000	3.568000	3.599000	3.631000	3.662000	3.693000	3.724000	3.771000	3.802000	3.833000	3.865000	3.896000	3.927000	3.958000	4.005000	4.036000	4.067000	4.099000	4.130000	4.161000	4.192000	4.239000	4.270000	4.301000	4.333000	4.364000	4.395000	4.426000	4.457000	4.504000	4.535000	4.567000	4.598000	4.629000	4.660000	4.691000	4.738000	4.769000	4.801000	4.832000	4.863000	4.894000	4.925000	4.972000	5.003000	5.035000	5.066000	5.097000	5.128000	5.159000	5.191000	5.237000	5.269000	5.300000	5.331000	5.362000	5.393000	5.425000	5.471000	5.503000	5.534000	5.565000	5.596000	5.627000	5.659000	5.705000	5.737000	5.768000	5.799000	5.830000	5.861000	5.893000	5.924000	5.971000	6.002000	6.033000	6.064000	6.095000	6.127000	6.158000	6.205000	6.236000	6.267000	6.298000	6.329000	6.361000	6.392000	6.439000	6.470000	6.501000	6.532000	6.563000	6.595000	6.626000	6.657000	6.704000	6.735000	6.766000	6.797000	6.829000	6.860000	6.891000	6.938000	6.969000	7.000000	7.031000	7.063000	7.094000	7.125000	7.156000	7.203000	7.234000	7.265000	7.297000	7.328000	7.359000	7.390000	7.437000	7.468000	7.499000	7.531000	7.562000	7.593000	7.624000	7.671000	7.702000	7.733000	7.765000	7.796000	7.827000	7.858000	7.889000	7.936000	7.967000	7.999000	8.030000	8.061000	8.092000	8.123000	8.170000	8.201000	8.233000	8.264000	8.295000	8.326000	8.357000	8.404000	8.435000	8.467000	8.498000	8.529000	8.560000	8.591000	8.623000	8.669000	8.701000	8.732000	8.763000	8.794000	8.825000	8.857000	8.903000	8.935000	8.966000	8.997000	9.028000	9.059000	9.091000	9.122000	9.169000	9.200000	9.231000	9.262000	9.293000	9.325000	9.356000	9.403000	9.434000	9.465000	9.496000	9.527000	9.559000	9.590000	9.637000	9.668000	9.699000	9.730000	9.761000	9.793000	9.824000	9.855000	9.902000	9.933000	9.964000	9.995000	10.027000	10.058000	10.089000	10.136000	10.167000	10.198000	10.229000	10.261000	10.292000	10.323000	10.370000	10.401000	10.432000	10.463000	10.495000	10.526000	10.557000	10.588000	10.635000	10.666000	10.697000	10.729000	10.760000	10.791000	10.822000	10.869000	10.900000	10.931000	10.963000	10.994000	11.025000	11.056000	11.087000	11.134000	11.165000	11.197000	11.228000	11.259000	11.290000	11.321000	11.368000	11.399000	11.431000	11.462000	11.493000	11.524000	11.555000	11.602000	11.633000	11.665000	11.696000	11.727000	11.758000	11.789000	11.821000	11.867000	11.899000	11.930000	11.961000	11.992000	12.023000	12.055000	12.101000	12.133000	12.164000	12.195000	12.226000	12.257000	12.289000	12.335000	12.367000	12.398000	12.429000	12.460000	12.491000	12.523000	12.554000	12.601000	12.632000	12.663000	12.694000	12.725000	12.757000	12.788000	12.835000	12.866000	12.897000	12.928000	12.959000	12.991000	13.022000	13.069000	13.100000	13.131000	13.162000	13.193000	13.225000	13.256000	13.287000	13.334000	13.365000	13.396000	13.427000	13.459000	13.490000	13.521000	13.568000	13.599000	13.630000	13.661000	13.693000	13.724000	13.755000	13.802000	13.833000	13.864000	13.895000	13.927000	13.958000	13.989000	14.020000	14.067000	14.098000	14.129000	14.161000	14.192000	14.223000	14.254000	14.301000	14.332000	14.363000	14.395000	14.426000	14.457000	14.488000	14.519000	14.566000	14.597000	14.629000	14.660000	14.691000	14.722000	14.753000	14.800000	14.831000	14.863000	14.894000	14.925000	14.956000	14.987000	15.019000	15.065000	15.097000	15.128000	15.159000	15.190000	15.221000	15.253000	15.299000	15.331000	15.362000	15.393000	15.424000	15.455000	15.487000	15.533000	15.565000	15.596000	15.627000	15.658000	15.689000	15.721000	15.752000	15.799000	15.830000	15.861000	15.892000	15.923000	15.955000	15.986000	16.033000	16.064000	16.095000	16.126000	16.157000	16.189000	16.220000	16.267000	16.298000	16.329000	16.360000	16.391000	16.423000	16.454000	16.485000	16.532000	16.563000	16.594000	16.625000	16.657000	16.688000	16.719000	16.766000	16.797000	16.828000	16.859000	16.891000	16.922000	16.953000	17.000000	17.031000	17.062000	17.093000	17.125000	17.156000	17.187000	17.218000	17.265000	17.296000	17.327000	17.359000	17.390000	17.421000	17.452000	17.499000	17.530000	17.561000	17.593000	17.624000	17.655000	17.686000	17.733000	17.764000	17.795000	17.827000	17.858000	17.889000	17.920000	17.951000	17.998000
%%%	13.913043	13.913043	13.913043	13.913043	13.913043	13.913043	13.913043	13.913043	13.913043	13.913043	13.913043	13.913043	13.913043	13.913043	13.913043	13.913043	13.913043	13.913043	13.913043	13.913043	13.913043	13.913043	13.913043	13.913043	13.913043	13.913043	13.913043	13.913043	13.913043	13.913043	13.913043	13.913043	13.913043	13.913043	13.913043	13.913043	13.913043	13.913043	13.913043	13.913043	13.913043	13.913043	13.913043	13.913043	13.913043	13.913043	13.913043	13.913043	13.913043	13.913043	13.913043	13.913043	13.913043	13.913043	13.913043	13.913043	13.913043	13.913043	13.913043	13.913043	13.913043	13.913043	13.913043	13.913043	13.913043	13.913043	13.913043	13.913043	13.913043	13.913043	13.913043	13.913043	13.913043	13.913043	13.913043	13.913043	13.913043	13.913043	13.913043	13.913043	13.913043	13.913043	13.913043	13.913043	13.913043	13.913043	13.913043	13.913043	13.913043	13.913043	13.913043	13.913043	13.913043	13.913043	13.913043	13.913043	13.913043	13.913043	13.913043	13.913043	13.913043	13.913043	13.913043	13.913043	13.913043	13.913043	13.913043	13.913043	13.913043	13.913043	13.913043	13.913043	13.913043	13.913043	13.913043	13.913043	13.913043	13.913043	13.913043	13.913043	13.913043	13.913043	13.913043	13.913043	13.913043	13.913043	13.913043	13.913043	13.913043	13.913043	13.913043	13.913043	13.913043	13.913043	13.913043	13.913043	13.913043	13.913043	13.913043	13.913043	13.913043	13.913043	13.913043	13.913043	13.913043	13.913043	13.913043	13.913043	13.913043	13.913043	13.913043	13.913043	13.913043	13.913043	13.913043	13.913043	13.913043	13.913043	13.913043	13.913043	13.913043	13.913043	13.913043	13.913043	13.913043	13.913043	13.913043	13.913043	13.913043	13.913043	13.913043	13.913043	13.913043	13.913043	13.913043	13.913043	13.913043	13.913043	13.913043	13.913043	13.913043	13.913043	13.913043	13.913043	13.913043	13.913043	13.913043	13.913043	13.913043	13.913043	13.913043	13.913043	13.913043	13.913043	13.913043	13.913043	13.913043	13.913043	13.913043	13.913043	13.913043	13.913043	13.913043	13.913043	13.913043	13.913043	13.913043	13.913043	13.913043	13.913043	13.913043	13.913043	13.913043	13.913043	13.913043	13.913043	13.913043	13.913043	13.913043	13.913043	13.913043	13.913043	13.913043	13.913043	13.913043	13.913043	13.913043	13.913043	13.913043	13.913043	13.913043	13.913043	13.913043	13.913043	13.913043	13.913043	13.913043	13.913043	13.913043	13.913043	13.913043	13.913043	13.913043	13.913043	13.913043	13.913043	13.913043	13.913043	13.913043	13.913043	13.913043	13.913043	13.913043	13.913043	13.913043	13.913043	13.913043	13.913043	13.913043	13.913043	13.913043	13.913043	13.913043	13.913043	13.913043	13.913043	13.913043	13.913043	13.913043	13.913043	13.913043	13.913043	13.913043	13.913043	13.913043	13.913043	13.913043	13.913043	13.913043	13.913043	13.913043	13.913043	13.913043	13.913043	13.913043	13.913043	13.913043	13.913043	13.913043	13.913043	13.913043	13.913043	13.913043	13.913043	13.913043	13.913043	13.913043	13.913043	13.913043	13.913043	13.913043	13.913043	13.913043	13.913043	13.913043	13.913043	13.913043	13.913043	13.913043	13.913043	13.913043	13.913043	13.913043	13.913043	13.913043	13.913043	13.913043	13.913043	13.913043	13.913043	13.913043	13.913043	13.913043	13.913043	13.913043	13.913043	13.913043	13.913043	13.913043	13.913043	13.913043	13.913043	13.913043	13.913043	13.913043	13.913043	13.913043	13.913043	13.913043	13.913043	13.913043	13.913043	13.913043	13.913043	13.913043	13.913043	13.913043	13.913043	13.913043	13.913043	13.913043	13.913043	13.913043	13.913043	13.913043	13.913043	13.913043	13.913043	13.913043	13.913043	13.913043	13.913043	13.913043	13.913043	13.913043	13.913043	13.913043	13.913043	13.913043	13.913043	13.913043	13.913043	13.913043	13.913043	13.913043	13.913043	13.913043	13.913043	13.913043	13.913043	13.913043	13.913043	13.913043	13.913043	13.913043	13.913043	13.913043	13.913043	13.913043	13.913043	13.913043	13.913043	13.913043	13.913043	13.913043	13.913043	13.913043	13.913043	13.913043	13.913043	13.913043	13.913043	13.913043	13.913043	13.913043	13.913043	13.913043	13.913043	13.913043	13.913043	13.913043	13.913043	13.913043	13.913043	13.913043	13.913043	13.913043	13.913043	13.913043	13.913043	13.913043	13.913043	13.913043	13.913043	13.913043	13.913043	13.913043	13.913043	13.913043	13.913043	13.913043	13.913043	13.913043	13.913043	13.913043	13.913043	13.913043	13.913043	13.913043	13.913043	13.913043	13.913043	13.913043	13.913043	13.913043	13.913043	13.913043	13.913043	13.913043	13.913043	13.913043	13.913043	13.913043	13.913043	13.913043	13.913043	13.913043	13.913043	13.913043	13.913043	13.913043	13.913043	13.913043	13.913043	13.913043	13.913043	13.913043	13.913043	13.913043	13.913043	13.913043	13.913043	13.913043	13.913043	13.913043	13.913043	13.913043	13.913043	13.913043	13.913043	13.913043	13.913043	13.913043	13.913043	13.913043	13.913043	13.913043	13.913043	13.913043	13.913043	13.913043	13.913043	13.913043	13.913043	13.913043	13.913043	13.913043	13.913043	13.913043	13.913043	13.913043	13.913043	13.913043	13.913043	13.913043	13.913043	13.913043	13.913043	13.913043	13.913043	13.913043	13.913043	13.913043	13.913043	13.913043	13.913043	13.913043	13.913043	13.913043	13.913043	13.913043	13.913043	13.913043	13.913043	13.913043	13.913043	13.913043	13.913043	13.913043	13.913043	13.913043	13.913043	13.913043	13.913043	13.913043	13.913043	13.913043	13.913043	13.913043	13.913043	13.913043	13.913043	13.913043
%%%	Pulse Index	Stimulus Section Index	Stimulus Section Start Index	Stimulus Section End Index	Pupil Stimulated: 0 = Right, 1 = Left, 2 = Both	Light Metric: 0 = Photopic, 1 = Scopotic, 2 = Radiometric	Stimulus Start Time	Stimulus Duration	Stimulus Pulse Duration	Right Pulse Max Level	Right Pulse Max Color (0123 = WRGB)	Right Pulse Min Level	Right Pulse Min Color (0123 = WRGB)	Left Pulse Max Level	Left Pulse Max Color (0123 = WRGB)	Left Pulse Min Level	Left Pulse Min Color (0123 = WRGB)	Right Data Input Type (0 == RAW DATA, 1 == FITTED DATA, 2 == M. OVERRIDED)	Right ANALYSIS STATE (0 == ABNORMAL, 1 == NORMAL)	Right MAX (mm) (EMPTY if INVALID)	Right MIN (mm) (EMPTY if INVALID)	Right DELTA (mm) (EMPTY if INVALID)	Right CH (%) (EMPTY if INVALID)	Right LAT (sec) (EMPTY if INVALID)	Right CV (mm/s) (EMPTY if INVALID)	Right MCV (mm/s) (EMPTY if INVALID)	Right DV (mm/s) (EMPTY if INVALID)	Left Data Input Type (0 == RAW DATA, 1 == FITTED DATA, 2 == M. OVERRIDED)	Left ANALYSIS STATE (0 == ABNORMAL, 1 == NORMAL)	Left MAX (mm) (EMPTY if INVALID)	Left MIN (mm) (EMPTY if INVALID)	Left DELTA (mm) (EMPTY if INVALID)	Left CH (%) (EMPTY if INVALID)	Left LAT (sec) (EMPTY if INVALID)	Left CV (mm/s) (EMPTY if INVALID)	Left MCV (mm/s) (EMPTY if INVALID)	Left DV (mm/s) (EMPTY if INVALID)
%%%	0	0	17	542	0	0	0.51	17.52	0.51	99.71	1	0.00	1	0.00	1	0.00	1	0	0	0.00	0.00			0.00	0.00	0.00	0.00	0	0	0.00	0.00			0.00	0.00	0.00	0.00
%%%%%%%%%
%%%%%%%%%
%%%%%%%%%
<\SESSION>
