<SESSION>
<VERSION>
2
<\VERSION>
<DATE>
2017-08-15 09:28:33
<\DATE>
<SUBJECT-ID>
c57-1mois-f1-4.5r
<\SUBJECT-ID>
<NOTE>

<\NOTE>
<MIN-MAX-PLOT>
0.100000 51880.761719
<\MIN-MAX-PLOT>
<STIMULUS-DEFINED>
Default
Default Human Relative Spectral Sensitivity
1	0
1	0.500000	0.500000	17.000000	1	1	4.500000	-100.000000	0.100000	-100.000000	0
<\STIMULUS-DEFINED>
<STIMULUS-GENERATED>
4
0	0	0.000000	1	0.000000	0.000000	1	0.000000	0.000000
0	1	0.509000	1	129.044220	31625.173828	1	0.000000	0.000000
0	4	1.019000	1	0.000000	0.000000	1	0.000000	0.000000
-1	5	18.028000	0	0.000000	0.000000	0	0.000000	0.000000
<\STIMULUS-GENERATED>
<RIGHT-PUPIL-DATA>
542	1
1	-0.049000	1.151014	306.574982	355.412506
1	-0.018000	1.138986	306.181244	355.368744
1	0.013000	1.159710	306.587494	355.662506
1	0.044000	1.153623	306.500000	355.500000
1	0.075000	1.166812	306.768738	355.218750
1	0.122000	1.142029	305.924988	354.575012
1	0.153000	1.165942	306.481262	354.843750
1	0.185000	1.124638	308.000000	352.500000
1	0.216000	1.171015	308.000000	354.500000
1	0.247000	1.134638	306.306244	353.756256
1	0.278000	1.159855	307.068756	354.068756
1	0.309000	1.138841	307.412506	353.212494
1	0.356000	1.159275	306.793762	353.343750
1	0.387000	1.159855	307.318756	353.768768
1	0.419000	1.134638	307.106232	353.243744
1	0.450000	1.155797	306.606323	353.381226
1	0.481000	1.159275	307.331238	353.468750
1	0.512000	1.164492	307.181183	353.493683
1	0.543000	1.138841	307.187500	352.812500
1	0.575000	1.146667	307.649994	352.399994
1	0.621000	1.150869	308.231262	352.268738
0	0.653000	1.101449	310.000000	350.500000
1	0.684000	1.128985	308.750000	351.625000
1	0.715000	1.152754	308.312500	351.750000
1	0.746000	1.126667	307.812500	351.875000
1	0.777000	1.138841	308.187500	352.187500
1	0.809000	1.109855	307.712494	352.787506
1	0.855000	1.115942	308.250000	353.250000
0	0.887000	0.968116	309.500000	352.500000
0	0.918000	0.915942	311.000000	351.500000
1	0.949000	0.998551	308.362488	353.174988
1	0.980000	0.998841	308.600006	353.100006
1	1.011000	0.864638	312.000000	355.000000
1	1.043000	0.902754	309.968750	353.018738
0	1.089000	0.742319	311.662506	355.662506
1	1.121000	0.902029	309.774933	352.475006
0	1.152000	0.654203	312.149994	355.912506
1	1.183000	0.915942	310.000000	354.500000
0	1.214000	0.585507	312.000000	357.000000
1	1.245000	0.823478	308.812469	353.237457
1	1.277000	0.811594	308.750000	352.750000
0	1.308000	0.566232	311.131256	357.943756
1	1.355000	0.633188	310.906250	356.906250
0	1.386000	0.702754	310.218750	355.218750
0	1.417000	0.672899	309.681244	355.681244
1	1.448000	0.574493	311.000000	357.000000
1	1.479000	0.674928	309.631256	355.568756
0	1.511000	0.655507	309.931244	355.306244
0	1.542000	0.602754	310.331238	356.531250
1	1.589000	0.568406	311.100006	356.912506
0	1.620000	0.652899	310.875000	357.375000
1	1.651000	0.549420	311.156250	356.406250
0	1.682000	0.559855	310.993744	356.668732
0	1.713000	0.614058	310.131256	356.443756
0	1.745000	0.566812	310.093750	358.156250
1	1.776000	0.610290	310.468750	357.593750
0	1.823000	0.568551	309.881256	357.931244
0	1.854000	0.566377	310.100006	358.274994
1	1.885000	0.540725	309.468750	359.531250
0	1.916000	0.504348	309.500000	359.000000
1	1.947000	0.347826	329.656250	377.718750
0	1.979000	0.347826	300.831268	391.206268
0	2.010000	0.607970	310.431366	357.556366
0	2.041000	0.533333	310.000000	359.500000
0	2.088000	0.429275	308.600006	359.662506
1	2.119000	0.568986	309.062500	357.687500
0	2.150000	0.558841	309.975006	357.975006
0	2.181000	0.347826	307.156464	390.981293
0	2.213000	0.503333	309.993744	358.743744
0	2.244000	0.539710	309.500000	358.250000
1	2.275000	0.499420	310.062500	359.062500
1	2.322000	0.347826	320.006256	389.943756
1	2.353000	0.532754	310.337494	358.412506
0	2.384000	0.539710	309.750000	358.250000
1	2.415000	0.492754	310.125000	359.187500
0	2.447000	0.572609	309.193695	357.131378
0	2.478000	0.578406	309.743744	356.806244
0	2.509000	0.529855	309.375000	357.625000
1	2.556000	0.539710	309.500000	357.500000
0	2.587000	0.568116	310.500000	358.000000
0	2.618000	0.539710	310.250000	356.500000
0	2.649000	0.575507	309.968750	356.981262
0	2.681000	0.510145	310.000000	357.500000
0	2.712000	0.545072	309.543762	356.456238
0	2.743000	0.503333	310.993744	358.743744
0	2.774000	0.563768	309.987488	358.012512
0	2.821000	0.347826	328.681335	382.318665
0	2.852000	0.347826	330.193695	378.443634
0	2.883000	0.540725	309.468750	358.531250
0	2.915000	0.531014	309.625000	358.625000
0	2.946000	0.457536	309.681244	359.681244
0	2.977000	0.347826	326.181244	388.181244
1	3.008000	0.541159	310.224945	358.524933
1	3.039000	0.614638	309.343750	356.656250
0	3.086000	0.567101	308.893738	357.893738
1	3.117000	0.554928	310.093750	357.656250
0	3.149000	0.347826	328.718750	377.693848
0	3.180000	0.577101	308.662506	357.787506
0	3.211000	0.503188	309.725006	360.274994
0	3.242000	0.475218	310.555969	361.931702
0	3.273000	0.591304	308.500000	359.000000
1	3.320000	0.630580	308.868744	357.243744
0	3.351000	0.454058	309.706299	360.681274
1	3.383000	0.641884	308.768738	358.468750
1	3.414000	0.549420	309.343750	360.406250
0	3.445000	0.347826	328.687500	379.512512
0	3.476000	0.577681	309.000000	360.812500
0	3.507000	0.347826	328.518707	380.606232
1	3.554000	0.601594	308.656250	360.656250
1	3.585000	0.539710	309.500000	361.500000
0	3.617000	0.548841	308.868744	362.381256
1	3.648000	0.548406	309.625000	360.625000
0	3.679000	0.613623	308.762604	359.537628
0	3.710000	0.586232	308.668762	359.843750
0	3.741000	0.405797	333.125000	375.125000
1	3.773000	0.611594	308.424988	359.550049
1	3.819000	0.568986	309.100098	360.937500
0	3.851000	0.566232	309.168671	361.231354
0	3.882000	0.544928	309.000000	361.500000
0	3.913000	0.484928	309.962494	361.962494
0	3.944000	0.550145	309.600006	361.149994
0	3.975000	0.579855	308.968750	360.031250
0	4.007000	0.513623	310.125000	360.875000
0	4.053000	0.347826	322.174988	391.187439
0	4.085000	0.347826	323.656250	390.656250
0	4.116000	0.548841	309.618744	359.431244
0	4.147000	0.590725	309.999969	357.800018
1	4.178000	0.521739	310.500000	360.000000
0	4.209000	0.486377	309.750000	360.500000
0	4.241000	0.646812	309.056244	357.981232
0	4.287000	0.605507	310.537506	357.587494
0	4.319000	0.579710	309.750000	358.750000
1	4.350000	0.604928	309.687500	358.362488
1	4.381000	0.607246	309.500000	358.500000
0	4.412000	0.540290	311.274994	360.274994
1	4.443000	0.579710	310.750000	358.750000
1	4.475000	0.527246	310.537506	359.462494
0	4.506000	0.521015	310.518738	359.643738
1	4.553000	0.557536	311.056244	359.331268
0	4.584000	0.544928	310.500000	360.000000
0	4.615000	0.503188	311.725006	360.274994
1	4.646000	0.549420	310.593750	360.156250
0	4.677000	0.371015	306.369110	393.693451
0	4.709000	0.624638	309.362488	359.250000
0	4.740000	0.559855	310.256256	361.931244
0	4.787000	0.577246	310.168732	361.831085
1	4.818000	0.570290	310.831238	361.906250
1	4.849000	0.618406	309.381256	360.381256
0	4.880000	0.590145	309.850006	361.725006
0	4.911000	0.348841	327.631256	381.556244
1	4.943000	0.568551	310.868744	361.131256
1	4.974000	0.631884	309.625000	360.375000
0	5.021000	0.347826	328.468750	382.018738
1	5.052000	0.672464	308.500000	360.000000
0	5.083000	0.544928	311.000000	363.500000
1	5.114000	0.576667	310.843750	361.781250
0	5.145000	0.559855	311.243744	362.056244
1	5.177000	0.566232	310.943756	362.131256
0	5.208000	0.539710	310.750000	362.250000
0	5.239000	0.544928	306.000000	362.500000
1	5.286000	0.664638	309.750000	361.750000
0	5.317000	0.347826	336.318756	380.931244
1	5.348000	0.541884	310.531250	364.468750
1	5.379000	0.628986	309.500000	362.250000
1	5.411000	0.623333	309.718750	362.531250
0	5.442000	0.602899	310.500000	362.000000
1	5.473000	0.633333	309.625000	362.000000
1	5.520000	0.652754	309.937500	361.875000
1	5.551000	0.662464	309.468750	360.781250
1	5.582000	0.665362	309.431244	360.431244
1	5.613000	0.637681	310.500000	361.000000
0	5.645000	0.857681	317.112518	370.649994
1	5.676000	0.605942	310.531250	362.468750
0	5.707000	0.366812	330.343750	383.043762
0	5.754000	0.347826	317.443756	396.093719
0	5.785000	1.065217	315.781250	378.093750
1	5.816000	0.673333	309.812500	361.687500
0	5.847000	0.614493	310.500000	362.000000
0	5.879000	0.553768	311.343750	363.968750
1	5.910000	0.652754	309.937500	361.875000
0	5.941000	0.544928	310.000000	362.500000
1	5.972000	0.654203	310.399994	360.912506
1	6.019000	0.619420	310.712494	361.712494
0	6.050000	0.347826	320.006256	382.818756
1	6.081000	0.636377	310.843750	361.156250
1	6.113000	0.644058	310.012512	361.437500
0	6.144000	0.608116	310.250000	361.562500
1	6.175000	0.577101	310.787506	363.024994
1	6.206000	0.638116	309.568756	362.306244
0	6.253000	0.605942	310.468750	363.531250
1	6.284000	0.555942	311.699982	364.050018
0	6.315000	0.512464	310.812500	365.625000
1	6.347000	0.708841	310.081207	362.131256
0	6.378000	0.535507	310.693756	365.556244
0	6.409000	0.347826	334.806244	384.693756
1	6.440000	0.582754	311.118744	363.743744
1	6.487000	0.513623	311.375000	364.875000
1	6.518000	0.620580	310.412506	363.662506
1	6.549000	0.673333	309.687500	363.187500
0	6.581000	0.347826	328.681244	384.993744
1	6.612000	0.643623	310.006256	363.493744
0	6.643000	0.347826	333.506378	384.543732
0	6.674000	0.350725	332.875000	385.625000
0	6.705000	0.347826	334.181213	385.168701
0	6.752000	0.347826	333.556244	385.993744
0	6.783000	0.583188	310.125000	365.250000
0	6.815000	0.551159	310.431244	366.431244
1	6.846000	0.654928	310.156250	365.093750
0	6.877000	0.354203	323.106476	396.943756
0	6.908000	0.605942	310.531250	365.468750
1	6.939000	0.577681	310.812500	365.000000
1	6.986000	0.672754	309.287506	363.662506
0	7.017000	0.583768	310.899994	364.899994
1	7.049000	0.624928	309.975006	364.287506
1	7.080000	0.652899	309.393738	364.106262
0	7.111000	0.575072	310.024994	365.975006
0	7.142000	1.141159	313.574982	382.737518
1	7.173000	0.605942	310.468750	365.843750
0	7.205000	0.605942	309.843750	366.468750
0	7.251000	0.594638	310.056244	366.193756
0	7.283000	0.521739	311.500000	366.000000
0	7.314000	0.416232	330.975006	383.225006
0	7.345000	0.594058	309.731262	365.981262
0	7.376000	0.613623	310.437500	365.750000
1	7.407000	0.642899	309.750000	365.500000
1	7.439000	0.673333	308.837494	364.537506
0	7.485000	0.351594	311.437500	400.125000
1	7.517000	0.603333	310.356232	366.631256
1	7.548000	0.670725	309.350006	365.649994
0	7.579000	0.603768	310.187500	366.687500
0	7.610000	0.381159	313.375000	399.875000
1	7.641000	0.661594	309.843719	365.818878
0	7.673000	0.646667	308.912506	365.987518
0	7.719000	0.608696	310.500000	366.500000
1	7.751000	0.671159	309.343750	364.643738
1	7.782000	0.653333	309.899994	364.962494
0	7.813000	0.553768	311.343750	367.031250
0	7.844000	0.352754	319.937500	399.062500
0	7.875000	0.585942	310.256256	366.056244
0	7.907000	0.951015	322.837494	377.662506
1	7.938000	0.696377	310.018738	365.956238
1	7.985000	0.691304	310.031250	365.968750
1	8.016000	0.692319	309.943756	366.318756
1	8.047000	0.583188	310.812500	366.875000
0	8.078000	0.600000	310.187500	367.062500
0	8.109000	0.637681	310.000000	370.500000
0	8.141000	0.601594	309.656250	366.656250
0	8.172000	0.486957	311.000000	369.500000
0	8.219000	0.347826	330.331299	382.168762
1	8.250000	0.689710	309.393768	366.031342
0	8.281000	0.596232	310.562500	367.562500
0	8.312000	0.347826	326.518616	381.068604
0	8.343000	0.347826	321.487427	398.812500
1	8.375000	0.677536	309.500000	365.562500
0	8.406000	0.550580	310.406250	368.343750
0	8.437000	0.626087	311.000000	367.500000
1	8.484000	0.596812	310.712494	367.587494
1	8.515000	0.584203	310.906250	367.906250
0	8.546000	0.609855	309.524994	368.837494
0	8.577000	0.582609	310.000000	369.250000
0	8.609000	0.637681	306.000000	366.500000
0	8.640000	0.347826	326.343658	390.368744
0	8.671000	0.611594	309.424988	370.424988
1	8.718000	0.575507	309.831238	370.868713
1	8.749000	0.658116	308.531250	368.843750
1	8.780000	0.649275	308.750000	369.250000
0	8.811000	0.570290	309.831238	371.093750
1	8.843000	0.585507	309.500000	370.500000
0	8.874000	0.604928	309.437500	370.137512
0	8.905000	0.568116	309.812500	370.937500
0	8.952000	0.348985	332.462494	388.649994
0	8.983000	0.548841	310.068756	371.068756
1	9.014000	0.672754	308.600006	368.662506
0	9.045000	0.620290	309.637512	370.424988
1	9.077000	0.703333	308.618744	369.243744
0	9.108000	0.347826	324.405975	391.768280
0	9.139000	0.601594	309.531250	370.656250
1	9.170000	0.601159	310.337494	370.649994
0	9.217000	0.365942	329.043762	389.768738
0	9.248000	0.348406	332.156372	383.968750
0	9.279000	0.646377	308.987488	369.974976
1	9.311000	0.602899	310.250000	370.750000
1	9.342000	0.657681	309.162506	369.337494
1	9.373000	0.703188	308.774994	369.149994
0	9.404000	0.540725	309.768738	372.281250
1	9.451000	0.692899	308.068787	369.968750
0	9.482000	0.417391	329.250000	391.250000
0	9.513000	0.525072	323.293762	399.706238
1	9.545000	0.625072	309.318756	371.181244
0	9.576000	0.566811	310.143707	372.143829
1	9.607000	0.678261	309.000000	370.500000
0	9.638000	0.583768	309.899994	372.899994
0	9.685000	1.161014	317.818756	386.631256
1	9.716000	0.498985	311.056244	374.193756
0	9.747000	0.347826	326.543610	388.493866
0	9.779000	0.531014	311.375000	373.625000
0	9.810000	0.683333	310.500000	371.500000
0	9.841000	1.099275	316.793762	391.281250
1	9.872000	0.617971	310.375000	372.687500
1	9.903000	0.572899	310.131256	373.793732
0	9.950000	0.600580	311.375000	372.500000
1	9.981000	0.618551	310.449982	371.337494
1	10.013000	0.604928	311.437500	371.437500
0	10.044000	0.364493	328.368835	391.968689
0	10.075000	0.565217	311.500000	373.000000
1	10.106000	0.673333	309.687500	371.687500
0	10.137000	0.349420	326.843750	387.843750
1	10.184000	0.591449	310.493744	373.993744
0	10.215000	1.202029	322.037506	388.274994
1	10.247000	0.602464	310.368744	374.381195
1	10.278000	0.603768	310.375000	372.875000
1	10.309000	0.689710	309.593750	371.406250
1	10.340000	0.568406	310.824982	373.912506
0	10.371000	0.631014	310.237488	372.562500
0	10.418000	0.601594	310.481262	371.718750
0	10.449000	0.579710	310.000000	372.500000
0	10.481000	0.600580	311.125000	372.375000
0	10.512000	0.566812	311.156250	373.843750
0	10.543000	0.607101	310.406250	372.531250
1	10.574000	0.549420	310.893738	373.406250
1	10.605000	0.565362	311.156250	373.931274
1	10.637000	0.549420	311.406250	373.406250
0	10.683000	0.596667	310.306244	373.318756
0	10.715000	0.579710	309.750000	373.750000
1	10.746000	0.620145	310.281250	372.706299
0	10.777000	0.347826	326.506256	388.343719
1	10.808000	0.645942	310.006256	372.068756
1	10.839000	0.621159	310.187500	372.687500
1	10.871000	0.673333	309.187500	371.687500
0	10.917000	0.601015	310.318756	372.631256
1	10.949000	0.610290	310.218750	372.793762
0	10.980000	0.655507	309.931244	371.931244
0	11.011000	1.472464	322.000000	390.500000
1	11.042000	0.618116	309.718750	372.456238
0	11.073000	1.211449	318.156281	385.268707
0	11.105000	0.548985	310.399994	374.399994
0	11.136000	0.593333	310.487579	373.012543
0	11.183000	0.353768	318.906250	406.593750
1	11.214000	0.591304	310.500000	374.000000
0	11.245000	0.575507	309.968750	374.031250
1	11.276000	0.588116	310.912506	374.287506
0	11.307000	0.548985	311.399994	373.399994
0	11.339000	0.562899	310.199982	374.225006
1	11.370000	0.632319	309.556244	372.206329
0	11.417000	0.529710	311.393738	373.606262
1	11.448000	0.672319	309.281250	371.656250
1	11.479000	0.565942	310.106293	374.018768
0	11.510000	0.414638	329.468750	391.468750
1	11.541000	0.637101	310.149994	372.149994
1	11.573000	0.601159	310.350006	373.899994
1	11.604000	0.690290	309.431244	371.568756
0	11.651000	0.605362	310.443756	373.556244
1	11.682000	0.592899	310.656250	373.843750
0	11.713000	0.457971	330.500000	390.500000
0	11.744000	0.382609	331.500000	391.000000
0	11.775000	0.347826	319.993744	400.181244
0	11.807000	0.347826	328.156250	387.656250
0	11.838000	0.347826	328.543610	388.356171
0	11.869000	0.350580	307.406250	404.093750
0	11.916000	0.610290	310.468750	371.593750
0	11.947000	0.566812	310.843750	372.843750
0	11.978000	0.585362	310.968750	372.843750
0	12.009000	1.327101	318.443756	388.443756
1	12.041000	0.651015	309.350006	371.149994
0	12.072000	0.397536	326.943756	391.556244
1	12.103000	0.633768	310.118744	372.118744
0	12.150000	1.286957	318.000000	390.500000
0	12.181000	0.672464	314.000000	370.500000
0	12.212000	1.025507	322.125000	391.625000
1	12.243000	0.554928	311.081238	372.718750
1	12.275000	0.684057	309.474976	370.525146
1	12.306000	0.618986	310.093750	371.293762
1	12.337000	0.596812	310.287506	371.712494
0	12.384000	0.661594	309.518738	370.843750
0	12.415000	0.678261	316.000000	400.000000
0	12.446000	0.644203	310.018738	371.093750
0	12.477000	0.894058	321.156250	382.843750
0	12.509000	0.583188	310.125000	371.875000
0	12.540000	1.147826	322.000000	379.500000
1	12.571000	0.655507	309.931244	371.368744
0	12.602000	0.357536	305.993744	405.156281
0	12.649000	1.049855	318.437592	380.949982
0	12.680000	0.489710	312.168762	372.918762
0	12.711000	0.672754	308.837494	371.662506
0	12.743000	0.618986	309.406250	371.406250
1	12.774000	0.588116	310.162506	373.287506
0	12.805000	0.607536	310.412506	373.412506
0	12.836000	0.955362	319.024994	379.899994
0	12.883000	0.531594	321.350006	383.600006
1	12.914000	0.672754	309.837494	371.662506
1	12.945000	0.626087	310.625000	372.625000
0	12.977000	0.377681	330.187500	388.812500
1	13.008000	0.615362	310.425018	372.550018
1	13.039000	0.584203	310.093750	373.593750
0	13.070000	0.625507	310.500000	373.250000
1	13.117000	0.609855	310.475006	373.600006
0	13.148000	1.095652	320.406250	382.218750
0	13.179000	0.978841	318.812500	380.062500
1	13.211000	0.660870	309.250000	373.750000
0	13.242000	0.664638	309.750000	374.250000
0	13.273000	0.636377	310.156250	374.531250
0	13.304000	0.614203	310.412506	374.587494
0	13.335000	0.637681	314.000000	374.500000
0	13.382000	0.903623	317.481262	379.981262
1	13.413000	0.655507	309.868744	373.931244
1	13.445000	0.730435	309.000000	373.500000
1	13.476000	0.592899	310.468750	375.656250
0	13.507000	0.641884	328.356262	398.106262
0	13.538000	1.005797	316.450012	382.000000
1	13.569000	0.655507	309.881256	373.931244
1	13.616000	0.627101	310.256256	374.193756
0	13.647000	0.600580	310.375000	374.625000
1	13.679000	0.702319	308.762482	372.862518
0	13.710000	0.649565	309.637512	374.000000
0	13.741000	0.655507	309.931244	374.306244
0	13.772000	0.609855	309.475006	375.424957
1	13.803000	0.670145	308.687500	373.625000
1	13.850000	0.732608	308.656555	372.756592
1	13.881000	0.591304	310.500000	375.000000
0	13.913000	0.857681	315.162506	380.087494
0	13.944000	0.637101	322.475006	399.199982
1	13.975000	0.618406	310.618744	374.381256
1	14.006000	0.731159	309.518738	371.843750
0	14.037000	0.923333	317.531250	379.031250
1	14.069000	0.619420	310.562531	373.712494
1	14.115000	0.715942	309.750000	371.750000
0	14.147000	1.285942	318.006256	388.781219
0	14.178000	1.085072	319.993744	382.406281
0	14.209000	1.110870	324.993744	379.306244
1	14.240000	0.751594	308.562500	372.562500
0	14.271000	0.681159	309.925079	373.537689
0	14.303000	0.653333	309.899994	374.899994
0	14.349000	0.637101	310.149994	375.149994
1	14.381000	0.654928	309.906250	374.843750
0	14.412000	0.906666	314.412506	386.412567
1	14.443000	0.607971	310.531250	374.543762
0	14.474000	0.672754	309.662506	373.662506
0	14.505000	0.818116	315.843750	381.268738
1	14.537000	0.717246	309.068756	372.068756
0	14.568000	0.377681	325.750000	392.687500
0	14.615000	0.635507	310.793762	374.093750
1	14.646000	0.707246	309.187744	373.200073
1	14.677000	0.673333	309.812500	373.687500
0	14.708000	0.521739	321.000000	402.500000
0	14.739000	0.654203	309.850006	375.087494
0	14.771000	0.653623	309.887512	375.174988
1	14.802000	0.591304	311.000000	375.500000
0	14.849000	0.683768	309.524994	375.474945
0	14.880000	1.263623	319.268799	388.843750
0	14.911000	0.614493	310.500000	376.000000
0	14.942000	0.618406	310.918732	375.381256
1	14.973000	0.695652	309.250000	374.250000
0	15.005000	0.637101	310.850006	374.149994
1	15.036000	0.747826	309.000000	372.500000
0	15.067000	0.620580	310.350006	374.662506
0	15.114000	1.182029	315.000000	395.750000
1	15.145000	0.775072	308.850006	373.725006
0	15.176000	0.653623	309.887512	374.887512
0	15.207000	0.626087	311.000000	375.500000
1	15.239000	0.723333	308.968750	374.031250
0	15.270000	0.614058	310.443756	376.318756
0	15.301000	0.690290	309.431244	374.431244
0	15.348000	1.233188	315.406250	392.156250
0	15.379000	0.627246	309.975006	376.524994
0	15.410000	0.874058	317.881256	381.868744
0	15.441000	0.685942	309.493744	375.493744
1	15.473000	0.603333	310.318756	376.618744
1	15.504000	0.615362	310.337494	376.462494
0	15.535000	0.347826	333.543732	383.856232
0	15.582000	1.343623	319.681244	391.681244
0	15.613000	0.544928	314.000000	378.500000
1	15.644000	0.636377	310.343750	376.406250
0	15.675000	0.618406	310.268768	376.693756
1	15.707000	0.670725	309.712494	375.649994
0	15.738000	0.927681	316.906250	381.656250
1	15.769000	0.761449	308.500000	373.424988
0	15.800000	0.666812	310.718750	374.781250
0	15.847000	0.664638	309.750000	374.750000
1	15.878000	0.646667	310.012482	375.912506
0	15.909000	0.590145	326.574982	399.975006
0	15.941000	1.061450	321.012848	385.737762
0	15.972000	0.641884	310.906250	376.093750
0	16.003000	0.664203	310.368744	376.756256
0	16.034000	0.637536	310.406250	375.156250
0	16.081000	0.602319	310.699951	377.250000
0	16.112000	0.583768	311.087494	376.899994
0	16.143000	1.426667	308.500000	393.000000
1	16.175000	0.755072	309.375000	373.750000
1	16.206000	0.750580	308.643738	373.818726
1	16.237000	0.699420	310.687500	375.312500
0	16.268000	0.959855	315.193756	385.556244
0	16.315000	1.070725	315.100006	386.149994
1	16.346000	0.675073	310.337463	376.337524
1	16.377000	0.637536	310.831238	378.031250
0	16.409000	0.636377	310.893738	378.156250
1	16.440000	0.642899	310.075012	378.000000
0	16.471000	0.392464	328.149994	396.524994
0	16.502000	1.008696	318.000000	386.500000
1	16.533000	0.664203	310.256256	377.006256
0	16.580000	1.327101	314.493744	393.568756
1	16.611000	0.765362	309.193756	375.506256
1	16.643000	0.698406	310.531250	377.018738
1	16.674000	0.697101	310.312500	377.112488
0	16.705000	0.914203	315.662506	382.350006
1	16.736000	0.709710	310.131256	377.868744
0	16.767000	0.689855	310.375000	378.375000
0	16.814000	0.997101	317.250000	384.750000
0	16.845000	0.707681	309.818756	378.181244
1	16.877000	0.800725	308.893738	377.018738
0	16.908000	0.721014	309.956299	378.006287
0	16.939000	1.194203	321.500000	385.000000
0	16.970000	0.690290	310.431244	377.431244
1	17.001000	0.675797	310.331238	378.593750
1	17.048000	0.672754	309.837494	378.662506
1	17.079000	0.724493	309.906250	377.943726
1	17.111000	0.705942	309.343750	378.206238
1	17.142000	0.670579	309.693939	377.694000
0	17.173000	0.655072	310.500000	378.000000
1	17.204000	0.670580	310.381226	378.356262
1	17.235000	0.637681	311.174988	378.174988
0	17.267000	0.403188	327.524994	405.024994
0	17.313000	1.209855	316.287506	394.274994
1	17.345000	0.734203	309.437500	376.812500
0	17.376000	0.405362	324.631256	397.068756
0	17.407000	0.470725	331.274994	395.850006
0	17.438000	0.672899	310.318756	376.818756
0	17.469000	0.488406	326.112488	405.112488
0	17.501000	1.017971	318.299988	385.637512
1	17.547000	0.672319	310.156250	378.156250
0	17.579000	0.951159	314.806244	384.818756
1	17.610000	0.673333	309.812500	378.187500
0	17.641000	0.390290	322.618744	397.418732
0	17.672000	1.101449	319.000000	389.500000
0	17.703000	1.034058	316.343750	384.893738
0	17.735000	0.675797	310.593750	377.281250
1	17.781000	0.765217	308.000000	375.500000
0	17.813000	0.643623	310.068756	377.993744
1	17.844000	0.718406	309.568756	376.181244
0	17.875000	0.690290	310.431244	377.431244
0	17.906000	1.101449	322.000000	382.500000
0	17.937000	0.634783	310.593750	377.156250
0	17.969000	1.101449	321.000000	385.500000
<\RIGHT-PUPIL-DATA>
<LEFT-PUPIL-DATA>
543	0
0	-0.050000	13.913043	240.000000	320.000000
0	-0.019000	13.913043	240.000000	320.000000
0	0.012000	13.913043	240.000000	320.000000
0	0.044000	13.913043	240.000000	320.000000
0	0.075000	13.913043	240.000000	320.000000
0	0.106000	13.913043	240.000000	320.000000
0	0.137000	13.913043	240.000000	320.000000
0	0.184000	13.913043	240.000000	320.000000
0	0.215000	13.913043	240.000000	320.000000
0	0.246000	13.913043	240.000000	320.000000
0	0.278000	13.913043	240.000000	320.000000
0	0.309000	13.913043	240.000000	320.000000
0	0.340000	13.913043	240.000000	320.000000
0	0.371000	13.913043	240.000000	320.000000
0	0.402000	13.913043	240.000000	320.000000
0	0.449000	13.913043	240.000000	320.000000
0	0.480000	13.913043	240.000000	320.000000
0	0.512000	13.913043	240.000000	320.000000
0	0.543000	13.913043	240.000000	320.000000
0	0.574000	13.913043	240.000000	320.000000
0	0.605000	13.913043	240.000000	320.000000
0	0.636000	13.913043	240.000000	320.000000
0	0.683000	13.913043	240.000000	320.000000
0	0.714000	13.913043	240.000000	320.000000
0	0.746000	13.913043	240.000000	320.000000
0	0.777000	13.913043	240.000000	320.000000
0	0.808000	13.913043	240.000000	320.000000
0	0.839000	13.913043	240.000000	320.000000
0	0.870000	13.913043	240.000000	320.000000
0	0.917000	13.913043	240.000000	320.000000
0	0.948000	13.913043	240.000000	320.000000
0	0.980000	13.913043	240.000000	320.000000
0	1.011000	13.913043	240.000000	320.000000
0	1.042000	13.913043	240.000000	320.000000
0	1.073000	13.913043	240.000000	320.000000
0	1.104000	13.913043	240.000000	320.000000
0	1.136000	13.913043	240.000000	320.000000
0	1.182000	13.913043	240.000000	320.000000
0	1.214000	13.913043	240.000000	320.000000
0	1.245000	13.913043	240.000000	320.000000
0	1.276000	13.913043	240.000000	320.000000
0	1.307000	13.913043	240.000000	320.000000
0	1.338000	13.913043	240.000000	320.000000
0	1.370000	13.913043	240.000000	320.000000
0	1.416000	13.913043	240.000000	320.000000
0	1.448000	13.913043	240.000000	320.000000
0	1.479000	13.913043	240.000000	320.000000
0	1.510000	13.913043	240.000000	320.000000
0	1.541000	13.913043	240.000000	320.000000
0	1.572000	13.913043	240.000000	320.000000
0	1.604000	13.913043	240.000000	320.000000
0	1.635000	13.913043	240.000000	320.000000
0	1.682000	13.913043	240.000000	320.000000
0	1.713000	13.913043	240.000000	320.000000
0	1.744000	13.913043	240.000000	320.000000
0	1.775000	13.913043	240.000000	320.000000
0	1.806000	13.913043	240.000000	320.000000
0	1.838000	13.913043	240.000000	320.000000
0	1.869000	13.913043	240.000000	320.000000
0	1.916000	13.913043	240.000000	320.000000
0	1.947000	13.913043	240.000000	320.000000
0	1.978000	13.913043	240.000000	320.000000
0	2.009000	13.913043	240.000000	320.000000
0	2.040000	13.913043	240.000000	320.000000
0	2.072000	13.913043	240.000000	320.000000
0	2.103000	13.913043	240.000000	320.000000
0	2.150000	13.913043	240.000000	320.000000
0	2.181000	13.913043	240.000000	320.000000
0	2.212000	13.913043	240.000000	320.000000
0	2.243000	13.913043	240.000000	320.000000
0	2.274000	13.913043	240.000000	320.000000
0	2.306000	13.913043	240.000000	320.000000
0	2.337000	13.913043	240.000000	320.000000
0	2.368000	13.913043	240.000000	320.000000
0	2.415000	13.913043	240.000000	320.000000
0	2.446000	13.913043	240.000000	320.000000
0	2.477000	13.913043	240.000000	320.000000
0	2.508000	13.913043	240.000000	320.000000
0	2.540000	13.913043	240.000000	320.000000
0	2.571000	13.913043	240.000000	320.000000
0	2.602000	13.913043	240.000000	320.000000
0	2.649000	13.913043	240.000000	320.000000
0	2.680000	13.913043	240.000000	320.000000
0	2.711000	13.913043	240.000000	320.000000
0	2.742000	13.913043	240.000000	320.000000
0	2.774000	13.913043	240.000000	320.000000
0	2.805000	13.913043	240.000000	320.000000
0	2.836000	13.913043	240.000000	320.000000
0	2.883000	13.913043	240.000000	320.000000
0	2.914000	13.913043	240.000000	320.000000
0	2.945000	13.913043	240.000000	320.000000
0	2.976000	13.913043	240.000000	320.000000
0	3.008000	13.913043	240.000000	320.000000
0	3.039000	13.913043	240.000000	320.000000
0	3.070000	13.913043	240.000000	320.000000
0	3.101000	13.913043	240.000000	320.000000
0	3.148000	13.913043	240.000000	320.000000
0	3.179000	13.913043	240.000000	320.000000
0	3.210000	13.913043	240.000000	320.000000
0	3.242000	13.913043	240.000000	320.000000
0	3.273000	13.913043	240.000000	320.000000
0	3.304000	13.913043	240.000000	320.000000
0	3.335000	13.913043	240.000000	320.000000
0	3.382000	13.913043	240.000000	320.000000
0	3.413000	13.913043	240.000000	320.000000
0	3.444000	13.913043	240.000000	320.000000
0	3.476000	13.913043	240.000000	320.000000
0	3.507000	13.913043	240.000000	320.000000
0	3.538000	13.913043	240.000000	320.000000
0	3.569000	13.913043	240.000000	320.000000
0	3.616000	13.913043	240.000000	320.000000
0	3.647000	13.913043	240.000000	320.000000
0	3.678000	13.913043	240.000000	320.000000
0	3.710000	13.913043	240.000000	320.000000
0	3.741000	13.913043	240.000000	320.000000
0	3.772000	13.913043	240.000000	320.000000
0	3.803000	13.913043	240.000000	320.000000
0	3.834000	13.913043	240.000000	320.000000
0	3.881000	13.913043	240.000000	320.000000
0	3.912000	13.913043	240.000000	320.000000
0	3.944000	13.913043	240.000000	320.000000
0	3.975000	13.913043	240.000000	320.000000
0	4.006000	13.913043	240.000000	320.000000
0	4.037000	13.913043	240.000000	320.000000
0	4.068000	13.913043	240.000000	320.000000
0	4.115000	13.913043	240.000000	320.000000
0	4.146000	13.913043	240.000000	320.000000
0	4.178000	13.913043	240.000000	320.000000
0	4.209000	13.913043	240.000000	320.000000
0	4.240000	13.913043	240.000000	320.000000
0	4.271000	13.913043	240.000000	320.000000
0	4.302000	13.913043	240.000000	320.000000
0	4.334000	13.913043	240.000000	320.000000
0	4.380000	13.913043	240.000000	320.000000
0	4.412000	13.913043	240.000000	320.000000
0	4.443000	13.913043	240.000000	320.000000
0	4.474000	13.913043	240.000000	320.000000
0	4.505000	13.913043	240.000000	320.000000
0	4.536000	13.913043	240.000000	320.000000
0	4.568000	13.913043	240.000000	320.000000
0	4.614000	13.913043	240.000000	320.000000
0	4.646000	13.913043	240.000000	320.000000
0	4.677000	13.913043	240.000000	320.000000
0	4.708000	13.913043	240.000000	320.000000
0	4.739000	13.913043	240.000000	320.000000
0	4.770000	13.913043	240.000000	320.000000
0	4.802000	13.913043	240.000000	320.000000
0	4.848000	13.913043	240.000000	320.000000
0	4.880000	13.913043	240.000000	320.000000
0	4.911000	13.913043	240.000000	320.000000
0	4.942000	13.913043	240.000000	320.000000
0	4.973000	13.913043	240.000000	320.000000
0	5.004000	13.913043	240.000000	320.000000
0	5.036000	13.913043	240.000000	320.000000
0	5.067000	13.913043	240.000000	320.000000
0	5.114000	13.913043	240.000000	320.000000
0	5.145000	13.913043	240.000000	320.000000
0	5.176000	13.913043	240.000000	320.000000
0	5.207000	13.913043	240.000000	320.000000
0	5.238000	13.913043	240.000000	320.000000
0	5.270000	13.913043	240.000000	320.000000
0	5.301000	13.913043	240.000000	320.000000
0	5.348000	13.913043	240.000000	320.000000
0	5.379000	13.913043	240.000000	320.000000
0	5.410000	13.913043	240.000000	320.000000
0	5.441000	13.913043	240.000000	320.000000
0	5.472000	13.913043	240.000000	320.000000
0	5.504000	13.913043	240.000000	320.000000
0	5.535000	13.913043	240.000000	320.000000
0	5.582000	13.913043	240.000000	320.000000
0	5.613000	13.913043	240.000000	320.000000
0	5.644000	13.913043	240.000000	320.000000
0	5.675000	13.913043	240.000000	320.000000
0	5.706000	13.913043	240.000000	320.000000
0	5.738000	13.913043	240.000000	320.000000
0	5.769000	13.913043	240.000000	320.000000
0	5.800000	13.913043	240.000000	320.000000
0	5.847000	13.913043	240.000000	320.000000
0	5.878000	13.913043	240.000000	320.000000
0	5.909000	13.913043	240.000000	320.000000
0	5.940000	13.913043	240.000000	320.000000
0	5.972000	13.913043	240.000000	320.000000
0	6.003000	13.913043	240.000000	320.000000
0	6.034000	13.913043	240.000000	320.000000
0	6.081000	13.913043	240.000000	320.000000
0	6.112000	13.913043	240.000000	320.000000
0	6.143000	13.913043	240.000000	320.000000
0	6.174000	13.913043	240.000000	320.000000
0	6.206000	13.913043	240.000000	320.000000
0	6.237000	13.913043	240.000000	320.000000
0	6.268000	13.913043	240.000000	320.000000
0	6.315000	13.913043	240.000000	320.000000
0	6.346000	13.913043	240.000000	320.000000
0	6.377000	13.913043	240.000000	320.000000
0	6.408000	13.913043	240.000000	320.000000
0	6.440000	13.913043	240.000000	320.000000
0	6.471000	13.913043	240.000000	320.000000
0	6.502000	13.913043	240.000000	320.000000
0	6.533000	13.913043	240.000000	320.000000
0	6.580000	13.913043	240.000000	320.000000
0	6.611000	13.913043	240.000000	320.000000
0	6.642000	13.913043	240.000000	320.000000
0	6.674000	13.913043	240.000000	320.000000
0	6.705000	13.913043	240.000000	320.000000
0	6.736000	13.913043	240.000000	320.000000
0	6.767000	13.913043	240.000000	320.000000
0	6.814000	13.913043	240.000000	320.000000
0	6.845000	13.913043	240.000000	320.000000
0	6.876000	13.913043	240.000000	320.000000
0	6.908000	13.913043	240.000000	320.000000
0	6.939000	13.913043	240.000000	320.000000
0	6.970000	13.913043	240.000000	320.000000
0	7.001000	13.913043	240.000000	320.000000
0	7.032000	13.913043	240.000000	320.000000
0	7.079000	13.913043	240.000000	320.000000
0	7.110000	13.913043	240.000000	320.000000
0	7.142000	13.913043	240.000000	320.000000
0	7.173000	13.913043	240.000000	320.000000
0	7.204000	13.913043	240.000000	320.000000
0	7.235000	13.913043	240.000000	320.000000
0	7.266000	13.913043	240.000000	320.000000
0	7.313000	13.913043	240.000000	320.000000
0	7.344000	13.913043	240.000000	320.000000
0	7.376000	13.913043	240.000000	320.000000
0	7.407000	13.913043	240.000000	320.000000
0	7.438000	13.913043	240.000000	320.000000
0	7.469000	13.913043	240.000000	320.000000
0	7.500000	13.913043	240.000000	320.000000
0	7.547000	13.913043	240.000000	320.000000
0	7.578000	13.913043	240.000000	320.000000
0	7.610000	13.913043	240.000000	320.000000
0	7.641000	13.913043	240.000000	320.000000
0	7.672000	13.913043	240.000000	320.000000
0	7.703000	13.913043	240.000000	320.000000
0	7.734000	13.913043	240.000000	320.000000
0	7.766000	13.913043	240.000000	320.000000
0	7.812000	13.913043	240.000000	320.000000
0	7.844000	13.913043	240.000000	320.000000
0	7.875000	13.913043	240.000000	320.000000
0	7.906000	13.913043	240.000000	320.000000
0	7.937000	13.913043	240.000000	320.000000
0	7.968000	13.913043	240.000000	320.000000
0	8.000000	13.913043	240.000000	320.000000
0	8.046000	13.913043	240.000000	320.000000
0	8.078000	13.913043	240.000000	320.000000
0	8.109000	13.913043	240.000000	320.000000
0	8.140000	13.913043	240.000000	320.000000
0	8.171000	13.913043	240.000000	320.000000
0	8.202000	13.913043	240.000000	320.000000
0	8.234000	13.913043	240.000000	320.000000
0	8.265000	13.913043	240.000000	320.000000
0	8.312000	13.913043	240.000000	320.000000
0	8.343000	13.913043	240.000000	320.000000
0	8.374000	13.913043	240.000000	320.000000
0	8.405000	13.913043	240.000000	320.000000
0	8.436000	13.913043	240.000000	320.000000
0	8.468000	13.913043	240.000000	320.000000
0	8.499000	13.913043	240.000000	320.000000
0	8.546000	13.913043	240.000000	320.000000
0	8.577000	13.913043	240.000000	320.000000
0	8.608000	13.913043	240.000000	320.000000
0	8.639000	13.913043	240.000000	320.000000
0	8.670000	13.913043	240.000000	320.000000
0	8.702000	13.913043	240.000000	320.000000
0	8.733000	13.913043	240.000000	320.000000
0	8.780000	13.913043	240.000000	320.000000
0	8.811000	13.913043	240.000000	320.000000
0	8.842000	13.913043	240.000000	320.000000
0	8.873000	13.913043	240.000000	320.000000
0	8.904000	13.913043	240.000000	320.000000
0	8.936000	13.913043	240.000000	320.000000
0	8.967000	13.913043	240.000000	320.000000
0	8.998000	13.913043	240.000000	320.000000
0	9.045000	13.913043	240.000000	320.000000
0	9.076000	13.913043	240.000000	320.000000
0	9.107000	13.913043	240.000000	320.000000
0	9.138000	13.913043	240.000000	320.000000
0	9.170000	13.913043	240.000000	320.000000
0	9.201000	13.913043	240.000000	320.000000
0	9.232000	13.913043	240.000000	320.000000
0	9.279000	13.913043	240.000000	320.000000
0	9.310000	13.913043	240.000000	320.000000
0	9.341000	13.913043	240.000000	320.000000
0	9.372000	13.913043	240.000000	320.000000
0	9.404000	13.913043	240.000000	320.000000
0	9.435000	13.913043	240.000000	320.000000
0	9.466000	13.913043	240.000000	320.000000
0	9.513000	13.913043	240.000000	320.000000
0	9.544000	13.913043	240.000000	320.000000
0	9.575000	13.913043	240.000000	320.000000
0	9.606000	13.913043	240.000000	320.000000
0	9.638000	13.913043	240.000000	320.000000
0	9.669000	13.913043	240.000000	320.000000
0	9.700000	13.913043	240.000000	320.000000
0	9.731000	13.913043	240.000000	320.000000
0	9.778000	13.913043	240.000000	320.000000
0	9.809000	13.913043	240.000000	320.000000
0	9.840000	13.913043	240.000000	320.000000
0	9.872000	13.913043	240.000000	320.000000
0	9.903000	13.913043	240.000000	320.000000
0	9.934000	13.913043	240.000000	320.000000
0	9.965000	13.913043	240.000000	320.000000
0	10.012000	13.913043	240.000000	320.000000
0	10.043000	13.913043	240.000000	320.000000
0	10.074000	13.913043	240.000000	320.000000
0	10.106000	13.913043	240.000000	320.000000
0	10.137000	13.913043	240.000000	320.000000
0	10.168000	13.913043	240.000000	320.000000
0	10.199000	13.913043	240.000000	320.000000
0	10.246000	13.913043	240.000000	320.000000
0	10.277000	13.913043	240.000000	320.000000
0	10.308000	13.913043	240.000000	320.000000
0	10.340000	13.913043	240.000000	320.000000
0	10.371000	13.913043	240.000000	320.000000
0	10.402000	13.913043	240.000000	320.000000
0	10.433000	13.913043	240.000000	320.000000
0	10.464000	13.913043	240.000000	320.000000
0	10.511000	13.913043	240.000000	320.000000
0	10.542000	13.913043	240.000000	320.000000
0	10.574000	13.913043	240.000000	320.000000
0	10.605000	13.913043	240.000000	320.000000
0	10.636000	13.913043	240.000000	320.000000
0	10.667000	13.913043	240.000000	320.000000
0	10.698000	13.913043	240.000000	320.000000
0	10.745000	13.913043	240.000000	320.000000
0	10.776000	13.913043	240.000000	320.000000
0	10.808000	13.913043	240.000000	320.000000
0	10.839000	13.913043	240.000000	320.000000
0	10.870000	13.913043	240.000000	320.000000
0	10.901000	13.913043	240.000000	320.000000
0	10.932000	13.913043	240.000000	320.000000
0	10.979000	13.913043	240.000000	320.000000
0	11.010000	13.913043	240.000000	320.000000
0	11.042000	13.913043	240.000000	320.000000
0	11.073000	13.913043	240.000000	320.000000
0	11.104000	13.913043	240.000000	320.000000
0	11.135000	13.913043	240.000000	320.000000
0	11.166000	13.913043	240.000000	320.000000
0	11.198000	13.913043	240.000000	320.000000
0	11.244000	13.913043	240.000000	320.000000
0	11.276000	13.913043	240.000000	320.000000
0	11.307000	13.913043	240.000000	320.000000
0	11.338000	13.913043	240.000000	320.000000
0	11.369000	13.913043	240.000000	320.000000
0	11.400000	13.913043	240.000000	320.000000
0	11.432000	13.913043	240.000000	320.000000
0	11.478000	13.913043	240.000000	320.000000
0	11.510000	13.913043	240.000000	320.000000
0	11.541000	13.913043	240.000000	320.000000
0	11.572000	13.913043	240.000000	320.000000
0	11.603000	13.913043	240.000000	320.000000
0	11.634000	13.913043	240.000000	320.000000
0	11.666000	13.913043	240.000000	320.000000
0	11.697000	13.913043	240.000000	320.000000
0	11.744000	13.913043	240.000000	320.000000
0	11.775000	13.913043	240.000000	320.000000
0	11.806000	13.913043	240.000000	320.000000
0	11.837000	13.913043	240.000000	320.000000
0	11.868000	13.913043	240.000000	320.000000
0	11.900000	13.913043	240.000000	320.000000
0	11.931000	13.913043	240.000000	320.000000
0	11.978000	13.913043	240.000000	320.000000
0	12.009000	13.913043	240.000000	320.000000
0	12.040000	13.913043	240.000000	320.000000
0	12.071000	13.913043	240.000000	320.000000
0	12.102000	13.913043	240.000000	320.000000
0	12.134000	13.913043	240.000000	320.000000
0	12.165000	13.913043	240.000000	320.000000
0	12.196000	13.913043	240.000000	320.000000
0	12.243000	13.913043	240.000000	320.000000
0	12.274000	13.913043	240.000000	320.000000
0	12.305000	13.913043	240.000000	320.000000
0	12.336000	13.913043	240.000000	320.000000
0	12.368000	13.913043	240.000000	320.000000
0	12.399000	13.913043	240.000000	320.000000
0	12.430000	13.913043	240.000000	320.000000
0	12.477000	13.913043	240.000000	320.000000
0	12.508000	13.913043	240.000000	320.000000
0	12.539000	13.913043	240.000000	320.000000
0	12.570000	13.913043	240.000000	320.000000
0	12.602000	13.913043	240.000000	320.000000
0	12.633000	13.913043	240.000000	320.000000
0	12.664000	13.913043	240.000000	320.000000
0	12.711000	13.913043	240.000000	320.000000
0	12.742000	13.913043	240.000000	320.000000
0	12.773000	13.913043	240.000000	320.000000
0	12.804000	13.913043	240.000000	320.000000
0	12.836000	13.913043	240.000000	320.000000
0	12.867000	13.913043	240.000000	320.000000
0	12.898000	13.913043	240.000000	320.000000
0	12.929000	13.913043	240.000000	320.000000
0	12.976000	13.913043	240.000000	320.000000
0	13.007000	13.913043	240.000000	320.000000
0	13.038000	13.913043	240.000000	320.000000
0	13.070000	13.913043	240.000000	320.000000
0	13.101000	13.913043	240.000000	320.000000
0	13.132000	13.913043	240.000000	320.000000
0	13.163000	13.913043	240.000000	320.000000
0	13.210000	13.913043	240.000000	320.000000
0	13.241000	13.913043	240.000000	320.000000
0	13.272000	13.913043	240.000000	320.000000
0	13.304000	13.913043	240.000000	320.000000
0	13.335000	13.913043	240.000000	320.000000
0	13.366000	13.913043	240.000000	320.000000
0	13.397000	13.913043	240.000000	320.000000
0	13.444000	13.913043	240.000000	320.000000
0	13.475000	13.913043	240.000000	320.000000
0	13.506000	13.913043	240.000000	320.000000
0	13.538000	13.913043	240.000000	320.000000
0	13.569000	13.913043	240.000000	320.000000
0	13.600000	13.913043	240.000000	320.000000
0	13.631000	13.913043	240.000000	320.000000
0	13.662000	13.913043	240.000000	320.000000
0	13.709000	13.913043	240.000000	320.000000
0	13.740000	13.913043	240.000000	320.000000
0	13.772000	13.913043	240.000000	320.000000
0	13.803000	13.913043	240.000000	320.000000
0	13.834000	13.913043	240.000000	320.000000
0	13.865000	13.913043	240.000000	320.000000
0	13.896000	13.913043	240.000000	320.000000
0	13.943000	13.913043	240.000000	320.000000
0	13.974000	13.913043	240.000000	320.000000
0	14.006000	13.913043	240.000000	320.000000
0	14.037000	13.913043	240.000000	320.000000
0	14.068000	13.913043	240.000000	320.000000
0	14.099000	13.913043	240.000000	320.000000
0	14.130000	13.913043	240.000000	320.000000
0	14.177000	13.913043	240.000000	320.000000
0	14.208000	13.913043	240.000000	320.000000
0	14.240000	13.913043	240.000000	320.000000
0	14.271000	13.913043	240.000000	320.000000
0	14.302000	13.913043	240.000000	320.000000
0	14.333000	13.913043	240.000000	320.000000
0	14.364000	13.913043	240.000000	320.000000
0	14.396000	13.913043	240.000000	320.000000
0	14.442000	13.913043	240.000000	320.000000
0	14.474000	13.913043	240.000000	320.000000
0	14.505000	13.913043	240.000000	320.000000
0	14.536000	13.913043	240.000000	320.000000
0	14.567000	13.913043	240.000000	320.000000
0	14.598000	13.913043	240.000000	320.000000
0	14.630000	13.913043	240.000000	320.000000
0	14.676000	13.913043	240.000000	320.000000
0	14.708000	13.913043	240.000000	320.000000
0	14.739000	13.913043	240.000000	320.000000
0	14.770000	13.913043	240.000000	320.000000
0	14.801000	13.913043	240.000000	320.000000
0	14.832000	13.913043	240.000000	320.000000
0	14.864000	13.913043	240.000000	320.000000
0	14.910000	13.913043	240.000000	320.000000
0	14.942000	13.913043	240.000000	320.000000
0	14.973000	13.913043	240.000000	320.000000
0	15.004000	13.913043	240.000000	320.000000
0	15.035000	13.913043	240.000000	320.000000
0	15.066000	13.913043	240.000000	320.000000
0	15.098000	13.913043	240.000000	320.000000
0	15.129000	13.913043	240.000000	320.000000
0	15.176000	13.913043	240.000000	320.000000
0	15.207000	13.913043	240.000000	320.000000
0	15.238000	13.913043	240.000000	320.000000
0	15.269000	13.913043	240.000000	320.000000
0	15.300000	13.913043	240.000000	320.000000
0	15.332000	13.913043	240.000000	320.000000
0	15.363000	13.913043	240.000000	320.000000
0	15.410000	13.913043	240.000000	320.000000
0	15.441000	13.913043	240.000000	320.000000
0	15.472000	13.913043	240.000000	320.000000
0	15.503000	13.913043	240.000000	320.000000
0	15.534000	13.913043	240.000000	320.000000
0	15.566000	13.913043	240.000000	320.000000
0	15.597000	13.913043	240.000000	320.000000
0	15.644000	13.913043	240.000000	320.000000
0	15.675000	13.913043	240.000000	320.000000
0	15.706000	13.913043	240.000000	320.000000
0	15.737000	13.913043	240.000000	320.000000
0	15.768000	13.913043	240.000000	320.000000
0	15.800000	13.913043	240.000000	320.000000
0	15.831000	13.913043	240.000000	320.000000
0	15.862000	13.913043	240.000000	320.000000
0	15.909000	13.913043	240.000000	320.000000
0	15.940000	13.913043	240.000000	320.000000
0	15.971000	13.913043	240.000000	320.000000
0	16.002000	13.913043	240.000000	320.000000
0	16.034000	13.913043	240.000000	320.000000
0	16.065000	13.913043	240.000000	320.000000
0	16.096000	13.913043	240.000000	320.000000
0	16.127000	13.913043	240.000000	320.000000
0	16.174000	13.913043	240.000000	320.000000
0	16.205000	13.913043	240.000000	320.000000
0	16.236000	13.913043	240.000000	320.000000
0	16.268000	13.913043	240.000000	320.000000
0	16.299000	13.913043	240.000000	320.000000
0	16.330000	13.913043	240.000000	320.000000
0	16.361000	13.913043	240.000000	320.000000
0	16.408000	13.913043	240.000000	320.000000
0	16.439000	13.913043	240.000000	320.000000
0	16.470000	13.913043	240.000000	320.000000
0	16.502000	13.913043	240.000000	320.000000
0	16.533000	13.913043	240.000000	320.000000
0	16.564000	13.913043	240.000000	320.000000
0	16.595000	13.913043	240.000000	320.000000
0	16.642000	13.913043	240.000000	320.000000
0	16.673000	13.913043	240.000000	320.000000
0	16.704000	13.913043	240.000000	320.000000
0	16.736000	13.913043	240.000000	320.000000
0	16.767000	13.913043	240.000000	320.000000
0	16.798000	13.913043	240.000000	320.000000
0	16.829000	13.913043	240.000000	320.000000
0	16.860000	13.913043	240.000000	320.000000
0	16.907000	13.913043	240.000000	320.000000
0	16.938000	13.913043	240.000000	320.000000
0	16.970000	13.913043	240.000000	320.000000
0	17.001000	13.913043	240.000000	320.000000
0	17.032000	13.913043	240.000000	320.000000
0	17.063000	13.913043	240.000000	320.000000
0	17.094000	13.913043	240.000000	320.000000
0	17.141000	13.913043	240.000000	320.000000
0	17.172000	13.913043	240.000000	320.000000
0	17.204000	13.913043	240.000000	320.000000
0	17.235000	13.913043	240.000000	320.000000
0	17.266000	13.913043	240.000000	320.000000
0	17.297000	13.913043	240.000000	320.000000
0	17.328000	13.913043	240.000000	320.000000
0	17.375000	13.913043	240.000000	320.000000
0	17.406000	13.913043	240.000000	320.000000
0	17.438000	13.913043	240.000000	320.000000
0	17.469000	13.913043	240.000000	320.000000
0	17.500000	13.913043	240.000000	320.000000
0	17.531000	13.913043	240.000000	320.000000
0	17.562000	13.913043	240.000000	320.000000
0	17.594000	13.913043	240.000000	320.000000
0	17.640000	13.913043	240.000000	320.000000
0	17.672000	13.913043	240.000000	320.000000
0	17.703000	13.913043	240.000000	320.000000
0	17.734000	13.913043	240.000000	320.000000
0	17.765000	13.913043	240.000000	320.000000
0	17.796000	13.913043	240.000000	320.000000
0	17.828000	13.913043	240.000000	320.000000
0	17.874000	13.913043	240.000000	320.000000
0	17.906000	13.913043	240.000000	320.000000
0	17.937000	13.913043	240.000000	320.000000
0	17.968000	13.913043	240.000000	320.000000
0	17.999000	13.913043	240.000000	320.000000
<\LEFT-PUPIL-DATA>
<RIGHT-PUPIL-ANALYSIS>
1
0	0	17	541	0	0	0.509000	17.518999	0.510000	31625.173828	0.000000	0.000000	0.000000	0	1	1	1	1	0	0	0	0.000000	0.000000	0.000000	0.000000	0.000000	0.000000	0.000000	-1.000000	0.000000	0	1.155797	0.353547	1.049280	0.098184	0.346000	-0.428552	-1.389379	-1.000000	0.091988	1	1.155797	0.353547	1.049280	0.098184	0.346000	-0.478116	-1.389380	-1.000000	0.091865
<\RIGHT-PUPIL-ANALYSIS>
<LEFT-PUPIL-ANALYSIS>
1
0	0	17	542	0	0	0.509000	17.518999	0.510000	31625.173828	0.000000	0.000000	0.000000	0	1	1	1	1	0	0	0	0.000000	0.000000	0.000000	0.000000	0.000000	0.000000	0.000000	-1.000000	0.000000	0	-0.034783	-0.034783	0.000950	0.000950	0.003000	0.000000	0.000000	-1.000000	0.000000	1	-0.034783	-0.034783	0.000950	0.000950	0.003000	-1000000.000000	-1000000.000000	-1.000000	0.000000
<\LEFT-PUPIL-ANALYSIS>
%%%%%%%%%
%%%%%%%%%
%%%%%%%%%
%%%	Measurement Tiime is: 2017-08-15 09:28:33
%%%	Subject ID is: c57-1mois-f1-4.5r
%%%	Note: 
%%%	RSS: Default Human Relative Spectral Sensitivity
%%%	Pupil Analysis:
%%%
%%%
%%%
%%%	Pulse Index:	0
%%%	Stimulus Session Index:	0
%%%	Right Pupil Stimulated
%%%	Light Metric is Photopic
%%%	Stimulus Start Time(sec):	0.51
%%%	Stimulus Duration(sec):	17.52
%%%	Stimulus Pulse Duration(sec):	0.51
%%%	Right Pulse:	31625.17	(Red  )	-	0.00	(Red  )	[Lux ]
%%%	Left Pulse:	0.00	(Red  )	-	0.00	(Red  )	[Lux ]
%%%
%%%		RIGHT	LEFT	R.Pupil Mean	L.Pupil Mean	R.Stim Mean	R.Stim Mean
%%%	INPUT:	RAW DATA	RAW DATA
%%%	STATE:	ABNORMAL	ABNORMAL	ABNORMAL	ABNORMAL	ABNORMAL	ABNORMAL
%%%	MAX(mm):	0.00	0.00	0.00	0.00	0.00	0.00
%%%	MIN(mm):	0.00	0.00	0.00	0.00	0.00	0.00
%%%	DELTA(mm):						
%%%	CH(%):						
%%%	LAT(sec):	0.00	0.00	0.00	0.00	0.00	0.00
%%%	CV(mm/s):	0.00	0.00	0.00	0.00	0.00	0.00
%%%	MCV(mm/s):	0.00	0.00	0.00	0.00	0.00	0.00
%%%	DV(mm/s):	0.00	0.00	0.00	0.00	0.00	0.00
%%%%%%%%%
%%%%%%%%%
%%%%%%%%%
%%%	Right Pupil Profile (1st row -> 1 == valid tracking, 0 == invalid tracking; 2nd row -> time; 3rd row -> diameter (mm))
%%%	1	1	1	1	1	1	1	1	1	1	1	1	1	1	1	1	1	1	1	1	1	0	1	1	1	1	1	1	0	0	1	1	1	1	0	1	0	1	0	1	1	0	1	0	0	1	1	0	0	1	0	1	0	0	0	1	0	0	1	0	1	0	0	0	0	1	0	0	0	0	1	1	1	0	1	0	0	0	1	0	0	0	0	0	0	0	0	0	0	0	0	0	1	1	0	1	0	0	0	0	0	1	0	1	1	0	0	0	1	1	0	1	0	0	0	1	1	0	0	0	0	0	0	0	0	0	0	1	0	0	0	0	1	1	0	1	1	0	1	0	0	1	0	0	0	0	1	1	0	0	1	1	0	1	0	1	0	1	0	0	1	0	1	1	1	0	1	1	1	1	1	0	1	0	0	0	1	0	0	1	0	1	1	0	1	1	0	1	1	0	1	0	1	0	0	1	1	1	1	0	1	0	0	0	0	0	0	1	0	0	1	1	0	1	1	0	0	1	0	0	0	0	0	0	1	1	0	1	1	0	0	1	0	0	1	1	0	0	0	0	1	1	1	1	0	0	0	0	0	1	0	0	0	1	0	0	1	1	0	0	0	0	0	1	1	1	0	1	0	0	0	0	1	0	1	0	0	1	0	0	0	1	1	1	0	1	0	0	1	0	1	0	0	1	0	0	0	0	1	1	0	1	1	0	0	1	0	1	0	1	1	1	1	0	0	0	0	0	0	1	1	1	0	0	1	0	1	1	1	0	1	0	0	1	0	0	0	0	1	0	1	0	0	1	0	1	1	0	1	1	1	0	1	0	0	0	0	0	0	0	0	0	0	1	0	1	0	0	0	1	1	1	1	0	0	0	0	0	0	1	0	0	0	0	0	1	0	0	0	1	1	0	1	1	0	1	0	0	1	0	0	0	0	0	1	1	1	0	0	1	1	0	1	0	0	0	1	1	1	0	0	1	1	0	1	1	0	0	0	1	0	0	0	1	0	1	0	0	1	0	0	1	1	0	0	0	1	0	0	0	0	1	0	1	0	0	1	0	0	1	0	0	0	0	0	0	1	1	0	0	0	1	0	1	0	1	0	0	1	0	0	0	0	0	0	0	0	1	1	1	0	0	1	1	0	1	0	0	1	0	1	1	1	0	1	0	0	0	1	0	0	0	1	1	1	1	1	0	1	1	0	0	1	0	0	0	0	0	1	0	1	0	0	0	0	1	0	1	0	0	0	0
%%%	-0.049000	-0.018000	0.013000	0.044000	0.075000	0.122000	0.153000	0.185000	0.216000	0.247000	0.278000	0.309000	0.356000	0.387000	0.419000	0.450000	0.481000	0.512000	0.543000	0.575000	0.621000	0.653000	0.684000	0.715000	0.746000	0.777000	0.809000	0.855000	0.887000	0.918000	0.949000	0.980000	1.011000	1.043000	1.089000	1.121000	1.152000	1.183000	1.214000	1.245000	1.277000	1.308000	1.355000	1.386000	1.417000	1.448000	1.479000	1.511000	1.542000	1.589000	1.620000	1.651000	1.682000	1.713000	1.745000	1.776000	1.823000	1.854000	1.885000	1.916000	1.947000	1.979000	2.010000	2.041000	2.088000	2.119000	2.150000	2.181000	2.213000	2.244000	2.275000	2.322000	2.353000	2.384000	2.415000	2.447000	2.478000	2.509000	2.556000	2.587000	2.618000	2.649000	2.681000	2.712000	2.743000	2.774000	2.821000	2.852000	2.883000	2.915000	2.946000	2.977000	3.008000	3.039000	3.086000	3.117000	3.149000	3.180000	3.211000	3.242000	3.273000	3.320000	3.351000	3.383000	3.414000	3.445000	3.476000	3.507000	3.554000	3.585000	3.617000	3.648000	3.679000	3.710000	3.741000	3.773000	3.819000	3.851000	3.882000	3.913000	3.944000	3.975000	4.007000	4.053000	4.085000	4.116000	4.147000	4.178000	4.209000	4.241000	4.287000	4.319000	4.350000	4.381000	4.412000	4.443000	4.475000	4.506000	4.553000	4.584000	4.615000	4.646000	4.677000	4.709000	4.740000	4.787000	4.818000	4.849000	4.880000	4.911000	4.943000	4.974000	5.021000	5.052000	5.083000	5.114000	5.145000	5.177000	5.208000	5.239000	5.286000	5.317000	5.348000	5.379000	5.411000	5.442000	5.473000	5.520000	5.551000	5.582000	5.613000	5.645000	5.676000	5.707000	5.754000	5.785000	5.816000	5.847000	5.879000	5.910000	5.941000	5.972000	6.019000	6.050000	6.081000	6.113000	6.144000	6.175000	6.206000	6.253000	6.284000	6.315000	6.347000	6.378000	6.409000	6.440000	6.487000	6.518000	6.549000	6.581000	6.612000	6.643000	6.674000	6.705000	6.752000	6.783000	6.815000	6.846000	6.877000	6.908000	6.939000	6.986000	7.017000	7.049000	7.080000	7.111000	7.142000	7.173000	7.205000	7.251000	7.283000	7.314000	7.345000	7.376000	7.407000	7.439000	7.485000	7.517000	7.548000	7.579000	7.610000	7.641000	7.673000	7.719000	7.751000	7.782000	7.813000	7.844000	7.875000	7.907000	7.938000	7.985000	8.016000	8.047000	8.078000	8.109000	8.141000	8.172000	8.219000	8.250000	8.281000	8.312000	8.343000	8.375000	8.406000	8.437000	8.484000	8.515000	8.546000	8.577000	8.609000	8.640000	8.671000	8.718000	8.749000	8.780000	8.811000	8.843000	8.874000	8.905000	8.952000	8.983000	9.014000	9.045000	9.077000	9.108000	9.139000	9.170000	9.217000	9.248000	9.279000	9.311000	9.342000	9.373000	9.404000	9.451000	9.482000	9.513000	9.545000	9.576000	9.607000	9.638000	9.685000	9.716000	9.747000	9.779000	9.810000	9.841000	9.872000	9.903000	9.950000	9.981000	10.013000	10.044000	10.075000	10.106000	10.137000	10.184000	10.215000	10.247000	10.278000	10.309000	10.340000	10.371000	10.418000	10.449000	10.481000	10.512000	10.543000	10.574000	10.605000	10.637000	10.683000	10.715000	10.746000	10.777000	10.808000	10.839000	10.871000	10.917000	10.949000	10.980000	11.011000	11.042000	11.073000	11.105000	11.136000	11.183000	11.214000	11.245000	11.276000	11.307000	11.339000	11.370000	11.417000	11.448000	11.479000	11.510000	11.541000	11.573000	11.604000	11.651000	11.682000	11.713000	11.744000	11.775000	11.807000	11.838000	11.869000	11.916000	11.947000	11.978000	12.009000	12.041000	12.072000	12.103000	12.150000	12.181000	12.212000	12.243000	12.275000	12.306000	12.337000	12.384000	12.415000	12.446000	12.477000	12.509000	12.540000	12.571000	12.602000	12.649000	12.680000	12.711000	12.743000	12.774000	12.805000	12.836000	12.883000	12.914000	12.945000	12.977000	13.008000	13.039000	13.070000	13.117000	13.148000	13.179000	13.211000	13.242000	13.273000	13.304000	13.335000	13.382000	13.413000	13.445000	13.476000	13.507000	13.538000	13.569000	13.616000	13.647000	13.679000	13.710000	13.741000	13.772000	13.803000	13.850000	13.881000	13.913000	13.944000	13.975000	14.006000	14.037000	14.069000	14.115000	14.147000	14.178000	14.209000	14.240000	14.271000	14.303000	14.349000	14.381000	14.412000	14.443000	14.474000	14.505000	14.537000	14.568000	14.615000	14.646000	14.677000	14.708000	14.739000	14.771000	14.802000	14.849000	14.880000	14.911000	14.942000	14.973000	15.005000	15.036000	15.067000	15.114000	15.145000	15.176000	15.207000	15.239000	15.270000	15.301000	15.348000	15.379000	15.410000	15.441000	15.473000	15.504000	15.535000	15.582000	15.613000	15.644000	15.675000	15.707000	15.738000	15.769000	15.800000	15.847000	15.878000	15.909000	15.941000	15.972000	16.003000	16.034000	16.081000	16.112000	16.143000	16.175000	16.206000	16.237000	16.268000	16.315000	16.346000	16.377000	16.409000	16.440000	16.471000	16.502000	16.533000	16.580000	16.611000	16.643000	16.674000	16.705000	16.736000	16.767000	16.814000	16.845000	16.877000	16.908000	16.939000	16.970000	17.001000	17.048000	17.079000	17.111000	17.142000	17.173000	17.204000	17.235000	17.267000	17.313000	17.345000	17.376000	17.407000	17.438000	17.469000	17.501000	17.547000	17.579000	17.610000	17.641000	17.672000	17.703000	17.735000	17.781000	17.813000	17.844000	17.875000	17.906000	17.937000	17.969000
%%%	1.151014	1.138986	1.159710	1.153623	1.166812	1.142029	1.165942	1.124638	1.171015	1.134638	1.159855	1.138841	1.159275	1.159855	1.134638	1.155797	1.159275	1.164492	1.138841	1.146667	1.150869	1.101449	1.128985	1.152754	1.126667	1.138841	1.109855	1.115942	0.968116	0.915942	0.998551	0.998841	0.864638	0.902754	0.742319	0.902029	0.654203	0.915942	0.585507	0.823478	0.811594	0.566232	0.633188	0.702754	0.672899	0.574493	0.674928	0.655507	0.602754	0.568406	0.652899	0.549420	0.559855	0.614058	0.566812	0.610290	0.568551	0.566377	0.540725	0.504348	0.347826	0.347826	0.607970	0.533333	0.429275	0.568986	0.558841	0.347826	0.503333	0.539710	0.499420	0.347826	0.532754	0.539710	0.492754	0.572609	0.578406	0.529855	0.539710	0.568116	0.539710	0.575507	0.510145	0.545072	0.503333	0.563768	0.347826	0.347826	0.540725	0.531014	0.457536	0.347826	0.541159	0.614638	0.567101	0.554928	0.347826	0.577101	0.503188	0.475218	0.591304	0.630580	0.454058	0.641884	0.549420	0.347826	0.577681	0.347826	0.601594	0.539710	0.548841	0.548406	0.613623	0.586232	0.405797	0.611594	0.568986	0.566232	0.544928	0.484928	0.550145	0.579855	0.513623	0.347826	0.347826	0.548841	0.590725	0.521739	0.486377	0.646812	0.605507	0.579710	0.604928	0.607246	0.540290	0.579710	0.527246	0.521015	0.557536	0.544928	0.503188	0.549420	0.371015	0.624638	0.559855	0.577246	0.570290	0.618406	0.590145	0.348841	0.568551	0.631884	0.347826	0.672464	0.544928	0.576667	0.559855	0.566232	0.539710	0.544928	0.664638	0.347826	0.541884	0.628986	0.623333	0.602899	0.633333	0.652754	0.662464	0.665362	0.637681	0.857681	0.605942	0.366812	0.347826	1.065217	0.673333	0.614493	0.553768	0.652754	0.544928	0.654203	0.619420	0.347826	0.636377	0.644058	0.608116	0.577101	0.638116	0.605942	0.555942	0.512464	0.708841	0.535507	0.347826	0.582754	0.513623	0.620580	0.673333	0.347826	0.643623	0.347826	0.350725	0.347826	0.347826	0.583188	0.551159	0.654928	0.354203	0.605942	0.577681	0.672754	0.583768	0.624928	0.652899	0.575072	1.141159	0.605942	0.605942	0.594638	0.521739	0.416232	0.594058	0.613623	0.642899	0.673333	0.351594	0.603333	0.670725	0.603768	0.381159	0.661594	0.646667	0.608696	0.671159	0.653333	0.553768	0.352754	0.585942	0.951015	0.696377	0.691304	0.692319	0.583188	0.600000	0.637681	0.601594	0.486957	0.347826	0.689710	0.596232	0.347826	0.347826	0.677536	0.550580	0.626087	0.596812	0.584203	0.609855	0.582609	0.637681	0.347826	0.611594	0.575507	0.658116	0.649275	0.570290	0.585507	0.604928	0.568116	0.348985	0.548841	0.672754	0.620290	0.703333	0.347826	0.601594	0.601159	0.365942	0.348406	0.646377	0.602899	0.657681	0.703188	0.540725	0.692899	0.417391	0.525072	0.625072	0.566811	0.678261	0.583768	1.161014	0.498985	0.347826	0.531014	0.683333	1.099275	0.617971	0.572899	0.600580	0.618551	0.604928	0.364493	0.565217	0.673333	0.349420	0.591449	1.202029	0.602464	0.603768	0.689710	0.568406	0.631014	0.601594	0.579710	0.600580	0.566812	0.607101	0.549420	0.565362	0.549420	0.596667	0.579710	0.620145	0.347826	0.645942	0.621159	0.673333	0.601015	0.610290	0.655507	1.472464	0.618116	1.211449	0.548985	0.593333	0.353768	0.591304	0.575507	0.588116	0.548985	0.562899	0.632319	0.529710	0.672319	0.565942	0.414638	0.637101	0.601159	0.690290	0.605362	0.592899	0.457971	0.382609	0.347826	0.347826	0.347826	0.350580	0.610290	0.566812	0.585362	1.327101	0.651015	0.397536	0.633768	1.286957	0.672464	1.025507	0.554928	0.684057	0.618986	0.596812	0.661594	0.678261	0.644203	0.894058	0.583188	1.147826	0.655507	0.357536	1.049855	0.489710	0.672754	0.618986	0.588116	0.607536	0.955362	0.531594	0.672754	0.626087	0.377681	0.615362	0.584203	0.625507	0.609855	1.095652	0.978841	0.660870	0.664638	0.636377	0.614203	0.637681	0.903623	0.655507	0.730435	0.592899	0.641884	1.005797	0.655507	0.627101	0.600580	0.702319	0.649565	0.655507	0.609855	0.670145	0.732608	0.591304	0.857681	0.637101	0.618406	0.731159	0.923333	0.619420	0.715942	1.285942	1.085072	1.110870	0.751594	0.681159	0.653333	0.637101	0.654928	0.906666	0.607971	0.672754	0.818116	0.717246	0.377681	0.635507	0.707246	0.673333	0.521739	0.654203	0.653623	0.591304	0.683768	1.263623	0.614493	0.618406	0.695652	0.637101	0.747826	0.620580	1.182029	0.775072	0.653623	0.626087	0.723333	0.614058	0.690290	1.233188	0.627246	0.874058	0.685942	0.603333	0.615362	0.347826	1.343623	0.544928	0.636377	0.618406	0.670725	0.927681	0.761449	0.666812	0.664638	0.646667	0.590145	1.061450	0.641884	0.664203	0.637536	0.602319	0.583768	1.426667	0.755072	0.750580	0.699420	0.959855	1.070725	0.675073	0.637536	0.636377	0.642899	0.392464	1.008696	0.664203	1.327101	0.765362	0.698406	0.697101	0.914203	0.709710	0.689855	0.997101	0.707681	0.800725	0.721014	1.194203	0.690290	0.675797	0.672754	0.724493	0.705942	0.670579	0.655072	0.670580	0.637681	0.403188	1.209855	0.734203	0.405362	0.470725	0.672899	0.488406	1.017971	0.672319	0.951159	0.673333	0.390290	1.101449	1.034058	0.675797	0.765217	0.643623	0.718406	0.690290	1.101449	0.634783	1.101449
%%%	Left Pupil Profile (1st row -> 1 == valid tracking, 0 == invalid tracking; 2nd row -> time; 3rd row -> diameter (mm))
%%%	0	0	0	0	0	0	0	0	0	0	0	0	0	0	0	0	0	0	0	0	0	0	0	0	0	0	0	0	0	0	0	0	0	0	0	0	0	0	0	0	0	0	0	0	0	0	0	0	0	0	0	0	0	0	0	0	0	0	0	0	0	0	0	0	0	0	0	0	0	0	0	0	0	0	0	0	0	0	0	0	0	0	0	0	0	0	0	0	0	0	0	0	0	0	0	0	0	0	0	0	0	0	0	0	0	0	0	0	0	0	0	0	0	0	0	0	0	0	0	0	0	0	0	0	0	0	0	0	0	0	0	0	0	0	0	0	0	0	0	0	0	0	0	0	0	0	0	0	0	0	0	0	0	0	0	0	0	0	0	0	0	0	0	0	0	0	0	0	0	0	0	0	0	0	0	0	0	0	0	0	0	0	0	0	0	0	0	0	0	0	0	0	0	0	0	0	0	0	0	0	0	0	0	0	0	0	0	0	0	0	0	0	0	0	0	0	0	0	0	0	0	0	0	0	0	0	0	0	0	0	0	0	0	0	0	0	0	0	0	0	0	0	0	0	0	0	0	0	0	0	0	0	0	0	0	0	0	0	0	0	0	0	0	0	0	0	0	0	0	0	0	0	0	0	0	0	0	0	0	0	0	0	0	0	0	0	0	0	0	0	0	0	0	0	0	0	0	0	0	0	0	0	0	0	0	0	0	0	0	0	0	0	0	0	0	0	0	0	0	0	0	0	0	0	0	0	0	0	0	0	0	0	0	0	0	0	0	0	0	0	0	0	0	0	0	0	0	0	0	0	0	0	0	0	0	0	0	0	0	0	0	0	0	0	0	0	0	0	0	0	0	0	0	0	0	0	0	0	0	0	0	0	0	0	0	0	0	0	0	0	0	0	0	0	0	0	0	0	0	0	0	0	0	0	0	0	0	0	0	0	0	0	0	0	0	0	0	0	0	0	0	0	0	0	0	0	0	0	0	0	0	0	0	0	0	0	0	0	0	0	0	0	0	0	0	0	0	0	0	0	0	0	0	0	0	0	0	0	0	0	0	0	0	0	0	0	0	0	0	0	0	0	0	0	0	0	0	0	0	0	0	0	0	0	0	0	0	0	0	0	0	0	0	0	0	0	0	0	0	0	0	0	0	0	0	0	0	0	0	0	0	0	0	0	0	0	0	0	0	0	0	0	0	0	0	0	0	0	0	0	0	0	0	0	0	0	0	0	0	0	0	0	0
%%%	-0.050000	-0.019000	0.012000	0.044000	0.075000	0.106000	0.137000	0.184000	0.215000	0.246000	0.278000	0.309000	0.340000	0.371000	0.402000	0.449000	0.480000	0.512000	0.543000	0.574000	0.605000	0.636000	0.683000	0.714000	0.746000	0.777000	0.808000	0.839000	0.870000	0.917000	0.948000	0.980000	1.011000	1.042000	1.073000	1.104000	1.136000	1.182000	1.214000	1.245000	1.276000	1.307000	1.338000	1.370000	1.416000	1.448000	1.479000	1.510000	1.541000	1.572000	1.604000	1.635000	1.682000	1.713000	1.744000	1.775000	1.806000	1.838000	1.869000	1.916000	1.947000	1.978000	2.009000	2.040000	2.072000	2.103000	2.150000	2.181000	2.212000	2.243000	2.274000	2.306000	2.337000	2.368000	2.415000	2.446000	2.477000	2.508000	2.540000	2.571000	2.602000	2.649000	2.680000	2.711000	2.742000	2.774000	2.805000	2.836000	2.883000	2.914000	2.945000	2.976000	3.008000	3.039000	3.070000	3.101000	3.148000	3.179000	3.210000	3.242000	3.273000	3.304000	3.335000	3.382000	3.413000	3.444000	3.476000	3.507000	3.538000	3.569000	3.616000	3.647000	3.678000	3.710000	3.741000	3.772000	3.803000	3.834000	3.881000	3.912000	3.944000	3.975000	4.006000	4.037000	4.068000	4.115000	4.146000	4.178000	4.209000	4.240000	4.271000	4.302000	4.334000	4.380000	4.412000	4.443000	4.474000	4.505000	4.536000	4.568000	4.614000	4.646000	4.677000	4.708000	4.739000	4.770000	4.802000	4.848000	4.880000	4.911000	4.942000	4.973000	5.004000	5.036000	5.067000	5.114000	5.145000	5.176000	5.207000	5.238000	5.270000	5.301000	5.348000	5.379000	5.410000	5.441000	5.472000	5.504000	5.535000	5.582000	5.613000	5.644000	5.675000	5.706000	5.738000	5.769000	5.800000	5.847000	5.878000	5.909000	5.940000	5.972000	6.003000	6.034000	6.081000	6.112000	6.143000	6.174000	6.206000	6.237000	6.268000	6.315000	6.346000	6.377000	6.408000	6.440000	6.471000	6.502000	6.533000	6.580000	6.611000	6.642000	6.674000	6.705000	6.736000	6.767000	6.814000	6.845000	6.876000	6.908000	6.939000	6.970000	7.001000	7.032000	7.079000	7.110000	7.142000	7.173000	7.204000	7.235000	7.266000	7.313000	7.344000	7.376000	7.407000	7.438000	7.469000	7.500000	7.547000	7.578000	7.610000	7.641000	7.672000	7.703000	7.734000	7.766000	7.812000	7.844000	7.875000	7.906000	7.937000	7.968000	8.000000	8.046000	8.078000	8.109000	8.140000	8.171000	8.202000	8.234000	8.265000	8.312000	8.343000	8.374000	8.405000	8.436000	8.468000	8.499000	8.546000	8.577000	8.608000	8.639000	8.670000	8.702000	8.733000	8.780000	8.811000	8.842000	8.873000	8.904000	8.936000	8.967000	8.998000	9.045000	9.076000	9.107000	9.138000	9.170000	9.201000	9.232000	9.279000	9.310000	9.341000	9.372000	9.404000	9.435000	9.466000	9.513000	9.544000	9.575000	9.606000	9.638000	9.669000	9.700000	9.731000	9.778000	9.809000	9.840000	9.872000	9.903000	9.934000	9.965000	10.012000	10.043000	10.074000	10.106000	10.137000	10.168000	10.199000	10.246000	10.277000	10.308000	10.340000	10.371000	10.402000	10.433000	10.464000	10.511000	10.542000	10.574000	10.605000	10.636000	10.667000	10.698000	10.745000	10.776000	10.808000	10.839000	10.870000	10.901000	10.932000	10.979000	11.010000	11.042000	11.073000	11.104000	11.135000	11.166000	11.198000	11.244000	11.276000	11.307000	11.338000	11.369000	11.400000	11.432000	11.478000	11.510000	11.541000	11.572000	11.603000	11.634000	11.666000	11.697000	11.744000	11.775000	11.806000	11.837000	11.868000	11.900000	11.931000	11.978000	12.009000	12.040000	12.071000	12.102000	12.134000	12.165000	12.196000	12.243000	12.274000	12.305000	12.336000	12.368000	12.399000	12.430000	12.477000	12.508000	12.539000	12.570000	12.602000	12.633000	12.664000	12.711000	12.742000	12.773000	12.804000	12.836000	12.867000	12.898000	12.929000	12.976000	13.007000	13.038000	13.070000	13.101000	13.132000	13.163000	13.210000	13.241000	13.272000	13.304000	13.335000	13.366000	13.397000	13.444000	13.475000	13.506000	13.538000	13.569000	13.600000	13.631000	13.662000	13.709000	13.740000	13.772000	13.803000	13.834000	13.865000	13.896000	13.943000	13.974000	14.006000	14.037000	14.068000	14.099000	14.130000	14.177000	14.208000	14.240000	14.271000	14.302000	14.333000	14.364000	14.396000	14.442000	14.474000	14.505000	14.536000	14.567000	14.598000	14.630000	14.676000	14.708000	14.739000	14.770000	14.801000	14.832000	14.864000	14.910000	14.942000	14.973000	15.004000	15.035000	15.066000	15.098000	15.129000	15.176000	15.207000	15.238000	15.269000	15.300000	15.332000	15.363000	15.410000	15.441000	15.472000	15.503000	15.534000	15.566000	15.597000	15.644000	15.675000	15.706000	15.737000	15.768000	15.800000	15.831000	15.862000	15.909000	15.940000	15.971000	16.002000	16.034000	16.065000	16.096000	16.127000	16.174000	16.205000	16.236000	16.268000	16.299000	16.330000	16.361000	16.408000	16.439000	16.470000	16.502000	16.533000	16.564000	16.595000	16.642000	16.673000	16.704000	16.736000	16.767000	16.798000	16.829000	16.860000	16.907000	16.938000	16.970000	17.001000	17.032000	17.063000	17.094000	17.141000	17.172000	17.204000	17.235000	17.266000	17.297000	17.328000	17.375000	17.406000	17.438000	17.469000	17.500000	17.531000	17.562000	17.594000	17.640000	17.672000	17.703000	17.734000	17.765000	17.796000	17.828000	17.874000	17.906000	17.937000	17.968000	17.999000
%%%	13.913043	13.913043	13.913043	13.913043	13.913043	13.913043	13.913043	13.913043	13.913043	13.913043	13.913043	13.913043	13.913043	13.913043	13.913043	13.913043	13.913043	13.913043	13.913043	13.913043	13.913043	13.913043	13.913043	13.913043	13.913043	13.913043	13.913043	13.913043	13.913043	13.913043	13.913043	13.913043	13.913043	13.913043	13.913043	13.913043	13.913043	13.913043	13.913043	13.913043	13.913043	13.913043	13.913043	13.913043	13.913043	13.913043	13.913043	13.913043	13.913043	13.913043	13.913043	13.913043	13.913043	13.913043	13.913043	13.913043	13.913043	13.913043	13.913043	13.913043	13.913043	13.913043	13.913043	13.913043	13.913043	13.913043	13.913043	13.913043	13.913043	13.913043	13.913043	13.913043	13.913043	13.913043	13.913043	13.913043	13.913043	13.913043	13.913043	13.913043	13.913043	13.913043	13.913043	13.913043	13.913043	13.913043	13.913043	13.913043	13.913043	13.913043	13.913043	13.913043	13.913043	13.913043	13.913043	13.913043	13.913043	13.913043	13.913043	13.913043	13.913043	13.913043	13.913043	13.913043	13.913043	13.913043	13.913043	13.913043	13.913043	13.913043	13.913043	13.913043	13.913043	13.913043	13.913043	13.913043	13.913043	13.913043	13.913043	13.913043	13.913043	13.913043	13.913043	13.913043	13.913043	13.913043	13.913043	13.913043	13.913043	13.913043	13.913043	13.913043	13.913043	13.913043	13.913043	13.913043	13.913043	13.913043	13.913043	13.913043	13.913043	13.913043	13.913043	13.913043	13.913043	13.913043	13.913043	13.913043	13.913043	13.913043	13.913043	13.913043	13.913043	13.913043	13.913043	13.913043	13.913043	13.913043	13.913043	13.913043	13.913043	13.913043	13.913043	13.913043	13.913043	13.913043	13.913043	13.913043	13.913043	13.913043	13.913043	13.913043	13.913043	13.913043	13.913043	13.913043	13.913043	13.913043	13.913043	13.913043	13.913043	13.913043	13.913043	13.913043	13.913043	13.913043	13.913043	13.913043	13.913043	13.913043	13.913043	13.913043	13.913043	13.913043	13.913043	13.913043	13.913043	13.913043	13.913043	13.913043	13.913043	13.913043	13.913043	13.913043	13.913043	13.913043	13.913043	13.913043	13.913043	13.913043	13.913043	13.913043	13.913043	13.913043	13.913043	13.913043	13.913043	13.913043	13.913043	13.913043	13.913043	13.913043	13.913043	13.913043	13.913043	13.913043	13.913043	13.913043	13.913043	13.913043	13.913043	13.913043	13.913043	13.913043	13.913043	13.913043	13.913043	13.913043	13.913043	13.913043	13.913043	13.913043	13.913043	13.913043	13.913043	13.913043	13.913043	13.913043	13.913043	13.913043	13.913043	13.913043	13.913043	13.913043	13.913043	13.913043	13.913043	13.913043	13.913043	13.913043	13.913043	13.913043	13.913043	13.913043	13.913043	13.913043	13.913043	13.913043	13.913043	13.913043	13.913043	13.913043	13.913043	13.913043	13.913043	13.913043	13.913043	13.913043	13.913043	13.913043	13.913043	13.913043	13.913043	13.913043	13.913043	13.913043	13.913043	13.913043	13.913043	13.913043	13.913043	13.913043	13.913043	13.913043	13.913043	13.913043	13.913043	13.913043	13.913043	13.913043	13.913043	13.913043	13.913043	13.913043	13.913043	13.913043	13.913043	13.913043	13.913043	13.913043	13.913043	13.913043	13.913043	13.913043	13.913043	13.913043	13.913043	13.913043	13.913043	13.913043	13.913043	13.913043	13.913043	13.913043	13.913043	13.913043	13.913043	13.913043	13.913043	13.913043	13.913043	13.913043	13.913043	13.913043	13.913043	13.913043	13.913043	13.913043	13.913043	13.913043	13.913043	13.913043	13.913043	13.913043	13.913043	13.913043	13.913043	13.913043	13.913043	13.913043	13.913043	13.913043	13.913043	13.913043	13.913043	13.913043	13.913043	13.913043	13.913043	13.913043	13.913043	13.913043	13.913043	13.913043	13.913043	13.913043	13.913043	13.913043	13.913043	13.913043	13.913043	13.913043	13.913043	13.913043	13.913043	13.913043	13.913043	13.913043	13.913043	13.913043	13.913043	13.913043	13.913043	13.913043	13.913043	13.913043	13.913043	13.913043	13.913043	13.913043	13.913043	13.913043	13.913043	13.913043	13.913043	13.913043	13.913043	13.913043	13.913043	13.913043	13.913043	13.913043	13.913043	13.913043	13.913043	13.913043	13.913043	13.913043	13.913043	13.913043	13.913043	13.913043	13.913043	13.913043	13.913043	13.913043	13.913043	13.913043	13.913043	13.913043	13.913043	13.913043	13.913043	13.913043	13.913043	13.913043	13.913043	13.913043	13.913043	13.913043	13.913043	13.913043	13.913043	13.913043	13.913043	13.913043	13.913043	13.913043	13.913043	13.913043	13.913043	13.913043	13.913043	13.913043	13.913043	13.913043	13.913043	13.913043	13.913043	13.913043	13.913043	13.913043	13.913043	13.913043	13.913043	13.913043	13.913043	13.913043	13.913043	13.913043	13.913043	13.913043	13.913043	13.913043	13.913043	13.913043	13.913043	13.913043	13.913043	13.913043	13.913043	13.913043	13.913043	13.913043	13.913043	13.913043	13.913043	13.913043	13.913043	13.913043	13.913043	13.913043	13.913043	13.913043	13.913043	13.913043	13.913043	13.913043	13.913043	13.913043	13.913043	13.913043	13.913043	13.913043	13.913043	13.913043	13.913043	13.913043	13.913043	13.913043	13.913043	13.913043	13.913043	13.913043	13.913043	13.913043	13.913043	13.913043	13.913043	13.913043	13.913043	13.913043	13.913043	13.913043	13.913043	13.913043	13.913043	13.913043	13.913043	13.913043	13.913043	13.913043	13.913043	13.913043	13.913043	13.913043	13.913043	13.913043	13.913043	13.913043	13.913043	13.913043	13.913043	13.913043	13.913043	13.913043	13.913043	13.913043	13.913043	13.913043	13.913043	13.913043	13.913043
%%%	Pulse Index	Stimulus Section Index	Stimulus Section Start Index	Stimulus Section End Index	Pupil Stimulated: 0 = Right, 1 = Left, 2 = Both	Light Metric: 0 = Photopic, 1 = Scopotic, 2 = Radiometric	Stimulus Start Time	Stimulus Duration	Stimulus Pulse Duration	Right Pulse Max Level	Right Pulse Max Color (0123 = WRGB)	Right Pulse Min Level	Right Pulse Min Color (0123 = WRGB)	Left Pulse Max Level	Left Pulse Max Color (0123 = WRGB)	Left Pulse Min Level	Left Pulse Min Color (0123 = WRGB)	Right Data Input Type (0 == RAW DATA, 1 == FITTED DATA, 2 == M. OVERRIDED)	Right ANALYSIS STATE (0 == ABNORMAL, 1 == NORMAL)	Right MAX (mm) (EMPTY if INVALID)	Right MIN (mm) (EMPTY if INVALID)	Right DELTA (mm) (EMPTY if INVALID)	Right CH (%) (EMPTY if INVALID)	Right LAT (sec) (EMPTY if INVALID)	Right CV (mm/s) (EMPTY if INVALID)	Right MCV (mm/s) (EMPTY if INVALID)	Right DV (mm/s) (EMPTY if INVALID)	Left Data Input Type (0 == RAW DATA, 1 == FITTED DATA, 2 == M. OVERRIDED)	Left ANALYSIS STATE (0 == ABNORMAL, 1 == NORMAL)	Left MAX (mm) (EMPTY if INVALID)	Left MIN (mm) (EMPTY if INVALID)	Left DELTA (mm) (EMPTY if INVALID)	Left CH (%) (EMPTY if INVALID)	Left LAT (sec) (EMPTY if INVALID)	Left CV (mm/s) (EMPTY if INVALID)	Left MCV (mm/s) (EMPTY if INVALID)	Left DV (mm/s) (EMPTY if INVALID)
%%%	0	0	17	541	0	0	0.51	17.52	0.51	31625.17	1	0.00	1	0.00	1	0.00	1	0	0	0.00	0.00			0.00	0.00	0.00	0.00	0	0	0.00	0.00			0.00	0.00	0.00	0.00
%%%%%%%%%
%%%%%%%%%
%%%%%%%%%
<\SESSION>
