<SESSION>
<VERSION>
2
<\VERSION>
<DATE>
2017-08-15 10:23:09
<\DATE>
<SUBJECT-ID>
c57-1mois-F6-2r
<\SUBJECT-ID>
<NOTE>

<\NOTE>
<MIN-MAX-PLOT>
0.100000 51880.761719
<\MIN-MAX-PLOT>
<STIMULUS-DEFINED>
Default
Default Human Relative Spectral Sensitivity
1	0
1	0.500000	0.500000	17.000000	1	1	2.000000	-100.000000	0.100000	-100.000000	0
<\STIMULUS-DEFINED>
<STIMULUS-GENERATED>
4
0	0	0.000000	1	0.000000	0.000000	1	0.000000	0.000000
0	1	0.510000	1	0.406861	99.710426	1	0.000000	0.000000
0	4	1.019000	1	0.000000	0.000000	1	0.000000	0.000000
-1	5	18.028000	0	0.000000	0.000000	0	0.000000	0.000000
<\STIMULUS-GENERATED>
<RIGHT-PUPIL-DATA>
543	1
1	-0.066000	1.248986	326.662506	312.337494
1	-0.019000	1.257246	326.418762	312.081238
1	0.012000	1.273913	326.250000	312.875000
1	0.043000	1.269565	326.000000	313.000000
1	0.074000	1.283768	325.975006	313.212494
1	0.105000	1.253188	326.043732	313.393768
1	0.137000	1.267971	325.856262	312.756226
1	0.168000	1.270290	325.906250	312.768738
1	0.215000	1.240580	327.000000	309.500000
1	0.246000	1.258116	325.843750	310.656250
1	0.277000	1.272319	326.668762	311.331238
1	0.308000	1.333333	327.000000	313.500000
1	0.339000	1.268406	326.725006	310.725006
1	0.371000	1.279420	326.725006	310.725006
1	0.402000	1.310145	327.000000	310.500000
1	0.433000	1.286957	326.000000	310.500000
1	0.480000	1.278841	327.762512	311.200012
1	0.511000	1.274638	327.331238	311.693665
1	0.542000	1.274638	326.718750	310.331238
1	0.573000	1.270290	326.606262	309.768738
1	0.605000	1.287101	327.256256	309.543732
1	0.636000	1.281159	327.500000	309.500000
1	0.667000	1.286232	328.106262	310.731262
1	0.714000	1.286957	328.000000	310.500000
1	0.745000	1.286232	327.218750	310.106262
1	0.776000	1.287536	327.500000	310.500000
1	0.807000	1.301160	327.225006	311.037506
1	0.839000	1.292899	327.281250	311.093750
1	0.870000	1.269565	327.000000	311.000000
1	0.901000	1.238116	326.806244	310.193756
1	0.948000	1.205797	326.000000	309.500000
1	0.979000	1.155362	326.600006	310.225006
1	1.010000	1.159420	328.000000	309.500000
1	1.041000	1.109275	327.812500	310.187500
1	1.073000	1.109855	327.899994	311.024994
1	1.104000	1.064638	326.937500	310.312500
1	1.135000	1.024493	327.231262	310.831238
1	1.166000	1.008696	328.000000	310.500000
1	1.213000	0.988551	327.718750	311.781250
1	1.244000	0.951159	327.818756	312.681244
1	1.275000	0.915942	326.000000	312.500000
1	1.307000	0.927536	328.000000	311.500000
1	1.338000	0.916377	327.318756	310.693756
1	1.369000	0.917246	327.706207	310.293793
1	1.400000	0.884058	327.000000	310.612549
0	1.447000	0.486957	321.750000	314.750000
0	1.478000	0.813623	324.687500	308.687500
1	1.509000	0.476667	322.343750	313.968750
1	1.541000	0.857681	327.662506	310.087494
1	1.572000	0.529275	323.350006	313.587494
1	1.603000	0.848985	328.537506	311.537506
1	1.634000	0.857681	327.662506	311.287506
1	1.681000	0.853188	327.743744	312.306244
0	1.712000	0.732029	326.093750	313.518738
1	1.743000	0.539130	322.500000	314.500000
1	1.775000	0.834783	326.750000	310.750000
0	1.806000	0.497971	321.199982	315.062531
0	1.837000	0.742898	324.312500	308.312500
0	1.868000	0.689710	323.093750	307.593750
1	1.899000	0.834203	325.362488	309.437500
1	1.946000	0.842754	325.518738	309.406250
1	1.977000	0.502319	323.012482	314.249969
0	2.009000	0.794203	326.062500	309.062500
0	2.040000	0.796812	326.037476	308.487549
1	2.071000	0.918985	327.781250	311.406250
0	2.102000	0.708116	323.187500	309.062500
1	2.133000	0.918406	326.618744	311.306244
1	2.180000	0.927681	326.643738	312.331238
1	2.211000	0.927536	327.000000	310.500000
0	2.243000	0.787536	322.000000	308.687500
0	2.274000	0.742029	322.250000	306.750000
0	2.305000	0.347826	356.668823	286.981384
1	2.336000	0.990290	328.756256	309.243744
1	2.367000	0.998985	328.868744	309.131256
1	2.414000	0.939275	329.943756	311.306244
1	2.445000	1.020145	328.593750	310.718750
1	2.477000	0.951159	330.181244	312.181244
1	2.508000	1.014493	328.375000	311.625000
1	2.539000	1.039710	328.562500	312.424988
1	2.570000	1.044058	326.500000	311.500000
0	2.601000	0.852319	323.381256	307.743744
1	2.633000	1.025942	325.243744	309.431244
1	2.679000	1.017536	326.681244	308.868744
1	2.711000	1.038986	327.443756	308.931244
1	2.742000	1.050580	328.093750	309.093750
1	2.773000	1.008696	328.000000	308.500000
1	2.804000	1.034058	329.393738	310.393738
1	2.835000	1.043478	329.000000	310.500000
1	2.867000	1.029420	328.556244	310.743744
1	2.898000	1.044058	329.000000	311.500000
1	2.945000	1.048406	328.062500	310.687500
1	2.976000	1.057102	328.187500	311.312500
1	3.007000	1.029420	328.443756	311.743744
1	3.038000	1.078261	327.000000	311.500000
1	3.069000	1.055942	326.312500	310.437500
1	3.101000	1.087536	325.875000	310.125000
1	3.132000	1.078261	327.000000	309.500000
1	3.179000	1.081015	327.531250	309.968750
1	3.210000	1.090145	327.850006	310.162506
1	3.241000	1.087681	326.893738	309.206238
1	3.272000	1.079275	326.506256	310.006256
1	3.303000	1.078261	327.000000	311.500000
1	3.335000	1.096812	327.225006	311.225006
1	3.366000	1.096812	328.225006	311.774994
1	3.413000	1.078841	328.000000	313.000000
1	3.444000	1.079855	328.406250	313.031250
1	3.475000	1.088116	327.899994	311.899994
1	3.506000	0.920725	330.243744	314.243744
1	3.537000	1.088841	327.843781	311.356232
1	3.569000	1.092464	328.324982	310.837494
1	3.600000	1.098406	328.718750	311.331238
1	3.631000	1.096667	326.756256	310.681244
1	3.678000	1.100725	326.331238	310.668762
1	3.709000	1.113043	327.000000	310.500000
1	3.740000	1.095652	328.000000	311.000000
1	3.771000	1.114203	328.475006	310.975006
1	3.803000	1.084638	329.100006	311.024994
1	3.834000	1.113043	329.000000	312.500000
1	3.865000	1.096812	329.225006	312.225006
1	3.912000	1.120725	327.618744	311.431244
1	3.943000	1.100580	326.700012	310.862488
1	3.974000	1.113768	325.981262	311.568726
1	4.005000	1.098551	326.000000	310.750000
1	4.037000	1.113043	327.000000	310.500000
1	4.068000	1.104928	327.375000	309.875000
1	4.099000	1.113043	327.000000	309.500000
1	4.146000	1.097971	327.662506	310.725006
1	4.177000	1.115072	327.137482	310.312531
1	4.208000	1.129710	326.231262	310.518738
1	4.239000	1.113043	325.750000	309.750000
1	4.271000	1.100580	326.812500	310.187500
1	4.302000	1.124638	328.575012	311.575012
1	4.333000	1.100580	329.687500	312.812500
1	4.364000	1.104928	329.250000	313.250000
1	4.411000	1.078261	329.000000	313.500000
1	4.442000	1.138551	328.424988	314.174988
1	4.473000	1.121159	328.062500	313.937500
1	4.505000	1.131014	328.737488	313.250000
1	4.536000	1.122754	329.006256	312.631256
1	4.567000	1.113043	328.000000	312.500000
0	4.598000	0.740145	332.306244	308.068756
1	4.645000	1.132029	326.281250	311.718750
1	4.676000	1.140290	326.162506	311.149994
1	4.707000	1.147826	327.000000	309.500000
1	4.739000	1.136232	327.000000	310.500000
1	4.770000	1.107536	326.825012	311.587524
1	4.801000	1.136232	326.825012	311.362488
1	4.832000	1.137536	327.156250	311.343750
1	4.879000	1.117971	327.937500	312.062500
1	4.910000	1.078841	328.000000	312.437500
1	4.941000	1.117971	327.062500	313.187500
1	4.973000	1.096812	326.774994	312.774994
1	5.004000	1.131449	325.256256	312.506256
1	5.035000	1.124638	326.250000	311.750000
1	5.066000	1.137681	327.762512	312.237488
1	5.097000	1.098841	328.712494	312.287506
1	5.144000	1.122899	328.412506	312.024994
1	5.175000	1.117971	328.937500	312.687500
1	5.207000	1.111014	327.449982	312.024994
1	5.238000	1.116377	328.006256	312.556244
1	5.269000	1.114203	328.524994	312.975006
1	5.300000	1.103768	329.125000	314.125000
1	5.331000	1.147826	327.000000	313.500000
1	5.378000	1.124493	327.906250	314.093750
1	5.409000	1.142029	327.375000	314.375000
1	5.441000	1.114058	327.993744	313.556244
1	5.472000	1.123333	328.593750	314.143738
1	5.503000	1.131594	328.225006	313.899994
1	5.534000	1.132754	328.100006	313.274994
1	5.565000	1.144493	326.743744	312.806244
1	5.612000	1.132029	326.281250	312.281250
1	5.643000	1.147826	327.000000	313.500000
1	5.675000	1.131014	327.500000	313.500000
1	5.706000	1.134928	327.243744	312.756256
1	5.737000	1.131014	327.250000	313.299988
1	5.768000	1.147826	327.750000	313.250000
1	5.799000	1.153188	328.381256	313.618744
1	5.831000	1.150580	328.968750	314.031250
1	5.877000	1.171015	329.000000	315.500000
1	5.909000	1.146812	328.756256	314.743744
1	5.940000	1.135507	328.000000	315.187500
1	5.971000	1.152029	327.681274	314.981262
1	6.002000	1.152754	328.437500	315.312500
1	6.033000	1.124638	327.000000	315.500000
1	6.065000	1.159275	328.556274	314.331238
1	6.111000	1.153333	326.987518	313.337494
1	6.143000	1.163623	326.156250	312.156250
1	6.174000	1.185942	326.556244	311.756256
1	6.205000	1.166232	327.231232	311.806244
1	6.236000	1.147826	327.000000	309.500000
1	6.267000	1.136232	328.000000	311.500000
1	6.299000	1.172899	327.431244	311.743744
1	6.345000	1.147826	327.000000	313.500000
1	6.377000	1.147826	327.000000	313.500000
1	6.408000	1.150290	328.256256	313.543732
1	6.439000	1.153768	328.343750	313.718750
1	6.470000	1.162319	327.825012	313.737488
1	6.501000	1.159855	327.931244	313.556244
1	6.533000	1.150290	327.993683	313.306244
1	6.564000	1.154493	328.599976	313.024963
1	6.611000	1.182609	327.250000	311.750000
1	6.642000	1.168841	326.731262	310.831238
1	6.673000	1.185362	326.468750	310.531250
1	6.704000	1.171160	326.456268	310.193695
1	6.735000	1.192319	327.431244	310.131256
1	6.767000	1.165217	328.187500	310.562500
1	6.798000	1.176667	328.656250	311.656250
1	6.829000	1.183768	328.975006	312.025055
1	6.876000	1.160290	328.687500	313.312500
1	6.907000	1.147826	327.000000	313.500000
1	6.938000	1.159420	328.000000	313.500000
1	6.969000	1.159420	328.250000	313.250000
1	7.001000	1.158116	328.668671	313.381195
1	7.032000	1.165942	328.493774	313.156250
1	7.063000	1.159855	328.068756	312.443756
1	7.110000	1.147826	327.000000	313.500000
1	7.141000	1.167971	327.593750	311.781250
1	7.172000	1.164203	326.868744	312.181244
1	7.203000	1.168695	327.112518	311.700043
1	7.235000	1.147826	327.000000	313.500000
1	7.266000	1.151160	328.056244	313.056244
1	7.297000	1.147826	327.000000	313.500000
1	7.344000	1.189710	328.843781	314.193695
1	7.375000	1.183768	327.725006	314.524994
1	7.406000	1.159275	328.093750	314.343750
1	7.437000	1.181014	327.968750	313.018738
1	7.469000	1.166667	328.437500	312.762512
1	7.500000	1.166812	329.168762	312.831238
1	7.531000	1.152029	329.306244	312.993744
1	7.562000	1.182609	328.250000	312.250000
1	7.609000	1.190145	328.162506	312.524994
1	7.640000	1.159710	329.337494	312.662506
1	7.671000	1.179855	329.618713	313.031250
1	7.703000	1.194638	329.431244	313.131256
1	7.734000	1.182754	329.556244	313.043732
1	7.765000	1.187681	328.468750	311.956238
1	7.796000	1.190145	328.524994	311.475006
1	7.843000	1.191884	328.562500	312.125000
1	7.874000	1.197101	329.362488	312.200012
1	7.905000	1.194638	329.431244	313.131256
1	7.937000	1.182029	328.625000	313.625000
1	7.968000	1.240580	330.000000	312.500000
1	7.999000	1.203333	328.693756	312.056244
1	8.030000	1.240580	326.000000	310.500000
1	8.077000	1.207101	328.031250	310.281250
1	8.108000	1.215797	328.906250	310.518738
1	8.139000	1.212464	329.187500	310.312500
1	8.171000	1.211884	329.162506	310.162506
1	8.202000	1.194058	329.406250	310.406250
1	8.233000	1.185797	329.537506	311.225006
1	8.264000	1.201014	329.693756	311.306244
1	8.295000	1.201014	329.756256	311.318756
1	8.342000	1.171015	328.500000	312.000000
1	8.373000	1.190290	328.181244	311.506256
1	8.405000	1.202319	327.287506	310.225006
1	8.436000	1.221159	327.062500	308.812500
1	8.467000	1.218551	327.087494	308.350006
1	8.498000	1.222754	326.993744	308.381256
1	8.529000	1.215797	326.843750	308.156250
1	8.576000	1.240580	328.000000	310.500000
1	8.607000	1.147826	327.000000	309.500000
1	8.639000	1.211884	327.287506	309.212494
1	8.670000	1.205797	328.000000	310.500000
1	8.701000	1.205072	328.268738	310.656250
1	8.732000	1.220145	327.968750	310.218750
1	8.763000	1.221159	328.937500	309.937500
1	8.810000	1.220580	328.962494	309.037506
1	8.841000	1.223188	329.500000	309.000000
1	8.873000	1.220580	329.212494	308.212494
1	8.904000	1.233188	329.468750	309.143738
1	8.935000	1.206667	329.274994	309.699982
1	8.966000	1.229275	328.912506	310.162506
1	8.997000	1.220580	329.212494	311.212494
1	9.029000	1.217391	328.750000	311.250000
1	9.075000	1.212029	328.818756	312.306244
1	9.107000	1.194203	328.000000	312.500000
1	9.138000	1.231159	328.706238	310.543762
1	9.169000	1.238116	328.618744	310.381256
1	9.200000	1.240580	328.000000	310.500000
1	9.231000	1.215797	327.156250	309.156250
1	9.263000	1.229275	326.524994	309.087494
1	9.309000	1.207536	326.600006	308.725006
1	9.341000	1.232029	327.518738	309.106262
1	9.372000	1.220145	328.031250	310.218750
1	9.403000	1.214203	327.850006	311.149994
1	9.434000	1.194638	328.431244	312.568756
1	9.465000	1.212029	328.306244	311.318756
1	9.497000	1.185797	329.462494	311.774994
1	9.543000	1.220145	329.031250	310.531250
1	9.575000	1.240580	330.000000	310.500000
1	9.606000	1.205942	329.268738	310.331238
1	9.637000	1.240580	330.000000	310.500000
1	9.668000	1.212464	329.687500	311.062500
1	9.699000	1.229275	329.337494	311.087494
1	9.731000	1.225507	329.125000	312.250000
1	9.762000	1.225507	329.250000	312.612488
1	9.809000	1.222319	329.000000	312.424988
1	9.840000	1.194203	328.000000	312.500000
1	9.871000	1.179420	329.337494	311.662506
1	9.902000	1.230580	328.306244	310.318756
1	9.933000	1.232464	328.149994	309.524994
1	9.965000	1.234058	327.393738	308.768738
1	9.996000	1.229710	326.687500	308.625000
1	10.043000	1.238116	326.381256	309.231232
1	10.074000	1.209275	326.187500	309.375000
1	10.105000	1.220145	326.031250	310.031250
1	10.136000	1.209710	326.693756	310.418732
1	10.167000	1.240580	328.000000	312.500000
1	10.199000	1.202174	327.750000	311.687500
1	10.230000	1.217391	328.375000	311.375000
1	10.277000	1.190725	328.500000	311.500000
1	10.308000	1.065797	330.312500	313.312500
1	10.339000	1.199420	328.625000	311.250000
1	10.370000	1.182609	329.000000	311.500000
1	10.401000	1.213623	329.125000	311.437500
1	10.433000	1.186377	329.437500	311.750000
1	10.464000	1.201594	329.468750	311.781250
1	10.495000	1.181014	329.481262	313.018738
1	10.542000	1.181449	328.600006	313.399994
1	10.573000	1.205797	329.000000	313.500000
1	10.604000	1.183188	329.562500	313.250000
1	10.635000	1.183333	328.981262	312.918762
1	10.667000	1.207391	329.243774	312.381226
1	10.698000	1.212029	328.681244	312.181244
1	10.729000	1.228985	328.000000	310.500000
1	10.776000	1.216232	327.524994	310.475006
1	10.807000	1.203333	326.693756	310.693756
1	10.838000	1.208696	326.750000	311.750000
1	10.869000	1.216377	326.868744	311.543732
1	10.901000	1.207681	327.243744	311.743744
1	10.932000	1.212029	326.931244	312.681244
1	10.963000	1.208551	327.656250	312.368713
1	10.994000	1.228985	328.000000	312.500000
1	11.041000	1.239710	328.437500	311.750000
1	11.072000	1.182609	328.000000	311.500000
1	11.103000	1.194203	327.812500	310.312500
1	11.135000	1.195072	327.812500	310.437500
1	11.166000	1.228985	328.000000	309.500000
1	11.197000	1.207101	328.268738	311.343750
1	11.228000	1.220580	328.225006	312.399994
1	11.275000	1.194493	328.087494	312.412506
1	11.306000	1.203623	328.018738	313.506226
1	11.337000	1.201594	327.718750	313.468750
1	11.369000	1.204203	327.718689	313.318787
1	11.400000	1.200580	327.737488	313.250000
1	11.431000	1.200580	328.299988	312.250000
1	11.462000	1.209420	328.268738	312.331238
1	11.509000	1.191159	328.818756	312.118744
1	11.540000	1.215507	328.131226	312.506226
1	11.571000	1.177101	328.662506	311.662506
1	11.603000	1.166667	328.762512	312.625000
1	11.634000	1.166377	328.837494	312.649994
1	11.665000	1.147971	328.956207	313.743744
1	11.696000	1.202754	328.281250	313.331238
1	11.727000	1.147826	327.000000	313.500000
1	11.774000	1.192464	327.899994	313.149994
1	11.805000	1.199855	328.368744	312.243744
1	11.837000	1.182609	329.375000	311.875000
1	11.868000	1.203333	327.693756	310.693756
1	11.899000	1.179275	327.006256	310.318756
1	11.930000	1.216812	327.549988	309.500000
1	11.961000	1.217391	329.000000	309.500000
1	12.008000	1.198551	328.799988	312.112488
1	12.039000	1.203333	328.693756	311.943756
1	12.071000	1.217391	329.000000	313.500000
1	12.102000	1.147826	331.000000	313.500000
1	12.133000	1.187971	328.493744	312.806244
1	12.164000	1.200000	327.500000	311.500000
1	12.195000	1.194638	326.818756	310.431244
1	12.242000	1.218551	325.475006	309.475006
1	12.273000	1.212464	325.187500	309.187500
1	12.305000	1.197246	325.843750	309.406250
1	12.336000	1.217391	325.000000	309.500000
1	12.367000	1.240580	326.000000	310.500000
1	12.398000	1.189710	325.093750	309.531250
1	12.429000	1.240580	326.000000	310.500000
1	12.461000	1.205797	326.000000	309.500000
1	12.507000	1.164058	327.174957	310.487518
1	12.539000	1.147826	327.000000	309.500000
1	12.570000	1.190725	327.812500	309.500000
1	12.601000	1.203768	328.299988	309.362488
1	12.632000	1.220725	328.193756	309.056244
1	12.663000	1.194058	328.906250	309.593750
1	12.695000	1.240580	330.000000	310.500000
1	12.741000	1.207101	328.643738	310.218750
1	12.773000	1.193768	328.418762	311.081238
1	12.804000	1.217391	329.000000	311.500000
1	12.835000	1.212029	327.606232	311.506256
1	12.866000	1.229420	327.931244	310.631256
1	12.897000	1.194203	330.000000	310.500000
1	12.929000	1.220725	328.381256	309.943756
1	12.960000	1.239130	328.406250	310.093750
1	13.007000	1.211449	328.468750	310.281250
1	13.038000	1.217391	329.500000	310.000000
1	13.069000	1.202029	328.037506	310.337494
1	13.100000	1.211884	327.162506	311.162506
1	13.131000	1.231449	326.356232	310.868744
1	13.163000	1.333333	323.000000	313.500000
1	13.194000	1.211449	325.156250	312.406250
1	13.241000	1.217391	326.500000	312.000000
1	13.272000	1.240580	328.000000	312.500000
1	13.303000	1.232464	328.100006	311.524994
1	13.334000	1.209855	328.037506	311.350006
1	13.365000	1.225073	328.556244	311.993744
1	13.397000	1.198406	329.081238	312.218750
1	13.428000	1.194203	330.000000	312.500000
1	13.475000	1.201014	329.368744	313.318756
1	13.506000	1.204928	328.687500	313.674988
1	13.537000	1.194058	328.593750	313.593750
1	13.568000	1.179710	328.500000	312.750000
1	13.599000	1.204203	327.993744	312.243744
1	13.631000	1.203333	328.306244	312.056244
1	13.662000	1.184493	328.543762	311.968750
1	13.693000	1.194203	328.000000	312.500000
1	13.740000	1.179275	328.681244	312.006256
1	13.771000	1.191884	329.125000	311.562500
1	13.802000	1.212029	329.068756	311.931244
1	13.833000	1.201160	329.337494	311.662506
1	13.865000	1.214638	328.893738	312.156250
1	13.896000	1.209420	328.631226	312.268738
1	13.927000	1.214058	328.543732	313.143768
1	13.974000	1.240580	328.000000	312.500000
1	14.005000	1.212029	328.681244	312.818756
1	14.036000	1.211449	328.968750	311.906250
1	14.067000	1.212464	328.937500	311.687500
1	14.099000	1.210580	329.106232	311.593719
1	14.130000	1.211449	329.156250	311.281250
1	14.161000	1.194203	328.000000	312.500000
1	14.208000	1.205797	329.750000	311.750000
1	14.239000	1.229420	329.431244	312.181244
1	14.270000	1.212029	329.181244	312.306244
1	14.301000	1.220145	328.781250	312.218750
1	14.333000	1.212029	328.806244	312.693756
1	14.364000	1.220145	328.781250	312.031250
1	14.395000	1.252174	328.000000	310.500000
1	14.426000	1.234783	328.875000	311.125000
1	14.473000	1.229420	329.068756	311.356232
1	14.504000	1.235362	329.187500	311.437500
1	14.535000	1.221159	329.062500	311.187500
1	14.567000	1.194203	328.000000	312.500000
1	14.598000	1.236812	329.600006	312.462494
1	14.629000	1.229420	329.068756	312.068756
1	14.660000	1.220725	329.056244	313.056244
1	14.707000	1.333333	331.000000	313.500000
1	14.738000	1.240580	328.000000	312.500000
1	14.769000	1.214203	328.537506	311.899994
1	14.801000	1.221159	328.937500	311.937500
1	14.832000	1.230580	328.681244	311.318756
1	14.863000	1.216377	328.868744	310.881256
1	14.894000	1.194203	330.000000	310.500000
1	14.925000	1.217391	329.500000	311.000000
1	14.972000	1.215217	329.500000	311.375000
1	15.003000	1.226087	329.000000	311.500000
1	15.035000	1.203768	328.687500	312.312500
1	15.066000	1.229275	328.412506	311.912506
1	15.097000	1.226667	327.562500	311.562500
1	15.128000	1.240725	327.768738	311.393738
1	15.159000	1.238116	328.193756	311.193756
1	15.206000	1.220580	328.412506	310.787506
1	15.237000	1.217391	328.750000	310.250000
1	15.269000	1.242899	328.500000	310.625000
1	15.300000	1.248840	329.043732	310.993744
1	15.331000	1.220725	328.943756	311.056244
1	15.362000	1.237536	329.218750	311.593750
1	15.393000	1.225362	328.643738	312.143738
1	15.440000	1.232029	328.656250	312.343750
1	15.471000	1.211449	328.656250	312.531250
1	15.503000	1.235362	328.375000	311.625000
1	15.534000	1.258116	328.656250	311.343750
1	15.565000	1.251014	329.024994	310.975006
1	15.596000	1.231449	329.056244	310.631256
1	15.627000	1.241884	329.531250	311.143738
1	15.659000	1.220145	330.218750	311.218750
1	15.705000	1.223188	329.312500	311.312500
1	15.737000	1.214927	329.906250	312.531250
1	15.768000	1.217391	329.500000	313.000000
1	15.799000	1.240580	327.000000	313.500000
1	15.830000	1.223188	327.562500	312.562500
1	15.861000	1.217391	326.500000	312.000000
1	15.893000	1.240580	325.500000	312.000000
1	15.939000	1.240290	325.587494	310.225006
1	15.971000	1.228841	324.906250	309.906250
1	16.002000	1.242899	324.625000	309.437500
1	16.033000	1.240290	324.600006	309.587494
1	16.064000	1.222754	323.806244	310.231232
1	16.095000	1.240580	323.375000	310.875000
1	16.127000	1.240290	323.587494	310.887482
1	16.173000	1.226812	323.531250	311.393738
1	16.205000	1.238551	323.187500	311.187500
1	16.236000	1.240580	324.000000	312.500000
1	16.267000	1.240580	322.000000	310.500000
1	16.298000	1.228985	324.000000	310.500000
1	16.329000	1.237246	323.593750	310.593750
1	16.361000	1.240290	323.412506	310.600006
1	16.392000	1.211449	323.093750	310.343750
1	16.439000	1.203333	323.306244	309.693756
1	16.470000	1.227246	323.600006	310.600006
1	16.501000	1.208551	324.006256	310.368744
1	16.532000	1.225507	325.750000	311.375000
1	16.563000	1.221015	326.581238	312.581238
1	16.595000	1.229855	326.812500	313.437500
1	16.626000	1.209275	326.750000	314.700012
1	16.673000	1.183333	327.731262	315.031250
1	16.704000	1.217391	327.750000	314.250000
1	16.735000	1.192319	327.868744	314.568756
1	16.766000	1.199855	327.943756	315.356232
1	16.797000	1.200145	327.743744	315.318756
1	16.829000	1.203768	327.987488	314.687500
1	16.860000	1.099420	329.312500	316.750000
1	16.907000	1.191884	328.125000	314.562500
1	16.938000	1.179710	328.500000	314.500000
1	16.969000	1.191304	327.750000	314.500000
1	17.000000	1.188985	328.949951	315.487488
1	17.031000	1.171159	328.156250	315.093750
1	17.063000	1.159420	328.562500	315.562500
1	17.094000	1.155507	328.631256	316.381256
1	17.125000	1.190145	327.475006	315.475006
1	17.172000	1.165072	328.181244	315.181244
1	17.203000	1.204638	328.000000	315.000000
1	17.234000	1.203333	327.681244	314.306244
1	17.265000	1.182029	328.000000	314.625000
1	17.297000	1.191884	328.174988	314.562500
1	17.328000	1.194203	330.000000	314.500000
1	17.359000	1.199420	328.375000	314.625000
1	17.406000	1.190145	328.149994	314.462494
1	17.437000	1.190145	328.475006	314.524994
1	17.468000	1.147826	327.000000	313.500000
1	17.499000	1.203188	326.712494	313.287506
1	17.531000	1.217391	325.500000	313.000000
1	17.562000	1.223333	325.781250	313.031250
1	17.593000	1.217971	325.250000	312.937500
1	17.640000	1.201884	325.506256	313.306244
1	17.671000	1.220145	324.968750	313.031250
1	17.702000	1.228985	325.000000	313.500000
1	17.733000	1.203333	324.243744	312.693756
1	17.765000	1.207101	323.643738	312.218750
1	17.796000	1.202899	323.549988	311.299988
1	17.827000	1.216232	323.100006	312.100006
1	17.858000	1.220145	323.968750	312.031250
1	17.905000	1.208551	324.368744	312.506256
1	17.936000	1.238551	325.812500	312.799988
1	17.967000	1.212464	327.812500	312.937500
1	17.999000	1.220145	327.031250	312.968750
<\RIGHT-PUPIL-DATA>
<LEFT-PUPIL-DATA>
543	0
0	-0.067000	13.913043	240.000000	320.000000
0	-0.035000	13.913043	240.000000	320.000000
0	-0.004000	13.913043	240.000000	320.000000
0	0.043000	13.913043	240.000000	320.000000
0	0.074000	13.913043	240.000000	320.000000
0	0.105000	13.913043	240.000000	320.000000
0	0.136000	13.913043	240.000000	320.000000
0	0.167000	13.913043	240.000000	320.000000
0	0.199000	13.913043	240.000000	320.000000
0	0.230000	13.913043	240.000000	320.000000
0	0.277000	13.913043	240.000000	320.000000
0	0.308000	13.913043	240.000000	320.000000
0	0.339000	13.913043	240.000000	320.000000
0	0.370000	13.913043	240.000000	320.000000
0	0.401000	13.913043	240.000000	320.000000
0	0.433000	13.913043	240.000000	320.000000
0	0.464000	13.913043	240.000000	320.000000
0	0.511000	13.913043	240.000000	320.000000
0	0.542000	13.913043	240.000000	320.000000
0	0.573000	13.913043	240.000000	320.000000
0	0.604000	13.913043	240.000000	320.000000
0	0.635000	13.913043	240.000000	320.000000
0	0.667000	13.913043	240.000000	320.000000
0	0.698000	13.913043	240.000000	320.000000
0	0.729000	13.913043	240.000000	320.000000
0	0.776000	13.913043	240.000000	320.000000
0	0.807000	13.913043	240.000000	320.000000
0	0.838000	13.913043	240.000000	320.000000
0	0.869000	13.913043	240.000000	320.000000
0	0.901000	13.913043	240.000000	320.000000
0	0.932000	13.913043	240.000000	320.000000
0	0.963000	13.913043	240.000000	320.000000
0	1.010000	13.913043	240.000000	320.000000
0	1.041000	13.913043	240.000000	320.000000
0	1.072000	13.913043	240.000000	320.000000
0	1.103000	13.913043	240.000000	320.000000
0	1.135000	13.913043	240.000000	320.000000
0	1.166000	13.913043	240.000000	320.000000
0	1.197000	13.913043	240.000000	320.000000
0	1.244000	13.913043	240.000000	320.000000
0	1.275000	13.913043	240.000000	320.000000
0	1.306000	13.913043	240.000000	320.000000
0	1.337000	13.913043	240.000000	320.000000
0	1.369000	13.913043	240.000000	320.000000
0	1.400000	13.913043	240.000000	320.000000
0	1.431000	13.913043	240.000000	320.000000
0	1.462000	13.913043	240.000000	320.000000
0	1.509000	13.913043	240.000000	320.000000
0	1.540000	13.913043	240.000000	320.000000
0	1.571000	13.913043	240.000000	320.000000
0	1.603000	13.913043	240.000000	320.000000
0	1.634000	13.913043	240.000000	320.000000
0	1.665000	13.913043	240.000000	320.000000
0	1.696000	13.913043	240.000000	320.000000
0	1.743000	13.913043	240.000000	320.000000
0	1.774000	13.913043	240.000000	320.000000
0	1.805000	13.913043	240.000000	320.000000
0	1.837000	13.913043	240.000000	320.000000
0	1.868000	13.913043	240.000000	320.000000
0	1.899000	13.913043	240.000000	320.000000
0	1.930000	13.913043	240.000000	320.000000
0	1.977000	13.913043	240.000000	320.000000
0	2.008000	13.913043	240.000000	320.000000
0	2.039000	13.913043	240.000000	320.000000
0	2.071000	13.913043	240.000000	320.000000
0	2.102000	13.913043	240.000000	320.000000
0	2.133000	13.913043	240.000000	320.000000
0	2.164000	13.913043	240.000000	320.000000
0	2.195000	13.913043	240.000000	320.000000
0	2.242000	13.913043	240.000000	320.000000
0	2.273000	13.913043	240.000000	320.000000
0	2.305000	13.913043	240.000000	320.000000
0	2.336000	13.913043	240.000000	320.000000
0	2.367000	13.913043	240.000000	320.000000
0	2.398000	13.913043	240.000000	320.000000
0	2.429000	13.913043	240.000000	320.000000
0	2.476000	13.913043	240.000000	320.000000
0	2.507000	13.913043	240.000000	320.000000
0	2.539000	13.913043	240.000000	320.000000
0	2.570000	13.913043	240.000000	320.000000
0	2.601000	13.913043	240.000000	320.000000
0	2.632000	13.913043	240.000000	320.000000
0	2.663000	13.913043	240.000000	320.000000
0	2.710000	13.913043	240.000000	320.000000
0	2.741000	13.913043	240.000000	320.000000
0	2.773000	13.913043	240.000000	320.000000
0	2.804000	13.913043	240.000000	320.000000
0	2.835000	13.913043	240.000000	320.000000
0	2.866000	13.913043	240.000000	320.000000
0	2.897000	13.913043	240.000000	320.000000
0	2.929000	13.913043	240.000000	320.000000
0	2.975000	13.913043	240.000000	320.000000
0	3.007000	13.913043	240.000000	320.000000
0	3.038000	13.913043	240.000000	320.000000
0	3.069000	13.913043	240.000000	320.000000
0	3.100000	13.913043	240.000000	320.000000
0	3.131000	13.913043	240.000000	320.000000
0	3.163000	13.913043	240.000000	320.000000
0	3.194000	13.913043	240.000000	320.000000
0	3.241000	13.913043	240.000000	320.000000
0	3.272000	13.913043	240.000000	320.000000
0	3.303000	13.913043	240.000000	320.000000
0	3.334000	13.913043	240.000000	320.000000
0	3.365000	13.913043	240.000000	320.000000
0	3.397000	13.913043	240.000000	320.000000
0	3.443000	13.913043	240.000000	320.000000
0	3.475000	13.913043	240.000000	320.000000
0	3.506000	13.913043	240.000000	320.000000
0	3.537000	13.913043	240.000000	320.000000
0	3.568000	13.913043	240.000000	320.000000
0	3.599000	13.913043	240.000000	320.000000
0	3.631000	13.913043	240.000000	320.000000
0	3.662000	13.913043	240.000000	320.000000
0	3.709000	13.913043	240.000000	320.000000
0	3.740000	13.913043	240.000000	320.000000
0	3.771000	13.913043	240.000000	320.000000
0	3.802000	13.913043	240.000000	320.000000
0	3.833000	13.913043	240.000000	320.000000
0	3.865000	13.913043	240.000000	320.000000
0	3.896000	13.913043	240.000000	320.000000
0	3.927000	13.913043	240.000000	320.000000
0	3.974000	13.913043	240.000000	320.000000
0	4.005000	13.913043	240.000000	320.000000
0	4.036000	13.913043	240.000000	320.000000
0	4.067000	13.913043	240.000000	320.000000
0	4.099000	13.913043	240.000000	320.000000
0	4.130000	13.913043	240.000000	320.000000
0	4.161000	13.913043	240.000000	320.000000
0	4.208000	13.913043	240.000000	320.000000
0	4.239000	13.913043	240.000000	320.000000
0	4.270000	13.913043	240.000000	320.000000
0	4.301000	13.913043	240.000000	320.000000
0	4.333000	13.913043	240.000000	320.000000
0	4.364000	13.913043	240.000000	320.000000
0	4.395000	13.913043	240.000000	320.000000
0	4.442000	13.913043	240.000000	320.000000
0	4.473000	13.913043	240.000000	320.000000
0	4.504000	13.913043	240.000000	320.000000
0	4.535000	13.913043	240.000000	320.000000
0	4.567000	13.913043	240.000000	320.000000
0	4.598000	13.913043	240.000000	320.000000
0	4.629000	13.913043	240.000000	320.000000
0	4.660000	13.913043	240.000000	320.000000
0	4.707000	13.913043	240.000000	320.000000
0	4.738000	13.913043	240.000000	320.000000
0	4.769000	13.913043	240.000000	320.000000
0	4.801000	13.913043	240.000000	320.000000
0	4.832000	13.913043	240.000000	320.000000
0	4.863000	13.913043	240.000000	320.000000
0	4.894000	13.913043	240.000000	320.000000
0	4.941000	13.913043	240.000000	320.000000
0	4.972000	13.913043	240.000000	320.000000
0	5.003000	13.913043	240.000000	320.000000
0	5.035000	13.913043	240.000000	320.000000
0	5.066000	13.913043	240.000000	320.000000
0	5.097000	13.913043	240.000000	320.000000
0	5.128000	13.913043	240.000000	320.000000
0	5.175000	13.913043	240.000000	320.000000
0	5.206000	13.913043	240.000000	320.000000
0	5.237000	13.913043	240.000000	320.000000
0	5.269000	13.913043	240.000000	320.000000
0	5.300000	13.913043	240.000000	320.000000
0	5.331000	13.913043	240.000000	320.000000
0	5.362000	13.913043	240.000000	320.000000
0	5.393000	13.913043	240.000000	320.000000
0	5.440000	13.913043	240.000000	320.000000
0	5.471000	13.913043	240.000000	320.000000
0	5.503000	13.913043	240.000000	320.000000
0	5.534000	13.913043	240.000000	320.000000
0	5.565000	13.913043	240.000000	320.000000
0	5.596000	13.913043	240.000000	320.000000
0	5.627000	13.913043	240.000000	320.000000
0	5.674000	13.913043	240.000000	320.000000
0	5.705000	13.913043	240.000000	320.000000
0	5.737000	13.913043	240.000000	320.000000
0	5.768000	13.913043	240.000000	320.000000
0	5.799000	13.913043	240.000000	320.000000
0	5.830000	13.913043	240.000000	320.000000
0	5.861000	13.913043	240.000000	320.000000
0	5.908000	13.913043	240.000000	320.000000
0	5.939000	13.913043	240.000000	320.000000
0	5.971000	13.913043	240.000000	320.000000
0	6.002000	13.913043	240.000000	320.000000
0	6.033000	13.913043	240.000000	320.000000
0	6.064000	13.913043	240.000000	320.000000
0	6.095000	13.913043	240.000000	320.000000
0	6.127000	13.913043	240.000000	320.000000
0	6.173000	13.913043	240.000000	320.000000
0	6.205000	13.913043	240.000000	320.000000
0	6.236000	13.913043	240.000000	320.000000
0	6.267000	13.913043	240.000000	320.000000
0	6.298000	13.913043	240.000000	320.000000
0	6.329000	13.913043	240.000000	320.000000
0	6.361000	13.913043	240.000000	320.000000
0	6.407000	13.913043	240.000000	320.000000
0	6.439000	13.913043	240.000000	320.000000
0	6.470000	13.913043	240.000000	320.000000
0	6.501000	13.913043	240.000000	320.000000
0	6.532000	13.913043	240.000000	320.000000
0	6.563000	13.913043	240.000000	320.000000
0	6.595000	13.913043	240.000000	320.000000
0	6.641000	13.913043	240.000000	320.000000
0	6.673000	13.913043	240.000000	320.000000
0	6.704000	13.913043	240.000000	320.000000
0	6.735000	13.913043	240.000000	320.000000
0	6.766000	13.913043	240.000000	320.000000
0	6.797000	13.913043	240.000000	320.000000
0	6.829000	13.913043	240.000000	320.000000
0	6.860000	13.913043	240.000000	320.000000
0	6.907000	13.913043	240.000000	320.000000
0	6.938000	13.913043	240.000000	320.000000
0	6.969000	13.913043	240.000000	320.000000
0	7.000000	13.913043	240.000000	320.000000
0	7.031000	13.913043	240.000000	320.000000
0	7.063000	13.913043	240.000000	320.000000
0	7.094000	13.913043	240.000000	320.000000
0	7.141000	13.913043	240.000000	320.000000
0	7.172000	13.913043	240.000000	320.000000
0	7.203000	13.913043	240.000000	320.000000
0	7.234000	13.913043	240.000000	320.000000
0	7.265000	13.913043	240.000000	320.000000
0	7.297000	13.913043	240.000000	320.000000
0	7.328000	13.913043	240.000000	320.000000
0	7.359000	13.913043	240.000000	320.000000
0	7.406000	13.913043	240.000000	320.000000
0	7.437000	13.913043	240.000000	320.000000
0	7.468000	13.913043	240.000000	320.000000
0	7.499000	13.913043	240.000000	320.000000
0	7.531000	13.913043	240.000000	320.000000
0	7.562000	13.913043	240.000000	320.000000
0	7.593000	13.913043	240.000000	320.000000
0	7.640000	13.913043	240.000000	320.000000
0	7.671000	13.913043	240.000000	320.000000
0	7.702000	13.913043	240.000000	320.000000
0	7.733000	13.913043	240.000000	320.000000
0	7.765000	13.913043	240.000000	320.000000
0	7.796000	13.913043	240.000000	320.000000
0	7.827000	13.913043	240.000000	320.000000
0	7.858000	13.913043	240.000000	320.000000
0	7.905000	13.913043	240.000000	320.000000
0	7.936000	13.913043	240.000000	320.000000
0	7.967000	13.913043	240.000000	320.000000
0	7.999000	13.913043	240.000000	320.000000
0	8.030000	13.913043	240.000000	320.000000
0	8.061000	13.913043	240.000000	320.000000
0	8.092000	13.913043	240.000000	320.000000
0	8.139000	13.913043	240.000000	320.000000
0	8.170000	13.913043	240.000000	320.000000
0	8.201000	13.913043	240.000000	320.000000
0	8.233000	13.913043	240.000000	320.000000
0	8.264000	13.913043	240.000000	320.000000
0	8.295000	13.913043	240.000000	320.000000
0	8.326000	13.913043	240.000000	320.000000
0	8.373000	13.913043	240.000000	320.000000
0	8.404000	13.913043	240.000000	320.000000
0	8.435000	13.913043	240.000000	320.000000
0	8.467000	13.913043	240.000000	320.000000
0	8.498000	13.913043	240.000000	320.000000
0	8.529000	13.913043	240.000000	320.000000
0	8.560000	13.913043	240.000000	320.000000
0	8.591000	13.913043	240.000000	320.000000
0	8.638000	13.913043	240.000000	320.000000
0	8.669000	13.913043	240.000000	320.000000
0	8.701000	13.913043	240.000000	320.000000
0	8.732000	13.913043	240.000000	320.000000
0	8.763000	13.913043	240.000000	320.000000
0	8.794000	13.913043	240.000000	320.000000
0	8.825000	13.913043	240.000000	320.000000
0	8.872000	13.913043	240.000000	320.000000
0	8.903000	13.913043	240.000000	320.000000
0	8.935000	13.913043	240.000000	320.000000
0	8.966000	13.913043	240.000000	320.000000
0	8.997000	13.913043	240.000000	320.000000
0	9.028000	13.913043	240.000000	320.000000
0	9.059000	13.913043	240.000000	320.000000
0	9.106000	13.913043	240.000000	320.000000
0	9.137000	13.913043	240.000000	320.000000
0	9.169000	13.913043	240.000000	320.000000
0	9.200000	13.913043	240.000000	320.000000
0	9.231000	13.913043	240.000000	320.000000
0	9.262000	13.913043	240.000000	320.000000
0	9.293000	13.913043	240.000000	320.000000
0	9.325000	13.913043	240.000000	320.000000
0	9.371000	13.913043	240.000000	320.000000
0	9.403000	13.913043	240.000000	320.000000
0	9.434000	13.913043	240.000000	320.000000
0	9.465000	13.913043	240.000000	320.000000
0	9.496000	13.913043	240.000000	320.000000
0	9.527000	13.913043	240.000000	320.000000
0	9.559000	13.913043	240.000000	320.000000
0	9.605000	13.913043	240.000000	320.000000
0	9.637000	13.913043	240.000000	320.000000
0	9.668000	13.913043	240.000000	320.000000
0	9.699000	13.913043	240.000000	320.000000
0	9.730000	13.913043	240.000000	320.000000
0	9.761000	13.913043	240.000000	320.000000
0	9.793000	13.913043	240.000000	320.000000
0	9.839000	13.913043	240.000000	320.000000
0	9.871000	13.913043	240.000000	320.000000
0	9.902000	13.913043	240.000000	320.000000
0	9.933000	13.913043	240.000000	320.000000
0	9.964000	13.913043	240.000000	320.000000
0	9.995000	13.913043	240.000000	320.000000
0	10.027000	13.913043	240.000000	320.000000
0	10.058000	13.913043	240.000000	320.000000
0	10.105000	13.913043	240.000000	320.000000
0	10.136000	13.913043	240.000000	320.000000
0	10.167000	13.913043	240.000000	320.000000
0	10.198000	13.913043	240.000000	320.000000
0	10.229000	13.913043	240.000000	320.000000
0	10.261000	13.913043	240.000000	320.000000
0	10.292000	13.913043	240.000000	320.000000
0	10.339000	13.913043	240.000000	320.000000
0	10.370000	13.913043	240.000000	320.000000
0	10.401000	13.913043	240.000000	320.000000
0	10.432000	13.913043	240.000000	320.000000
0	10.463000	13.913043	240.000000	320.000000
0	10.495000	13.913043	240.000000	320.000000
0	10.526000	13.913043	240.000000	320.000000
0	10.573000	13.913043	240.000000	320.000000
0	10.604000	13.913043	240.000000	320.000000
0	10.635000	13.913043	240.000000	320.000000
0	10.666000	13.913043	240.000000	320.000000
0	10.697000	13.913043	240.000000	320.000000
0	10.729000	13.913043	240.000000	320.000000
0	10.760000	13.913043	240.000000	320.000000
0	10.791000	13.913043	240.000000	320.000000
0	10.838000	13.913043	240.000000	320.000000
0	10.869000	13.913043	240.000000	320.000000
0	10.900000	13.913043	240.000000	320.000000
0	10.931000	13.913043	240.000000	320.000000
0	10.963000	13.913043	240.000000	320.000000
0	10.994000	13.913043	240.000000	320.000000
0	11.025000	13.913043	240.000000	320.000000
0	11.072000	13.913043	240.000000	320.000000
0	11.103000	13.913043	240.000000	320.000000
0	11.134000	13.913043	240.000000	320.000000
0	11.165000	13.913043	240.000000	320.000000
0	11.197000	13.913043	240.000000	320.000000
0	11.228000	13.913043	240.000000	320.000000
0	11.259000	13.913043	240.000000	320.000000
0	11.290000	13.913043	240.000000	320.000000
0	11.337000	13.913043	240.000000	320.000000
0	11.368000	13.913043	240.000000	320.000000
0	11.399000	13.913043	240.000000	320.000000
0	11.431000	13.913043	240.000000	320.000000
0	11.462000	13.913043	240.000000	320.000000
0	11.493000	13.913043	240.000000	320.000000
0	11.524000	13.913043	240.000000	320.000000
0	11.571000	13.913043	240.000000	320.000000
0	11.602000	13.913043	240.000000	320.000000
0	11.633000	13.913043	240.000000	320.000000
0	11.665000	13.913043	240.000000	320.000000
0	11.696000	13.913043	240.000000	320.000000
0	11.727000	13.913043	240.000000	320.000000
0	11.758000	13.913043	240.000000	320.000000
0	11.805000	13.913043	240.000000	320.000000
0	11.836000	13.913043	240.000000	320.000000
0	11.867000	13.913043	240.000000	320.000000
0	11.899000	13.913043	240.000000	320.000000
0	11.930000	13.913043	240.000000	320.000000
0	11.961000	13.913043	240.000000	320.000000
0	11.992000	13.913043	240.000000	320.000000
0	12.023000	13.913043	240.000000	320.000000
0	12.070000	13.913043	240.000000	320.000000
0	12.101000	13.913043	240.000000	320.000000
0	12.133000	13.913043	240.000000	320.000000
0	12.164000	13.913043	240.000000	320.000000
0	12.195000	13.913043	240.000000	320.000000
0	12.226000	13.913043	240.000000	320.000000
0	12.257000	13.913043	240.000000	320.000000
0	12.304000	13.913043	240.000000	320.000000
0	12.335000	13.913043	240.000000	320.000000
0	12.367000	13.913043	240.000000	320.000000
0	12.398000	13.913043	240.000000	320.000000
0	12.429000	13.913043	240.000000	320.000000
0	12.460000	13.913043	240.000000	320.000000
0	12.491000	13.913043	240.000000	320.000000
0	12.538000	13.913043	240.000000	320.000000
0	12.569000	13.913043	240.000000	320.000000
0	12.601000	13.913043	240.000000	320.000000
0	12.632000	13.913043	240.000000	320.000000
0	12.663000	13.913043	240.000000	320.000000
0	12.694000	13.913043	240.000000	320.000000
0	12.725000	13.913043	240.000000	320.000000
0	12.757000	13.913043	240.000000	320.000000
0	12.803000	13.913043	240.000000	320.000000
0	12.835000	13.913043	240.000000	320.000000
0	12.866000	13.913043	240.000000	320.000000
0	12.897000	13.913043	240.000000	320.000000
0	12.928000	13.913043	240.000000	320.000000
0	12.959000	13.913043	240.000000	320.000000
0	12.991000	13.913043	240.000000	320.000000
0	13.037000	13.913043	240.000000	320.000000
0	13.069000	13.913043	240.000000	320.000000
0	13.100000	13.913043	240.000000	320.000000
0	13.131000	13.913043	240.000000	320.000000
0	13.162000	13.913043	240.000000	320.000000
0	13.193000	13.913043	240.000000	320.000000
0	13.225000	13.913043	240.000000	320.000000
0	13.256000	13.913043	240.000000	320.000000
0	13.303000	13.913043	240.000000	320.000000
0	13.334000	13.913043	240.000000	320.000000
0	13.365000	13.913043	240.000000	320.000000
0	13.396000	13.913043	240.000000	320.000000
0	13.427000	13.913043	240.000000	320.000000
0	13.459000	13.913043	240.000000	320.000000
0	13.490000	13.913043	240.000000	320.000000
0	13.537000	13.913043	240.000000	320.000000
0	13.568000	13.913043	240.000000	320.000000
0	13.599000	13.913043	240.000000	320.000000
0	13.630000	13.913043	240.000000	320.000000
0	13.661000	13.913043	240.000000	320.000000
0	13.693000	13.913043	240.000000	320.000000
0	13.724000	13.913043	240.000000	320.000000
0	13.771000	13.913043	240.000000	320.000000
0	13.802000	13.913043	240.000000	320.000000
0	13.833000	13.913043	240.000000	320.000000
0	13.864000	13.913043	240.000000	320.000000
0	13.895000	13.913043	240.000000	320.000000
0	13.927000	13.913043	240.000000	320.000000
0	13.958000	13.913043	240.000000	320.000000
0	13.989000	13.913043	240.000000	320.000000
0	14.036000	13.913043	240.000000	320.000000
0	14.067000	13.913043	240.000000	320.000000
0	14.098000	13.913043	240.000000	320.000000
0	14.129000	13.913043	240.000000	320.000000
0	14.161000	13.913043	240.000000	320.000000
0	14.192000	13.913043	240.000000	320.000000
0	14.223000	13.913043	240.000000	320.000000
0	14.270000	13.913043	240.000000	320.000000
0	14.301000	13.913043	240.000000	320.000000
0	14.332000	13.913043	240.000000	320.000000
0	14.363000	13.913043	240.000000	320.000000
0	14.395000	13.913043	240.000000	320.000000
0	14.426000	13.913043	240.000000	320.000000
0	14.457000	13.913043	240.000000	320.000000
0	14.504000	13.913043	240.000000	320.000000
0	14.535000	13.913043	240.000000	320.000000
0	14.566000	13.913043	240.000000	320.000000
0	14.597000	13.913043	240.000000	320.000000
0	14.629000	13.913043	240.000000	320.000000
0	14.660000	13.913043	240.000000	320.000000
0	14.691000	13.913043	240.000000	320.000000
0	14.722000	13.913043	240.000000	320.000000
0	14.769000	13.913043	240.000000	320.000000
0	14.800000	13.913043	240.000000	320.000000
0	14.831000	13.913043	240.000000	320.000000
0	14.863000	13.913043	240.000000	320.000000
0	14.894000	13.913043	240.000000	320.000000
0	14.925000	13.913043	240.000000	320.000000
0	14.956000	13.913043	240.000000	320.000000
0	15.003000	13.913043	240.000000	320.000000
0	15.034000	13.913043	240.000000	320.000000
0	15.065000	13.913043	240.000000	320.000000
0	15.097000	13.913043	240.000000	320.000000
0	15.128000	13.913043	240.000000	320.000000
0	15.159000	13.913043	240.000000	320.000000
0	15.190000	13.913043	240.000000	320.000000
0	15.221000	13.913043	240.000000	320.000000
0	15.268000	13.913043	240.000000	320.000000
0	15.299000	13.913043	240.000000	320.000000
0	15.331000	13.913043	240.000000	320.000000
0	15.362000	13.913043	240.000000	320.000000
0	15.393000	13.913043	240.000000	320.000000
0	15.424000	13.913043	240.000000	320.000000
0	15.455000	13.913043	240.000000	320.000000
0	15.502000	13.913043	240.000000	320.000000
0	15.533000	13.913043	240.000000	320.000000
0	15.565000	13.913043	240.000000	320.000000
0	15.596000	13.913043	240.000000	320.000000
0	15.627000	13.913043	240.000000	320.000000
0	15.658000	13.913043	240.000000	320.000000
0	15.689000	13.913043	240.000000	320.000000
0	15.736000	13.913043	240.000000	320.000000
0	15.767000	13.913043	240.000000	320.000000
0	15.799000	13.913043	240.000000	320.000000
0	15.830000	13.913043	240.000000	320.000000
0	15.861000	13.913043	240.000000	320.000000
0	15.892000	13.913043	240.000000	320.000000
0	15.923000	13.913043	240.000000	320.000000
0	15.955000	13.913043	240.000000	320.000000
0	16.001000	13.913043	240.000000	320.000000
0	16.033000	13.913043	240.000000	320.000000
0	16.064000	13.913043	240.000000	320.000000
0	16.095000	13.913043	240.000000	320.000000
0	16.126000	13.913043	240.000000	320.000000
0	16.157000	13.913043	240.000000	320.000000
0	16.189000	13.913043	240.000000	320.000000
0	16.235000	13.913043	240.000000	320.000000
0	16.267000	13.913043	240.000000	320.000000
0	16.298000	13.913043	240.000000	320.000000
0	16.329000	13.913043	240.000000	320.000000
0	16.360000	13.913043	240.000000	320.000000
0	16.391000	13.913043	240.000000	320.000000
0	16.423000	13.913043	240.000000	320.000000
0	16.469000	13.913043	240.000000	320.000000
0	16.501000	13.913043	240.000000	320.000000
0	16.532000	13.913043	240.000000	320.000000
0	16.563000	13.913043	240.000000	320.000000
0	16.594000	13.913043	240.000000	320.000000
0	16.625000	13.913043	240.000000	320.000000
0	16.657000	13.913043	240.000000	320.000000
0	16.688000	13.913043	240.000000	320.000000
0	16.735000	13.913043	240.000000	320.000000
0	16.766000	13.913043	240.000000	320.000000
0	16.797000	13.913043	240.000000	320.000000
0	16.828000	13.913043	240.000000	320.000000
0	16.859000	13.913043	240.000000	320.000000
0	16.891000	13.913043	240.000000	320.000000
0	16.922000	13.913043	240.000000	320.000000
0	16.969000	13.913043	240.000000	320.000000
0	17.000000	13.913043	240.000000	320.000000
0	17.031000	13.913043	240.000000	320.000000
0	17.062000	13.913043	240.000000	320.000000
0	17.093000	13.913043	240.000000	320.000000
0	17.125000	13.913043	240.000000	320.000000
0	17.156000	13.913043	240.000000	320.000000
0	17.203000	13.913043	240.000000	320.000000
0	17.234000	13.913043	240.000000	320.000000
0	17.265000	13.913043	240.000000	320.000000
0	17.296000	13.913043	240.000000	320.000000
0	17.327000	13.913043	240.000000	320.000000
0	17.359000	13.913043	240.000000	320.000000
0	17.390000	13.913043	240.000000	320.000000
0	17.421000	13.913043	240.000000	320.000000
0	17.468000	13.913043	240.000000	320.000000
0	17.499000	13.913043	240.000000	320.000000
0	17.530000	13.913043	240.000000	320.000000
0	17.561000	13.913043	240.000000	320.000000
0	17.593000	13.913043	240.000000	320.000000
0	17.624000	13.913043	240.000000	320.000000
0	17.655000	13.913043	240.000000	320.000000
0	17.702000	13.913043	240.000000	320.000000
0	17.733000	13.913043	240.000000	320.000000
0	17.764000	13.913043	240.000000	320.000000
0	17.795000	13.913043	240.000000	320.000000
0	17.827000	13.913043	240.000000	320.000000
0	17.858000	13.913043	240.000000	320.000000
0	17.889000	13.913043	240.000000	320.000000
0	17.920000	13.913043	240.000000	320.000000
0	17.967000	13.913043	240.000000	320.000000
0	17.998000	13.913043	240.000000	320.000000
<\LEFT-PUPIL-DATA>
<RIGHT-PUPIL-ANALYSIS>
1
0	0	17	542	0	0	0.510000	17.518000	0.509000	99.710426	0.000000	0.000000	0.000000	0	1	1	1	1	0	0	0	0.000000	0.000000	0.000000	0.000000	0.000000	0.000000	0.000000	-1.000000	0.000000	1	1.290957	0.789065	1.308944	0.502265	0.329000	-0.584956	-2.433785	-1.000000	0.126440	1	1.290957	0.789065	1.308944	0.502265	0.329000	-0.614941	-2.433783	-1.000000	0.107963
<\RIGHT-PUPIL-ANALYSIS>
<LEFT-PUPIL-ANALYSIS>
1
0	0	17	542	0	0	0.510000	17.518000	0.509000	99.710426	0.000000	0.000000	0.000000	0	1	1	1	1	0	0	0	0.000000	0.000000	0.000000	0.000000	0.000000	0.000000	0.000000	-1.000000	0.000000	0	-0.034783	-0.034783	0.000950	0.000950	0.001000	0.000000	0.000000	-1.000000	0.000000	1	-0.034783	-0.034783	0.000950	0.000950	0.001000	-1000000.000000	-1000000.000000	-1.000000	0.000000
<\LEFT-PUPIL-ANALYSIS>
%%%%%%%%%
%%%%%%%%%
%%%%%%%%%
%%%	Measurement Tiime is: 2017-08-15 10:23:09
%%%	Subject ID is: c57-1mois-F6-2r
%%%	Note: 
%%%	RSS: Default Human Relative Spectral Sensitivity
%%%	Pupil Analysis:
%%%
%%%
%%%
%%%	Pulse Index:	0
%%%	Stimulus Session Index:	0
%%%	Right Pupil Stimulated
%%%	Light Metric is Photopic
%%%	Stimulus Start Time(sec):	0.51
%%%	Stimulus Duration(sec):	17.52
%%%	Stimulus Pulse Duration(sec):	0.51
%%%	Right Pulse:	99.71	(Red  )	-	0.00	(Red  )	[Lux ]
%%%	Left Pulse:	0.00	(Red  )	-	0.00	(Red  )	[Lux ]
%%%
%%%		RIGHT	LEFT	R.Pupil Mean	L.Pupil Mean	R.Stim Mean	R.Stim Mean
%%%	INPUT:	RAW DATA	RAW DATA
%%%	STATE:	ABNORMAL	ABNORMAL	ABNORMAL	ABNORMAL	ABNORMAL	ABNORMAL
%%%	MAX(mm):	0.00	0.00	0.00	0.00	0.00	0.00
%%%	MIN(mm):	0.00	0.00	0.00	0.00	0.00	0.00
%%%	DELTA(mm):						
%%%	CH(%):						
%%%	LAT(sec):	0.00	0.00	0.00	0.00	0.00	0.00
%%%	CV(mm/s):	0.00	0.00	0.00	0.00	0.00	0.00
%%%	MCV(mm/s):	0.00	0.00	0.00	0.00	0.00	0.00
%%%	DV(mm/s):	0.00	0.00	0.00	0.00	0.00	0.00
%%%%%%%%%
%%%%%%%%%
%%%%%%%%%
%%%	Right Pupil Profile (1st row -> 1 == valid tracking, 0 == invalid tracking; 2nd row -> time; 3rd row -> diameter (mm))
%%%	1	1	1	1	1	1	1	1	1	1	1	1	1	1	1	1	1	1	1	1	1	1	1	1	1	1	1	1	1	1	1	1	1	1	1	1	1	1	1	1	1	1	1	1	1	0	0	1	1	1	1	1	1	0	1	1	0	0	0	1	1	1	0	0	1	0	1	1	1	0	0	0	1	1	1	1	1	1	1	1	0	1	1	1	1	1	1	1	1	1	1	1	1	1	1	1	1	1	1	1	1	1	1	1	1	1	1	1	1	1	1	1	1	1	1	1	1	1	1	1	1	1	1	1	1	1	1	1	1	1	1	1	1	1	1	1	1	1	1	1	0	1	1	1	1	1	1	1	1	1	1	1	1	1	1	1	1	1	1	1	1	1	1	1	1	1	1	1	1	1	1	1	1	1	1	1	1	1	1	1	1	1	1	1	1	1	1	1	1	1	1	1	1	1	1	1	1	1	1	1	1	1	1	1	1	1	1	1	1	1	1	1	1	1	1	1	1	1	1	1	1	1	1	1	1	1	1	1	1	1	1	1	1	1	1	1	1	1	1	1	1	1	1	1	1	1	1	1	1	1	1	1	1	1	1	1	1	1	1	1	1	1	1	1	1	1	1	1	1	1	1	1	1	1	1	1	1	1	1	1	1	1	1	1	1	1	1	1	1	1	1	1	1	1	1	1	1	1	1	1	1	1	1	1	1	1	1	1	1	1	1	1	1	1	1	1	1	1	1	1	1	1	1	1	1	1	1	1	1	1	1	1	1	1	1	1	1	1	1	1	1	1	1	1	1	1	1	1	1	1	1	1	1	1	1	1	1	1	1	1	1	1	1	1	1	1	1	1	1	1	1	1	1	1	1	1	1	1	1	1	1	1	1	1	1	1	1	1	1	1	1	1	1	1	1	1	1	1	1	1	1	1	1	1	1	1	1	1	1	1	1	1	1	1	1	1	1	1	1	1	1	1	1	1	1	1	1	1	1	1	1	1	1	1	1	1	1	1	1	1	1	1	1	1	1	1	1	1	1	1	1	1	1	1	1	1	1	1	1	1	1	1	1	1	1	1	1	1	1	1	1	1	1	1	1	1	1	1	1	1	1	1	1	1	1	1	1	1	1	1	1	1	1	1	1	1	1	1	1	1	1	1	1	1	1	1	1	1	1	1	1	1	1	1	1	1	1	1	1	1	1	1	1	1	1	1	1	1	1	1	1	1	1	1	1	1	1	1	1	1	1	1	1
%%%	-0.066000	-0.019000	0.012000	0.043000	0.074000	0.105000	0.137000	0.168000	0.215000	0.246000	0.277000	0.308000	0.339000	0.371000	0.402000	0.433000	0.480000	0.511000	0.542000	0.573000	0.605000	0.636000	0.667000	0.714000	0.745000	0.776000	0.807000	0.839000	0.870000	0.901000	0.948000	0.979000	1.010000	1.041000	1.073000	1.104000	1.135000	1.166000	1.213000	1.244000	1.275000	1.307000	1.338000	1.369000	1.400000	1.447000	1.478000	1.509000	1.541000	1.572000	1.603000	1.634000	1.681000	1.712000	1.743000	1.775000	1.806000	1.837000	1.868000	1.899000	1.946000	1.977000	2.009000	2.040000	2.071000	2.102000	2.133000	2.180000	2.211000	2.243000	2.274000	2.305000	2.336000	2.367000	2.414000	2.445000	2.477000	2.508000	2.539000	2.570000	2.601000	2.633000	2.679000	2.711000	2.742000	2.773000	2.804000	2.835000	2.867000	2.898000	2.945000	2.976000	3.007000	3.038000	3.069000	3.101000	3.132000	3.179000	3.210000	3.241000	3.272000	3.303000	3.335000	3.366000	3.413000	3.444000	3.475000	3.506000	3.537000	3.569000	3.600000	3.631000	3.678000	3.709000	3.740000	3.771000	3.803000	3.834000	3.865000	3.912000	3.943000	3.974000	4.005000	4.037000	4.068000	4.099000	4.146000	4.177000	4.208000	4.239000	4.271000	4.302000	4.333000	4.364000	4.411000	4.442000	4.473000	4.505000	4.536000	4.567000	4.598000	4.645000	4.676000	4.707000	4.739000	4.770000	4.801000	4.832000	4.879000	4.910000	4.941000	4.973000	5.004000	5.035000	5.066000	5.097000	5.144000	5.175000	5.207000	5.238000	5.269000	5.300000	5.331000	5.378000	5.409000	5.441000	5.472000	5.503000	5.534000	5.565000	5.612000	5.643000	5.675000	5.706000	5.737000	5.768000	5.799000	5.831000	5.877000	5.909000	5.940000	5.971000	6.002000	6.033000	6.065000	6.111000	6.143000	6.174000	6.205000	6.236000	6.267000	6.299000	6.345000	6.377000	6.408000	6.439000	6.470000	6.501000	6.533000	6.564000	6.611000	6.642000	6.673000	6.704000	6.735000	6.767000	6.798000	6.829000	6.876000	6.907000	6.938000	6.969000	7.001000	7.032000	7.063000	7.110000	7.141000	7.172000	7.203000	7.235000	7.266000	7.297000	7.344000	7.375000	7.406000	7.437000	7.469000	7.500000	7.531000	7.562000	7.609000	7.640000	7.671000	7.703000	7.734000	7.765000	7.796000	7.843000	7.874000	7.905000	7.937000	7.968000	7.999000	8.030000	8.077000	8.108000	8.139000	8.171000	8.202000	8.233000	8.264000	8.295000	8.342000	8.373000	8.405000	8.436000	8.467000	8.498000	8.529000	8.576000	8.607000	8.639000	8.670000	8.701000	8.732000	8.763000	8.810000	8.841000	8.873000	8.904000	8.935000	8.966000	8.997000	9.029000	9.075000	9.107000	9.138000	9.169000	9.200000	9.231000	9.263000	9.309000	9.341000	9.372000	9.403000	9.434000	9.465000	9.497000	9.543000	9.575000	9.606000	9.637000	9.668000	9.699000	9.731000	9.762000	9.809000	9.840000	9.871000	9.902000	9.933000	9.965000	9.996000	10.043000	10.074000	10.105000	10.136000	10.167000	10.199000	10.230000	10.277000	10.308000	10.339000	10.370000	10.401000	10.433000	10.464000	10.495000	10.542000	10.573000	10.604000	10.635000	10.667000	10.698000	10.729000	10.776000	10.807000	10.838000	10.869000	10.901000	10.932000	10.963000	10.994000	11.041000	11.072000	11.103000	11.135000	11.166000	11.197000	11.228000	11.275000	11.306000	11.337000	11.369000	11.400000	11.431000	11.462000	11.509000	11.540000	11.571000	11.603000	11.634000	11.665000	11.696000	11.727000	11.774000	11.805000	11.837000	11.868000	11.899000	11.930000	11.961000	12.008000	12.039000	12.071000	12.102000	12.133000	12.164000	12.195000	12.242000	12.273000	12.305000	12.336000	12.367000	12.398000	12.429000	12.461000	12.507000	12.539000	12.570000	12.601000	12.632000	12.663000	12.695000	12.741000	12.773000	12.804000	12.835000	12.866000	12.897000	12.929000	12.960000	13.007000	13.038000	13.069000	13.100000	13.131000	13.163000	13.194000	13.241000	13.272000	13.303000	13.334000	13.365000	13.397000	13.428000	13.475000	13.506000	13.537000	13.568000	13.599000	13.631000	13.662000	13.693000	13.740000	13.771000	13.802000	13.833000	13.865000	13.896000	13.927000	13.974000	14.005000	14.036000	14.067000	14.099000	14.130000	14.161000	14.208000	14.239000	14.270000	14.301000	14.333000	14.364000	14.395000	14.426000	14.473000	14.504000	14.535000	14.567000	14.598000	14.629000	14.660000	14.707000	14.738000	14.769000	14.801000	14.832000	14.863000	14.894000	14.925000	14.972000	15.003000	15.035000	15.066000	15.097000	15.128000	15.159000	15.206000	15.237000	15.269000	15.300000	15.331000	15.362000	15.393000	15.440000	15.471000	15.503000	15.534000	15.565000	15.596000	15.627000	15.659000	15.705000	15.737000	15.768000	15.799000	15.830000	15.861000	15.893000	15.939000	15.971000	16.002000	16.033000	16.064000	16.095000	16.127000	16.173000	16.205000	16.236000	16.267000	16.298000	16.329000	16.361000	16.392000	16.439000	16.470000	16.501000	16.532000	16.563000	16.595000	16.626000	16.673000	16.704000	16.735000	16.766000	16.797000	16.829000	16.860000	16.907000	16.938000	16.969000	17.000000	17.031000	17.063000	17.094000	17.125000	17.172000	17.203000	17.234000	17.265000	17.297000	17.328000	17.359000	17.406000	17.437000	17.468000	17.499000	17.531000	17.562000	17.593000	17.640000	17.671000	17.702000	17.733000	17.765000	17.796000	17.827000	17.858000	17.905000	17.936000	17.967000	17.999000
%%%	1.248986	1.257246	1.273913	1.269565	1.283768	1.253188	1.267971	1.270290	1.240580	1.258116	1.272319	1.333333	1.268406	1.279420	1.310145	1.286957	1.278841	1.274638	1.274638	1.270290	1.287101	1.281159	1.286232	1.286957	1.286232	1.287536	1.301160	1.292899	1.269565	1.238116	1.205797	1.155362	1.159420	1.109275	1.109855	1.064638	1.024493	1.008696	0.988551	0.951159	0.915942	0.927536	0.916377	0.917246	0.884058	0.486957	0.813623	0.476667	0.857681	0.529275	0.848985	0.857681	0.853188	0.732029	0.539130	0.834783	0.497971	0.742898	0.689710	0.834203	0.842754	0.502319	0.794203	0.796812	0.918985	0.708116	0.918406	0.927681	0.927536	0.787536	0.742029	0.347826	0.990290	0.998985	0.939275	1.020145	0.951159	1.014493	1.039710	1.044058	0.852319	1.025942	1.017536	1.038986	1.050580	1.008696	1.034058	1.043478	1.029420	1.044058	1.048406	1.057102	1.029420	1.078261	1.055942	1.087536	1.078261	1.081015	1.090145	1.087681	1.079275	1.078261	1.096812	1.096812	1.078841	1.079855	1.088116	0.920725	1.088841	1.092464	1.098406	1.096667	1.100725	1.113043	1.095652	1.114203	1.084638	1.113043	1.096812	1.120725	1.100580	1.113768	1.098551	1.113043	1.104928	1.113043	1.097971	1.115072	1.129710	1.113043	1.100580	1.124638	1.100580	1.104928	1.078261	1.138551	1.121159	1.131014	1.122754	1.113043	0.740145	1.132029	1.140290	1.147826	1.136232	1.107536	1.136232	1.137536	1.117971	1.078841	1.117971	1.096812	1.131449	1.124638	1.137681	1.098841	1.122899	1.117971	1.111014	1.116377	1.114203	1.103768	1.147826	1.124493	1.142029	1.114058	1.123333	1.131594	1.132754	1.144493	1.132029	1.147826	1.131014	1.134928	1.131014	1.147826	1.153188	1.150580	1.171015	1.146812	1.135507	1.152029	1.152754	1.124638	1.159275	1.153333	1.163623	1.185942	1.166232	1.147826	1.136232	1.172899	1.147826	1.147826	1.150290	1.153768	1.162319	1.159855	1.150290	1.154493	1.182609	1.168841	1.185362	1.171160	1.192319	1.165217	1.176667	1.183768	1.160290	1.147826	1.159420	1.159420	1.158116	1.165942	1.159855	1.147826	1.167971	1.164203	1.168695	1.147826	1.151160	1.147826	1.189710	1.183768	1.159275	1.181014	1.166667	1.166812	1.152029	1.182609	1.190145	1.159710	1.179855	1.194638	1.182754	1.187681	1.190145	1.191884	1.197101	1.194638	1.182029	1.240580	1.203333	1.240580	1.207101	1.215797	1.212464	1.211884	1.194058	1.185797	1.201014	1.201014	1.171015	1.190290	1.202319	1.221159	1.218551	1.222754	1.215797	1.240580	1.147826	1.211884	1.205797	1.205072	1.220145	1.221159	1.220580	1.223188	1.220580	1.233188	1.206667	1.229275	1.220580	1.217391	1.212029	1.194203	1.231159	1.238116	1.240580	1.215797	1.229275	1.207536	1.232029	1.220145	1.214203	1.194638	1.212029	1.185797	1.220145	1.240580	1.205942	1.240580	1.212464	1.229275	1.225507	1.225507	1.222319	1.194203	1.179420	1.230580	1.232464	1.234058	1.229710	1.238116	1.209275	1.220145	1.209710	1.240580	1.202174	1.217391	1.190725	1.065797	1.199420	1.182609	1.213623	1.186377	1.201594	1.181014	1.181449	1.205797	1.183188	1.183333	1.207391	1.212029	1.228985	1.216232	1.203333	1.208696	1.216377	1.207681	1.212029	1.208551	1.228985	1.239710	1.182609	1.194203	1.195072	1.228985	1.207101	1.220580	1.194493	1.203623	1.201594	1.204203	1.200580	1.200580	1.209420	1.191159	1.215507	1.177101	1.166667	1.166377	1.147971	1.202754	1.147826	1.192464	1.199855	1.182609	1.203333	1.179275	1.216812	1.217391	1.198551	1.203333	1.217391	1.147826	1.187971	1.200000	1.194638	1.218551	1.212464	1.197246	1.217391	1.240580	1.189710	1.240580	1.205797	1.164058	1.147826	1.190725	1.203768	1.220725	1.194058	1.240580	1.207101	1.193768	1.217391	1.212029	1.229420	1.194203	1.220725	1.239130	1.211449	1.217391	1.202029	1.211884	1.231449	1.333333	1.211449	1.217391	1.240580	1.232464	1.209855	1.225073	1.198406	1.194203	1.201014	1.204928	1.194058	1.179710	1.204203	1.203333	1.184493	1.194203	1.179275	1.191884	1.212029	1.201160	1.214638	1.209420	1.214058	1.240580	1.212029	1.211449	1.212464	1.210580	1.211449	1.194203	1.205797	1.229420	1.212029	1.220145	1.212029	1.220145	1.252174	1.234783	1.229420	1.235362	1.221159	1.194203	1.236812	1.229420	1.220725	1.333333	1.240580	1.214203	1.221159	1.230580	1.216377	1.194203	1.217391	1.215217	1.226087	1.203768	1.229275	1.226667	1.240725	1.238116	1.220580	1.217391	1.242899	1.248840	1.220725	1.237536	1.225362	1.232029	1.211449	1.235362	1.258116	1.251014	1.231449	1.241884	1.220145	1.223188	1.214927	1.217391	1.240580	1.223188	1.217391	1.240580	1.240290	1.228841	1.242899	1.240290	1.222754	1.240580	1.240290	1.226812	1.238551	1.240580	1.240580	1.228985	1.237246	1.240290	1.211449	1.203333	1.227246	1.208551	1.225507	1.221015	1.229855	1.209275	1.183333	1.217391	1.192319	1.199855	1.200145	1.203768	1.099420	1.191884	1.179710	1.191304	1.188985	1.171159	1.159420	1.155507	1.190145	1.165072	1.204638	1.203333	1.182029	1.191884	1.194203	1.199420	1.190145	1.190145	1.147826	1.203188	1.217391	1.223333	1.217971	1.201884	1.220145	1.228985	1.203333	1.207101	1.202899	1.216232	1.220145	1.208551	1.238551	1.212464	1.220145
%%%	Left Pupil Profile (1st row -> 1 == valid tracking, 0 == invalid tracking; 2nd row -> time; 3rd row -> diameter (mm))
%%%	0	0	0	0	0	0	0	0	0	0	0	0	0	0	0	0	0	0	0	0	0	0	0	0	0	0	0	0	0	0	0	0	0	0	0	0	0	0	0	0	0	0	0	0	0	0	0	0	0	0	0	0	0	0	0	0	0	0	0	0	0	0	0	0	0	0	0	0	0	0	0	0	0	0	0	0	0	0	0	0	0	0	0	0	0	0	0	0	0	0	0	0	0	0	0	0	0	0	0	0	0	0	0	0	0	0	0	0	0	0	0	0	0	0	0	0	0	0	0	0	0	0	0	0	0	0	0	0	0	0	0	0	0	0	0	0	0	0	0	0	0	0	0	0	0	0	0	0	0	0	0	0	0	0	0	0	0	0	0	0	0	0	0	0	0	0	0	0	0	0	0	0	0	0	0	0	0	0	0	0	0	0	0	0	0	0	0	0	0	0	0	0	0	0	0	0	0	0	0	0	0	0	0	0	0	0	0	0	0	0	0	0	0	0	0	0	0	0	0	0	0	0	0	0	0	0	0	0	0	0	0	0	0	0	0	0	0	0	0	0	0	0	0	0	0	0	0	0	0	0	0	0	0	0	0	0	0	0	0	0	0	0	0	0	0	0	0	0	0	0	0	0	0	0	0	0	0	0	0	0	0	0	0	0	0	0	0	0	0	0	0	0	0	0	0	0	0	0	0	0	0	0	0	0	0	0	0	0	0	0	0	0	0	0	0	0	0	0	0	0	0	0	0	0	0	0	0	0	0	0	0	0	0	0	0	0	0	0	0	0	0	0	0	0	0	0	0	0	0	0	0	0	0	0	0	0	0	0	0	0	0	0	0	0	0	0	0	0	0	0	0	0	0	0	0	0	0	0	0	0	0	0	0	0	0	0	0	0	0	0	0	0	0	0	0	0	0	0	0	0	0	0	0	0	0	0	0	0	0	0	0	0	0	0	0	0	0	0	0	0	0	0	0	0	0	0	0	0	0	0	0	0	0	0	0	0	0	0	0	0	0	0	0	0	0	0	0	0	0	0	0	0	0	0	0	0	0	0	0	0	0	0	0	0	0	0	0	0	0	0	0	0	0	0	0	0	0	0	0	0	0	0	0	0	0	0	0	0	0	0	0	0	0	0	0	0	0	0	0	0	0	0	0	0	0	0	0	0	0	0	0	0	0	0	0	0	0	0	0	0	0	0	0	0	0	0	0	0	0	0	0	0	0	0	0	0	0	0	0	0	0	0	0
%%%	-0.067000	-0.035000	-0.004000	0.043000	0.074000	0.105000	0.136000	0.167000	0.199000	0.230000	0.277000	0.308000	0.339000	0.370000	0.401000	0.433000	0.464000	0.511000	0.542000	0.573000	0.604000	0.635000	0.667000	0.698000	0.729000	0.776000	0.807000	0.838000	0.869000	0.901000	0.932000	0.963000	1.010000	1.041000	1.072000	1.103000	1.135000	1.166000	1.197000	1.244000	1.275000	1.306000	1.337000	1.369000	1.400000	1.431000	1.462000	1.509000	1.540000	1.571000	1.603000	1.634000	1.665000	1.696000	1.743000	1.774000	1.805000	1.837000	1.868000	1.899000	1.930000	1.977000	2.008000	2.039000	2.071000	2.102000	2.133000	2.164000	2.195000	2.242000	2.273000	2.305000	2.336000	2.367000	2.398000	2.429000	2.476000	2.507000	2.539000	2.570000	2.601000	2.632000	2.663000	2.710000	2.741000	2.773000	2.804000	2.835000	2.866000	2.897000	2.929000	2.975000	3.007000	3.038000	3.069000	3.100000	3.131000	3.163000	3.194000	3.241000	3.272000	3.303000	3.334000	3.365000	3.397000	3.443000	3.475000	3.506000	3.537000	3.568000	3.599000	3.631000	3.662000	3.709000	3.740000	3.771000	3.802000	3.833000	3.865000	3.896000	3.927000	3.974000	4.005000	4.036000	4.067000	4.099000	4.130000	4.161000	4.208000	4.239000	4.270000	4.301000	4.333000	4.364000	4.395000	4.442000	4.473000	4.504000	4.535000	4.567000	4.598000	4.629000	4.660000	4.707000	4.738000	4.769000	4.801000	4.832000	4.863000	4.894000	4.941000	4.972000	5.003000	5.035000	5.066000	5.097000	5.128000	5.175000	5.206000	5.237000	5.269000	5.300000	5.331000	5.362000	5.393000	5.440000	5.471000	5.503000	5.534000	5.565000	5.596000	5.627000	5.674000	5.705000	5.737000	5.768000	5.799000	5.830000	5.861000	5.908000	5.939000	5.971000	6.002000	6.033000	6.064000	6.095000	6.127000	6.173000	6.205000	6.236000	6.267000	6.298000	6.329000	6.361000	6.407000	6.439000	6.470000	6.501000	6.532000	6.563000	6.595000	6.641000	6.673000	6.704000	6.735000	6.766000	6.797000	6.829000	6.860000	6.907000	6.938000	6.969000	7.000000	7.031000	7.063000	7.094000	7.141000	7.172000	7.203000	7.234000	7.265000	7.297000	7.328000	7.359000	7.406000	7.437000	7.468000	7.499000	7.531000	7.562000	7.593000	7.640000	7.671000	7.702000	7.733000	7.765000	7.796000	7.827000	7.858000	7.905000	7.936000	7.967000	7.999000	8.030000	8.061000	8.092000	8.139000	8.170000	8.201000	8.233000	8.264000	8.295000	8.326000	8.373000	8.404000	8.435000	8.467000	8.498000	8.529000	8.560000	8.591000	8.638000	8.669000	8.701000	8.732000	8.763000	8.794000	8.825000	8.872000	8.903000	8.935000	8.966000	8.997000	9.028000	9.059000	9.106000	9.137000	9.169000	9.200000	9.231000	9.262000	9.293000	9.325000	9.371000	9.403000	9.434000	9.465000	9.496000	9.527000	9.559000	9.605000	9.637000	9.668000	9.699000	9.730000	9.761000	9.793000	9.839000	9.871000	9.902000	9.933000	9.964000	9.995000	10.027000	10.058000	10.105000	10.136000	10.167000	10.198000	10.229000	10.261000	10.292000	10.339000	10.370000	10.401000	10.432000	10.463000	10.495000	10.526000	10.573000	10.604000	10.635000	10.666000	10.697000	10.729000	10.760000	10.791000	10.838000	10.869000	10.900000	10.931000	10.963000	10.994000	11.025000	11.072000	11.103000	11.134000	11.165000	11.197000	11.228000	11.259000	11.290000	11.337000	11.368000	11.399000	11.431000	11.462000	11.493000	11.524000	11.571000	11.602000	11.633000	11.665000	11.696000	11.727000	11.758000	11.805000	11.836000	11.867000	11.899000	11.930000	11.961000	11.992000	12.023000	12.070000	12.101000	12.133000	12.164000	12.195000	12.226000	12.257000	12.304000	12.335000	12.367000	12.398000	12.429000	12.460000	12.491000	12.538000	12.569000	12.601000	12.632000	12.663000	12.694000	12.725000	12.757000	12.803000	12.835000	12.866000	12.897000	12.928000	12.959000	12.991000	13.037000	13.069000	13.100000	13.131000	13.162000	13.193000	13.225000	13.256000	13.303000	13.334000	13.365000	13.396000	13.427000	13.459000	13.490000	13.537000	13.568000	13.599000	13.630000	13.661000	13.693000	13.724000	13.771000	13.802000	13.833000	13.864000	13.895000	13.927000	13.958000	13.989000	14.036000	14.067000	14.098000	14.129000	14.161000	14.192000	14.223000	14.270000	14.301000	14.332000	14.363000	14.395000	14.426000	14.457000	14.504000	14.535000	14.566000	14.597000	14.629000	14.660000	14.691000	14.722000	14.769000	14.800000	14.831000	14.863000	14.894000	14.925000	14.956000	15.003000	15.034000	15.065000	15.097000	15.128000	15.159000	15.190000	15.221000	15.268000	15.299000	15.331000	15.362000	15.393000	15.424000	15.455000	15.502000	15.533000	15.565000	15.596000	15.627000	15.658000	15.689000	15.736000	15.767000	15.799000	15.830000	15.861000	15.892000	15.923000	15.955000	16.001000	16.033000	16.064000	16.095000	16.126000	16.157000	16.189000	16.235000	16.267000	16.298000	16.329000	16.360000	16.391000	16.423000	16.469000	16.501000	16.532000	16.563000	16.594000	16.625000	16.657000	16.688000	16.735000	16.766000	16.797000	16.828000	16.859000	16.891000	16.922000	16.969000	17.000000	17.031000	17.062000	17.093000	17.125000	17.156000	17.203000	17.234000	17.265000	17.296000	17.327000	17.359000	17.390000	17.421000	17.468000	17.499000	17.530000	17.561000	17.593000	17.624000	17.655000	17.702000	17.733000	17.764000	17.795000	17.827000	17.858000	17.889000	17.920000	17.967000	17.998000
%%%	13.913043	13.913043	13.913043	13.913043	13.913043	13.913043	13.913043	13.913043	13.913043	13.913043	13.913043	13.913043	13.913043	13.913043	13.913043	13.913043	13.913043	13.913043	13.913043	13.913043	13.913043	13.913043	13.913043	13.913043	13.913043	13.913043	13.913043	13.913043	13.913043	13.913043	13.913043	13.913043	13.913043	13.913043	13.913043	13.913043	13.913043	13.913043	13.913043	13.913043	13.913043	13.913043	13.913043	13.913043	13.913043	13.913043	13.913043	13.913043	13.913043	13.913043	13.913043	13.913043	13.913043	13.913043	13.913043	13.913043	13.913043	13.913043	13.913043	13.913043	13.913043	13.913043	13.913043	13.913043	13.913043	13.913043	13.913043	13.913043	13.913043	13.913043	13.913043	13.913043	13.913043	13.913043	13.913043	13.913043	13.913043	13.913043	13.913043	13.913043	13.913043	13.913043	13.913043	13.913043	13.913043	13.913043	13.913043	13.913043	13.913043	13.913043	13.913043	13.913043	13.913043	13.913043	13.913043	13.913043	13.913043	13.913043	13.913043	13.913043	13.913043	13.913043	13.913043	13.913043	13.913043	13.913043	13.913043	13.913043	13.913043	13.913043	13.913043	13.913043	13.913043	13.913043	13.913043	13.913043	13.913043	13.913043	13.913043	13.913043	13.913043	13.913043	13.913043	13.913043	13.913043	13.913043	13.913043	13.913043	13.913043	13.913043	13.913043	13.913043	13.913043	13.913043	13.913043	13.913043	13.913043	13.913043	13.913043	13.913043	13.913043	13.913043	13.913043	13.913043	13.913043	13.913043	13.913043	13.913043	13.913043	13.913043	13.913043	13.913043	13.913043	13.913043	13.913043	13.913043	13.913043	13.913043	13.913043	13.913043	13.913043	13.913043	13.913043	13.913043	13.913043	13.913043	13.913043	13.913043	13.913043	13.913043	13.913043	13.913043	13.913043	13.913043	13.913043	13.913043	13.913043	13.913043	13.913043	13.913043	13.913043	13.913043	13.913043	13.913043	13.913043	13.913043	13.913043	13.913043	13.913043	13.913043	13.913043	13.913043	13.913043	13.913043	13.913043	13.913043	13.913043	13.913043	13.913043	13.913043	13.913043	13.913043	13.913043	13.913043	13.913043	13.913043	13.913043	13.913043	13.913043	13.913043	13.913043	13.913043	13.913043	13.913043	13.913043	13.913043	13.913043	13.913043	13.913043	13.913043	13.913043	13.913043	13.913043	13.913043	13.913043	13.913043	13.913043	13.913043	13.913043	13.913043	13.913043	13.913043	13.913043	13.913043	13.913043	13.913043	13.913043	13.913043	13.913043	13.913043	13.913043	13.913043	13.913043	13.913043	13.913043	13.913043	13.913043	13.913043	13.913043	13.913043	13.913043	13.913043	13.913043	13.913043	13.913043	13.913043	13.913043	13.913043	13.913043	13.913043	13.913043	13.913043	13.913043	13.913043	13.913043	13.913043	13.913043	13.913043	13.913043	13.913043	13.913043	13.913043	13.913043	13.913043	13.913043	13.913043	13.913043	13.913043	13.913043	13.913043	13.913043	13.913043	13.913043	13.913043	13.913043	13.913043	13.913043	13.913043	13.913043	13.913043	13.913043	13.913043	13.913043	13.913043	13.913043	13.913043	13.913043	13.913043	13.913043	13.913043	13.913043	13.913043	13.913043	13.913043	13.913043	13.913043	13.913043	13.913043	13.913043	13.913043	13.913043	13.913043	13.913043	13.913043	13.913043	13.913043	13.913043	13.913043	13.913043	13.913043	13.913043	13.913043	13.913043	13.913043	13.913043	13.913043	13.913043	13.913043	13.913043	13.913043	13.913043	13.913043	13.913043	13.913043	13.913043	13.913043	13.913043	13.913043	13.913043	13.913043	13.913043	13.913043	13.913043	13.913043	13.913043	13.913043	13.913043	13.913043	13.913043	13.913043	13.913043	13.913043	13.913043	13.913043	13.913043	13.913043	13.913043	13.913043	13.913043	13.913043	13.913043	13.913043	13.913043	13.913043	13.913043	13.913043	13.913043	13.913043	13.913043	13.913043	13.913043	13.913043	13.913043	13.913043	13.913043	13.913043	13.913043	13.913043	13.913043	13.913043	13.913043	13.913043	13.913043	13.913043	13.913043	13.913043	13.913043	13.913043	13.913043	13.913043	13.913043	13.913043	13.913043	13.913043	13.913043	13.913043	13.913043	13.913043	13.913043	13.913043	13.913043	13.913043	13.913043	13.913043	13.913043	13.913043	13.913043	13.913043	13.913043	13.913043	13.913043	13.913043	13.913043	13.913043	13.913043	13.913043	13.913043	13.913043	13.913043	13.913043	13.913043	13.913043	13.913043	13.913043	13.913043	13.913043	13.913043	13.913043	13.913043	13.913043	13.913043	13.913043	13.913043	13.913043	13.913043	13.913043	13.913043	13.913043	13.913043	13.913043	13.913043	13.913043	13.913043	13.913043	13.913043	13.913043	13.913043	13.913043	13.913043	13.913043	13.913043	13.913043	13.913043	13.913043	13.913043	13.913043	13.913043	13.913043	13.913043	13.913043	13.913043	13.913043	13.913043	13.913043	13.913043	13.913043	13.913043	13.913043	13.913043	13.913043	13.913043	13.913043	13.913043	13.913043	13.913043	13.913043	13.913043	13.913043	13.913043	13.913043	13.913043	13.913043	13.913043	13.913043	13.913043	13.913043	13.913043	13.913043	13.913043	13.913043	13.913043	13.913043	13.913043	13.913043	13.913043	13.913043	13.913043	13.913043	13.913043	13.913043	13.913043	13.913043	13.913043	13.913043	13.913043	13.913043	13.913043	13.913043	13.913043	13.913043	13.913043	13.913043	13.913043	13.913043	13.913043	13.913043	13.913043	13.913043	13.913043	13.913043	13.913043	13.913043	13.913043	13.913043	13.913043	13.913043	13.913043	13.913043	13.913043	13.913043	13.913043	13.913043	13.913043	13.913043	13.913043	13.913043	13.913043	13.913043	13.913043	13.913043	13.913043	13.913043	13.913043
%%%	Pulse Index	Stimulus Section Index	Stimulus Section Start Index	Stimulus Section End Index	Pupil Stimulated: 0 = Right, 1 = Left, 2 = Both	Light Metric: 0 = Photopic, 1 = Scopotic, 2 = Radiometric	Stimulus Start Time	Stimulus Duration	Stimulus Pulse Duration	Right Pulse Max Level	Right Pulse Max Color (0123 = WRGB)	Right Pulse Min Level	Right Pulse Min Color (0123 = WRGB)	Left Pulse Max Level	Left Pulse Max Color (0123 = WRGB)	Left Pulse Min Level	Left Pulse Min Color (0123 = WRGB)	Right Data Input Type (0 == RAW DATA, 1 == FITTED DATA, 2 == M. OVERRIDED)	Right ANALYSIS STATE (0 == ABNORMAL, 1 == NORMAL)	Right MAX (mm) (EMPTY if INVALID)	Right MIN (mm) (EMPTY if INVALID)	Right DELTA (mm) (EMPTY if INVALID)	Right CH (%) (EMPTY if INVALID)	Right LAT (sec) (EMPTY if INVALID)	Right CV (mm/s) (EMPTY if INVALID)	Right MCV (mm/s) (EMPTY if INVALID)	Right DV (mm/s) (EMPTY if INVALID)	Left Data Input Type (0 == RAW DATA, 1 == FITTED DATA, 2 == M. OVERRIDED)	Left ANALYSIS STATE (0 == ABNORMAL, 1 == NORMAL)	Left MAX (mm) (EMPTY if INVALID)	Left MIN (mm) (EMPTY if INVALID)	Left DELTA (mm) (EMPTY if INVALID)	Left CH (%) (EMPTY if INVALID)	Left LAT (sec) (EMPTY if INVALID)	Left CV (mm/s) (EMPTY if INVALID)	Left MCV (mm/s) (EMPTY if INVALID)	Left DV (mm/s) (EMPTY if INVALID)
%%%	0	0	17	542	0	0	0.51	17.52	0.51	99.71	1	0.00	1	0.00	1	0.00	1	0	0	0.00	0.00			0.00	0.00	0.00	0.00	0	0	0.00	0.00			0.00	0.00	0.00	0.00
%%%%%%%%%
%%%%%%%%%
%%%%%%%%%
<\SESSION>
