<SESSION>
<VERSION>
2
<\VERSION>
<DATE>
2017-08-15 10:00:24
<\DATE>
<SUBJECT-ID>
c57-1mois-F5-4.5r
<\SUBJECT-ID>
<NOTE>

<\NOTE>
<MIN-MAX-PLOT>
0.100000 51880.761719
<\MIN-MAX-PLOT>
<STIMULUS-DEFINED>
Default
Default Human Relative Spectral Sensitivity
1	0
1	0.500000	0.500000	17.000000	1	1	4.500000	-100.000000	0.100000	-100.000000	0
<\STIMULUS-DEFINED>
<STIMULUS-GENERATED>
4
0	0	0.000000	1	0.000000	0.000000	1	0.000000	0.000000
0	1	0.510000	1	129.044220	31625.173828	1	0.000000	0.000000
0	4	1.019000	1	0.000000	0.000000	1	0.000000	0.000000
-1	5	18.028999	0	0.000000	0.000000	0	0.000000	0.000000
<\STIMULUS-GENERATED>
<RIGHT-PUPIL-DATA>
543	1
1	-0.049000	1.165217	347.687500	319.187500
1	-0.018000	1.209275	347.950012	320.299988
1	0.013000	1.192319	348.118744	319.131256
1	0.044000	1.194203	348.000000	320.000000
1	0.075000	1.215797	348.156250	319.843750
1	0.107000	1.194058	348.656250	320.406250
1	0.138000	1.157971	349.887512	320.112488
1	0.185000	1.168551	349.193756	321.193756
1	0.216000	1.165362	349.493744	322.506256
1	0.247000	1.168551	348.756256	323.193756
1	0.278000	1.191449	348.868744	324.556244
1	0.309000	1.134928	348.356232	324.756256
1	0.341000	1.166667	348.762512	325.237488
1	0.372000	1.228985	348.000000	326.000000
1	0.419000	1.096667	349.318756	324.193756
1	0.450000	1.133188	349.231262	324.768738
1	0.481000	1.173913	349.562500	326.062500
1	0.512000	1.109275	348.812500	325.812500
0	0.543000	1.079420	350.024994	325.225006
0	0.575000	0.684058	341.000000	326.000000
0	0.606000	1.005362	349.256256	325.756256
1	0.653000	1.162319	349.500000	327.174988
1	0.684000	1.005362	349.993744	323.756256
1	0.715000	1.154928	349.593750	326.406250
1	0.746000	1.028841	350.843750	325.281250
1	0.777000	1.062029	350.774994	324.725006
1	0.809000	1.123333	350.406250	327.406250
0	0.840000	0.982029	351.375000	325.875000
0	0.871000	0.820725	346.193756	327.193756
0	0.918000	0.785507	354.512512	328.049988
0	0.949000	0.832609	353.243744	326.993744
0	0.980000	0.698985	345.693756	327.931244
0	1.011000	0.837971	351.537537	326.012329
0	1.043000	0.833623	352.475006	327.975006
1	1.074000	0.902754	349.531250	327.731262
0	1.105000	0.611449	354.206238	329.781250
1	1.152000	0.871884	350.149994	328.124969
0	1.183000	0.540725	354.218750	331.718750
1	1.214000	0.800000	351.000000	328.000000
0	1.245000	0.773913	351.000000	328.750000
0	1.277000	0.634203	351.875000	330.125000
0	1.308000	0.610290	352.531250	331.406250
0	1.339000	0.531014	352.625000	331.625000
0	1.386000	0.451159	346.431244	325.443756
1	1.417000	0.580290	351.899994	329.774994
0	1.448000	0.469565	352.500000	330.500000
1	1.479000	0.521594	352.493744	331.506256
0	1.511000	0.549420	352.593750	330.168762
1	1.542000	0.531014	351.625000	331.375000
0	1.573000	0.579710	351.000000	331.000000
0	1.604000	0.486957	352.000000	334.000000
0	1.651000	0.550145	351.100006	331.149994
0	1.682000	0.460870	352.250000	332.750000
0	1.713000	0.581014	350.906250	329.906250
1	1.745000	0.517536	352.206207	330.556244
1	1.776000	0.559275	351.218750	330.031250
1	1.807000	0.469565	352.500000	331.000000
1	1.838000	0.442899	351.875000	331.875000
1	1.885000	0.598406	350.393738	329.593750
1	1.916000	0.520145	351.481262	331.518799
0	1.947000	0.486957	352.000000	334.000000
1	1.979000	0.459855	351.568756	332.618744
0	2.010000	0.486957	352.000000	334.000000
0	2.041000	0.475072	351.600006	331.587494
0	2.072000	0.475362	351.000000	331.000000
1	2.119000	0.457536	351.368744	331.318756
1	2.150000	0.484058	350.968750	330.843750
1	2.181000	0.440725	351.906250	331.531250
0	2.213000	0.355942	346.418640	326.393616
1	2.244000	0.539710	352.250000	331.500000
1	2.275000	0.540290	351.475006	330.774994
0	2.306000	0.354203	344.481262	324.643799
1	2.337000	0.487101	350.043762	331.893738
0	2.384000	0.459855	346.381256	327.618744
0	2.415000	0.533333	351.000000	331.000000
0	2.447000	0.521739	350.000000	330.000000
0	2.478000	0.444637	348.524567	329.499664
1	2.509000	0.514203	350.100006	330.337494
1	2.540000	0.611014	349.600006	329.399994
1	2.571000	0.617536	349.118744	328.718781
0	2.618000	0.570580	349.881256	330.193756
0	2.649000	0.531594	350.350006	330.850006
0	2.681000	0.347826	345.031250	325.018738
1	2.712000	0.468986	350.750000	332.500000
0	2.743000	0.372899	345.243744	325.256256
0	2.774000	0.510145	350.000000	332.000000
1	2.805000	0.556667	350.993744	330.993744
1	2.852000	0.522319	350.500000	331.250000
0	2.883000	0.540290	350.475006	330.274994
0	2.915000	0.524493	349.531250	330.343750
1	2.946000	0.557101	350.987488	330.312500
1	2.977000	0.521739	351.250000	331.250000
1	3.008000	0.559275	351.218750	331.031250
1	3.039000	0.505072	351.768738	332.018738
1	3.071000	0.675072	349.324982	328.662506
1	3.117000	0.492319	351.443756	332.068756
1	3.149000	0.498985	351.568756	331.106232
1	3.180000	0.512029	351.656219	330.731171
1	3.211000	0.605942	351.281250	329.468750
1	3.242000	0.533333	351.500000	330.500000
1	3.273000	0.494058	352.156250	330.893738
0	3.305000	0.494493	351.837494	331.100006
0	3.336000	0.568406	351.087494	330.212494
1	3.383000	0.620580	350.662506	329.662506
1	3.414000	0.627681	350.481262	329.281250
1	3.445000	0.410290	345.093750	324.093750
1	3.476000	0.522319	351.500000	330.750000
0	3.507000	0.609855	347.725006	325.725006
0	3.539000	0.597246	351.593750	328.593750
1	3.570000	0.531014	352.375000	328.625000
1	3.617000	0.510290	352.156250	328.843750
1	3.648000	0.488986	352.012482	328.962494
0	3.679000	0.359855	345.418732	321.568756
1	3.710000	0.522754	352.256256	329.493744
1	3.741000	0.521594	352.243744	330.456268
1	3.773000	0.559275	352.218750	329.968750
1	3.804000	0.531449	353.381256	329.618744
1	3.851000	0.522899	352.475006	329.524994
0	3.882000	0.486957	353.000000	329.000000
0	3.913000	0.494928	346.143707	325.043732
1	3.944000	0.494493	353.024994	330.100006
1	3.975000	0.559275	352.218750	329.968750
0	4.007000	0.347826	259.381897	366.618103
0	4.038000	0.692029	351.081238	328.968750
1	4.069000	0.642464	352.793732	330.506256
1	4.116000	0.626812	352.018738	331.018738
0	4.147000	0.620290	351.687500	329.424988
0	4.178000	0.596812	351.712494	329.212494
1	4.209000	0.527246	352.662506	330.537506
0	4.241000	0.678986	349.500000	327.437500
0	4.272000	0.551594	352.387512	329.112488
0	4.303000	0.557681	352.912506	329.337494
1	4.350000	0.594928	351.918762	328.543762
0	4.381000	0.504348	352.437500	330.062500
0	4.412000	0.576667	351.856262	328.993713
0	4.443000	0.654203	350.087494	328.912506
0	4.475000	0.579710	353.000000	329.000000
0	4.506000	0.533333	351.500000	329.500000
0	4.537000	0.547971	352.431244	329.056244
0	4.584000	0.417246	345.756256	323.243744
1	4.615000	0.510145	352.500000	330.500000
1	4.646000	0.574493	352.812500	329.000000
1	4.677000	0.709275	351.125000	326.812500
1	4.709000	0.466232	352.193756	330.731232
1	4.740000	0.531449	352.418732	330.381256
0	4.771000	0.459710	346.600006	324.600006
1	4.802000	0.532029	352.606262	331.393738
0	4.849000	0.585507	352.500000	330.500000
0	4.880000	0.713043	350.000000	328.000000
0	4.911000	0.672464	348.000000	326.000000
0	4.943000	0.475362	345.000000	324.000000
0	4.974000	0.540290	352.462494	329.524994
1	5.005000	0.518841	351.799988	330.750000
0	5.036000	0.515362	351.412506	330.587494
1	5.083000	0.400580	344.875000	323.500000
1	5.114000	0.777681	349.875000	327.875000
1	5.145000	0.539710	352.500000	331.500000
0	5.177000	0.431449	344.993744	325.231232
0	5.208000	0.626087	349.000000	329.000000
0	5.239000	0.463623	344.531250	325.468750
0	5.270000	0.722754	348.381256	327.381256
0	5.317000	0.405797	344.000000	324.000000
1	5.348000	0.529275	351.600006	331.399994
0	5.379000	0.567971	351.093750	331.156250
0	5.411000	0.635797	350.131256	330.131256
1	5.442000	0.527101	351.318756	332.193756
0	5.473000	0.634203	350.375000	331.125000
0	5.504000	0.509855	345.662506	329.662506
1	5.535000	0.611449	351.218750	331.781250
0	5.582000	0.561449	351.000000	332.700012
0	5.613000	0.556377	346.993744	327.931244
0	5.645000	0.635942	350.199982	329.300018
1	5.676000	0.527246	351.537506	332.449982
0	5.707000	0.442899	344.500000	325.500000
1	5.738000	0.730435	349.000000	329.000000
0	5.769000	0.673333	349.362488	328.812500
1	5.816000	0.511449	351.406250	332.406250
0	5.847000	0.533333	352.500000	332.500000
1	5.879000	0.521594	351.493744	333.756256
1	5.910000	0.731014	349.250000	329.625000
0	5.941000	0.485507	346.012512	326.012512
0	5.972000	0.545072	345.543762	327.468750
0	6.003000	0.564638	351.875000	332.875000
1	6.050000	0.742898	348.687500	329.674988
0	6.081000	0.631594	350.850006	330.587494
0	6.113000	0.631884	350.500000	331.500000
0	6.144000	0.457536	352.118744	334.318756
1	6.175000	0.673333	350.625000	330.687500
0	6.206000	0.742029	350.000000	330.000000
0	6.237000	0.540725	351.718750	333.718750
1	6.269000	0.765217	348.000000	330.000000
0	6.315000	0.626087	350.750000	332.750000
1	6.347000	0.555362	351.975006	333.350006
0	6.378000	0.626087	350.500000	331.500000
0	6.409000	0.734783	348.750000	330.250000
0	6.440000	0.560870	345.000000	327.750000
0	6.471000	0.661449	350.750000	330.750000
0	6.503000	0.524928	351.337494	333.037506
1	6.549000	0.559275	351.031250	333.681274
0	6.581000	0.765217	349.000000	329.000000
1	6.612000	0.743623	349.681244	330.731232
1	6.643000	0.624928	350.975006	333.975006
1	6.674000	0.786812	349.068756	330.931244
0	6.705000	0.548985	351.800018	334.399994
1	6.737000	0.776812	349.000000	330.000000
0	6.783000	0.486957	352.000000	334.000000
0	6.815000	0.730435	350.000000	330.000000
1	6.846000	0.783188	349.049988	330.750000
0	6.877000	0.540725	344.531250	329.718750
1	6.908000	0.642899	352.750000	335.000000
1	6.939000	0.797681	352.037506	332.899994
1	6.971000	0.777681	349.812500	331.812500
1	7.002000	0.759855	350.556244	332.681244
0	7.049000	0.671159	352.656250	334.468750
1	7.080000	0.638116	352.131256	336.056244
0	7.111000	0.544928	349.000000	334.000000
1	7.142000	0.765217	348.687500	332.312500
1	7.173000	0.800580	348.125000	333.500000
0	7.205000	0.723043	348.618744	332.993744
1	7.236000	0.778841	348.799988	333.812500
1	7.267000	0.718406	349.006256	332.018768
0	7.314000	0.721594	350.368744	333.368744
0	7.345000	0.711884	349.024994	332.899994
0	7.376000	0.639710	350.774963	335.500000
1	7.407000	0.755942	349.875000	333.500000
1	7.439000	0.765217	348.000000	334.000000
0	7.470000	0.748841	350.118744	332.618744
1	7.501000	0.603188	352.387482	335.662506
1	7.548000	0.510145	351.500000	336.500000
1	7.579000	0.788986	348.975006	332.225006
1	7.610000	0.561884	351.806244	335.993744
1	7.641000	0.530725	351.662476	336.374634
1	7.673000	0.577681	351.812500	336.712463
0	7.704000	0.710145	350.187500	333.812500
1	7.735000	0.796232	349.062500	333.937500
1	7.782000	0.751594	349.562500	333.437500
1	7.813000	0.571159	351.906250	337.918701
0	7.844000	0.742029	348.799988	333.262512
1	7.875000	0.765217	348.000000	334.000000
0	7.907000	0.712899	347.243744	332.243744
0	7.938000	0.730435	349.000000	333.000000
1	7.969000	0.730435	349.750000	333.250000
0	8.000000	0.717971	349.187500	332.687500
1	8.047000	0.765217	348.000000	334.000000
1	8.078000	0.783188	350.125000	333.250000
0	8.109000	0.602899	350.000000	336.000000
1	8.141000	0.557536	351.943756	337.743744
0	8.172000	0.561449	352.062500	337.000000
1	8.203000	0.692899	350.968750	335.906250
1	8.234000	0.783333	349.768738	333.768738
0	8.281000	0.765217	348.000000	334.000000
0	8.312000	0.572754	352.149994	336.100006
1	8.343000	0.596812	352.087494	336.412506
0	8.375000	0.561884	351.806244	336.943756
0	8.406000	0.546232	352.806122	337.168732
1	8.437000	0.643478	353.000000	337.000000
1	8.468000	0.765217	348.000000	330.000000
1	8.515000	0.786812	349.731232	332.931244
0	8.546000	0.707101	349.156250	332.843750
0	8.577000	0.670145	350.687500	334.625000
0	8.609000	0.670725	350.787506	334.649994
0	8.640000	0.696377	349.343750	334.956238
0	8.671000	0.730435	349.000000	334.000000
1	8.702000	0.811884	348.712494	333.662506
1	8.733000	0.788406	348.750000	333.750000
1	8.780000	0.795072	349.062500	333.000000
1	8.811000	0.571159	351.218750	337.781250
1	8.843000	0.804928	348.812500	334.187500
1	8.874000	0.765217	348.000000	334.000000
0	8.905000	0.752319	349.181244	332.681244
0	8.936000	0.767102	348.493744	332.643768
1	8.967000	0.568406	350.899994	336.899994
1	9.014000	0.833623	348.975006	332.587494
0	9.045000	0.765217	348.000000	334.000000
1	9.077000	0.814058	348.693756	333.306244
0	9.108000	0.695652	350.000000	334.000000
1	9.139000	0.579275	351.818756	336.631256
0	9.170000	0.572319	345.156250	330.781250
0	9.201000	0.804348	349.125000	333.125000
1	9.248000	0.754058	349.618774	332.506226
0	9.279000	0.792464	349.024994	332.975006
1	9.311000	0.838551	348.437500	333.500000
1	9.342000	0.838116	348.506256	333.631256
1	9.373000	0.857681	348.337494	333.287506
1	9.404000	0.821014	348.937500	333.062500
1	9.435000	0.550725	351.825012	338.625000
0	9.467000	0.764058	349.225006	332.475006
1	9.513000	0.662464	352.518799	335.781250
1	9.545000	0.852174	349.000000	334.500000
0	9.576000	0.765217	352.000000	334.000000
0	9.607000	0.654928	344.093750	333.906250
0	9.638000	0.790580	349.968750	334.393738
0	9.669000	0.755362	350.100006	334.475006
0	9.701000	0.574928	352.181244	338.006256
1	9.747000	0.885362	347.531250	334.031250
1	9.779000	0.808696	349.000000	333.750000
0	9.810000	0.810290	348.343750	333.218750
1	9.841000	0.881015	347.968750	334.343750
0	9.872000	0.748551	349.718750	333.643738
1	9.903000	0.863768	348.375000	334.875000
0	9.935000	0.801015	349.006256	334.543732
1	9.981000	0.874058	348.118744	335.881256
1	10.013000	0.869565	347.875000	336.875000
0	10.044000	0.801159	349.475006	335.475006
1	10.075000	0.869565	347.812500	336.187500
1	10.106000	0.874638	347.906250	336.893738
1	10.137000	0.867681	347.781250	336.656250
1	10.169000	0.901159	347.837494	337.124969
0	10.200000	0.770145	346.062500	336.062500
0	10.247000	0.765797	346.000000	336.000000
0	10.278000	0.597246	352.643738	339.706238
1	10.309000	0.848985	348.462494	337.787506
0	10.340000	0.765217	348.000000	338.000000
1	10.371000	0.916812	348.187500	339.687500
1	10.403000	0.869565	347.125000	338.875000
0	10.434000	0.794638	349.931244	338.381256
1	10.481000	0.833768	349.431244	338.943756
0	10.512000	0.771159	349.393738	338.081238
0	10.543000	0.808116	349.812500	337.812500
1	10.574000	0.903768	348.450012	338.500000
1	10.605000	0.914493	348.262512	338.312500
0	10.637000	0.765217	344.000000	338.000000
0	10.668000	0.864058	348.212494	338.225006
1	10.715000	0.838116	348.443756	338.493744
0	10.746000	0.742898	351.312500	339.687500
0	10.777000	0.834928	348.993744	338.506256
0	10.808000	0.572754	352.850006	341.037506
0	10.839000	0.731014	344.500000	336.812500
0	10.871000	0.794493	349.537506	336.962494
0	10.902000	0.805942	350.843750	336.406250
1	10.933000	0.912899	347.631256	337.368744
1	10.980000	0.916377	347.693756	337.693756
0	11.011000	0.778841	350.187500	336.187500
1	11.042000	0.886667	348.687500	337.312500
1	11.073000	0.849275	349.237488	336.987488
1	11.105000	0.896667	347.443756	336.818756
0	11.136000	0.755651	344.912201	336.987823
1	11.167000	0.894058	347.843750	335.593750
1	11.214000	0.885362	348.031250	335.718750
0	11.245000	0.840580	349.187500	334.062500
1	11.276000	0.909855	347.774994	335.037506
0	11.307000	0.814058	348.693756	333.681244
1	11.339000	0.777681	350.237488	333.812500
1	11.370000	0.866231	348.969025	334.294220
0	11.401000	0.781159	350.000000	334.750000
1	11.432000	0.865072	347.993744	334.431244
0	11.479000	0.672319	343.343750	333.343750
1	11.510000	0.876812	347.862488	335.112488
1	11.541000	0.927681	346.656250	335.406250
0	11.573000	0.896232	346.875000	334.875000
1	11.604000	0.926667	347.312500	334.687500
0	11.635000	0.592029	343.981262	330.343750
0	11.666000	0.765217	348.000000	334.000000
0	11.713000	0.825507	348.125000	334.125000
1	11.744000	0.935073	347.500000	335.949890
1	11.775000	0.920725	347.556244	335.243744
1	11.807000	0.927536	346.900024	335.450012
1	11.838000	0.937536	346.968750	336.031250
1	11.869000	0.904928	347.000000	335.000000
1	11.900000	0.955507	347.306244	334.881256
0	11.931000	0.529420	341.368744	331.568756
0	11.978000	0.857971	348.000000	334.000000
1	12.009000	0.952029	347.193787	335.143677
0	12.041000	0.835942	349.024994	332.975006
1	12.072000	0.946812	347.131256	335.131256
1	12.103000	0.916377	348.406219	335.368744
1	12.134000	0.951594	346.937500	335.187500
1	12.165000	0.925072	347.631256	335.193756
1	12.212000	0.953623	347.500000	335.500000
1	12.243000	0.973768	346.993744	334.881256
1	12.275000	0.951159	347.193756	333.818756
1	12.306000	0.934203	348.625000	333.937500
1	12.337000	0.988551	348.643707	335.018768
1	12.368000	1.000145	348.118744	335.118744
1	12.399000	0.884203	349.718811	333.981262
0	12.446000	0.920725	350.243744	336.243744
1	12.477000	0.955507	346.693756	333.256256
0	12.509000	0.768841	346.706238	332.456238
0	12.540000	0.776812	342.000000	337.000000
0	12.571000	0.950725	344.000000	334.000000
0	12.602000	0.805507	349.212494	333.162506
1	12.633000	0.950725	345.500000	333.500000
1	12.665000	0.998841	345.862518	333.899994
1	12.711000	0.823188	349.000000	332.000000
1	12.743000	0.951594	346.812500	333.187500
1	12.774000	0.920580	345.225006	332.774994
1	12.805000	0.973913	347.250000	334.250000
1	12.836000	0.961884	347.068756	333.806244
0	12.867000	0.924493	348.343750	333.656250
1	12.899000	1.044638	346.975006	335.600006
1	12.945000	1.024638	347.112488	333.612488
1	12.977000	1.048985	346.337494	333.537506
1	13.008000	1.058116	346.156250	334.156250
1	13.039000	1.081449	346.462494	334.412506
0	13.070000	0.914203	349.337494	332.350006
1	13.101000	1.096812	346.225006	334.112518
1	13.133000	1.044638	347.012482	333.600006
1	13.179000	1.096667	346.243744	334.681244
1	13.211000	1.096232	346.750000	335.250000
1	13.242000	1.083768	346.212494	335.037506
1	13.273000	1.120145	346.031250	335.006226
1	13.304000	1.089855	345.000000	335.000000
1	13.335000	1.101884	346.318756	333.743744
1	13.367000	1.060870	347.500000	333.000000
1	13.398000	1.113188	345.993744	333.881256
1	13.445000	1.043478	344.000000	334.000000
1	13.476000	1.130435	347.000000	334.000000
1	13.507000	1.129420	346.193756	334.793732
1	13.538000	1.044058	346.500000	333.625000
1	13.569000	1.096232	347.250000	335.125000
1	13.601000	1.081015	347.218750	335.531250
1	13.632000	1.081594	346.443756	334.493744
0	13.679000	1.055072	347.750000	333.750000
0	13.710000	1.007681	347.493744	333.443756
1	13.741000	1.130725	347.125000	335.299988
0	13.772000	1.013188	346.931244	333.606232
1	13.803000	1.147971	346.543732	335.943756
1	13.835000	1.146377	346.750000	336.375000
1	13.866000	1.124638	346.000000	336.000000
1	13.913000	1.074928	346.693756	336.068756
1	13.944000	1.174493	346.625000	338.375000
1	13.975000	1.118986	347.093750	336.906250
1	14.006000	1.103623	347.231262	335.231262
0	14.037000	1.090290	347.818756	336.181244
1	14.069000	1.114203	346.475006	336.024994
1	14.100000	1.188116	346.462494	337.037506
0	14.131000	1.044058	346.562500	335.625000
1	14.178000	1.122463	347.044037	337.056427
0	14.209000	1.084203	347.468750	336.468750
0	14.240000	1.046812	347.981232	335.493744
1	14.271000	1.155362	346.975006	336.637482
1	14.303000	1.180145	346.993713	338.356262
1	14.334000	1.101015	346.306244	337.131256
1	14.365000	1.043478	344.000000	334.000000
1	14.412000	1.146232	346.768738	337.731262
0	14.443000	1.031884	345.000000	335.000000
0	14.474000	1.025507	347.187500	334.237488
1	14.505000	1.147246	346.487488	336.625000
1	14.537000	1.098406	348.206238	335.281250
1	14.568000	1.078841	346.000000	336.000000
0	14.599000	0.814203	341.287506	336.149994
1	14.646000	1.114203	347.524994	336.975006
1	14.677000	1.044058	346.000000	336.000000
0	14.708000	1.026667	349.750000	336.562500
1	14.739000	1.124638	346.000000	337.000000
1	14.771000	1.124058	346.899994	335.600006
1	14.802000	1.124927	347.475006	335.975006
1	14.833000	1.139710	347.125000	335.812500
1	14.864000	1.087536	346.875000	335.125000
1	14.911000	1.095072	347.250000	335.125000
1	14.942000	1.062029	347.225006	335.725006
1	14.973000	1.114203	346.524994	336.975006
0	15.005000	1.052029	347.443756	336.068756
1	15.036000	1.155362	346.399994	337.925018
0	15.067000	1.095072	346.137512	336.125000
1	15.098000	1.133333	346.700012	336.299988
1	15.145000	1.150580	347.031250	336.031250
1	15.176000	1.101159	345.837494	335.199982
1	15.207000	1.062464	347.218750	335.281250
1	15.239000	0.944928	349.625000	334.625000
1	15.270000	1.068551	346.731232	335.181244
1	15.301000	1.079420	345.587494	334.975006
1	15.332000	1.123333	346.031250	336.406250
1	15.363000	1.083623	346.056244	335.943756
0	15.410000	1.043478	347.000000	335.000000
1	15.441000	1.069420	346.681244	335.868744
1	15.473000	1.118986	346.531250	335.531250
1	15.504000	1.066812	346.218750	334.781250
1	15.535000	1.092898	347.318726	335.156250
1	15.566000	1.081015	347.456238	334.968750
1	15.597000	1.118986	346.343750	334.531250
1	15.644000	1.111594	346.562500	335.262512
1	15.675000	1.090580	346.812500	335.125000
1	15.707000	1.140725	346.393738	335.593750
1	15.738000	1.048841	346.681244	334.556244
1	15.769000	1.057102	346.250000	335.187500
1	15.800000	1.061014	346.743744	334.743744
0	15.831000	0.920145	349.218750	333.531250
1	15.878000	1.118986	346.031250	335.531250
0	15.909000	1.136232	348.000000	338.000000
1	15.941000	1.132464	346.212494	335.787506
1	15.972000	1.094058	347.156250	335.031250
1	16.003000	1.153623	346.375000	335.625000
1	16.034000	1.141449	346.600006	336.850006
1	16.065000	1.137536	346.818665	337.206177
1	16.097000	1.127101	346.068756	336.943756
1	16.143000	1.090290	345.931244	335.818756
1	16.175000	1.131449	346.081268	337.731232
1	16.206000	1.109855	346.587494	337.212494
0	16.237000	1.043478	347.000000	335.000000
0	16.268000	0.981449	346.850006	334.350006
1	16.299000	1.073333	345.687500	335.875000
0	16.331000	1.035362	346.549988	335.412476
0	16.377000	1.043333	345.506256	335.993744
1	16.409000	1.096667	346.756256	337.756256
1	16.440000	1.055072	348.000000	337.000000
0	16.471000	0.934203	348.500000	335.937500
1	16.502000	1.061594	346.250000	336.375000
1	16.533000	1.117971	346.937500	337.437500
1	16.565000	1.057681	346.712494	335.337494
1	16.611000	1.131449	346.693756	336.506256
0	16.643000	1.018551	347.600006	336.600006
1	16.674000	1.065942	346.981262	336.231262
1	16.705000	1.116812	346.937500	337.937500
1	16.736000	1.073333	347.562500	336.424988
0	16.767000	1.025072	346.243744	336.243744
1	16.799000	1.079420	346.475006	336.975006
0	16.830000	0.969710	348.068756	335.681244
1	16.877000	1.096232	347.000000	337.250000
1	16.908000	1.066667	346.500000	336.500000
1	16.939000	1.079420	346.975006	336.975006
1	16.970000	1.081014	346.968719	336.818695
1	17.001000	1.162029	346.475006	337.787506
0	17.033000	0.994058	347.156250	335.406250
0	17.064000	1.081159	347.031250	337.468750
1	17.111000	1.094638	346.368744	338.193756
1	17.142000	1.168116	346.237488	338.799988
0	17.173000	1.041015	346.243744	336.506256
1	17.204000	1.136377	346.156250	339.531250
1	17.235000	1.123188	346.875000	339.125000
1	17.267000	1.078261	347.000000	338.000000
1	17.298000	1.122899	346.975006	338.475006
1	17.329000	1.151160	346.056244	338.318756
1	17.376000	1.065942	346.218750	336.706238
1	17.407000	1.081594	346.993744	336.906281
1	17.438000	1.094493	347.225006	337.149994
1	17.469000	1.091304	346.968750	336.531250
1	17.501000	1.044058	346.500000	336.000000
0	17.532000	0.743623	341.318756	334.568756
1	17.563000	1.095652	347.000000	337.000000
1	17.610000	1.154928	346.406250	338.268738
0	17.641000	1.021014	347.793762	337.206238
1	17.672000	1.045942	345.993805	335.993683
1	17.703000	0.987971	348.243744	335.868744
1	17.735000	1.095652	346.125000	335.875000
1	17.766000	1.079420	346.975006	335.475006
0	17.797000	0.971159	348.968750	334.906250
0	17.844000	0.991449	348.743744	334.743744
1	17.875000	1.129710	346.481262	336.093750
0	17.906000	1.006377	345.975006	333.475006
1	17.937000	1.079420	346.975006	335.024994
1	17.969000	1.096232	346.250000	335.250000
1	18.000000	1.115217	346.993744	335.493744
<\RIGHT-PUPIL-DATA>
<LEFT-PUPIL-DATA>
542	0
0	-0.066000	13.913043	240.000000	320.000000
0	-0.019000	13.913043	240.000000	320.000000
0	0.012000	13.913043	240.000000	320.000000
0	0.043000	13.913043	240.000000	320.000000
0	0.075000	13.913043	240.000000	320.000000
0	0.106000	13.913043	240.000000	320.000000
0	0.137000	13.913043	240.000000	320.000000
0	0.168000	13.913043	240.000000	320.000000
0	0.199000	13.913043	240.000000	320.000000
0	0.246000	13.913043	240.000000	320.000000
0	0.277000	13.913043	240.000000	320.000000
0	0.309000	13.913043	240.000000	320.000000
0	0.340000	13.913043	240.000000	320.000000
0	0.371000	13.913043	240.000000	320.000000
0	0.402000	13.913043	240.000000	320.000000
0	0.433000	13.913043	240.000000	320.000000
0	0.480000	13.913043	240.000000	320.000000
0	0.511000	13.913043	240.000000	320.000000
0	0.543000	13.913043	240.000000	320.000000
0	0.574000	13.913043	240.000000	320.000000
0	0.605000	13.913043	240.000000	320.000000
0	0.636000	13.913043	240.000000	320.000000
0	0.667000	13.913043	240.000000	320.000000
0	0.699000	13.913043	240.000000	320.000000
0	0.745000	13.913043	240.000000	320.000000
0	0.777000	13.913043	240.000000	320.000000
0	0.808000	13.913043	240.000000	320.000000
0	0.839000	13.913043	240.000000	320.000000
0	0.870000	13.913043	240.000000	320.000000
0	0.901000	13.913043	240.000000	320.000000
0	0.933000	13.913043	240.000000	320.000000
0	0.979000	13.913043	240.000000	320.000000
0	1.011000	13.913043	240.000000	320.000000
0	1.042000	13.913043	240.000000	320.000000
0	1.073000	13.913043	240.000000	320.000000
0	1.104000	13.913043	240.000000	320.000000
0	1.135000	13.913043	240.000000	320.000000
0	1.167000	13.913043	240.000000	320.000000
0	1.213000	13.913043	240.000000	320.000000
0	1.245000	13.913043	240.000000	320.000000
0	1.276000	13.913043	240.000000	320.000000
0	1.307000	13.913043	240.000000	320.000000
0	1.338000	13.913043	240.000000	320.000000
0	1.369000	13.913043	240.000000	320.000000
0	1.401000	13.913043	240.000000	320.000000
0	1.432000	13.913043	240.000000	320.000000
0	1.479000	13.913043	240.000000	320.000000
0	1.510000	13.913043	240.000000	320.000000
0	1.541000	13.913043	240.000000	320.000000
0	1.572000	13.913043	240.000000	320.000000
0	1.603000	13.913043	240.000000	320.000000
0	1.635000	13.913043	240.000000	320.000000
0	1.666000	13.913043	240.000000	320.000000
0	1.713000	13.913043	240.000000	320.000000
0	1.744000	13.913043	240.000000	320.000000
0	1.775000	13.913043	240.000000	320.000000
0	1.806000	13.913043	240.000000	320.000000
0	1.837000	13.913043	240.000000	320.000000
0	1.869000	13.913043	240.000000	320.000000
0	1.900000	13.913043	240.000000	320.000000
0	1.947000	13.913043	240.000000	320.000000
0	1.978000	13.913043	240.000000	320.000000
0	2.009000	13.913043	240.000000	320.000000
0	2.040000	13.913043	240.000000	320.000000
0	2.071000	13.913043	240.000000	320.000000
0	2.103000	13.913043	240.000000	320.000000
0	2.134000	13.913043	240.000000	320.000000
0	2.165000	13.913043	240.000000	320.000000
0	2.212000	13.913043	240.000000	320.000000
0	2.243000	13.913043	240.000000	320.000000
0	2.274000	13.913043	240.000000	320.000000
0	2.305000	13.913043	240.000000	320.000000
0	2.337000	13.913043	240.000000	320.000000
0	2.368000	13.913043	240.000000	320.000000
0	2.399000	13.913043	240.000000	320.000000
0	2.446000	13.913043	240.000000	320.000000
0	2.477000	13.913043	240.000000	320.000000
0	2.508000	13.913043	240.000000	320.000000
0	2.539000	13.913043	240.000000	320.000000
0	2.571000	13.913043	240.000000	320.000000
0	2.602000	13.913043	240.000000	320.000000
0	2.633000	13.913043	240.000000	320.000000
0	2.680000	13.913043	240.000000	320.000000
0	2.711000	13.913043	240.000000	320.000000
0	2.742000	13.913043	240.000000	320.000000
0	2.773000	13.913043	240.000000	320.000000
0	2.805000	13.913043	240.000000	320.000000
0	2.836000	13.913043	240.000000	320.000000
0	2.867000	13.913043	240.000000	320.000000
0	2.898000	13.913043	240.000000	320.000000
0	2.945000	13.913043	240.000000	320.000000
0	2.976000	13.913043	240.000000	320.000000
0	3.007000	13.913043	240.000000	320.000000
0	3.039000	13.913043	240.000000	320.000000
0	3.070000	13.913043	240.000000	320.000000
0	3.101000	13.913043	240.000000	320.000000
0	3.132000	13.913043	240.000000	320.000000
0	3.179000	13.913043	240.000000	320.000000
0	3.210000	13.913043	240.000000	320.000000
0	3.241000	13.913043	240.000000	320.000000
0	3.273000	13.913043	240.000000	320.000000
0	3.304000	13.913043	240.000000	320.000000
0	3.335000	13.913043	240.000000	320.000000
0	3.366000	13.913043	240.000000	320.000000
0	3.413000	13.913043	240.000000	320.000000
0	3.444000	13.913043	240.000000	320.000000
0	3.475000	13.913043	240.000000	320.000000
0	3.507000	13.913043	240.000000	320.000000
0	3.538000	13.913043	240.000000	320.000000
0	3.569000	13.913043	240.000000	320.000000
0	3.600000	13.913043	240.000000	320.000000
0	3.631000	13.913043	240.000000	320.000000
0	3.678000	13.913043	240.000000	320.000000
0	3.709000	13.913043	240.000000	320.000000
0	3.741000	13.913043	240.000000	320.000000
0	3.772000	13.913043	240.000000	320.000000
0	3.803000	13.913043	240.000000	320.000000
0	3.834000	13.913043	240.000000	320.000000
0	3.865000	13.913043	240.000000	320.000000
0	3.912000	13.913043	240.000000	320.000000
0	3.943000	13.913043	240.000000	320.000000
0	3.975000	13.913043	240.000000	320.000000
0	4.006000	13.913043	240.000000	320.000000
0	4.037000	13.913043	240.000000	320.000000
0	4.068000	13.913043	240.000000	320.000000
0	4.099000	13.913043	240.000000	320.000000
0	4.146000	13.913043	240.000000	320.000000
0	4.177000	13.913043	240.000000	320.000000
0	4.209000	13.913043	240.000000	320.000000
0	4.240000	13.913043	240.000000	320.000000
0	4.271000	13.913043	240.000000	320.000000
0	4.302000	13.913043	240.000000	320.000000
0	4.333000	13.913043	240.000000	320.000000
0	4.365000	13.913043	240.000000	320.000000
0	4.411000	13.913043	240.000000	320.000000
0	4.443000	13.913043	240.000000	320.000000
0	4.474000	13.913043	240.000000	320.000000
0	4.505000	13.913043	240.000000	320.000000
0	4.536000	13.913043	240.000000	320.000000
0	4.567000	13.913043	240.000000	320.000000
0	4.599000	13.913043	240.000000	320.000000
0	4.630000	13.913043	240.000000	320.000000
0	4.677000	13.913043	240.000000	320.000000
0	4.708000	13.913043	240.000000	320.000000
0	4.739000	13.913043	240.000000	320.000000
0	4.770000	13.913043	240.000000	320.000000
0	4.801000	13.913043	240.000000	320.000000
0	4.833000	13.913043	240.000000	320.000000
0	4.864000	13.913043	240.000000	320.000000
0	4.911000	13.913043	240.000000	320.000000
0	4.942000	13.913043	240.000000	320.000000
0	4.973000	13.913043	240.000000	320.000000
0	5.004000	13.913043	240.000000	320.000000
0	5.035000	13.913043	240.000000	320.000000
0	5.067000	13.913043	240.000000	320.000000
0	5.098000	13.913043	240.000000	320.000000
0	5.145000	13.913043	240.000000	320.000000
0	5.176000	13.913043	240.000000	320.000000
0	5.207000	13.913043	240.000000	320.000000
0	5.238000	13.913043	240.000000	320.000000
0	5.269000	13.913043	240.000000	320.000000
0	5.301000	13.913043	240.000000	320.000000
0	5.332000	13.913043	240.000000	320.000000
0	5.363000	13.913043	240.000000	320.000000
0	5.410000	13.913043	240.000000	320.000000
0	5.441000	13.913043	240.000000	320.000000
0	5.472000	13.913043	240.000000	320.000000
0	5.503000	13.913043	240.000000	320.000000
0	5.535000	13.913043	240.000000	320.000000
0	5.566000	13.913043	240.000000	320.000000
0	5.597000	13.913043	240.000000	320.000000
0	5.644000	13.913043	240.000000	320.000000
0	5.675000	13.913043	240.000000	320.000000
0	5.706000	13.913043	240.000000	320.000000
0	5.737000	13.913043	240.000000	320.000000
0	5.769000	13.913043	240.000000	320.000000
0	5.800000	13.913043	240.000000	320.000000
0	5.831000	13.913043	240.000000	320.000000
0	5.878000	13.913043	240.000000	320.000000
0	5.909000	13.913043	240.000000	320.000000
0	5.940000	13.913043	240.000000	320.000000
0	5.971000	13.913043	240.000000	320.000000
0	6.003000	13.913043	240.000000	320.000000
0	6.034000	13.913043	240.000000	320.000000
0	6.065000	13.913043	240.000000	320.000000
0	6.096000	13.913043	240.000000	320.000000
0	6.143000	13.913043	240.000000	320.000000
0	6.174000	13.913043	240.000000	320.000000
0	6.205000	13.913043	240.000000	320.000000
0	6.237000	13.913043	240.000000	320.000000
0	6.268000	13.913043	240.000000	320.000000
0	6.299000	13.913043	240.000000	320.000000
0	6.330000	13.913043	240.000000	320.000000
0	6.377000	13.913043	240.000000	320.000000
0	6.408000	13.913043	240.000000	320.000000
0	6.439000	13.913043	240.000000	320.000000
0	6.471000	13.913043	240.000000	320.000000
0	6.502000	13.913043	240.000000	320.000000
0	6.533000	13.913043	240.000000	320.000000
0	6.564000	13.913043	240.000000	320.000000
0	6.611000	13.913043	240.000000	320.000000
0	6.642000	13.913043	240.000000	320.000000
0	6.673000	13.913043	240.000000	320.000000
0	6.705000	13.913043	240.000000	320.000000
0	6.736000	13.913043	240.000000	320.000000
0	6.767000	13.913043	240.000000	320.000000
0	6.798000	13.913043	240.000000	320.000000
0	6.829000	13.913043	240.000000	320.000000
0	6.876000	13.913043	240.000000	320.000000
0	6.907000	13.913043	240.000000	320.000000
0	6.939000	13.913043	240.000000	320.000000
0	6.970000	13.913043	240.000000	320.000000
0	7.001000	13.913043	240.000000	320.000000
0	7.032000	13.913043	240.000000	320.000000
0	7.063000	13.913043	240.000000	320.000000
0	7.110000	13.913043	240.000000	320.000000
0	7.141000	13.913043	240.000000	320.000000
0	7.173000	13.913043	240.000000	320.000000
0	7.204000	13.913043	240.000000	320.000000
0	7.235000	13.913043	240.000000	320.000000
0	7.266000	13.913043	240.000000	320.000000
0	7.297000	13.913043	240.000000	320.000000
0	7.344000	13.913043	240.000000	320.000000
0	7.375000	13.913043	240.000000	320.000000
0	7.407000	13.913043	240.000000	320.000000
0	7.438000	13.913043	240.000000	320.000000
0	7.469000	13.913043	240.000000	320.000000
0	7.500000	13.913043	240.000000	320.000000
0	7.531000	13.913043	240.000000	320.000000
0	7.563000	13.913043	240.000000	320.000000
0	7.609000	13.913043	240.000000	320.000000
0	7.641000	13.913043	240.000000	320.000000
0	7.672000	13.913043	240.000000	320.000000
0	7.703000	13.913043	240.000000	320.000000
0	7.734000	13.913043	240.000000	320.000000
0	7.765000	13.913043	240.000000	320.000000
0	7.797000	13.913043	240.000000	320.000000
0	7.843000	13.913043	240.000000	320.000000
0	7.875000	13.913043	240.000000	320.000000
0	7.906000	13.913043	240.000000	320.000000
0	7.937000	13.913043	240.000000	320.000000
0	7.968000	13.913043	240.000000	320.000000
0	7.999000	13.913043	240.000000	320.000000
0	8.031000	13.913043	240.000000	320.000000
0	8.077000	13.913043	240.000000	320.000000
0	8.109000	13.913043	240.000000	320.000000
0	8.140000	13.913043	240.000000	320.000000
0	8.171000	13.913043	240.000000	320.000000
0	8.202000	13.913043	240.000000	320.000000
0	8.233000	13.913043	240.000000	320.000000
0	8.265000	13.913043	240.000000	320.000000
0	8.296000	13.913043	240.000000	320.000000
0	8.343000	13.913043	240.000000	320.000000
0	8.374000	13.913043	240.000000	320.000000
0	8.405000	13.913043	240.000000	320.000000
0	8.436000	13.913043	240.000000	320.000000
0	8.467000	13.913043	240.000000	320.000000
0	8.499000	13.913043	240.000000	320.000000
0	8.530000	13.913043	240.000000	320.000000
0	8.561000	13.913043	240.000000	320.000000
0	8.608000	13.913043	240.000000	320.000000
0	8.639000	13.913043	240.000000	320.000000
0	8.670000	13.913043	240.000000	320.000000
0	8.701000	13.913043	240.000000	320.000000
0	8.733000	13.913043	240.000000	320.000000
0	8.764000	13.913043	240.000000	320.000000
0	8.795000	13.913043	240.000000	320.000000
0	8.842000	13.913043	240.000000	320.000000
0	8.873000	13.913043	240.000000	320.000000
0	8.904000	13.913043	240.000000	320.000000
0	8.935000	13.913043	240.000000	320.000000
0	8.967000	13.913043	240.000000	320.000000
0	8.998000	13.913043	240.000000	320.000000
0	9.029000	13.913043	240.000000	320.000000
0	9.076000	13.913043	240.000000	320.000000
0	9.107000	13.913043	240.000000	320.000000
0	9.138000	13.913043	240.000000	320.000000
0	9.169000	13.913043	240.000000	320.000000
0	9.201000	13.913043	240.000000	320.000000
0	9.232000	13.913043	240.000000	320.000000
0	9.263000	13.913043	240.000000	320.000000
0	9.294000	13.913043	240.000000	320.000000
0	9.341000	13.913043	240.000000	320.000000
0	9.372000	13.913043	240.000000	320.000000
0	9.403000	13.913043	240.000000	320.000000
0	9.435000	13.913043	240.000000	320.000000
0	9.466000	13.913043	240.000000	320.000000
0	9.497000	13.913043	240.000000	320.000000
0	9.528000	13.913043	240.000000	320.000000
0	9.575000	13.913043	240.000000	320.000000
0	9.606000	13.913043	240.000000	320.000000
0	9.637000	13.913043	240.000000	320.000000
0	9.669000	13.913043	240.000000	320.000000
0	9.700000	13.913043	240.000000	320.000000
0	9.731000	13.913043	240.000000	320.000000
0	9.762000	13.913043	240.000000	320.000000
0	9.809000	13.913043	240.000000	320.000000
0	9.840000	13.913043	240.000000	320.000000
0	9.871000	13.913043	240.000000	320.000000
0	9.903000	13.913043	240.000000	320.000000
0	9.934000	13.913043	240.000000	320.000000
0	9.965000	13.913043	240.000000	320.000000
0	9.996000	13.913043	240.000000	320.000000
0	10.027000	13.913043	240.000000	320.000000
0	10.074000	13.913043	240.000000	320.000000
0	10.105000	13.913043	240.000000	320.000000
0	10.137000	13.913043	240.000000	320.000000
0	10.168000	13.913043	240.000000	320.000000
0	10.199000	13.913043	240.000000	320.000000
0	10.230000	13.913043	240.000000	320.000000
0	10.261000	13.913043	240.000000	320.000000
0	10.308000	13.913043	240.000000	320.000000
0	10.339000	13.913043	240.000000	320.000000
0	10.371000	13.913043	240.000000	320.000000
0	10.402000	13.913043	240.000000	320.000000
0	10.433000	13.913043	240.000000	320.000000
0	10.464000	13.913043	240.000000	320.000000
0	10.495000	13.913043	240.000000	320.000000
0	10.542000	13.913043	240.000000	320.000000
0	10.573000	13.913043	240.000000	320.000000
0	10.605000	13.913043	240.000000	320.000000
0	10.636000	13.913043	240.000000	320.000000
0	10.667000	13.913043	240.000000	320.000000
0	10.698000	13.913043	240.000000	320.000000
0	10.729000	13.913043	240.000000	320.000000
0	10.761000	13.913043	240.000000	320.000000
0	10.807000	13.913043	240.000000	320.000000
0	10.839000	13.913043	240.000000	320.000000
0	10.870000	13.913043	240.000000	320.000000
0	10.901000	13.913043	240.000000	320.000000
0	10.932000	13.913043	240.000000	320.000000
0	10.963000	13.913043	240.000000	320.000000
0	10.995000	13.913043	240.000000	320.000000
0	11.041000	13.913043	240.000000	320.000000
0	11.073000	13.913043	240.000000	320.000000
0	11.104000	13.913043	240.000000	320.000000
0	11.135000	13.913043	240.000000	320.000000
0	11.166000	13.913043	240.000000	320.000000
0	11.197000	13.913043	240.000000	320.000000
0	11.229000	13.913043	240.000000	320.000000
0	11.275000	13.913043	240.000000	320.000000
0	11.307000	13.913043	240.000000	320.000000
0	11.338000	13.913043	240.000000	320.000000
0	11.369000	13.913043	240.000000	320.000000
0	11.400000	13.913043	240.000000	320.000000
0	11.431000	13.913043	240.000000	320.000000
0	11.463000	13.913043	240.000000	320.000000
0	11.494000	13.913043	240.000000	320.000000
0	11.541000	13.913043	240.000000	320.000000
0	11.572000	13.913043	240.000000	320.000000
0	11.603000	13.913043	240.000000	320.000000
0	11.634000	13.913043	240.000000	320.000000
0	11.665000	13.913043	240.000000	320.000000
0	11.697000	13.913043	240.000000	320.000000
0	11.728000	13.913043	240.000000	320.000000
0	11.775000	13.913043	240.000000	320.000000
0	11.806000	13.913043	240.000000	320.000000
0	11.837000	13.913043	240.000000	320.000000
0	11.868000	13.913043	240.000000	320.000000
0	11.899000	13.913043	240.000000	320.000000
0	11.931000	13.913043	240.000000	320.000000
0	11.962000	13.913043	240.000000	320.000000
0	12.009000	13.913043	240.000000	320.000000
0	12.040000	13.913043	240.000000	320.000000
0	12.071000	13.913043	240.000000	320.000000
0	12.102000	13.913043	240.000000	320.000000
0	12.133000	13.913043	240.000000	320.000000
0	12.165000	13.913043	240.000000	320.000000
0	12.196000	13.913043	240.000000	320.000000
0	12.227000	13.913043	240.000000	320.000000
0	12.274000	13.913043	240.000000	320.000000
0	12.305000	13.913043	240.000000	320.000000
0	12.336000	13.913043	240.000000	320.000000
0	12.367000	13.913043	240.000000	320.000000
0	12.399000	13.913043	240.000000	320.000000
0	12.430000	13.913043	240.000000	320.000000
0	12.461000	13.913043	240.000000	320.000000
0	12.508000	13.913043	240.000000	320.000000
0	12.539000	13.913043	240.000000	320.000000
0	12.570000	13.913043	240.000000	320.000000
0	12.601000	13.913043	240.000000	320.000000
0	12.633000	13.913043	240.000000	320.000000
0	12.664000	13.913043	240.000000	320.000000
0	12.695000	13.913043	240.000000	320.000000
0	12.726000	13.913043	240.000000	320.000000
0	12.773000	13.913043	240.000000	320.000000
0	12.804000	13.913043	240.000000	320.000000
0	12.835000	13.913043	240.000000	320.000000
0	12.867000	13.913043	240.000000	320.000000
0	12.898000	13.913043	240.000000	320.000000
0	12.929000	13.913043	240.000000	320.000000
0	12.960000	13.913043	240.000000	320.000000
0	13.007000	13.913043	240.000000	320.000000
0	13.038000	13.913043	240.000000	320.000000
0	13.069000	13.913043	240.000000	320.000000
0	13.101000	13.913043	240.000000	320.000000
0	13.132000	13.913043	240.000000	320.000000
0	13.163000	13.913043	240.000000	320.000000
0	13.194000	13.913043	240.000000	320.000000
0	13.225000	13.913043	240.000000	320.000000
0	13.272000	13.913043	240.000000	320.000000
0	13.303000	13.913043	240.000000	320.000000
0	13.335000	13.913043	240.000000	320.000000
0	13.366000	13.913043	240.000000	320.000000
0	13.397000	13.913043	240.000000	320.000000
0	13.428000	13.913043	240.000000	320.000000
0	13.459000	13.913043	240.000000	320.000000
0	13.506000	13.913043	240.000000	320.000000
0	13.537000	13.913043	240.000000	320.000000
0	13.569000	13.913043	240.000000	320.000000
0	13.600000	13.913043	240.000000	320.000000
0	13.631000	13.913043	240.000000	320.000000
0	13.662000	13.913043	240.000000	320.000000
0	13.693000	13.913043	240.000000	320.000000
0	13.740000	13.913043	240.000000	320.000000
0	13.771000	13.913043	240.000000	320.000000
0	13.803000	13.913043	240.000000	320.000000
0	13.834000	13.913043	240.000000	320.000000
0	13.865000	13.913043	240.000000	320.000000
0	13.896000	13.913043	240.000000	320.000000
0	13.927000	13.913043	240.000000	320.000000
0	13.959000	13.913043	240.000000	320.000000
0	14.005000	13.913043	240.000000	320.000000
0	14.037000	13.913043	240.000000	320.000000
0	14.068000	13.913043	240.000000	320.000000
0	14.099000	13.913043	240.000000	320.000000
0	14.130000	13.913043	240.000000	320.000000
0	14.161000	13.913043	240.000000	320.000000
0	14.193000	13.913043	240.000000	320.000000
0	14.239000	13.913043	240.000000	320.000000
0	14.271000	13.913043	240.000000	320.000000
0	14.302000	13.913043	240.000000	320.000000
0	14.333000	13.913043	240.000000	320.000000
0	14.364000	13.913043	240.000000	320.000000
0	14.395000	13.913043	240.000000	320.000000
0	14.427000	13.913043	240.000000	320.000000
0	14.473000	13.913043	240.000000	320.000000
0	14.505000	13.913043	240.000000	320.000000
0	14.536000	13.913043	240.000000	320.000000
0	14.567000	13.913043	240.000000	320.000000
0	14.598000	13.913043	240.000000	320.000000
0	14.629000	13.913043	240.000000	320.000000
0	14.661000	13.913043	240.000000	320.000000
0	14.692000	13.913043	240.000000	320.000000
0	14.739000	13.913043	240.000000	320.000000
0	14.770000	13.913043	240.000000	320.000000
0	14.801000	13.913043	240.000000	320.000000
0	14.832000	13.913043	240.000000	320.000000
0	14.863000	13.913043	240.000000	320.000000
0	14.895000	13.913043	240.000000	320.000000
0	14.926000	13.913043	240.000000	320.000000
0	14.973000	13.913043	240.000000	320.000000
0	15.004000	13.913043	240.000000	320.000000
0	15.035000	13.913043	240.000000	320.000000
0	15.066000	13.913043	240.000000	320.000000
0	15.097000	13.913043	240.000000	320.000000
0	15.129000	13.913043	240.000000	320.000000
0	15.160000	13.913043	240.000000	320.000000
0	15.207000	13.913043	240.000000	320.000000
0	15.238000	13.913043	240.000000	320.000000
0	15.269000	13.913043	240.000000	320.000000
0	15.300000	13.913043	240.000000	320.000000
0	15.331000	13.913043	240.000000	320.000000
0	15.363000	13.913043	240.000000	320.000000
0	15.394000	13.913043	240.000000	320.000000
0	15.425000	13.913043	240.000000	320.000000
0	15.472000	13.913043	240.000000	320.000000
0	15.503000	13.913043	240.000000	320.000000
0	15.534000	13.913043	240.000000	320.000000
0	15.565000	13.913043	240.000000	320.000000
0	15.597000	13.913043	240.000000	320.000000
0	15.628000	13.913043	240.000000	320.000000
0	15.659000	13.913043	240.000000	320.000000
0	15.706000	13.913043	240.000000	320.000000
0	15.737000	13.913043	240.000000	320.000000
0	15.768000	13.913043	240.000000	320.000000
0	15.799000	13.913043	240.000000	320.000000
0	15.831000	13.913043	240.000000	320.000000
0	15.862000	13.913043	240.000000	320.000000
0	15.893000	13.913043	240.000000	320.000000
0	15.940000	13.913043	240.000000	320.000000
0	15.971000	13.913043	240.000000	320.000000
0	16.002000	13.913043	240.000000	320.000000
0	16.033000	13.913043	240.000000	320.000000
0	16.065000	13.913043	240.000000	320.000000
0	16.096000	13.913043	240.000000	320.000000
0	16.127000	13.913043	240.000000	320.000000
0	16.158000	13.913043	240.000000	320.000000
0	16.205000	13.913043	240.000000	320.000000
0	16.236000	13.913043	240.000000	320.000000
0	16.267000	13.913043	240.000000	320.000000
0	16.299000	13.913043	240.000000	320.000000
0	16.330000	13.913043	240.000000	320.000000
0	16.361000	13.913043	240.000000	320.000000
0	16.392000	13.913043	240.000000	320.000000
0	16.439000	13.913043	240.000000	320.000000
0	16.470000	13.913043	240.000000	320.000000
0	16.501000	13.913043	240.000000	320.000000
0	16.533000	13.913043	240.000000	320.000000
0	16.564000	13.913043	240.000000	320.000000
0	16.595000	13.913043	240.000000	320.000000
0	16.626000	13.913043	240.000000	320.000000
0	16.657000	13.913043	240.000000	320.000000
0	16.704000	13.913043	240.000000	320.000000
0	16.735000	13.913043	240.000000	320.000000
0	16.767000	13.913043	240.000000	320.000000
0	16.798000	13.913043	240.000000	320.000000
0	16.829000	13.913043	240.000000	320.000000
0	16.860000	13.913043	240.000000	320.000000
0	16.891000	13.913043	240.000000	320.000000
0	16.938000	13.913043	240.000000	320.000000
0	16.969000	13.913043	240.000000	320.000000
0	17.001000	13.913043	240.000000	320.000000
0	17.032000	13.913043	240.000000	320.000000
0	17.063000	13.913043	240.000000	320.000000
0	17.094000	13.913043	240.000000	320.000000
0	17.125000	13.913043	240.000000	320.000000
0	17.172000	13.913043	240.000000	320.000000
0	17.203000	13.913043	240.000000	320.000000
0	17.235000	13.913043	240.000000	320.000000
0	17.266000	13.913043	240.000000	320.000000
0	17.297000	13.913043	240.000000	320.000000
0	17.328000	13.913043	240.000000	320.000000
0	17.359000	13.913043	240.000000	320.000000
0	17.391000	13.913043	240.000000	320.000000
0	17.437000	13.913043	240.000000	320.000000
0	17.469000	13.913043	240.000000	320.000000
0	17.500000	13.913043	240.000000	320.000000
0	17.531000	13.913043	240.000000	320.000000
0	17.562000	13.913043	240.000000	320.000000
0	17.593000	13.913043	240.000000	320.000000
0	17.625000	13.913043	240.000000	320.000000
0	17.671000	13.913043	240.000000	320.000000
0	17.703000	13.913043	240.000000	320.000000
0	17.734000	13.913043	240.000000	320.000000
0	17.765000	13.913043	240.000000	320.000000
0	17.796000	13.913043	240.000000	320.000000
0	17.827000	13.913043	240.000000	320.000000
0	17.859000	13.913043	240.000000	320.000000
0	17.890000	13.913043	240.000000	320.000000
0	17.937000	13.913043	240.000000	320.000000
0	17.968000	13.913043	240.000000	320.000000
<\LEFT-PUPIL-DATA>
<RIGHT-PUPIL-ANALYSIS>
1
0	0	17	542	0	0	0.510000	17.518999	0.509000	31625.173828	0.000000	0.000000	0.000000	0	1	1	1	1	0	0	0	0.000000	0.000000	0.000000	0.000000	0.000000	0.000000	0.000000	-1.000000	0.000000	0	1.132564	0.446569	1.007773	0.157147	2.826000	-0.229047	-1.056019	-1.000000	0.113200	1	1.132564	0.446569	1.007773	0.157147	2.826000	-0.831572	-0.940226	-1.000000	0.096158
<\RIGHT-PUPIL-ANALYSIS>
<LEFT-PUPIL-ANALYSIS>
1
0	0	17	541	0	0	0.510000	17.518999	0.509000	31625.173828	0.000000	0.000000	0.000000	0	1	1	1	1	0	0	0	0.000000	0.000000	0.000000	0.000000	0.000000	0.000000	0.000000	-1.000000	0.000000	0	-0.034783	-0.034783	0.000950	0.000950	0.001000	0.000000	0.000000	-1.000000	0.000000	1	-0.034783	-0.034783	0.000950	0.000950	0.001000	-1000000.000000	-1000000.000000	-1.000000	0.000000
<\LEFT-PUPIL-ANALYSIS>
%%%%%%%%%
%%%%%%%%%
%%%%%%%%%
%%%	Measurement Tiime is: 2017-08-15 10:00:24
%%%	Subject ID is: c57-1mois-F5-4.5r
%%%	Note: 
%%%	RSS: Default Human Relative Spectral Sensitivity
%%%	Pupil Analysis:
%%%
%%%
%%%
%%%	Pulse Index:	0
%%%	Stimulus Session Index:	0
%%%	Right Pupil Stimulated
%%%	Light Metric is Photopic
%%%	Stimulus Start Time(sec):	0.51
%%%	Stimulus Duration(sec):	17.52
%%%	Stimulus Pulse Duration(sec):	0.51
%%%	Right Pulse:	31625.17	(Red  )	-	0.00	(Red  )	[Lux ]
%%%	Left Pulse:	0.00	(Red  )	-	0.00	(Red  )	[Lux ]
%%%
%%%		RIGHT	LEFT	R.Pupil Mean	L.Pupil Mean	R.Stim Mean	R.Stim Mean
%%%	INPUT:	RAW DATA	RAW DATA
%%%	STATE:	ABNORMAL	ABNORMAL	ABNORMAL	ABNORMAL	ABNORMAL	ABNORMAL
%%%	MAX(mm):	0.00	0.00	0.00	0.00	0.00	0.00
%%%	MIN(mm):	0.00	0.00	0.00	0.00	0.00	0.00
%%%	DELTA(mm):						
%%%	CH(%):						
%%%	LAT(sec):	0.00	0.00	0.00	0.00	0.00	0.00
%%%	CV(mm/s):	0.00	0.00	0.00	0.00	0.00	0.00
%%%	MCV(mm/s):	0.00	0.00	0.00	0.00	0.00	0.00
%%%	DV(mm/s):	0.00	0.00	0.00	0.00	0.00	0.00
%%%%%%%%%
%%%%%%%%%
%%%%%%%%%
%%%	Right Pupil Profile (1st row -> 1 == valid tracking, 0 == invalid tracking; 2nd row -> time; 3rd row -> diameter (mm))
%%%	1	1	1	1	1	1	1	1	1	1	1	1	1	1	1	1	1	1	0	0	0	1	1	1	1	1	1	0	0	0	0	0	0	0	1	0	1	0	1	0	0	0	0	0	1	0	1	0	1	0	0	0	0	0	1	1	1	1	1	1	0	1	0	0	0	1	1	1	0	1	1	0	1	0	0	0	0	1	1	1	0	0	0	1	0	0	1	1	0	0	1	1	1	1	1	1	1	1	1	1	1	0	0	1	1	1	1	0	0	1	1	1	0	1	1	1	1	1	0	0	1	1	0	0	1	1	0	0	1	0	0	0	1	0	0	0	0	0	0	0	1	1	1	1	1	0	1	0	0	0	0	0	1	0	1	1	1	0	0	0	0	0	1	0	0	1	0	0	1	0	0	0	1	0	1	0	1	0	1	1	0	0	0	1	0	0	0	1	0	0	1	0	1	0	0	0	0	0	1	0	1	1	1	0	1	0	0	1	0	1	1	1	1	0	1	0	1	1	0	1	1	0	0	0	1	1	0	1	1	1	1	1	1	0	1	1	1	0	1	0	0	1	0	1	1	0	1	0	1	1	0	0	1	0	0	1	1	1	0	0	0	0	0	1	1	1	1	1	1	0	0	1	1	0	1	0	1	0	0	1	0	1	1	1	1	1	0	1	1	0	0	0	0	0	1	1	0	1	0	1	0	1	1	0	1	1	1	1	0	0	0	1	0	1	1	0	1	0	0	1	1	0	0	1	0	0	0	0	0	0	1	1	0	1	1	1	0	1	1	0	1	0	1	1	0	1	0	1	1	0	1	0	0	0	1	1	1	1	1	1	0	0	1	0	1	1	1	1	1	1	1	1	1	1	1	0	1	0	0	0	0	1	1	1	1	1	1	1	0	1	1	1	1	1	0	1	1	1	1	1	1	1	1	1	1	1	1	1	1	1	1	1	0	0	1	0	1	1	1	1	1	1	1	0	1	1	0	1	0	0	1	1	1	1	1	0	0	1	1	1	0	1	1	0	1	1	1	1	1	1	1	1	0	1	0	1	1	1	1	1	1	1	1	1	0	1	1	1	1	1	1	1	1	1	1	1	1	0	1	0	1	1	1	1	1	1	1	1	1	0	0	1	0	0	1	1	0	1	1	1	1	0	1	1	1	0	1	0	1	1	1	1	1	0	0	1	1	0	1	1	1	1	1	1	1	1	1	1	0	1	1	0	1	1	1	1	0	0	1	0	1	1	1
%%%	-0.049000	-0.018000	0.013000	0.044000	0.075000	0.107000	0.138000	0.185000	0.216000	0.247000	0.278000	0.309000	0.341000	0.372000	0.419000	0.450000	0.481000	0.512000	0.543000	0.575000	0.606000	0.653000	0.684000	0.715000	0.746000	0.777000	0.809000	0.840000	0.871000	0.918000	0.949000	0.980000	1.011000	1.043000	1.074000	1.105000	1.152000	1.183000	1.214000	1.245000	1.277000	1.308000	1.339000	1.386000	1.417000	1.448000	1.479000	1.511000	1.542000	1.573000	1.604000	1.651000	1.682000	1.713000	1.745000	1.776000	1.807000	1.838000	1.885000	1.916000	1.947000	1.979000	2.010000	2.041000	2.072000	2.119000	2.150000	2.181000	2.213000	2.244000	2.275000	2.306000	2.337000	2.384000	2.415000	2.447000	2.478000	2.509000	2.540000	2.571000	2.618000	2.649000	2.681000	2.712000	2.743000	2.774000	2.805000	2.852000	2.883000	2.915000	2.946000	2.977000	3.008000	3.039000	3.071000	3.117000	3.149000	3.180000	3.211000	3.242000	3.273000	3.305000	3.336000	3.383000	3.414000	3.445000	3.476000	3.507000	3.539000	3.570000	3.617000	3.648000	3.679000	3.710000	3.741000	3.773000	3.804000	3.851000	3.882000	3.913000	3.944000	3.975000	4.007000	4.038000	4.069000	4.116000	4.147000	4.178000	4.209000	4.241000	4.272000	4.303000	4.350000	4.381000	4.412000	4.443000	4.475000	4.506000	4.537000	4.584000	4.615000	4.646000	4.677000	4.709000	4.740000	4.771000	4.802000	4.849000	4.880000	4.911000	4.943000	4.974000	5.005000	5.036000	5.083000	5.114000	5.145000	5.177000	5.208000	5.239000	5.270000	5.317000	5.348000	5.379000	5.411000	5.442000	5.473000	5.504000	5.535000	5.582000	5.613000	5.645000	5.676000	5.707000	5.738000	5.769000	5.816000	5.847000	5.879000	5.910000	5.941000	5.972000	6.003000	6.050000	6.081000	6.113000	6.144000	6.175000	6.206000	6.237000	6.269000	6.315000	6.347000	6.378000	6.409000	6.440000	6.471000	6.503000	6.549000	6.581000	6.612000	6.643000	6.674000	6.705000	6.737000	6.783000	6.815000	6.846000	6.877000	6.908000	6.939000	6.971000	7.002000	7.049000	7.080000	7.111000	7.142000	7.173000	7.205000	7.236000	7.267000	7.314000	7.345000	7.376000	7.407000	7.439000	7.470000	7.501000	7.548000	7.579000	7.610000	7.641000	7.673000	7.704000	7.735000	7.782000	7.813000	7.844000	7.875000	7.907000	7.938000	7.969000	8.000000	8.047000	8.078000	8.109000	8.141000	8.172000	8.203000	8.234000	8.281000	8.312000	8.343000	8.375000	8.406000	8.437000	8.468000	8.515000	8.546000	8.577000	8.609000	8.640000	8.671000	8.702000	8.733000	8.780000	8.811000	8.843000	8.874000	8.905000	8.936000	8.967000	9.014000	9.045000	9.077000	9.108000	9.139000	9.170000	9.201000	9.248000	9.279000	9.311000	9.342000	9.373000	9.404000	9.435000	9.467000	9.513000	9.545000	9.576000	9.607000	9.638000	9.669000	9.701000	9.747000	9.779000	9.810000	9.841000	9.872000	9.903000	9.935000	9.981000	10.013000	10.044000	10.075000	10.106000	10.137000	10.169000	10.200000	10.247000	10.278000	10.309000	10.340000	10.371000	10.403000	10.434000	10.481000	10.512000	10.543000	10.574000	10.605000	10.637000	10.668000	10.715000	10.746000	10.777000	10.808000	10.839000	10.871000	10.902000	10.933000	10.980000	11.011000	11.042000	11.073000	11.105000	11.136000	11.167000	11.214000	11.245000	11.276000	11.307000	11.339000	11.370000	11.401000	11.432000	11.479000	11.510000	11.541000	11.573000	11.604000	11.635000	11.666000	11.713000	11.744000	11.775000	11.807000	11.838000	11.869000	11.900000	11.931000	11.978000	12.009000	12.041000	12.072000	12.103000	12.134000	12.165000	12.212000	12.243000	12.275000	12.306000	12.337000	12.368000	12.399000	12.446000	12.477000	12.509000	12.540000	12.571000	12.602000	12.633000	12.665000	12.711000	12.743000	12.774000	12.805000	12.836000	12.867000	12.899000	12.945000	12.977000	13.008000	13.039000	13.070000	13.101000	13.133000	13.179000	13.211000	13.242000	13.273000	13.304000	13.335000	13.367000	13.398000	13.445000	13.476000	13.507000	13.538000	13.569000	13.601000	13.632000	13.679000	13.710000	13.741000	13.772000	13.803000	13.835000	13.866000	13.913000	13.944000	13.975000	14.006000	14.037000	14.069000	14.100000	14.131000	14.178000	14.209000	14.240000	14.271000	14.303000	14.334000	14.365000	14.412000	14.443000	14.474000	14.505000	14.537000	14.568000	14.599000	14.646000	14.677000	14.708000	14.739000	14.771000	14.802000	14.833000	14.864000	14.911000	14.942000	14.973000	15.005000	15.036000	15.067000	15.098000	15.145000	15.176000	15.207000	15.239000	15.270000	15.301000	15.332000	15.363000	15.410000	15.441000	15.473000	15.504000	15.535000	15.566000	15.597000	15.644000	15.675000	15.707000	15.738000	15.769000	15.800000	15.831000	15.878000	15.909000	15.941000	15.972000	16.003000	16.034000	16.065000	16.097000	16.143000	16.175000	16.206000	16.237000	16.268000	16.299000	16.331000	16.377000	16.409000	16.440000	16.471000	16.502000	16.533000	16.565000	16.611000	16.643000	16.674000	16.705000	16.736000	16.767000	16.799000	16.830000	16.877000	16.908000	16.939000	16.970000	17.001000	17.033000	17.064000	17.111000	17.142000	17.173000	17.204000	17.235000	17.267000	17.298000	17.329000	17.376000	17.407000	17.438000	17.469000	17.501000	17.532000	17.563000	17.610000	17.641000	17.672000	17.703000	17.735000	17.766000	17.797000	17.844000	17.875000	17.906000	17.937000	17.969000	18.000000
%%%	1.165217	1.209275	1.192319	1.194203	1.215797	1.194058	1.157971	1.168551	1.165362	1.168551	1.191449	1.134928	1.166667	1.228985	1.096667	1.133188	1.173913	1.109275	1.079420	0.684058	1.005362	1.162319	1.005362	1.154928	1.028841	1.062029	1.123333	0.982029	0.820725	0.785507	0.832609	0.698985	0.837971	0.833623	0.902754	0.611449	0.871884	0.540725	0.800000	0.773913	0.634203	0.610290	0.531014	0.451159	0.580290	0.469565	0.521594	0.549420	0.531014	0.579710	0.486957	0.550145	0.460870	0.581014	0.517536	0.559275	0.469565	0.442899	0.598406	0.520145	0.486957	0.459855	0.486957	0.475072	0.475362	0.457536	0.484058	0.440725	0.355942	0.539710	0.540290	0.354203	0.487101	0.459855	0.533333	0.521739	0.444637	0.514203	0.611014	0.617536	0.570580	0.531594	0.347826	0.468986	0.372899	0.510145	0.556667	0.522319	0.540290	0.524493	0.557101	0.521739	0.559275	0.505072	0.675072	0.492319	0.498985	0.512029	0.605942	0.533333	0.494058	0.494493	0.568406	0.620580	0.627681	0.410290	0.522319	0.609855	0.597246	0.531014	0.510290	0.488986	0.359855	0.522754	0.521594	0.559275	0.531449	0.522899	0.486957	0.494928	0.494493	0.559275	0.347826	0.692029	0.642464	0.626812	0.620290	0.596812	0.527246	0.678986	0.551594	0.557681	0.594928	0.504348	0.576667	0.654203	0.579710	0.533333	0.547971	0.417246	0.510145	0.574493	0.709275	0.466232	0.531449	0.459710	0.532029	0.585507	0.713043	0.672464	0.475362	0.540290	0.518841	0.515362	0.400580	0.777681	0.539710	0.431449	0.626087	0.463623	0.722754	0.405797	0.529275	0.567971	0.635797	0.527101	0.634203	0.509855	0.611449	0.561449	0.556377	0.635942	0.527246	0.442899	0.730435	0.673333	0.511449	0.533333	0.521594	0.731014	0.485507	0.545072	0.564638	0.742898	0.631594	0.631884	0.457536	0.673333	0.742029	0.540725	0.765217	0.626087	0.555362	0.626087	0.734783	0.560870	0.661449	0.524928	0.559275	0.765217	0.743623	0.624928	0.786812	0.548985	0.776812	0.486957	0.730435	0.783188	0.540725	0.642899	0.797681	0.777681	0.759855	0.671159	0.638116	0.544928	0.765217	0.800580	0.723043	0.778841	0.718406	0.721594	0.711884	0.639710	0.755942	0.765217	0.748841	0.603188	0.510145	0.788986	0.561884	0.530725	0.577681	0.710145	0.796232	0.751594	0.571159	0.742029	0.765217	0.712899	0.730435	0.730435	0.717971	0.765217	0.783188	0.602899	0.557536	0.561449	0.692899	0.783333	0.765217	0.572754	0.596812	0.561884	0.546232	0.643478	0.765217	0.786812	0.707101	0.670145	0.670725	0.696377	0.730435	0.811884	0.788406	0.795072	0.571159	0.804928	0.765217	0.752319	0.767102	0.568406	0.833623	0.765217	0.814058	0.695652	0.579275	0.572319	0.804348	0.754058	0.792464	0.838551	0.838116	0.857681	0.821014	0.550725	0.764058	0.662464	0.852174	0.765217	0.654928	0.790580	0.755362	0.574928	0.885362	0.808696	0.810290	0.881015	0.748551	0.863768	0.801015	0.874058	0.869565	0.801159	0.869565	0.874638	0.867681	0.901159	0.770145	0.765797	0.597246	0.848985	0.765217	0.916812	0.869565	0.794638	0.833768	0.771159	0.808116	0.903768	0.914493	0.765217	0.864058	0.838116	0.742898	0.834928	0.572754	0.731014	0.794493	0.805942	0.912899	0.916377	0.778841	0.886667	0.849275	0.896667	0.755651	0.894058	0.885362	0.840580	0.909855	0.814058	0.777681	0.866231	0.781159	0.865072	0.672319	0.876812	0.927681	0.896232	0.926667	0.592029	0.765217	0.825507	0.935073	0.920725	0.927536	0.937536	0.904928	0.955507	0.529420	0.857971	0.952029	0.835942	0.946812	0.916377	0.951594	0.925072	0.953623	0.973768	0.951159	0.934203	0.988551	1.000145	0.884203	0.920725	0.955507	0.768841	0.776812	0.950725	0.805507	0.950725	0.998841	0.823188	0.951594	0.920580	0.973913	0.961884	0.924493	1.044638	1.024638	1.048985	1.058116	1.081449	0.914203	1.096812	1.044638	1.096667	1.096232	1.083768	1.120145	1.089855	1.101884	1.060870	1.113188	1.043478	1.130435	1.129420	1.044058	1.096232	1.081015	1.081594	1.055072	1.007681	1.130725	1.013188	1.147971	1.146377	1.124638	1.074928	1.174493	1.118986	1.103623	1.090290	1.114203	1.188116	1.044058	1.122463	1.084203	1.046812	1.155362	1.180145	1.101015	1.043478	1.146232	1.031884	1.025507	1.147246	1.098406	1.078841	0.814203	1.114203	1.044058	1.026667	1.124638	1.124058	1.124927	1.139710	1.087536	1.095072	1.062029	1.114203	1.052029	1.155362	1.095072	1.133333	1.150580	1.101159	1.062464	0.944928	1.068551	1.079420	1.123333	1.083623	1.043478	1.069420	1.118986	1.066812	1.092898	1.081015	1.118986	1.111594	1.090580	1.140725	1.048841	1.057102	1.061014	0.920145	1.118986	1.136232	1.132464	1.094058	1.153623	1.141449	1.137536	1.127101	1.090290	1.131449	1.109855	1.043478	0.981449	1.073333	1.035362	1.043333	1.096667	1.055072	0.934203	1.061594	1.117971	1.057681	1.131449	1.018551	1.065942	1.116812	1.073333	1.025072	1.079420	0.969710	1.096232	1.066667	1.079420	1.081014	1.162029	0.994058	1.081159	1.094638	1.168116	1.041015	1.136377	1.123188	1.078261	1.122899	1.151160	1.065942	1.081594	1.094493	1.091304	1.044058	0.743623	1.095652	1.154928	1.021014	1.045942	0.987971	1.095652	1.079420	0.971159	0.991449	1.129710	1.006377	1.079420	1.096232	1.115217
%%%	Left Pupil Profile (1st row -> 1 == valid tracking, 0 == invalid tracking; 2nd row -> time; 3rd row -> diameter (mm))
%%%	0	0	0	0	0	0	0	0	0	0	0	0	0	0	0	0	0	0	0	0	0	0	0	0	0	0	0	0	0	0	0	0	0	0	0	0	0	0	0	0	0	0	0	0	0	0	0	0	0	0	0	0	0	0	0	0	0	0	0	0	0	0	0	0	0	0	0	0	0	0	0	0	0	0	0	0	0	0	0	0	0	0	0	0	0	0	0	0	0	0	0	0	0	0	0	0	0	0	0	0	0	0	0	0	0	0	0	0	0	0	0	0	0	0	0	0	0	0	0	0	0	0	0	0	0	0	0	0	0	0	0	0	0	0	0	0	0	0	0	0	0	0	0	0	0	0	0	0	0	0	0	0	0	0	0	0	0	0	0	0	0	0	0	0	0	0	0	0	0	0	0	0	0	0	0	0	0	0	0	0	0	0	0	0	0	0	0	0	0	0	0	0	0	0	0	0	0	0	0	0	0	0	0	0	0	0	0	0	0	0	0	0	0	0	0	0	0	0	0	0	0	0	0	0	0	0	0	0	0	0	0	0	0	0	0	0	0	0	0	0	0	0	0	0	0	0	0	0	0	0	0	0	0	0	0	0	0	0	0	0	0	0	0	0	0	0	0	0	0	0	0	0	0	0	0	0	0	0	0	0	0	0	0	0	0	0	0	0	0	0	0	0	0	0	0	0	0	0	0	0	0	0	0	0	0	0	0	0	0	0	0	0	0	0	0	0	0	0	0	0	0	0	0	0	0	0	0	0	0	0	0	0	0	0	0	0	0	0	0	0	0	0	0	0	0	0	0	0	0	0	0	0	0	0	0	0	0	0	0	0	0	0	0	0	0	0	0	0	0	0	0	0	0	0	0	0	0	0	0	0	0	0	0	0	0	0	0	0	0	0	0	0	0	0	0	0	0	0	0	0	0	0	0	0	0	0	0	0	0	0	0	0	0	0	0	0	0	0	0	0	0	0	0	0	0	0	0	0	0	0	0	0	0	0	0	0	0	0	0	0	0	0	0	0	0	0	0	0	0	0	0	0	0	0	0	0	0	0	0	0	0	0	0	0	0	0	0	0	0	0	0	0	0	0	0	0	0	0	0	0	0	0	0	0	0	0	0	0	0	0	0	0	0	0	0	0	0	0	0	0	0	0	0	0	0	0	0	0	0	0	0	0	0	0	0	0	0	0	0	0	0	0	0	0	0	0	0	0	0	0	0	0	0	0	0	0	0	0	0	0	0	0
%%%	-0.066000	-0.019000	0.012000	0.043000	0.075000	0.106000	0.137000	0.168000	0.199000	0.246000	0.277000	0.309000	0.340000	0.371000	0.402000	0.433000	0.480000	0.511000	0.543000	0.574000	0.605000	0.636000	0.667000	0.699000	0.745000	0.777000	0.808000	0.839000	0.870000	0.901000	0.933000	0.979000	1.011000	1.042000	1.073000	1.104000	1.135000	1.167000	1.213000	1.245000	1.276000	1.307000	1.338000	1.369000	1.401000	1.432000	1.479000	1.510000	1.541000	1.572000	1.603000	1.635000	1.666000	1.713000	1.744000	1.775000	1.806000	1.837000	1.869000	1.900000	1.947000	1.978000	2.009000	2.040000	2.071000	2.103000	2.134000	2.165000	2.212000	2.243000	2.274000	2.305000	2.337000	2.368000	2.399000	2.446000	2.477000	2.508000	2.539000	2.571000	2.602000	2.633000	2.680000	2.711000	2.742000	2.773000	2.805000	2.836000	2.867000	2.898000	2.945000	2.976000	3.007000	3.039000	3.070000	3.101000	3.132000	3.179000	3.210000	3.241000	3.273000	3.304000	3.335000	3.366000	3.413000	3.444000	3.475000	3.507000	3.538000	3.569000	3.600000	3.631000	3.678000	3.709000	3.741000	3.772000	3.803000	3.834000	3.865000	3.912000	3.943000	3.975000	4.006000	4.037000	4.068000	4.099000	4.146000	4.177000	4.209000	4.240000	4.271000	4.302000	4.333000	4.365000	4.411000	4.443000	4.474000	4.505000	4.536000	4.567000	4.599000	4.630000	4.677000	4.708000	4.739000	4.770000	4.801000	4.833000	4.864000	4.911000	4.942000	4.973000	5.004000	5.035000	5.067000	5.098000	5.145000	5.176000	5.207000	5.238000	5.269000	5.301000	5.332000	5.363000	5.410000	5.441000	5.472000	5.503000	5.535000	5.566000	5.597000	5.644000	5.675000	5.706000	5.737000	5.769000	5.800000	5.831000	5.878000	5.909000	5.940000	5.971000	6.003000	6.034000	6.065000	6.096000	6.143000	6.174000	6.205000	6.237000	6.268000	6.299000	6.330000	6.377000	6.408000	6.439000	6.471000	6.502000	6.533000	6.564000	6.611000	6.642000	6.673000	6.705000	6.736000	6.767000	6.798000	6.829000	6.876000	6.907000	6.939000	6.970000	7.001000	7.032000	7.063000	7.110000	7.141000	7.173000	7.204000	7.235000	7.266000	7.297000	7.344000	7.375000	7.407000	7.438000	7.469000	7.500000	7.531000	7.563000	7.609000	7.641000	7.672000	7.703000	7.734000	7.765000	7.797000	7.843000	7.875000	7.906000	7.937000	7.968000	7.999000	8.031000	8.077000	8.109000	8.140000	8.171000	8.202000	8.233000	8.265000	8.296000	8.343000	8.374000	8.405000	8.436000	8.467000	8.499000	8.530000	8.561000	8.608000	8.639000	8.670000	8.701000	8.733000	8.764000	8.795000	8.842000	8.873000	8.904000	8.935000	8.967000	8.998000	9.029000	9.076000	9.107000	9.138000	9.169000	9.201000	9.232000	9.263000	9.294000	9.341000	9.372000	9.403000	9.435000	9.466000	9.497000	9.528000	9.575000	9.606000	9.637000	9.669000	9.700000	9.731000	9.762000	9.809000	9.840000	9.871000	9.903000	9.934000	9.965000	9.996000	10.027000	10.074000	10.105000	10.137000	10.168000	10.199000	10.230000	10.261000	10.308000	10.339000	10.371000	10.402000	10.433000	10.464000	10.495000	10.542000	10.573000	10.605000	10.636000	10.667000	10.698000	10.729000	10.761000	10.807000	10.839000	10.870000	10.901000	10.932000	10.963000	10.995000	11.041000	11.073000	11.104000	11.135000	11.166000	11.197000	11.229000	11.275000	11.307000	11.338000	11.369000	11.400000	11.431000	11.463000	11.494000	11.541000	11.572000	11.603000	11.634000	11.665000	11.697000	11.728000	11.775000	11.806000	11.837000	11.868000	11.899000	11.931000	11.962000	12.009000	12.040000	12.071000	12.102000	12.133000	12.165000	12.196000	12.227000	12.274000	12.305000	12.336000	12.367000	12.399000	12.430000	12.461000	12.508000	12.539000	12.570000	12.601000	12.633000	12.664000	12.695000	12.726000	12.773000	12.804000	12.835000	12.867000	12.898000	12.929000	12.960000	13.007000	13.038000	13.069000	13.101000	13.132000	13.163000	13.194000	13.225000	13.272000	13.303000	13.335000	13.366000	13.397000	13.428000	13.459000	13.506000	13.537000	13.569000	13.600000	13.631000	13.662000	13.693000	13.740000	13.771000	13.803000	13.834000	13.865000	13.896000	13.927000	13.959000	14.005000	14.037000	14.068000	14.099000	14.130000	14.161000	14.193000	14.239000	14.271000	14.302000	14.333000	14.364000	14.395000	14.427000	14.473000	14.505000	14.536000	14.567000	14.598000	14.629000	14.661000	14.692000	14.739000	14.770000	14.801000	14.832000	14.863000	14.895000	14.926000	14.973000	15.004000	15.035000	15.066000	15.097000	15.129000	15.160000	15.207000	15.238000	15.269000	15.300000	15.331000	15.363000	15.394000	15.425000	15.472000	15.503000	15.534000	15.565000	15.597000	15.628000	15.659000	15.706000	15.737000	15.768000	15.799000	15.831000	15.862000	15.893000	15.940000	15.971000	16.002000	16.033000	16.065000	16.096000	16.127000	16.158000	16.205000	16.236000	16.267000	16.299000	16.330000	16.361000	16.392000	16.439000	16.470000	16.501000	16.533000	16.564000	16.595000	16.626000	16.657000	16.704000	16.735000	16.767000	16.798000	16.829000	16.860000	16.891000	16.938000	16.969000	17.001000	17.032000	17.063000	17.094000	17.125000	17.172000	17.203000	17.235000	17.266000	17.297000	17.328000	17.359000	17.391000	17.437000	17.469000	17.500000	17.531000	17.562000	17.593000	17.625000	17.671000	17.703000	17.734000	17.765000	17.796000	17.827000	17.859000	17.890000	17.937000	17.968000
%%%	13.913043	13.913043	13.913043	13.913043	13.913043	13.913043	13.913043	13.913043	13.913043	13.913043	13.913043	13.913043	13.913043	13.913043	13.913043	13.913043	13.913043	13.913043	13.913043	13.913043	13.913043	13.913043	13.913043	13.913043	13.913043	13.913043	13.913043	13.913043	13.913043	13.913043	13.913043	13.913043	13.913043	13.913043	13.913043	13.913043	13.913043	13.913043	13.913043	13.913043	13.913043	13.913043	13.913043	13.913043	13.913043	13.913043	13.913043	13.913043	13.913043	13.913043	13.913043	13.913043	13.913043	13.913043	13.913043	13.913043	13.913043	13.913043	13.913043	13.913043	13.913043	13.913043	13.913043	13.913043	13.913043	13.913043	13.913043	13.913043	13.913043	13.913043	13.913043	13.913043	13.913043	13.913043	13.913043	13.913043	13.913043	13.913043	13.913043	13.913043	13.913043	13.913043	13.913043	13.913043	13.913043	13.913043	13.913043	13.913043	13.913043	13.913043	13.913043	13.913043	13.913043	13.913043	13.913043	13.913043	13.913043	13.913043	13.913043	13.913043	13.913043	13.913043	13.913043	13.913043	13.913043	13.913043	13.913043	13.913043	13.913043	13.913043	13.913043	13.913043	13.913043	13.913043	13.913043	13.913043	13.913043	13.913043	13.913043	13.913043	13.913043	13.913043	13.913043	13.913043	13.913043	13.913043	13.913043	13.913043	13.913043	13.913043	13.913043	13.913043	13.913043	13.913043	13.913043	13.913043	13.913043	13.913043	13.913043	13.913043	13.913043	13.913043	13.913043	13.913043	13.913043	13.913043	13.913043	13.913043	13.913043	13.913043	13.913043	13.913043	13.913043	13.913043	13.913043	13.913043	13.913043	13.913043	13.913043	13.913043	13.913043	13.913043	13.913043	13.913043	13.913043	13.913043	13.913043	13.913043	13.913043	13.913043	13.913043	13.913043	13.913043	13.913043	13.913043	13.913043	13.913043	13.913043	13.913043	13.913043	13.913043	13.913043	13.913043	13.913043	13.913043	13.913043	13.913043	13.913043	13.913043	13.913043	13.913043	13.913043	13.913043	13.913043	13.913043	13.913043	13.913043	13.913043	13.913043	13.913043	13.913043	13.913043	13.913043	13.913043	13.913043	13.913043	13.913043	13.913043	13.913043	13.913043	13.913043	13.913043	13.913043	13.913043	13.913043	13.913043	13.913043	13.913043	13.913043	13.913043	13.913043	13.913043	13.913043	13.913043	13.913043	13.913043	13.913043	13.913043	13.913043	13.913043	13.913043	13.913043	13.913043	13.913043	13.913043	13.913043	13.913043	13.913043	13.913043	13.913043	13.913043	13.913043	13.913043	13.913043	13.913043	13.913043	13.913043	13.913043	13.913043	13.913043	13.913043	13.913043	13.913043	13.913043	13.913043	13.913043	13.913043	13.913043	13.913043	13.913043	13.913043	13.913043	13.913043	13.913043	13.913043	13.913043	13.913043	13.913043	13.913043	13.913043	13.913043	13.913043	13.913043	13.913043	13.913043	13.913043	13.913043	13.913043	13.913043	13.913043	13.913043	13.913043	13.913043	13.913043	13.913043	13.913043	13.913043	13.913043	13.913043	13.913043	13.913043	13.913043	13.913043	13.913043	13.913043	13.913043	13.913043	13.913043	13.913043	13.913043	13.913043	13.913043	13.913043	13.913043	13.913043	13.913043	13.913043	13.913043	13.913043	13.913043	13.913043	13.913043	13.913043	13.913043	13.913043	13.913043	13.913043	13.913043	13.913043	13.913043	13.913043	13.913043	13.913043	13.913043	13.913043	13.913043	13.913043	13.913043	13.913043	13.913043	13.913043	13.913043	13.913043	13.913043	13.913043	13.913043	13.913043	13.913043	13.913043	13.913043	13.913043	13.913043	13.913043	13.913043	13.913043	13.913043	13.913043	13.913043	13.913043	13.913043	13.913043	13.913043	13.913043	13.913043	13.913043	13.913043	13.913043	13.913043	13.913043	13.913043	13.913043	13.913043	13.913043	13.913043	13.913043	13.913043	13.913043	13.913043	13.913043	13.913043	13.913043	13.913043	13.913043	13.913043	13.913043	13.913043	13.913043	13.913043	13.913043	13.913043	13.913043	13.913043	13.913043	13.913043	13.913043	13.913043	13.913043	13.913043	13.913043	13.913043	13.913043	13.913043	13.913043	13.913043	13.913043	13.913043	13.913043	13.913043	13.913043	13.913043	13.913043	13.913043	13.913043	13.913043	13.913043	13.913043	13.913043	13.913043	13.913043	13.913043	13.913043	13.913043	13.913043	13.913043	13.913043	13.913043	13.913043	13.913043	13.913043	13.913043	13.913043	13.913043	13.913043	13.913043	13.913043	13.913043	13.913043	13.913043	13.913043	13.913043	13.913043	13.913043	13.913043	13.913043	13.913043	13.913043	13.913043	13.913043	13.913043	13.913043	13.913043	13.913043	13.913043	13.913043	13.913043	13.913043	13.913043	13.913043	13.913043	13.913043	13.913043	13.913043	13.913043	13.913043	13.913043	13.913043	13.913043	13.913043	13.913043	13.913043	13.913043	13.913043	13.913043	13.913043	13.913043	13.913043	13.913043	13.913043	13.913043	13.913043	13.913043	13.913043	13.913043	13.913043	13.913043	13.913043	13.913043	13.913043	13.913043	13.913043	13.913043	13.913043	13.913043	13.913043	13.913043	13.913043	13.913043	13.913043	13.913043	13.913043	13.913043	13.913043	13.913043	13.913043	13.913043	13.913043	13.913043	13.913043	13.913043	13.913043	13.913043	13.913043	13.913043	13.913043	13.913043	13.913043	13.913043	13.913043	13.913043	13.913043	13.913043	13.913043	13.913043	13.913043	13.913043	13.913043	13.913043	13.913043	13.913043	13.913043	13.913043	13.913043	13.913043	13.913043	13.913043	13.913043	13.913043	13.913043	13.913043	13.913043	13.913043	13.913043	13.913043	13.913043	13.913043	13.913043	13.913043	13.913043	13.913043	13.913043	13.913043	13.913043
%%%	Pulse Index	Stimulus Section Index	Stimulus Section Start Index	Stimulus Section End Index	Pupil Stimulated: 0 = Right, 1 = Left, 2 = Both	Light Metric: 0 = Photopic, 1 = Scopotic, 2 = Radiometric	Stimulus Start Time	Stimulus Duration	Stimulus Pulse Duration	Right Pulse Max Level	Right Pulse Max Color (0123 = WRGB)	Right Pulse Min Level	Right Pulse Min Color (0123 = WRGB)	Left Pulse Max Level	Left Pulse Max Color (0123 = WRGB)	Left Pulse Min Level	Left Pulse Min Color (0123 = WRGB)	Right Data Input Type (0 == RAW DATA, 1 == FITTED DATA, 2 == M. OVERRIDED)	Right ANALYSIS STATE (0 == ABNORMAL, 1 == NORMAL)	Right MAX (mm) (EMPTY if INVALID)	Right MIN (mm) (EMPTY if INVALID)	Right DELTA (mm) (EMPTY if INVALID)	Right CH (%) (EMPTY if INVALID)	Right LAT (sec) (EMPTY if INVALID)	Right CV (mm/s) (EMPTY if INVALID)	Right MCV (mm/s) (EMPTY if INVALID)	Right DV (mm/s) (EMPTY if INVALID)	Left Data Input Type (0 == RAW DATA, 1 == FITTED DATA, 2 == M. OVERRIDED)	Left ANALYSIS STATE (0 == ABNORMAL, 1 == NORMAL)	Left MAX (mm) (EMPTY if INVALID)	Left MIN (mm) (EMPTY if INVALID)	Left DELTA (mm) (EMPTY if INVALID)	Left CH (%) (EMPTY if INVALID)	Left LAT (sec) (EMPTY if INVALID)	Left CV (mm/s) (EMPTY if INVALID)	Left MCV (mm/s) (EMPTY if INVALID)	Left DV (mm/s) (EMPTY if INVALID)
%%%	0	0	17	542	0	0	0.51	17.52	0.51	31625.17	1	0.00	1	0.00	1	0.00	1	0	0	0.00	0.00			0.00	0.00	0.00	0.00	0	0	0.00	0.00			0.00	0.00	0.00	0.00
%%%%%%%%%
%%%%%%%%%
%%%%%%%%%
<\SESSION>
