<SESSION>
<VERSION>
2
<\VERSION>
<DATE>
2017-08-15 09:26:26
<\DATE>
<SUBJECT-ID>
c57-1mois-f1-2r
<\SUBJECT-ID>
<NOTE>

<\NOTE>
<MIN-MAX-PLOT>
0.100000 51880.761719
<\MIN-MAX-PLOT>
<STIMULUS-DEFINED>
Default
Default Human Relative Spectral Sensitivity
1	0
1	0.500000	0.500000	17.000000	1	1	2.000000	-100.000000	0.100000	-100.000000	0
<\STIMULUS-DEFINED>
<STIMULUS-GENERATED>
4
0	0	0.000000	1	0.000000	0.000000	1	0.000000	0.000000
0	1	0.510000	1	0.406861	99.710426	1	0.000000	0.000000
0	4	1.019000	1	0.000000	0.000000	1	0.000000	0.000000
-1	5	18.028000	0	0.000000	0.000000	0	0.000000	0.000000
<\STIMULUS-GENERATED>
<RIGHT-PUPIL-DATA>
542	1
1	-0.065000	0.997246	268.406250	321.156250
1	-0.034000	0.950580	267.656250	320.843750
1	-0.003000	0.970290	268.043762	320.531250
1	0.028000	0.950580	267.843750	320.656250
0	0.059000	0.892754	266.500000	319.000000
1	0.106000	0.938551	268.000000	319.687500
1	0.138000	0.974493	268.125000	320.125000
1	0.169000	0.981594	268.806244	320.368744
0	0.200000	0.866232	267.056244	318.806244
1	0.231000	0.925507	267.500000	319.299988
1	0.262000	0.958116	268.281250	319.768738
1	0.294000	0.987971	268.231232	319.306244
1	0.340000	0.973913	268.000000	320.500000
1	0.372000	0.998841	268.462494	319.899994
1	0.403000	0.937536	267.531250	318.968750
1	0.434000	0.996957	268.531250	319.268738
1	0.465000	1.002754	268.206238	318.518738
1	0.496000	1.006232	268.493744	318.443756
1	0.528000	1.018841	268.625000	318.875000
1	0.574000	0.988551	268.281250	318.781250
1	0.606000	1.022319	268.750000	318.612488
1	0.637000	0.985797	267.975006	318.787506
1	0.668000	1.005797	268.549988	319.000000
1	0.699000	0.971595	268.024994	318.924896
1	0.730000	0.984783	268.000000	319.062500
1	0.762000	1.025072	268.756256	318.693756
1	0.793000	1.026087	269.000000	319.000000
1	0.840000	0.989710	268.781250	319.093750
1	0.871000	0.959275	268.343750	319.343750
1	0.902000	0.956522	268.125000	319.125000
1	0.933000	0.946667	268.350006	319.649994
1	0.964000	0.911449	267.343781	319.656219
1	0.996000	0.901449	268.549988	319.500000
0	1.027000	0.783768	267.225006	318.762482
1	1.074000	0.864638	269.012451	319.987488
1	1.105000	0.859275	268.906250	319.781250
1	1.136000	0.791594	267.950012	319.012512
0	1.167000	0.649275	266.000000	319.500000
1	1.198000	0.800000	267.500000	320.000000
1	1.230000	0.807536	268.350006	319.350006
1	1.261000	0.758986	268.431274	319.968689
1	1.308000	0.437681	263.250000	321.750000
1	1.339000	0.433333	263.593750	322.031250
1	1.370000	0.470145	263.750000	321.750000
0	1.401000	0.486957	263.000000	322.500000
1	1.432000	0.742029	269.687500	318.562500
1	1.464000	0.503768	264.750000	320.750000
1	1.495000	0.755797	268.906219	318.506256
1	1.526000	0.588116	266.712494	319.212494
0	1.573000	0.394203	264.000000	319.500000
0	1.604000	0.588116	266.287506	318.787506
0	1.635000	0.488261	264.944122	320.043488
0	1.666000	0.566812	265.906250	319.343750
0	1.698000	0.601159	266.600006	319.100006
0	1.729000	0.466377	264.700012	321.674988
0	1.760000	0.744203	269.293762	317.706238
0	1.807000	0.478116	263.868744	320.631256
1	1.838000	0.427246	263.712494	320.324982
1	1.869000	0.455942	264.412476	320.362488
1	1.900000	0.788261	269.081238	317.868774
1	1.932000	0.521015	264.518738	319.518738
1	1.963000	0.809855	269.149994	317.225006
0	1.994000	0.776812	268.000000	317.500000
1	2.025000	0.485797	262.925018	321.012482
0	2.072000	0.459420	263.362488	320.312500
0	2.103000	0.486957	263.000000	320.500000
1	2.134000	0.494493	262.975006	320.037506
1	2.166000	0.815362	269.012482	317.287506
0	2.197000	0.648406	266.000000	318.687500
0	2.228000	0.492754	263.500000	320.000000
0	2.259000	0.502609	263.662598	319.799927
1	2.306000	0.823188	270.000000	317.500000
0	2.337000	0.787971	267.931244	317.193756
1	2.368000	0.825507	269.437500	317.250000
1	2.400000	0.832029	269.468750	317.531250
0	2.431000	0.496377	263.143738	319.856262
1	2.462000	0.816812	268.312500	317.174988
1	2.493000	0.839275	267.931244	317.318756
1	2.540000	0.816812	269.250000	318.250000
1	2.571000	0.853188	268.243744	317.618744
1	2.602000	0.484928	262.537506	319.962494
1	2.634000	0.848985	268.787506	317.537506
1	2.665000	0.858116	268.843750	317.656250
1	2.696000	0.837971	268.537506	317.524994
1	2.727000	0.837971	268.462494	317.462494
1	2.758000	0.655507	264.931244	315.931244
1	2.805000	0.839855	268.481232	317.168732
1	2.836000	0.838116	268.556244	317.493744
1	2.868000	0.861014	268.781281	317.818756
1	2.899000	0.837681	268.500000	317.000000
1	2.930000	0.857246	269.143738	317.206238
1	2.961000	0.839855	268.481262	317.418762
1	2.992000	0.839710	268.687500	316.687500
0	3.039000	0.788116	269.087494	315.787506
1	3.070000	0.858116	269.031250	317.656250
1	3.102000	0.472319	262.418976	319.568939
1	3.133000	0.845942	268.818756	317.493744
0	3.164000	0.501449	263.237488	320.000000
0	3.195000	0.736232	266.500000	317.000000
0	3.226000	0.835942	267.975006	317.399994
0	3.258000	0.643188	265.000000	315.750000
1	3.304000	0.848406	268.562500	317.562500
1	3.336000	0.866812	268.968750	317.031250
1	3.367000	0.871159	268.781250	317.343750
1	3.398000	0.814058	268.306244	316.306244
1	3.429000	0.844928	269.343750	316.906250
1	3.460000	0.857536	269.318756	316.931244
0	3.492000	0.477246	263.368744	319.631256
1	3.538000	0.469420	262.743744	319.506256
1	3.570000	0.850580	269.356262	316.831238
1	3.601000	0.811594	268.799988	317.075012
1	3.632000	0.833188	268.593750	316.981262
1	3.663000	0.866812	269.031250	317.456238
0	3.694000	0.713623	265.250000	316.250000
1	3.726000	0.862029	268.774994	316.725006
1	3.772000	0.854203	269.324982	316.662506
1	3.804000	0.881015	269.343750	316.906250
1	3.835000	0.866232	269.193756	316.943756
0	3.866000	0.654203	265.087494	315.637482
1	3.897000	0.829275	269.475006	316.662506
1	3.928000	0.495072	263.000000	320.000000
1	3.960000	0.698985	264.693756	315.931244
1	3.991000	0.865797	269.187500	316.937500
1	4.038000	0.861594	268.731262	316.768738
1	4.069000	0.884638	268.675018	316.699982
1	4.100000	0.863768	269.000000	316.000000
0	4.131000	0.687536	265.562500	316.000000
0	4.162000	0.601449	264.487549	318.512512
1	4.194000	0.875507	270.156250	317.156250
1	4.225000	0.866812	270.218750	317.031250
1	4.272000	0.857971	270.000000	317.500000
0	4.303000	0.460290	263.375000	320.375000
0	4.334000	0.544928	264.500000	320.000000
1	4.365000	0.869565	269.625000	317.875000
1	4.396000	0.906666	270.412476	318.624939
1	4.428000	0.863623	270.206238	317.643738
1	4.459000	0.892754	270.250000	318.250000
1	4.506000	0.868551	270.818756	317.543732
0	4.537000	0.545072	271.456238	318.456238
1	4.568000	0.828841	269.093750	317.093750
0	4.599000	0.498841	264.037506	320.962494
1	4.630000	0.885362	270.031250	318.218750
1	4.662000	0.884928	270.287506	318.387482
1	4.693000	0.924493	269.531250	318.481262
1	4.724000	0.911884	269.399994	317.850006
1	4.771000	0.884203	269.968750	317.718750
1	4.802000	0.929275	270.462494	318.100006
1	4.833000	0.854928	269.281250	316.718750
1	4.864000	0.922319	269.500000	318.687500
1	4.896000	0.937536	269.968750	318.968750
1	4.927000	0.903478	268.943756	319.056244
1	4.958000	0.916377	268.693756	319.306244
1	5.005000	0.933623	268.962494	319.475006
1	5.036000	0.931015	268.937500	319.375000
0	5.067000	0.549420	262.593750	322.593750
1	5.098000	0.957681	268.725006	318.824982
1	5.130000	0.956377	268.743744	318.743744
1	5.161000	0.972319	268.531250	319.281250
1	5.192000	0.985362	268.781250	319.281250
1	5.239000	0.973913	267.875000	319.125000
1	5.270000	0.981594	268.368744	319.118744
1	5.301000	1.004203	268.206268	319.506256
1	5.332000	1.002754	268.906250	319.218750
1	5.364000	1.043333	268.493744	319.993744
1	5.395000	1.004493	268.481232	319.556244
1	5.426000	1.008841	268.006256	319.543732
1	5.457000	1.008841	268.256195	319.543732
1	5.504000	1.042319	267.875031	319.975006
1	5.535000	1.043478	268.000000	319.500000
1	5.566000	1.043478	268.250000	319.750000
1	5.598000	1.079855	268.518738	320.468750
1	5.629000	1.079420	268.574982	320.024994
1	5.660000	1.048406	267.562500	320.187500
1	5.691000	1.099420	268.687500	320.750000
1	5.738000	1.098841	268.287506	320.262482
1	5.769000	1.079855	267.968750	320.406250
1	5.800000	1.137101	268.649994	321.212494
1	5.832000	1.117971	268.937500	321.062500
1	5.863000	1.131449	268.743744	321.918732
1	5.894000	1.130435	268.500000	321.500000
1	5.925000	1.160290	268.762512	321.549988
1	5.956000	1.135362	268.762512	321.312500
1	6.003000	1.144638	269.137482	321.225006
1	6.034000	1.118406	268.368744	320.556244
1	6.066000	1.112029	268.268768	320.443756
1	6.097000	1.136232	268.625000	320.625000
1	6.128000	1.112464	268.000000	321.000000
1	6.159000	1.099420	267.750000	321.250000
1	6.190000	1.137536	269.156250	321.656250
1	6.237000	1.146812	268.868744	321.743744
1	6.268000	1.142029	268.575012	322.174988
1	6.300000	1.136812	268.787506	322.149994
1	6.331000	1.140725	268.406250	321.768738
1	6.362000	1.114203	268.899994	320.975006
1	6.393000	1.101449	267.750000	319.750000
1	6.424000	1.095072	268.125000	320.250000
1	6.471000	1.113623	269.000000	321.000000
1	6.502000	1.101449	269.125000	320.875000
1	6.534000	1.094493	269.149994	320.212494
1	6.565000	1.118986	269.356262	320.081238
1	6.596000	1.111014	269.012482	320.287506
1	6.627000	1.059275	268.606262	319.781250
1	6.658000	1.048841	268.443756	319.806244
1	6.690000	1.078841	269.000000	319.500000
1	6.736000	1.114058	269.506256	320.131256
1	6.768000	1.100145	269.306244	319.306244
1	6.799000	1.070290	268.331238	319.106262
1	6.830000	1.105942	269.343750	318.781250
1	6.861000	1.107681	269.318756	319.118744
1	6.892000	1.098985	269.756256	318.868744
1	6.924000	1.096667	269.243744	318.756256
1	6.970000	1.059855	268.756256	318.756256
1	7.002000	1.066232	268.693756	318.306244
1	7.033000	1.044058	268.000000	318.000000
1	7.064000	1.096812	269.112518	318.774994
1	7.095000	1.055942	268.625000	318.262512
1	7.126000	1.101594	269.093750	318.906250
1	7.158000	1.113623	269.500000	319.000000
1	7.204000	1.101449	268.000000	317.500000
1	7.236000	1.105362	269.368744	319.243744
1	7.267000	1.092319	268.881256	318.806244
1	7.298000	1.042754	268.518738	318.406250
1	7.329000	1.075072	268.912506	318.212494
1	7.360000	1.099855	268.818756	319.056244
1	7.392000	1.100580	268.812500	319.187500
1	7.423000	1.081594	268.243805	318.993744
1	7.470000	1.079420	267.975006	319.225006
1	7.501000	1.120145	268.968750	319.568787
1	7.532000	1.079420	267.975006	319.475006
1	7.563000	1.113623	268.500000	320.500000
1	7.594000	1.073188	268.018738	319.393738
1	7.626000	1.057102	267.187500	319.187500
1	7.657000	1.063188	267.774963	319.962463
1	7.704000	1.074058	268.068756	319.556244
1	7.735000	1.060870	268.000000	319.500000
1	7.766000	1.008696	268.000000	319.500000
1	7.797000	1.078116	267.743744	319.256256
1	7.828000	1.078261	268.500000	320.000000
1	7.860000	1.055507	268.431244	320.068756
1	7.891000	1.066812	268.281250	320.218750
1	7.938000	1.043478	267.625000	319.875000
1	7.969000	1.059855	268.243744	319.806244
1	8.000000	1.044058	268.000000	320.500000
1	8.031000	1.060870	267.625000	320.875000
1	8.062000	1.078841	268.000000	320.487488
1	8.094000	1.035942	267.350006	320.649994
1	8.125000	1.039710	267.562500	320.562500
1	8.156000	1.048406	268.062500	320.062500
1	8.203000	1.057102	267.062500	320.187500
1	8.234000	1.033333	267.500000	320.625000
1	8.265000	0.968116	266.575012	320.049988
1	8.296000	1.066667	268.250000	319.750000
1	8.328000	1.079420	267.975006	320.024994
1	8.359000	1.048406	268.062500	320.437500
1	8.390000	1.046812	268.506256	319.493744
1	8.437000	1.078986	269.018738	320.231262
1	8.468000	1.066377	268.787506	320.787506
1	8.499000	1.071159	268.843750	320.593750
1	8.530000	1.043478	268.000000	320.500000
1	8.562000	1.061449	268.750000	320.737488
1	8.593000	1.034928	268.881256	320.118744
1	8.624000	1.020290	267.625000	320.125000
1	8.671000	1.042754	268.018738	319.518738
1	8.702000	1.055942	268.125000	319.737488
1	8.733000	1.043478	268.000000	319.500000
1	8.764000	1.042754	268.518738	319.518738
1	8.796000	1.044638	268.475006	319.475006
1	8.827000	1.024493	268.781189	319.781250
1	8.858000	1.059275	268.781250	319.781250
1	8.889000	1.031884	268.500000	320.000000
1	8.936000	1.077681	269.000000	319.750000
1	8.967000	1.028986	268.500000	319.250000
1	8.998000	1.069855	269.662506	319.712494
1	9.030000	1.037681	268.487488	319.887512
1	9.061000	1.008696	268.500000	319.000000
1	9.092000	1.046377	268.750000	318.750000
1	9.123000	1.048841	268.693756	319.068756
1	9.170000	1.025942	268.243744	319.293732
1	9.201000	1.050580	268.656250	319.093750
1	9.232000	1.046812	268.643768	318.993744
0	9.264000	0.883768	266.787506	316.287506
1	9.295000	1.003768	268.812500	319.187500
1	9.326000	1.052754	269.125000	319.125000
1	9.357000	1.020145	268.718750	319.656250
1	9.404000	1.048841	269.306244	319.431244
1	9.435000	1.007536	268.024994	319.574982
1	9.466000	1.020580	268.337494	319.274994
1	9.498000	1.022319	268.750000	319.187500
1	9.529000	0.998406	268.456238	319.143738
1	9.560000	1.008841	268.256256	318.993744
1	9.591000	1.035362	268.887512	318.625000
1	9.622000	0.997246	268.406250	318.843750
1	9.669000	0.976667	268.593750	319.156250
1	9.700000	1.001884	267.906281	318.493744
1	9.732000	1.011160	268.593750	318.531250
1	9.763000	1.008116	269.000000	318.549988
1	9.794000	1.015072	268.400024	318.400024
1	9.825000	0.987971	268.306244	317.943756
1	9.856000	1.025072	268.756256	317.756256
1	9.888000	1.008696	268.750000	317.750000
1	9.934000	1.024493	268.781250	318.281189
1	9.966000	1.024928	268.774994	317.225006
1	9.997000	1.018985	268.656250	317.343750
1	10.028000	1.035942	269.350006	317.350006
1	10.059000	1.028841	269.156250	316.968750
1	10.090000	0.998406	269.156250	317.118774
1	10.122000	1.007536	269.725006	317.024994
1	10.168000	1.044058	269.000000	317.375000
1	10.200000	0.991304	268.500000	317.500000
1	10.231000	0.939130	269.000000	316.500000
1	10.262000	0.998841	268.899994	317.100006
1	10.293000	0.985507	268.750000	316.750000
1	10.324000	1.026087	269.000000	316.000000
1	10.356000	1.002899	269.000000	316.500000
1	10.402000	0.991304	269.125000	315.875000
1	10.434000	0.999420	269.125000	316.125000
1	10.465000	1.008696	268.500000	316.000000
1	10.496000	0.969710	268.068756	315.931244
1	10.527000	1.005797	268.549988	316.000000
1	10.558000	1.031884	268.750000	315.750000
1	10.590000	0.996667	268.868744	315.568756
1	10.621000	1.002754	269.218750	316.206238
1	10.668000	1.000725	269.143738	315.856262
1	10.699000	1.007681	268.506256	315.443756
1	10.730000	0.981594	268.131256	315.631256
1	10.761000	1.008696	268.000000	315.500000
1	10.792000	0.988116	268.287506	315.287506
1	10.824000	0.998841	267.899994	316.100006
1	10.855000	1.043478	268.000000	315.500000
1	10.902000	1.029275	268.587494	315.537506
1	10.933000	1.021159	268.375000	315.312500
1	10.964000	1.008116	268.450012	315.750000
1	10.995000	0.996667	268.868744	316.131256
1	11.026000	1.005797	268.549988	316.549988
1	11.058000	1.017391	268.250000	316.250000
1	11.089000	1.002754	268.206238	315.843750
1	11.136000	1.015797	268.118774	316.356201
1	11.167000	0.997101	269.000000	316.500000
1	11.198000	1.008116	268.500000	317.000000
1	11.229000	0.999420	268.437500	317.125000
1	11.260000	0.983768	267.337494	317.024994
1	11.292000	1.016232	268.149994	316.850006
1	11.323000	0.983768	268.024994	316.100006
1	11.354000	0.990290	268.681244	316.743744
1	11.401000	0.992029	267.268738	316.768738
1	11.432000	0.999420	268.125000	316.562500
1	11.463000	1.003768	268.187500	317.187500
1	11.494000	0.987536	268.000000	317.062500
1	11.526000	1.006377	268.225006	317.524994
1	11.557000	1.005797	268.250000	317.250000
1	11.588000	0.998985	268.131256	317.431244
1	11.635000	1.000725	268.143738	317.418762
1	11.666000	1.007102	267.468750	317.468750
1	11.697000	1.007681	267.506256	317.506256
1	11.728000	0.978841	267.187500	317.924988
1	11.760000	0.990290	267.756256	318.118744
1	11.791000	0.974493	268.000000	318.000000
1	11.822000	0.973913	267.875000	317.875000
1	11.869000	0.981594	267.631256	317.868744
1	11.900000	0.987971	267.681244	317.693756
1	11.931000	0.990290	267.756256	318.193756
1	11.962000	0.983768	267.024994	318.100006
1	11.994000	0.972899	266.868744	317.881256
1	12.025000	0.985507	267.000000	316.500000
1	12.056000	1.001015	267.431244	317.818756
1	12.087000	0.972754	267.899994	318.475006
1	12.134000	1.000725	267.856262	318.156250
1	12.165000	1.004203	267.056244	318.493744
1	12.196000	0.996232	267.812500	318.187500
1	12.228000	0.987536	267.250000	318.312500
1	12.259000	0.968551	267.056244	318.881256
1	12.290000	0.988116	267.337494	319.037506
1	12.321000	0.992319	266.806244	318.368744
1	12.368000	1.024493	267.218750	319.231262
0	12.399000	0.568116	260.500000	322.000000
1	12.430000	1.020580	267.337494	319.287506
1	12.462000	0.990725	266.750000	319.250000
1	12.493000	1.008696	267.000000	318.500000
1	12.524000	0.979275	267.056244	318.943756
1	12.555000	1.002464	267.181244	319.068756
1	12.602000	1.007681	267.006256	319.006256
1	12.633000	1.014638	267.281250	318.581238
1	12.664000	0.987536	267.125000	318.937500
1	12.696000	1.000290	267.149994	318.837494
1	12.727000	0.990725	267.799988	319.250000
1	12.758000	0.990290	266.756256	319.243744
1	12.789000	1.007681	266.993744	318.993744
1	12.820000	0.998406	266.843750	319.143738
1	12.867000	1.008551	266.993744	319.243744
1	12.898000	1.008841	266.993744	318.543732
1	12.930000	0.999420	266.875000	319.125000
1	12.961000	0.969565	266.625000	318.500000
1	12.992000	0.987536	267.062500	318.750000
0	13.023000	0.726087	263.000000	320.500000
1	13.054000	1.007971	267.731262	318.481262
1	13.101000	1.014493	267.000000	318.000000
1	13.132000	1.008696	267.000000	318.500000
1	13.164000	1.000725	267.143738	317.643738
1	13.195000	1.027971	267.806244	317.693756
1	13.226000	0.985507	267.000000	316.500000
1	13.257000	1.026812	267.125000	317.687500
1	13.288000	1.008696	267.000000	318.500000
1	13.335000	1.007681	267.006256	317.543732
1	13.366000	1.008116	266.450012	317.500000
1	13.398000	1.020290	267.362488	317.687500
1	13.429000	1.008841	267.006256	318.043732
1	13.460000	1.000725	267.418762	318.143738
1	13.491000	1.021159	267.312500	317.750000
1	13.522000	1.027536	267.125000	318.000000
1	13.554000	1.025507	267.750000	317.750000
1	13.600000	1.008696	267.125000	317.875000
1	13.632000	1.008696	267.000000	318.500000
1	13.663000	1.030725	266.824982	317.887482
1	13.694000	1.008696	267.000000	318.500000
1	13.725000	1.008696	267.000000	318.500000
1	13.756000	1.044638	267.475006	318.475006
1	13.788000	1.008841	267.006256	318.443756
1	13.819000	0.997101	267.000000	317.500000
1	13.866000	0.998985	266.831268	318.131256
1	13.897000	1.007681	267.493744	318.493744
1	13.928000	1.013768	267.043762	318.456238
1	13.959000	1.008841	267.006256	318.493744
1	13.990000	1.044058	266.987488	319.000000
1	14.022000	0.972754	266.024994	318.475006
1	14.053000	1.008696	267.000000	318.500000
1	14.100000	1.007681	266.506256	318.493744
1	14.131000	1.024493	267.218750	318.781250
1	14.162000	1.021014	266.718750	318.706238
1	14.193000	1.014638	266.593750	319.218750
1	14.224000	1.009420	266.981262	319.518738
1	14.256000	1.000725	266.156250	319.168762
1	14.287000	1.007681	266.493744	319.006256
1	14.334000	1.003188	266.037506	319.212494
1	14.365000	1.018406	266.881256	319.368744
1	14.396000	1.008696	266.000000	319.500000
1	14.427000	1.020145	266.331238	319.281250
1	14.458000	1.029275	265.850006	319.662506
1	14.490000	1.007536	266.574982	319.725006
1	14.521000	1.007536	266.274994	319.975006
1	14.552000	1.006377	266.524994	320.975006
1	14.599000	1.000145	266.618744	321.181244
1	14.630000	1.024928	266.212494	321.225006
1	14.661000	1.008116	266.000000	321.750000
1	14.692000	0.985362	265.906250	321.718750
1	14.724000	0.994203	265.924988	322.075012
1	14.755000	0.988116	266.287506	321.287506
1	14.786000	1.025942	266.293732	321.756256
1	14.833000	0.977101	265.975006	321.462494
1	14.864000	0.973913	265.000000	321.500000
0	14.895000	0.588116	259.712494	325.212494
1	14.926000	0.990290	266.318756	322.756256
1	14.958000	0.973913	266.000000	323.500000
1	14.989000	1.008841	266.006256	325.006256
1	15.020000	0.996232	265.875000	325.437500
1	15.067000	0.970145	265.487488	325.112488
1	15.098000	0.985507	265.750000	325.750000
1	15.129000	0.959420	265.500000	324.500000
1	15.160000	0.993623	265.899994	325.100006
1	15.192000	0.991304	266.000000	324.000000
1	15.223000	1.008116	266.250000	324.000000
1	15.254000	0.544638	259.462494	327.087494
1	15.285000	0.998841	265.899994	324.100006
0	15.332000	0.568116	259.500000	327.000000
1	15.363000	0.998841	265.899994	324.462494
1	15.394000	1.033188	266.343750	324.468750
1	15.426000	1.019565	265.812500	324.687500
1	15.457000	1.006522	265.750000	324.500000
0	15.488000	0.568551	259.131256	327.856232
1	15.519000	1.002899	266.375000	323.375000
1	15.566000	0.988116	265.662506	323.287506
1	15.597000	0.985797	265.962494	322.300018
1	15.628000	0.986377	266.000000	321.812500
1	15.660000	1.008696	267.000000	322.500000
1	15.691000	1.008696	266.250000	322.250000
1	15.722000	0.988551	265.281250	321.781250
1	15.753000	1.011159	266.243744	321.993744
1	15.800000	0.991449	265.868744	321.806244
1	15.831000	1.021014	266.250000	321.625000
1	15.862000	0.981594	265.943756	321.631256
1	15.894000	1.008696	265.750000	321.250000
1	15.925000	0.996232	266.312500	321.187500
1	15.956000	0.971159	266.018738	320.981140
1	15.987000	0.969710	266.506256	321.068756
1	16.018000	0.978841	265.625000	321.187500
1	16.065000	0.964638	266.000000	321.000000
1	16.096000	0.977246	265.993744	321.131256
1	16.128000	0.996667	265.868744	321.568756
1	16.159000	0.972754	265.899994	321.524994
1	16.190000	0.601159	259.475006	324.649994
1	16.221000	0.972319	265.531250	321.531250
1	16.252000	0.968840	264.993744	321.118805
1	16.299000	0.968551	265.556244	321.556244
1	16.330000	0.968116	265.575012	321.062500
1	16.362000	0.972319	265.531250	321.531250
0	16.393000	0.779420	264.712494	325.212494
0	16.424000	0.915942	264.000000	321.500000
0	16.455000	0.749855	261.637634	323.587463
1	16.486000	0.984203	265.468750	322.031250
1	16.533000	0.990290	265.756256	322.318756
1	16.564000	0.973913	266.000000	322.500000
1	16.596000	1.008841	265.493744	322.556244
1	16.627000	0.988551	266.031250	322.781250
1	16.658000	0.988116	265.725006	322.962494
1	16.689000	1.007102	265.981262	323.468750
1	16.720000	0.970580	265.506256	322.881256
0	16.752000	0.575072	259.225006	326.762482
1	16.798000	1.008696	267.000000	322.500000
1	16.830000	0.974493	265.375000	322.875000
1	16.861000	0.964058	265.399994	323.399994
1	16.892000	0.982464	265.056244	323.118744
1	16.923000	0.972319	265.481262	322.981262
1	16.954000	0.970580	265.118744	322.993744
1	16.986000	1.000725	265.418762	322.856262
0	17.032000	0.848985	263.537506	325.212494
1	17.064000	1.008841	265.993744	323.006256
1	17.095000	0.988116	265.287506	323.712494
1	17.126000	0.992464	265.399994	323.100006
1	17.157000	0.988116	265.037506	323.712494
1	17.188000	0.990290	264.756256	323.756256
1	17.220000	0.973333	265.000000	323.500000
1	17.266000	0.976232	265.024994	323.574982
1	17.298000	1.008696	267.000000	322.500000
1	17.329000	1.007536	265.225006	323.274994
0	17.360000	0.801159	263.975006	325.899994
1	17.391000	0.972319	265.531250	323.906250
1	17.422000	0.972319	265.531250	323.906250
1	17.454000	0.975507	265.356262	323.918762
1	17.485000	1.008116	266.237488	324.250000
1	17.532000	1.025942	265.756256	325.243744
1	17.563000	1.043333	265.993744	325.043732
1	17.594000	1.007681	265.506256	325.543732
1	17.625000	0.985362	265.093750	325.093750
1	17.656000	0.999275	265.468750	325.393738
1	17.688000	1.000725	265.831238	324.856262
1	17.719000	1.035362	265.875000	325.375000
1	17.766000	1.008841	265.256256	324.556244
1	17.797000	1.008841	265.993744	324.493744
1	17.828000	1.025072	265.756256	324.756256
1	17.859000	1.031884	265.000000	324.500000
1	17.890000	1.042754	266.518738	324.981262
1	17.922000	1.008841	266.043732	324.256256
1	17.953000	1.026087	266.125000	324.625000
<\RIGHT-PUPIL-DATA>
<LEFT-PUPIL-DATA>
543	0
0	-0.050000	13.913043	240.000000	320.000000
0	-0.019000	13.913043	240.000000	320.000000
0	0.012000	13.913043	240.000000	320.000000
0	0.044000	13.913043	240.000000	320.000000
0	0.075000	13.913043	240.000000	320.000000
0	0.106000	13.913043	240.000000	320.000000
0	0.137000	13.913043	240.000000	320.000000
0	0.184000	13.913043	240.000000	320.000000
0	0.215000	13.913043	240.000000	320.000000
0	0.247000	13.913043	240.000000	320.000000
0	0.278000	13.913043	240.000000	320.000000
0	0.309000	13.913043	240.000000	320.000000
0	0.340000	13.913043	240.000000	320.000000
0	0.371000	13.913043	240.000000	320.000000
0	0.418000	13.913043	240.000000	320.000000
0	0.449000	13.913043	240.000000	320.000000
0	0.481000	13.913043	240.000000	320.000000
0	0.512000	13.913043	240.000000	320.000000
0	0.543000	13.913043	240.000000	320.000000
0	0.574000	13.913043	240.000000	320.000000
0	0.605000	13.913043	240.000000	320.000000
0	0.652000	13.913043	240.000000	320.000000
0	0.683000	13.913043	240.000000	320.000000
0	0.715000	13.913043	240.000000	320.000000
0	0.746000	13.913043	240.000000	320.000000
0	0.777000	13.913043	240.000000	320.000000
0	0.808000	13.913043	240.000000	320.000000
0	0.839000	13.913043	240.000000	320.000000
0	0.871000	13.913043	240.000000	320.000000
0	0.917000	13.913043	240.000000	320.000000
0	0.949000	13.913043	240.000000	320.000000
0	0.980000	13.913043	240.000000	320.000000
0	1.011000	13.913043	240.000000	320.000000
0	1.042000	13.913043	240.000000	320.000000
0	1.073000	13.913043	240.000000	320.000000
0	1.105000	13.913043	240.000000	320.000000
0	1.151000	13.913043	240.000000	320.000000
0	1.183000	13.913043	240.000000	320.000000
0	1.214000	13.913043	240.000000	320.000000
0	1.245000	13.913043	240.000000	320.000000
0	1.276000	13.913043	240.000000	320.000000
0	1.307000	13.913043	240.000000	320.000000
0	1.339000	13.913043	240.000000	320.000000
0	1.385000	13.913043	240.000000	320.000000
0	1.417000	13.913043	240.000000	320.000000
0	1.448000	13.913043	240.000000	320.000000
0	1.479000	13.913043	240.000000	320.000000
0	1.510000	13.913043	240.000000	320.000000
0	1.541000	13.913043	240.000000	320.000000
0	1.573000	13.913043	240.000000	320.000000
0	1.604000	13.913043	240.000000	320.000000
0	1.651000	13.913043	240.000000	320.000000
0	1.682000	13.913043	240.000000	320.000000
0	1.713000	13.913043	240.000000	320.000000
0	1.744000	13.913043	240.000000	320.000000
0	1.775000	13.913043	240.000000	320.000000
0	1.807000	13.913043	240.000000	320.000000
0	1.838000	13.913043	240.000000	320.000000
0	1.885000	13.913043	240.000000	320.000000
0	1.916000	13.913043	240.000000	320.000000
0	1.947000	13.913043	240.000000	320.000000
0	1.978000	13.913043	240.000000	320.000000
0	2.009000	13.913043	240.000000	320.000000
0	2.041000	13.913043	240.000000	320.000000
0	2.072000	13.913043	240.000000	320.000000
0	2.119000	13.913043	240.000000	320.000000
0	2.150000	13.913043	240.000000	320.000000
0	2.181000	13.913043	240.000000	320.000000
0	2.212000	13.913043	240.000000	320.000000
0	2.243000	13.913043	240.000000	320.000000
0	2.275000	13.913043	240.000000	320.000000
0	2.306000	13.913043	240.000000	320.000000
0	2.337000	13.913043	240.000000	320.000000
0	2.384000	13.913043	240.000000	320.000000
0	2.415000	13.913043	240.000000	320.000000
0	2.446000	13.913043	240.000000	320.000000
0	2.477000	13.913043	240.000000	320.000000
0	2.509000	13.913043	240.000000	320.000000
0	2.540000	13.913043	240.000000	320.000000
0	2.571000	13.913043	240.000000	320.000000
0	2.618000	13.913043	240.000000	320.000000
0	2.649000	13.913043	240.000000	320.000000
0	2.680000	13.913043	240.000000	320.000000
0	2.711000	13.913043	240.000000	320.000000
0	2.743000	13.913043	240.000000	320.000000
0	2.774000	13.913043	240.000000	320.000000
0	2.805000	13.913043	240.000000	320.000000
0	2.836000	13.913043	240.000000	320.000000
0	2.883000	13.913043	240.000000	320.000000
0	2.914000	13.913043	240.000000	320.000000
0	2.945000	13.913043	240.000000	320.000000
0	2.977000	13.913043	240.000000	320.000000
0	3.008000	13.913043	240.000000	320.000000
0	3.039000	13.913043	240.000000	320.000000
0	3.070000	13.913043	240.000000	320.000000
0	3.117000	13.913043	240.000000	320.000000
0	3.148000	13.913043	240.000000	320.000000
0	3.179000	13.913043	240.000000	320.000000
0	3.211000	13.913043	240.000000	320.000000
0	3.242000	13.913043	240.000000	320.000000
0	3.273000	13.913043	240.000000	320.000000
0	3.304000	13.913043	240.000000	320.000000
0	3.335000	13.913043	240.000000	320.000000
0	3.382000	13.913043	240.000000	320.000000
0	3.413000	13.913043	240.000000	320.000000
0	3.445000	13.913043	240.000000	320.000000
0	3.476000	13.913043	240.000000	320.000000
0	3.507000	13.913043	240.000000	320.000000
0	3.538000	13.913043	240.000000	320.000000
0	3.569000	13.913043	240.000000	320.000000
0	3.616000	13.913043	240.000000	320.000000
0	3.647000	13.913043	240.000000	320.000000
0	3.679000	13.913043	240.000000	320.000000
0	3.710000	13.913043	240.000000	320.000000
0	3.741000	13.913043	240.000000	320.000000
0	3.772000	13.913043	240.000000	320.000000
0	3.803000	13.913043	240.000000	320.000000
0	3.850000	13.913043	240.000000	320.000000
0	3.881000	13.913043	240.000000	320.000000
0	3.913000	13.913043	240.000000	320.000000
0	3.944000	13.913043	240.000000	320.000000
0	3.975000	13.913043	240.000000	320.000000
0	4.006000	13.913043	240.000000	320.000000
0	4.037000	13.913043	240.000000	320.000000
0	4.069000	13.913043	240.000000	320.000000
0	4.115000	13.913043	240.000000	320.000000
0	4.147000	13.913043	240.000000	320.000000
0	4.178000	13.913043	240.000000	320.000000
0	4.209000	13.913043	240.000000	320.000000
0	4.240000	13.913043	240.000000	320.000000
0	4.271000	13.913043	240.000000	320.000000
0	4.303000	13.913043	240.000000	320.000000
0	4.349000	13.913043	240.000000	320.000000
0	4.381000	13.913043	240.000000	320.000000
0	4.412000	13.913043	240.000000	320.000000
0	4.443000	13.913043	240.000000	320.000000
0	4.474000	13.913043	240.000000	320.000000
0	4.505000	13.913043	240.000000	320.000000
0	4.537000	13.913043	240.000000	320.000000
0	4.583000	13.913043	240.000000	320.000000
0	4.615000	13.913043	240.000000	320.000000
0	4.646000	13.913043	240.000000	320.000000
0	4.677000	13.913043	240.000000	320.000000
0	4.708000	13.913043	240.000000	320.000000
0	4.739000	13.913043	240.000000	320.000000
0	4.771000	13.913043	240.000000	320.000000
0	4.802000	13.913043	240.000000	320.000000
0	4.849000	13.913043	240.000000	320.000000
0	4.880000	13.913043	240.000000	320.000000
0	4.911000	13.913043	240.000000	320.000000
0	4.942000	13.913043	240.000000	320.000000
0	4.973000	13.913043	240.000000	320.000000
0	5.005000	13.913043	240.000000	320.000000
0	5.036000	13.913043	240.000000	320.000000
0	5.083000	13.913043	240.000000	320.000000
0	5.114000	13.913043	240.000000	320.000000
0	5.145000	13.913043	240.000000	320.000000
0	5.176000	13.913043	240.000000	320.000000
0	5.207000	13.913043	240.000000	320.000000
0	5.239000	13.913043	240.000000	320.000000
0	5.270000	13.913043	240.000000	320.000000
0	5.317000	13.913043	240.000000	320.000000
0	5.348000	13.913043	240.000000	320.000000
0	5.379000	13.913043	240.000000	320.000000
0	5.410000	13.913043	240.000000	320.000000
0	5.441000	13.913043	240.000000	320.000000
0	5.473000	13.913043	240.000000	320.000000
0	5.504000	13.913043	240.000000	320.000000
0	5.535000	13.913043	240.000000	320.000000
0	5.582000	13.913043	240.000000	320.000000
0	5.613000	13.913043	240.000000	320.000000
0	5.644000	13.913043	240.000000	320.000000
0	5.675000	13.913043	240.000000	320.000000
0	5.707000	13.913043	240.000000	320.000000
0	5.738000	13.913043	240.000000	320.000000
0	5.769000	13.913043	240.000000	320.000000
0	5.816000	13.913043	240.000000	320.000000
0	5.847000	13.913043	240.000000	320.000000
0	5.878000	13.913043	240.000000	320.000000
0	5.909000	13.913043	240.000000	320.000000
0	5.941000	13.913043	240.000000	320.000000
0	5.972000	13.913043	240.000000	320.000000
0	6.003000	13.913043	240.000000	320.000000
0	6.050000	13.913043	240.000000	320.000000
0	6.081000	13.913043	240.000000	320.000000
0	6.112000	13.913043	240.000000	320.000000
0	6.143000	13.913043	240.000000	320.000000
0	6.175000	13.913043	240.000000	320.000000
0	6.206000	13.913043	240.000000	320.000000
0	6.237000	13.913043	240.000000	320.000000
0	6.268000	13.913043	240.000000	320.000000
0	6.315000	13.913043	240.000000	320.000000
0	6.346000	13.913043	240.000000	320.000000
0	6.377000	13.913043	240.000000	320.000000
0	6.409000	13.913043	240.000000	320.000000
0	6.440000	13.913043	240.000000	320.000000
0	6.471000	13.913043	240.000000	320.000000
0	6.502000	13.913043	240.000000	320.000000
0	6.549000	13.913043	240.000000	320.000000
0	6.580000	13.913043	240.000000	320.000000
0	6.611000	13.913043	240.000000	320.000000
0	6.643000	13.913043	240.000000	320.000000
0	6.674000	13.913043	240.000000	320.000000
0	6.705000	13.913043	240.000000	320.000000
0	6.736000	13.913043	240.000000	320.000000
0	6.767000	13.913043	240.000000	320.000000
0	6.814000	13.913043	240.000000	320.000000
0	6.845000	13.913043	240.000000	320.000000
0	6.877000	13.913043	240.000000	320.000000
0	6.908000	13.913043	240.000000	320.000000
0	6.939000	13.913043	240.000000	320.000000
0	6.970000	13.913043	240.000000	320.000000
0	7.001000	13.913043	240.000000	320.000000
0	7.048000	13.913043	240.000000	320.000000
0	7.079000	13.913043	240.000000	320.000000
0	7.111000	13.913043	240.000000	320.000000
0	7.142000	13.913043	240.000000	320.000000
0	7.173000	13.913043	240.000000	320.000000
0	7.204000	13.913043	240.000000	320.000000
0	7.235000	13.913043	240.000000	320.000000
0	7.282000	13.913043	240.000000	320.000000
0	7.313000	13.913043	240.000000	320.000000
0	7.345000	13.913043	240.000000	320.000000
0	7.376000	13.913043	240.000000	320.000000
0	7.407000	13.913043	240.000000	320.000000
0	7.438000	13.913043	240.000000	320.000000
0	7.469000	13.913043	240.000000	320.000000
0	7.501000	13.913043	240.000000	320.000000
0	7.547000	13.913043	240.000000	320.000000
0	7.579000	13.913043	240.000000	320.000000
0	7.610000	13.913043	240.000000	320.000000
0	7.641000	13.913043	240.000000	320.000000
0	7.672000	13.913043	240.000000	320.000000
0	7.703000	13.913043	240.000000	320.000000
0	7.735000	13.913043	240.000000	320.000000
0	7.781000	13.913043	240.000000	320.000000
0	7.813000	13.913043	240.000000	320.000000
0	7.844000	13.913043	240.000000	320.000000
0	7.875000	13.913043	240.000000	320.000000
0	7.906000	13.913043	240.000000	320.000000
0	7.937000	13.913043	240.000000	320.000000
0	7.969000	13.913043	240.000000	320.000000
0	8.015000	13.913043	240.000000	320.000000
0	8.047000	13.913043	240.000000	320.000000
0	8.078000	13.913043	240.000000	320.000000
0	8.109000	13.913043	240.000000	320.000000
0	8.140000	13.913043	240.000000	320.000000
0	8.171000	13.913043	240.000000	320.000000
0	8.203000	13.913043	240.000000	320.000000
0	8.234000	13.913043	240.000000	320.000000
0	8.281000	13.913043	240.000000	320.000000
0	8.312000	13.913043	240.000000	320.000000
0	8.343000	13.913043	240.000000	320.000000
0	8.374000	13.913043	240.000000	320.000000
0	8.405000	13.913043	240.000000	320.000000
0	8.437000	13.913043	240.000000	320.000000
0	8.468000	13.913043	240.000000	320.000000
0	8.515000	13.913043	240.000000	320.000000
0	8.546000	13.913043	240.000000	320.000000
0	8.577000	13.913043	240.000000	320.000000
0	8.608000	13.913043	240.000000	320.000000
0	8.639000	13.913043	240.000000	320.000000
0	8.671000	13.913043	240.000000	320.000000
0	8.702000	13.913043	240.000000	320.000000
0	8.733000	13.913043	240.000000	320.000000
0	8.780000	13.913043	240.000000	320.000000
0	8.811000	13.913043	240.000000	320.000000
0	8.842000	13.913043	240.000000	320.000000
0	8.873000	13.913043	240.000000	320.000000
0	8.905000	13.913043	240.000000	320.000000
0	8.936000	13.913043	240.000000	320.000000
0	8.967000	13.913043	240.000000	320.000000
0	9.014000	13.913043	240.000000	320.000000
0	9.045000	13.913043	240.000000	320.000000
0	9.076000	13.913043	240.000000	320.000000
0	9.107000	13.913043	240.000000	320.000000
0	9.139000	13.913043	240.000000	320.000000
0	9.170000	13.913043	240.000000	320.000000
0	9.201000	13.913043	240.000000	320.000000
0	9.248000	13.913043	240.000000	320.000000
0	9.279000	13.913043	240.000000	320.000000
0	9.310000	13.913043	240.000000	320.000000
0	9.341000	13.913043	240.000000	320.000000
0	9.373000	13.913043	240.000000	320.000000
0	9.404000	13.913043	240.000000	320.000000
0	9.435000	13.913043	240.000000	320.000000
0	9.466000	13.913043	240.000000	320.000000
0	9.513000	13.913043	240.000000	320.000000
0	9.544000	13.913043	240.000000	320.000000
0	9.575000	13.913043	240.000000	320.000000
0	9.607000	13.913043	240.000000	320.000000
0	9.638000	13.913043	240.000000	320.000000
0	9.669000	13.913043	240.000000	320.000000
0	9.700000	13.913043	240.000000	320.000000
0	9.747000	13.913043	240.000000	320.000000
0	9.778000	13.913043	240.000000	320.000000
0	9.809000	13.913043	240.000000	320.000000
0	9.841000	13.913043	240.000000	320.000000
0	9.872000	13.913043	240.000000	320.000000
0	9.903000	13.913043	240.000000	320.000000
0	9.934000	13.913043	240.000000	320.000000
0	9.981000	13.913043	240.000000	320.000000
0	10.012000	13.913043	240.000000	320.000000
0	10.043000	13.913043	240.000000	320.000000
0	10.075000	13.913043	240.000000	320.000000
0	10.106000	13.913043	240.000000	320.000000
0	10.137000	13.913043	240.000000	320.000000
0	10.168000	13.913043	240.000000	320.000000
0	10.199000	13.913043	240.000000	320.000000
0	10.246000	13.913043	240.000000	320.000000
0	10.277000	13.913043	240.000000	320.000000
0	10.309000	13.913043	240.000000	320.000000
0	10.340000	13.913043	240.000000	320.000000
0	10.371000	13.913043	240.000000	320.000000
0	10.402000	13.913043	240.000000	320.000000
0	10.433000	13.913043	240.000000	320.000000
0	10.480000	13.913043	240.000000	320.000000
0	10.511000	13.913043	240.000000	320.000000
0	10.543000	13.913043	240.000000	320.000000
0	10.574000	13.913043	240.000000	320.000000
0	10.605000	13.913043	240.000000	320.000000
0	10.636000	13.913043	240.000000	320.000000
0	10.667000	13.913043	240.000000	320.000000
0	10.699000	13.913043	240.000000	320.000000
0	10.745000	13.913043	240.000000	320.000000
0	10.777000	13.913043	240.000000	320.000000
0	10.808000	13.913043	240.000000	320.000000
0	10.839000	13.913043	240.000000	320.000000
0	10.870000	13.913043	240.000000	320.000000
0	10.901000	13.913043	240.000000	320.000000
0	10.933000	13.913043	240.000000	320.000000
0	10.979000	13.913043	240.000000	320.000000
0	11.011000	13.913043	240.000000	320.000000
0	11.042000	13.913043	240.000000	320.000000
0	11.073000	13.913043	240.000000	320.000000
0	11.104000	13.913043	240.000000	320.000000
0	11.135000	13.913043	240.000000	320.000000
0	11.167000	13.913043	240.000000	320.000000
0	11.213000	13.913043	240.000000	320.000000
0	11.245000	13.913043	240.000000	320.000000
0	11.276000	13.913043	240.000000	320.000000
0	11.307000	13.913043	240.000000	320.000000
0	11.338000	13.913043	240.000000	320.000000
0	11.369000	13.913043	240.000000	320.000000
0	11.401000	13.913043	240.000000	320.000000
0	11.432000	13.913043	240.000000	320.000000
0	11.479000	13.913043	240.000000	320.000000
0	11.510000	13.913043	240.000000	320.000000
0	11.541000	13.913043	240.000000	320.000000
0	11.572000	13.913043	240.000000	320.000000
0	11.603000	13.913043	240.000000	320.000000
0	11.635000	13.913043	240.000000	320.000000
0	11.666000	13.913043	240.000000	320.000000
0	11.713000	13.913043	240.000000	320.000000
0	11.744000	13.913043	240.000000	320.000000
0	11.775000	13.913043	240.000000	320.000000
0	11.806000	13.913043	240.000000	320.000000
0	11.837000	13.913043	240.000000	320.000000
0	11.869000	13.913043	240.000000	320.000000
0	11.900000	13.913043	240.000000	320.000000
0	11.947000	13.913043	240.000000	320.000000
0	11.978000	13.913043	240.000000	320.000000
0	12.009000	13.913043	240.000000	320.000000
0	12.040000	13.913043	240.000000	320.000000
0	12.071000	13.913043	240.000000	320.000000
0	12.103000	13.913043	240.000000	320.000000
0	12.134000	13.913043	240.000000	320.000000
0	12.165000	13.913043	240.000000	320.000000
0	12.212000	13.913043	240.000000	320.000000
0	12.243000	13.913043	240.000000	320.000000
0	12.274000	13.913043	240.000000	320.000000
0	12.305000	13.913043	240.000000	320.000000
0	12.337000	13.913043	240.000000	320.000000
0	12.368000	13.913043	240.000000	320.000000
0	12.399000	13.913043	240.000000	320.000000
0	12.446000	13.913043	240.000000	320.000000
0	12.477000	13.913043	240.000000	320.000000
0	12.508000	13.913043	240.000000	320.000000
0	12.539000	13.913043	240.000000	320.000000
0	12.571000	13.913043	240.000000	320.000000
0	12.602000	13.913043	240.000000	320.000000
0	12.633000	13.913043	240.000000	320.000000
0	12.680000	13.913043	240.000000	320.000000
0	12.711000	13.913043	240.000000	320.000000
0	12.742000	13.913043	240.000000	320.000000
0	12.773000	13.913043	240.000000	320.000000
0	12.805000	13.913043	240.000000	320.000000
0	12.836000	13.913043	240.000000	320.000000
0	12.867000	13.913043	240.000000	320.000000
0	12.898000	13.913043	240.000000	320.000000
0	12.945000	13.913043	240.000000	320.000000
0	12.976000	13.913043	240.000000	320.000000
0	13.007000	13.913043	240.000000	320.000000
0	13.039000	13.913043	240.000000	320.000000
0	13.070000	13.913043	240.000000	320.000000
0	13.101000	13.913043	240.000000	320.000000
0	13.132000	13.913043	240.000000	320.000000
0	13.179000	13.913043	240.000000	320.000000
0	13.210000	13.913043	240.000000	320.000000
0	13.241000	13.913043	240.000000	320.000000
0	13.273000	13.913043	240.000000	320.000000
0	13.304000	13.913043	240.000000	320.000000
0	13.335000	13.913043	240.000000	320.000000
0	13.366000	13.913043	240.000000	320.000000
0	13.413000	13.913043	240.000000	320.000000
0	13.444000	13.913043	240.000000	320.000000
0	13.475000	13.913043	240.000000	320.000000
0	13.507000	13.913043	240.000000	320.000000
0	13.538000	13.913043	240.000000	320.000000
0	13.569000	13.913043	240.000000	320.000000
0	13.600000	13.913043	240.000000	320.000000
0	13.631000	13.913043	240.000000	320.000000
0	13.678000	13.913043	240.000000	320.000000
0	13.709000	13.913043	240.000000	320.000000
0	13.741000	13.913043	240.000000	320.000000
0	13.772000	13.913043	240.000000	320.000000
0	13.803000	13.913043	240.000000	320.000000
0	13.834000	13.913043	240.000000	320.000000
0	13.865000	13.913043	240.000000	320.000000
0	13.912000	13.913043	240.000000	320.000000
0	13.943000	13.913043	240.000000	320.000000
0	13.975000	13.913043	240.000000	320.000000
0	14.006000	13.913043	240.000000	320.000000
0	14.037000	13.913043	240.000000	320.000000
0	14.068000	13.913043	240.000000	320.000000
0	14.099000	13.913043	240.000000	320.000000
0	14.131000	13.913043	240.000000	320.000000
0	14.177000	13.913043	240.000000	320.000000
0	14.209000	13.913043	240.000000	320.000000
0	14.240000	13.913043	240.000000	320.000000
0	14.271000	13.913043	240.000000	320.000000
0	14.302000	13.913043	240.000000	320.000000
0	14.333000	13.913043	240.000000	320.000000
0	14.365000	13.913043	240.000000	320.000000
0	14.411000	13.913043	240.000000	320.000000
0	14.443000	13.913043	240.000000	320.000000
0	14.474000	13.913043	240.000000	320.000000
0	14.505000	13.913043	240.000000	320.000000
0	14.536000	13.913043	240.000000	320.000000
0	14.567000	13.913043	240.000000	320.000000
0	14.599000	13.913043	240.000000	320.000000
0	14.630000	13.913043	240.000000	320.000000
0	14.677000	13.913043	240.000000	320.000000
0	14.708000	13.913043	240.000000	320.000000
0	14.739000	13.913043	240.000000	320.000000
0	14.770000	13.913043	240.000000	320.000000
0	14.801000	13.913043	240.000000	320.000000
0	14.833000	13.913043	240.000000	320.000000
0	14.864000	13.913043	240.000000	320.000000
0	14.911000	13.913043	240.000000	320.000000
0	14.942000	13.913043	240.000000	320.000000
0	14.973000	13.913043	240.000000	320.000000
0	15.004000	13.913043	240.000000	320.000000
0	15.035000	13.913043	240.000000	320.000000
0	15.067000	13.913043	240.000000	320.000000
0	15.098000	13.913043	240.000000	320.000000
0	15.145000	13.913043	240.000000	320.000000
0	15.176000	13.913043	240.000000	320.000000
0	15.207000	13.913043	240.000000	320.000000
0	15.238000	13.913043	240.000000	320.000000
0	15.269000	13.913043	240.000000	320.000000
0	15.301000	13.913043	240.000000	320.000000
0	15.332000	13.913043	240.000000	320.000000
0	15.363000	13.913043	240.000000	320.000000
0	15.410000	13.913043	240.000000	320.000000
0	15.441000	13.913043	240.000000	320.000000
0	15.472000	13.913043	240.000000	320.000000
0	15.503000	13.913043	240.000000	320.000000
0	15.535000	13.913043	240.000000	320.000000
0	15.566000	13.913043	240.000000	320.000000
0	15.597000	13.913043	240.000000	320.000000
0	15.644000	13.913043	240.000000	320.000000
0	15.675000	13.913043	240.000000	320.000000
0	15.706000	13.913043	240.000000	320.000000
0	15.737000	13.913043	240.000000	320.000000
0	15.769000	13.913043	240.000000	320.000000
0	15.800000	13.913043	240.000000	320.000000
0	15.831000	13.913043	240.000000	320.000000
0	15.878000	13.913043	240.000000	320.000000
0	15.909000	13.913043	240.000000	320.000000
0	15.940000	13.913043	240.000000	320.000000
0	15.971000	13.913043	240.000000	320.000000
0	16.003000	13.913043	240.000000	320.000000
0	16.034000	13.913043	240.000000	320.000000
0	16.065000	13.913043	240.000000	320.000000
0	16.096000	13.913043	240.000000	320.000000
0	16.143000	13.913043	240.000000	320.000000
0	16.174000	13.913043	240.000000	320.000000
0	16.205000	13.913043	240.000000	320.000000
0	16.237000	13.913043	240.000000	320.000000
0	16.268000	13.913043	240.000000	320.000000
0	16.299000	13.913043	240.000000	320.000000
0	16.330000	13.913043	240.000000	320.000000
0	16.377000	13.913043	240.000000	320.000000
0	16.408000	13.913043	240.000000	320.000000
0	16.439000	13.913043	240.000000	320.000000
0	16.471000	13.913043	240.000000	320.000000
0	16.502000	13.913043	240.000000	320.000000
0	16.533000	13.913043	240.000000	320.000000
0	16.564000	13.913043	240.000000	320.000000
0	16.611000	13.913043	240.000000	320.000000
0	16.642000	13.913043	240.000000	320.000000
0	16.673000	13.913043	240.000000	320.000000
0	16.705000	13.913043	240.000000	320.000000
0	16.736000	13.913043	240.000000	320.000000
0	16.767000	13.913043	240.000000	320.000000
0	16.798000	13.913043	240.000000	320.000000
0	16.829000	13.913043	240.000000	320.000000
0	16.876000	13.913043	240.000000	320.000000
0	16.907000	13.913043	240.000000	320.000000
0	16.939000	13.913043	240.000000	320.000000
0	16.970000	13.913043	240.000000	320.000000
0	17.001000	13.913043	240.000000	320.000000
0	17.032000	13.913043	240.000000	320.000000
0	17.063000	13.913043	240.000000	320.000000
0	17.110000	13.913043	240.000000	320.000000
0	17.141000	13.913043	240.000000	320.000000
0	17.173000	13.913043	240.000000	320.000000
0	17.204000	13.913043	240.000000	320.000000
0	17.235000	13.913043	240.000000	320.000000
0	17.266000	13.913043	240.000000	320.000000
0	17.297000	13.913043	240.000000	320.000000
0	17.344000	13.913043	240.000000	320.000000
0	17.375000	13.913043	240.000000	320.000000
0	17.407000	13.913043	240.000000	320.000000
0	17.438000	13.913043	240.000000	320.000000
0	17.469000	13.913043	240.000000	320.000000
0	17.500000	13.913043	240.000000	320.000000
0	17.531000	13.913043	240.000000	320.000000
0	17.563000	13.913043	240.000000	320.000000
0	17.609000	13.913043	240.000000	320.000000
0	17.641000	13.913043	240.000000	320.000000
0	17.672000	13.913043	240.000000	320.000000
0	17.703000	13.913043	240.000000	320.000000
0	17.734000	13.913043	240.000000	320.000000
0	17.765000	13.913043	240.000000	320.000000
0	17.797000	13.913043	240.000000	320.000000
0	17.843000	13.913043	240.000000	320.000000
0	17.875000	13.913043	240.000000	320.000000
0	17.906000	13.913043	240.000000	320.000000
0	17.937000	13.913043	240.000000	320.000000
0	17.968000	13.913043	240.000000	320.000000
0	17.999000	13.913043	240.000000	320.000000
<\LEFT-PUPIL-DATA>
<RIGHT-PUPIL-ANALYSIS>
1
0	0	18	541	0	0	0.510000	17.518000	0.509000	99.710426	0.000000	0.000000	0.000000	0	1	1	1	1	0	0	0	0.000000	0.000000	0.000000	0.000000	0.000000	0.000000	0.000000	-1.000000	0.000000	0	1.013478	0.455164	0.806835	0.163014	0.657000	-0.663081	-2.582445	-1.000000	0.218599	1	1.013478	0.455164	0.806835	0.163014	0.657000	-1.982265	-2.582447	-1.000000	0.139362
<\RIGHT-PUPIL-ANALYSIS>
<LEFT-PUPIL-ANALYSIS>
1
0	0	17	542	0	0	0.510000	17.518000	0.509000	99.710426	0.000000	0.000000	0.000000	0	1	1	1	1	0	0	0	0.000000	0.000000	0.000000	0.000000	0.000000	0.000000	0.000000	-1.000000	0.000000	0	-0.034783	-0.034783	0.000950	0.000950	0.002000	0.000000	0.000000	-1.000000	0.000000	1	-0.034783	-0.034783	0.000950	0.000950	0.002000	-1000000.000000	-1000000.000000	-1.000000	0.000000
<\LEFT-PUPIL-ANALYSIS>
%%%%%%%%%
%%%%%%%%%
%%%%%%%%%
%%%	Measurement Tiime is: 2017-08-15 09:26:26
%%%	Subject ID is: c57-1mois-f1-2r
%%%	Note: 
%%%	RSS: Default Human Relative Spectral Sensitivity
%%%	Pupil Analysis:
%%%
%%%
%%%
%%%	Pulse Index:	0
%%%	Stimulus Session Index:	0
%%%	Right Pupil Stimulated
%%%	Light Metric is Photopic
%%%	Stimulus Start Time(sec):	0.51
%%%	Stimulus Duration(sec):	17.52
%%%	Stimulus Pulse Duration(sec):	0.51
%%%	Right Pulse:	99.71	(Red  )	-	0.00	(Red  )	[Lux ]
%%%	Left Pulse:	0.00	(Red  )	-	0.00	(Red  )	[Lux ]
%%%
%%%		RIGHT	LEFT	R.Pupil Mean	L.Pupil Mean	R.Stim Mean	R.Stim Mean
%%%	INPUT:	RAW DATA	RAW DATA
%%%	STATE:	ABNORMAL	ABNORMAL	ABNORMAL	ABNORMAL	ABNORMAL	ABNORMAL
%%%	MAX(mm):	0.00	0.00	0.00	0.00	0.00	0.00
%%%	MIN(mm):	0.00	0.00	0.00	0.00	0.00	0.00
%%%	DELTA(mm):						
%%%	CH(%):						
%%%	LAT(sec):	0.00	0.00	0.00	0.00	0.00	0.00
%%%	CV(mm/s):	0.00	0.00	0.00	0.00	0.00	0.00
%%%	MCV(mm/s):	0.00	0.00	0.00	0.00	0.00	0.00
%%%	DV(mm/s):	0.00	0.00	0.00	0.00	0.00	0.00
%%%%%%%%%
%%%%%%%%%
%%%%%%%%%
%%%	Right Pupil Profile (1st row -> 1 == valid tracking, 0 == invalid tracking; 2nd row -> time; 3rd row -> diameter (mm))
%%%	1	1	1	1	0	1	1	1	0	1	1	1	1	1	1	1	1	1	1	1	1	1	1	1	1	1	1	1	1	1	1	1	1	0	1	1	1	0	1	1	1	1	1	1	0	1	1	1	1	0	0	0	0	0	0	0	0	1	1	1	1	1	0	1	0	0	1	1	0	0	0	1	0	1	1	0	1	1	1	1	1	1	1	1	1	1	1	1	1	1	1	1	1	0	1	1	1	0	0	0	0	1	1	1	1	1	1	0	1	1	1	1	1	0	1	1	1	1	0	1	1	1	1	1	1	1	0	0	1	1	1	0	0	1	1	1	1	1	0	1	0	1	1	1	1	1	1	1	1	1	1	1	1	1	0	1	1	1	1	1	1	1	1	1	1	1	1	1	1	1	1	1	1	1	1	1	1	1	1	1	1	1	1	1	1	1	1	1	1	1	1	1	1	1	1	1	1	1	1	1	1	1	1	1	1	1	1	1	1	1	1	1	1	1	1	1	1	1	1	1	1	1	1	1	1	1	1	1	1	1	1	1	1	1	1	1	1	1	1	1	1	1	1	1	1	1	1	1	1	1	1	1	1	1	1	1	1	1	1	1	1	1	1	1	1	1	1	1	1	1	1	1	1	1	1	1	1	1	1	1	0	1	1	1	1	1	1	1	1	1	1	1	1	1	1	1	1	1	1	1	1	1	1	1	1	1	1	1	1	1	1	1	1	1	1	1	1	1	1	1	1	1	1	1	1	1	1	1	1	1	1	1	1	1	1	1	1	1	1	1	1	1	1	1	1	1	1	1	1	1	1	1	1	1	1	1	1	1	1	1	1	1	1	1	1	1	1	1	1	1	1	1	1	1	0	1	1	1	1	1	1	1	1	1	1	1	1	1	1	1	1	1	1	0	1	1	1	1	1	1	1	1	1	1	1	1	1	1	1	1	1	1	1	1	1	1	1	1	1	1	1	1	1	1	1	1	1	1	1	1	1	1	1	1	1	1	1	1	1	1	1	1	1	1	1	1	1	1	1	0	1	1	1	1	1	1	1	1	1	1	1	1	0	1	1	1	1	0	1	1	1	1	1	1	1	1	1	1	1	1	1	1	1	1	1	1	1	1	1	1	1	1	1	1	0	0	0	1	1	1	1	1	1	1	1	0	1	1	1	1	1	1	1	0	1	1	1	1	1	1	1	1	1	0	1	1	1	1	1	1	1	1	1	1	1	1	1	1	1	1	1	1
%%%	-0.065000	-0.034000	-0.003000	0.028000	0.059000	0.106000	0.138000	0.169000	0.200000	0.231000	0.262000	0.294000	0.340000	0.372000	0.403000	0.434000	0.465000	0.496000	0.528000	0.574000	0.606000	0.637000	0.668000	0.699000	0.730000	0.762000	0.793000	0.840000	0.871000	0.902000	0.933000	0.964000	0.996000	1.027000	1.074000	1.105000	1.136000	1.167000	1.198000	1.230000	1.261000	1.308000	1.339000	1.370000	1.401000	1.432000	1.464000	1.495000	1.526000	1.573000	1.604000	1.635000	1.666000	1.698000	1.729000	1.760000	1.807000	1.838000	1.869000	1.900000	1.932000	1.963000	1.994000	2.025000	2.072000	2.103000	2.134000	2.166000	2.197000	2.228000	2.259000	2.306000	2.337000	2.368000	2.400000	2.431000	2.462000	2.493000	2.540000	2.571000	2.602000	2.634000	2.665000	2.696000	2.727000	2.758000	2.805000	2.836000	2.868000	2.899000	2.930000	2.961000	2.992000	3.039000	3.070000	3.102000	3.133000	3.164000	3.195000	3.226000	3.258000	3.304000	3.336000	3.367000	3.398000	3.429000	3.460000	3.492000	3.538000	3.570000	3.601000	3.632000	3.663000	3.694000	3.726000	3.772000	3.804000	3.835000	3.866000	3.897000	3.928000	3.960000	3.991000	4.038000	4.069000	4.100000	4.131000	4.162000	4.194000	4.225000	4.272000	4.303000	4.334000	4.365000	4.396000	4.428000	4.459000	4.506000	4.537000	4.568000	4.599000	4.630000	4.662000	4.693000	4.724000	4.771000	4.802000	4.833000	4.864000	4.896000	4.927000	4.958000	5.005000	5.036000	5.067000	5.098000	5.130000	5.161000	5.192000	5.239000	5.270000	5.301000	5.332000	5.364000	5.395000	5.426000	5.457000	5.504000	5.535000	5.566000	5.598000	5.629000	5.660000	5.691000	5.738000	5.769000	5.800000	5.832000	5.863000	5.894000	5.925000	5.956000	6.003000	6.034000	6.066000	6.097000	6.128000	6.159000	6.190000	6.237000	6.268000	6.300000	6.331000	6.362000	6.393000	6.424000	6.471000	6.502000	6.534000	6.565000	6.596000	6.627000	6.658000	6.690000	6.736000	6.768000	6.799000	6.830000	6.861000	6.892000	6.924000	6.970000	7.002000	7.033000	7.064000	7.095000	7.126000	7.158000	7.204000	7.236000	7.267000	7.298000	7.329000	7.360000	7.392000	7.423000	7.470000	7.501000	7.532000	7.563000	7.594000	7.626000	7.657000	7.704000	7.735000	7.766000	7.797000	7.828000	7.860000	7.891000	7.938000	7.969000	8.000000	8.031000	8.062000	8.094000	8.125000	8.156000	8.203000	8.234000	8.265000	8.296000	8.328000	8.359000	8.390000	8.437000	8.468000	8.499000	8.530000	8.562000	8.593000	8.624000	8.671000	8.702000	8.733000	8.764000	8.796000	8.827000	8.858000	8.889000	8.936000	8.967000	8.998000	9.030000	9.061000	9.092000	9.123000	9.170000	9.201000	9.232000	9.264000	9.295000	9.326000	9.357000	9.404000	9.435000	9.466000	9.498000	9.529000	9.560000	9.591000	9.622000	9.669000	9.700000	9.732000	9.763000	9.794000	9.825000	9.856000	9.888000	9.934000	9.966000	9.997000	10.028000	10.059000	10.090000	10.122000	10.168000	10.200000	10.231000	10.262000	10.293000	10.324000	10.356000	10.402000	10.434000	10.465000	10.496000	10.527000	10.558000	10.590000	10.621000	10.668000	10.699000	10.730000	10.761000	10.792000	10.824000	10.855000	10.902000	10.933000	10.964000	10.995000	11.026000	11.058000	11.089000	11.136000	11.167000	11.198000	11.229000	11.260000	11.292000	11.323000	11.354000	11.401000	11.432000	11.463000	11.494000	11.526000	11.557000	11.588000	11.635000	11.666000	11.697000	11.728000	11.760000	11.791000	11.822000	11.869000	11.900000	11.931000	11.962000	11.994000	12.025000	12.056000	12.087000	12.134000	12.165000	12.196000	12.228000	12.259000	12.290000	12.321000	12.368000	12.399000	12.430000	12.462000	12.493000	12.524000	12.555000	12.602000	12.633000	12.664000	12.696000	12.727000	12.758000	12.789000	12.820000	12.867000	12.898000	12.930000	12.961000	12.992000	13.023000	13.054000	13.101000	13.132000	13.164000	13.195000	13.226000	13.257000	13.288000	13.335000	13.366000	13.398000	13.429000	13.460000	13.491000	13.522000	13.554000	13.600000	13.632000	13.663000	13.694000	13.725000	13.756000	13.788000	13.819000	13.866000	13.897000	13.928000	13.959000	13.990000	14.022000	14.053000	14.100000	14.131000	14.162000	14.193000	14.224000	14.256000	14.287000	14.334000	14.365000	14.396000	14.427000	14.458000	14.490000	14.521000	14.552000	14.599000	14.630000	14.661000	14.692000	14.724000	14.755000	14.786000	14.833000	14.864000	14.895000	14.926000	14.958000	14.989000	15.020000	15.067000	15.098000	15.129000	15.160000	15.192000	15.223000	15.254000	15.285000	15.332000	15.363000	15.394000	15.426000	15.457000	15.488000	15.519000	15.566000	15.597000	15.628000	15.660000	15.691000	15.722000	15.753000	15.800000	15.831000	15.862000	15.894000	15.925000	15.956000	15.987000	16.018000	16.065000	16.096000	16.128000	16.159000	16.190000	16.221000	16.252000	16.299000	16.330000	16.362000	16.393000	16.424000	16.455000	16.486000	16.533000	16.564000	16.596000	16.627000	16.658000	16.689000	16.720000	16.752000	16.798000	16.830000	16.861000	16.892000	16.923000	16.954000	16.986000	17.032000	17.064000	17.095000	17.126000	17.157000	17.188000	17.220000	17.266000	17.298000	17.329000	17.360000	17.391000	17.422000	17.454000	17.485000	17.532000	17.563000	17.594000	17.625000	17.656000	17.688000	17.719000	17.766000	17.797000	17.828000	17.859000	17.890000	17.922000	17.953000
%%%	0.997246	0.950580	0.970290	0.950580	0.892754	0.938551	0.974493	0.981594	0.866232	0.925507	0.958116	0.987971	0.973913	0.998841	0.937536	0.996957	1.002754	1.006232	1.018841	0.988551	1.022319	0.985797	1.005797	0.971595	0.984783	1.025072	1.026087	0.989710	0.959275	0.956522	0.946667	0.911449	0.901449	0.783768	0.864638	0.859275	0.791594	0.649275	0.800000	0.807536	0.758986	0.437681	0.433333	0.470145	0.486957	0.742029	0.503768	0.755797	0.588116	0.394203	0.588116	0.488261	0.566812	0.601159	0.466377	0.744203	0.478116	0.427246	0.455942	0.788261	0.521015	0.809855	0.776812	0.485797	0.459420	0.486957	0.494493	0.815362	0.648406	0.492754	0.502609	0.823188	0.787971	0.825507	0.832029	0.496377	0.816812	0.839275	0.816812	0.853188	0.484928	0.848985	0.858116	0.837971	0.837971	0.655507	0.839855	0.838116	0.861014	0.837681	0.857246	0.839855	0.839710	0.788116	0.858116	0.472319	0.845942	0.501449	0.736232	0.835942	0.643188	0.848406	0.866812	0.871159	0.814058	0.844928	0.857536	0.477246	0.469420	0.850580	0.811594	0.833188	0.866812	0.713623	0.862029	0.854203	0.881015	0.866232	0.654203	0.829275	0.495072	0.698985	0.865797	0.861594	0.884638	0.863768	0.687536	0.601449	0.875507	0.866812	0.857971	0.460290	0.544928	0.869565	0.906666	0.863623	0.892754	0.868551	0.545072	0.828841	0.498841	0.885362	0.884928	0.924493	0.911884	0.884203	0.929275	0.854928	0.922319	0.937536	0.903478	0.916377	0.933623	0.931015	0.549420	0.957681	0.956377	0.972319	0.985362	0.973913	0.981594	1.004203	1.002754	1.043333	1.004493	1.008841	1.008841	1.042319	1.043478	1.043478	1.079855	1.079420	1.048406	1.099420	1.098841	1.079855	1.137101	1.117971	1.131449	1.130435	1.160290	1.135362	1.144638	1.118406	1.112029	1.136232	1.112464	1.099420	1.137536	1.146812	1.142029	1.136812	1.140725	1.114203	1.101449	1.095072	1.113623	1.101449	1.094493	1.118986	1.111014	1.059275	1.048841	1.078841	1.114058	1.100145	1.070290	1.105942	1.107681	1.098985	1.096667	1.059855	1.066232	1.044058	1.096812	1.055942	1.101594	1.113623	1.101449	1.105362	1.092319	1.042754	1.075072	1.099855	1.100580	1.081594	1.079420	1.120145	1.079420	1.113623	1.073188	1.057102	1.063188	1.074058	1.060870	1.008696	1.078116	1.078261	1.055507	1.066812	1.043478	1.059855	1.044058	1.060870	1.078841	1.035942	1.039710	1.048406	1.057102	1.033333	0.968116	1.066667	1.079420	1.048406	1.046812	1.078986	1.066377	1.071159	1.043478	1.061449	1.034928	1.020290	1.042754	1.055942	1.043478	1.042754	1.044638	1.024493	1.059275	1.031884	1.077681	1.028986	1.069855	1.037681	1.008696	1.046377	1.048841	1.025942	1.050580	1.046812	0.883768	1.003768	1.052754	1.020145	1.048841	1.007536	1.020580	1.022319	0.998406	1.008841	1.035362	0.997246	0.976667	1.001884	1.011160	1.008116	1.015072	0.987971	1.025072	1.008696	1.024493	1.024928	1.018985	1.035942	1.028841	0.998406	1.007536	1.044058	0.991304	0.939130	0.998841	0.985507	1.026087	1.002899	0.991304	0.999420	1.008696	0.969710	1.005797	1.031884	0.996667	1.002754	1.000725	1.007681	0.981594	1.008696	0.988116	0.998841	1.043478	1.029275	1.021159	1.008116	0.996667	1.005797	1.017391	1.002754	1.015797	0.997101	1.008116	0.999420	0.983768	1.016232	0.983768	0.990290	0.992029	0.999420	1.003768	0.987536	1.006377	1.005797	0.998985	1.000725	1.007102	1.007681	0.978841	0.990290	0.974493	0.973913	0.981594	0.987971	0.990290	0.983768	0.972899	0.985507	1.001015	0.972754	1.000725	1.004203	0.996232	0.987536	0.968551	0.988116	0.992319	1.024493	0.568116	1.020580	0.990725	1.008696	0.979275	1.002464	1.007681	1.014638	0.987536	1.000290	0.990725	0.990290	1.007681	0.998406	1.008551	1.008841	0.999420	0.969565	0.987536	0.726087	1.007971	1.014493	1.008696	1.000725	1.027971	0.985507	1.026812	1.008696	1.007681	1.008116	1.020290	1.008841	1.000725	1.021159	1.027536	1.025507	1.008696	1.008696	1.030725	1.008696	1.008696	1.044638	1.008841	0.997101	0.998985	1.007681	1.013768	1.008841	1.044058	0.972754	1.008696	1.007681	1.024493	1.021014	1.014638	1.009420	1.000725	1.007681	1.003188	1.018406	1.008696	1.020145	1.029275	1.007536	1.007536	1.006377	1.000145	1.024928	1.008116	0.985362	0.994203	0.988116	1.025942	0.977101	0.973913	0.588116	0.990290	0.973913	1.008841	0.996232	0.970145	0.985507	0.959420	0.993623	0.991304	1.008116	0.544638	0.998841	0.568116	0.998841	1.033188	1.019565	1.006522	0.568551	1.002899	0.988116	0.985797	0.986377	1.008696	1.008696	0.988551	1.011159	0.991449	1.021014	0.981594	1.008696	0.996232	0.971159	0.969710	0.978841	0.964638	0.977246	0.996667	0.972754	0.601159	0.972319	0.968840	0.968551	0.968116	0.972319	0.779420	0.915942	0.749855	0.984203	0.990290	0.973913	1.008841	0.988551	0.988116	1.007102	0.970580	0.575072	1.008696	0.974493	0.964058	0.982464	0.972319	0.970580	1.000725	0.848985	1.008841	0.988116	0.992464	0.988116	0.990290	0.973333	0.976232	1.008696	1.007536	0.801159	0.972319	0.972319	0.975507	1.008116	1.025942	1.043333	1.007681	0.985362	0.999275	1.000725	1.035362	1.008841	1.008841	1.025072	1.031884	1.042754	1.008841	1.026087
%%%	Left Pupil Profile (1st row -> 1 == valid tracking, 0 == invalid tracking; 2nd row -> time; 3rd row -> diameter (mm))
%%%	0	0	0	0	0	0	0	0	0	0	0	0	0	0	0	0	0	0	0	0	0	0	0	0	0	0	0	0	0	0	0	0	0	0	0	0	0	0	0	0	0	0	0	0	0	0	0	0	0	0	0	0	0	0	0	0	0	0	0	0	0	0	0	0	0	0	0	0	0	0	0	0	0	0	0	0	0	0	0	0	0	0	0	0	0	0	0	0	0	0	0	0	0	0	0	0	0	0	0	0	0	0	0	0	0	0	0	0	0	0	0	0	0	0	0	0	0	0	0	0	0	0	0	0	0	0	0	0	0	0	0	0	0	0	0	0	0	0	0	0	0	0	0	0	0	0	0	0	0	0	0	0	0	0	0	0	0	0	0	0	0	0	0	0	0	0	0	0	0	0	0	0	0	0	0	0	0	0	0	0	0	0	0	0	0	0	0	0	0	0	0	0	0	0	0	0	0	0	0	0	0	0	0	0	0	0	0	0	0	0	0	0	0	0	0	0	0	0	0	0	0	0	0	0	0	0	0	0	0	0	0	0	0	0	0	0	0	0	0	0	0	0	0	0	0	0	0	0	0	0	0	0	0	0	0	0	0	0	0	0	0	0	0	0	0	0	0	0	0	0	0	0	0	0	0	0	0	0	0	0	0	0	0	0	0	0	0	0	0	0	0	0	0	0	0	0	0	0	0	0	0	0	0	0	0	0	0	0	0	0	0	0	0	0	0	0	0	0	0	0	0	0	0	0	0	0	0	0	0	0	0	0	0	0	0	0	0	0	0	0	0	0	0	0	0	0	0	0	0	0	0	0	0	0	0	0	0	0	0	0	0	0	0	0	0	0	0	0	0	0	0	0	0	0	0	0	0	0	0	0	0	0	0	0	0	0	0	0	0	0	0	0	0	0	0	0	0	0	0	0	0	0	0	0	0	0	0	0	0	0	0	0	0	0	0	0	0	0	0	0	0	0	0	0	0	0	0	0	0	0	0	0	0	0	0	0	0	0	0	0	0	0	0	0	0	0	0	0	0	0	0	0	0	0	0	0	0	0	0	0	0	0	0	0	0	0	0	0	0	0	0	0	0	0	0	0	0	0	0	0	0	0	0	0	0	0	0	0	0	0	0	0	0	0	0	0	0	0	0	0	0	0	0	0	0	0	0	0	0	0	0	0	0	0	0	0	0	0	0	0	0	0	0	0	0	0	0	0	0	0	0	0	0	0	0	0	0	0	0	0	0	0	0
%%%	-0.050000	-0.019000	0.012000	0.044000	0.075000	0.106000	0.137000	0.184000	0.215000	0.247000	0.278000	0.309000	0.340000	0.371000	0.418000	0.449000	0.481000	0.512000	0.543000	0.574000	0.605000	0.652000	0.683000	0.715000	0.746000	0.777000	0.808000	0.839000	0.871000	0.917000	0.949000	0.980000	1.011000	1.042000	1.073000	1.105000	1.151000	1.183000	1.214000	1.245000	1.276000	1.307000	1.339000	1.385000	1.417000	1.448000	1.479000	1.510000	1.541000	1.573000	1.604000	1.651000	1.682000	1.713000	1.744000	1.775000	1.807000	1.838000	1.885000	1.916000	1.947000	1.978000	2.009000	2.041000	2.072000	2.119000	2.150000	2.181000	2.212000	2.243000	2.275000	2.306000	2.337000	2.384000	2.415000	2.446000	2.477000	2.509000	2.540000	2.571000	2.618000	2.649000	2.680000	2.711000	2.743000	2.774000	2.805000	2.836000	2.883000	2.914000	2.945000	2.977000	3.008000	3.039000	3.070000	3.117000	3.148000	3.179000	3.211000	3.242000	3.273000	3.304000	3.335000	3.382000	3.413000	3.445000	3.476000	3.507000	3.538000	3.569000	3.616000	3.647000	3.679000	3.710000	3.741000	3.772000	3.803000	3.850000	3.881000	3.913000	3.944000	3.975000	4.006000	4.037000	4.069000	4.115000	4.147000	4.178000	4.209000	4.240000	4.271000	4.303000	4.349000	4.381000	4.412000	4.443000	4.474000	4.505000	4.537000	4.583000	4.615000	4.646000	4.677000	4.708000	4.739000	4.771000	4.802000	4.849000	4.880000	4.911000	4.942000	4.973000	5.005000	5.036000	5.083000	5.114000	5.145000	5.176000	5.207000	5.239000	5.270000	5.317000	5.348000	5.379000	5.410000	5.441000	5.473000	5.504000	5.535000	5.582000	5.613000	5.644000	5.675000	5.707000	5.738000	5.769000	5.816000	5.847000	5.878000	5.909000	5.941000	5.972000	6.003000	6.050000	6.081000	6.112000	6.143000	6.175000	6.206000	6.237000	6.268000	6.315000	6.346000	6.377000	6.409000	6.440000	6.471000	6.502000	6.549000	6.580000	6.611000	6.643000	6.674000	6.705000	6.736000	6.767000	6.814000	6.845000	6.877000	6.908000	6.939000	6.970000	7.001000	7.048000	7.079000	7.111000	7.142000	7.173000	7.204000	7.235000	7.282000	7.313000	7.345000	7.376000	7.407000	7.438000	7.469000	7.501000	7.547000	7.579000	7.610000	7.641000	7.672000	7.703000	7.735000	7.781000	7.813000	7.844000	7.875000	7.906000	7.937000	7.969000	8.015000	8.047000	8.078000	8.109000	8.140000	8.171000	8.203000	8.234000	8.281000	8.312000	8.343000	8.374000	8.405000	8.437000	8.468000	8.515000	8.546000	8.577000	8.608000	8.639000	8.671000	8.702000	8.733000	8.780000	8.811000	8.842000	8.873000	8.905000	8.936000	8.967000	9.014000	9.045000	9.076000	9.107000	9.139000	9.170000	9.201000	9.248000	9.279000	9.310000	9.341000	9.373000	9.404000	9.435000	9.466000	9.513000	9.544000	9.575000	9.607000	9.638000	9.669000	9.700000	9.747000	9.778000	9.809000	9.841000	9.872000	9.903000	9.934000	9.981000	10.012000	10.043000	10.075000	10.106000	10.137000	10.168000	10.199000	10.246000	10.277000	10.309000	10.340000	10.371000	10.402000	10.433000	10.480000	10.511000	10.543000	10.574000	10.605000	10.636000	10.667000	10.699000	10.745000	10.777000	10.808000	10.839000	10.870000	10.901000	10.933000	10.979000	11.011000	11.042000	11.073000	11.104000	11.135000	11.167000	11.213000	11.245000	11.276000	11.307000	11.338000	11.369000	11.401000	11.432000	11.479000	11.510000	11.541000	11.572000	11.603000	11.635000	11.666000	11.713000	11.744000	11.775000	11.806000	11.837000	11.869000	11.900000	11.947000	11.978000	12.009000	12.040000	12.071000	12.103000	12.134000	12.165000	12.212000	12.243000	12.274000	12.305000	12.337000	12.368000	12.399000	12.446000	12.477000	12.508000	12.539000	12.571000	12.602000	12.633000	12.680000	12.711000	12.742000	12.773000	12.805000	12.836000	12.867000	12.898000	12.945000	12.976000	13.007000	13.039000	13.070000	13.101000	13.132000	13.179000	13.210000	13.241000	13.273000	13.304000	13.335000	13.366000	13.413000	13.444000	13.475000	13.507000	13.538000	13.569000	13.600000	13.631000	13.678000	13.709000	13.741000	13.772000	13.803000	13.834000	13.865000	13.912000	13.943000	13.975000	14.006000	14.037000	14.068000	14.099000	14.131000	14.177000	14.209000	14.240000	14.271000	14.302000	14.333000	14.365000	14.411000	14.443000	14.474000	14.505000	14.536000	14.567000	14.599000	14.630000	14.677000	14.708000	14.739000	14.770000	14.801000	14.833000	14.864000	14.911000	14.942000	14.973000	15.004000	15.035000	15.067000	15.098000	15.145000	15.176000	15.207000	15.238000	15.269000	15.301000	15.332000	15.363000	15.410000	15.441000	15.472000	15.503000	15.535000	15.566000	15.597000	15.644000	15.675000	15.706000	15.737000	15.769000	15.800000	15.831000	15.878000	15.909000	15.940000	15.971000	16.003000	16.034000	16.065000	16.096000	16.143000	16.174000	16.205000	16.237000	16.268000	16.299000	16.330000	16.377000	16.408000	16.439000	16.471000	16.502000	16.533000	16.564000	16.611000	16.642000	16.673000	16.705000	16.736000	16.767000	16.798000	16.829000	16.876000	16.907000	16.939000	16.970000	17.001000	17.032000	17.063000	17.110000	17.141000	17.173000	17.204000	17.235000	17.266000	17.297000	17.344000	17.375000	17.407000	17.438000	17.469000	17.500000	17.531000	17.563000	17.609000	17.641000	17.672000	17.703000	17.734000	17.765000	17.797000	17.843000	17.875000	17.906000	17.937000	17.968000	17.999000
%%%	13.913043	13.913043	13.913043	13.913043	13.913043	13.913043	13.913043	13.913043	13.913043	13.913043	13.913043	13.913043	13.913043	13.913043	13.913043	13.913043	13.913043	13.913043	13.913043	13.913043	13.913043	13.913043	13.913043	13.913043	13.913043	13.913043	13.913043	13.913043	13.913043	13.913043	13.913043	13.913043	13.913043	13.913043	13.913043	13.913043	13.913043	13.913043	13.913043	13.913043	13.913043	13.913043	13.913043	13.913043	13.913043	13.913043	13.913043	13.913043	13.913043	13.913043	13.913043	13.913043	13.913043	13.913043	13.913043	13.913043	13.913043	13.913043	13.913043	13.913043	13.913043	13.913043	13.913043	13.913043	13.913043	13.913043	13.913043	13.913043	13.913043	13.913043	13.913043	13.913043	13.913043	13.913043	13.913043	13.913043	13.913043	13.913043	13.913043	13.913043	13.913043	13.913043	13.913043	13.913043	13.913043	13.913043	13.913043	13.913043	13.913043	13.913043	13.913043	13.913043	13.913043	13.913043	13.913043	13.913043	13.913043	13.913043	13.913043	13.913043	13.913043	13.913043	13.913043	13.913043	13.913043	13.913043	13.913043	13.913043	13.913043	13.913043	13.913043	13.913043	13.913043	13.913043	13.913043	13.913043	13.913043	13.913043	13.913043	13.913043	13.913043	13.913043	13.913043	13.913043	13.913043	13.913043	13.913043	13.913043	13.913043	13.913043	13.913043	13.913043	13.913043	13.913043	13.913043	13.913043	13.913043	13.913043	13.913043	13.913043	13.913043	13.913043	13.913043	13.913043	13.913043	13.913043	13.913043	13.913043	13.913043	13.913043	13.913043	13.913043	13.913043	13.913043	13.913043	13.913043	13.913043	13.913043	13.913043	13.913043	13.913043	13.913043	13.913043	13.913043	13.913043	13.913043	13.913043	13.913043	13.913043	13.913043	13.913043	13.913043	13.913043	13.913043	13.913043	13.913043	13.913043	13.913043	13.913043	13.913043	13.913043	13.913043	13.913043	13.913043	13.913043	13.913043	13.913043	13.913043	13.913043	13.913043	13.913043	13.913043	13.913043	13.913043	13.913043	13.913043	13.913043	13.913043	13.913043	13.913043	13.913043	13.913043	13.913043	13.913043	13.913043	13.913043	13.913043	13.913043	13.913043	13.913043	13.913043	13.913043	13.913043	13.913043	13.913043	13.913043	13.913043	13.913043	13.913043	13.913043	13.913043	13.913043	13.913043	13.913043	13.913043	13.913043	13.913043	13.913043	13.913043	13.913043	13.913043	13.913043	13.913043	13.913043	13.913043	13.913043	13.913043	13.913043	13.913043	13.913043	13.913043	13.913043	13.913043	13.913043	13.913043	13.913043	13.913043	13.913043	13.913043	13.913043	13.913043	13.913043	13.913043	13.913043	13.913043	13.913043	13.913043	13.913043	13.913043	13.913043	13.913043	13.913043	13.913043	13.913043	13.913043	13.913043	13.913043	13.913043	13.913043	13.913043	13.913043	13.913043	13.913043	13.913043	13.913043	13.913043	13.913043	13.913043	13.913043	13.913043	13.913043	13.913043	13.913043	13.913043	13.913043	13.913043	13.913043	13.913043	13.913043	13.913043	13.913043	13.913043	13.913043	13.913043	13.913043	13.913043	13.913043	13.913043	13.913043	13.913043	13.913043	13.913043	13.913043	13.913043	13.913043	13.913043	13.913043	13.913043	13.913043	13.913043	13.913043	13.913043	13.913043	13.913043	13.913043	13.913043	13.913043	13.913043	13.913043	13.913043	13.913043	13.913043	13.913043	13.913043	13.913043	13.913043	13.913043	13.913043	13.913043	13.913043	13.913043	13.913043	13.913043	13.913043	13.913043	13.913043	13.913043	13.913043	13.913043	13.913043	13.913043	13.913043	13.913043	13.913043	13.913043	13.913043	13.913043	13.913043	13.913043	13.913043	13.913043	13.913043	13.913043	13.913043	13.913043	13.913043	13.913043	13.913043	13.913043	13.913043	13.913043	13.913043	13.913043	13.913043	13.913043	13.913043	13.913043	13.913043	13.913043	13.913043	13.913043	13.913043	13.913043	13.913043	13.913043	13.913043	13.913043	13.913043	13.913043	13.913043	13.913043	13.913043	13.913043	13.913043	13.913043	13.913043	13.913043	13.913043	13.913043	13.913043	13.913043	13.913043	13.913043	13.913043	13.913043	13.913043	13.913043	13.913043	13.913043	13.913043	13.913043	13.913043	13.913043	13.913043	13.913043	13.913043	13.913043	13.913043	13.913043	13.913043	13.913043	13.913043	13.913043	13.913043	13.913043	13.913043	13.913043	13.913043	13.913043	13.913043	13.913043	13.913043	13.913043	13.913043	13.913043	13.913043	13.913043	13.913043	13.913043	13.913043	13.913043	13.913043	13.913043	13.913043	13.913043	13.913043	13.913043	13.913043	13.913043	13.913043	13.913043	13.913043	13.913043	13.913043	13.913043	13.913043	13.913043	13.913043	13.913043	13.913043	13.913043	13.913043	13.913043	13.913043	13.913043	13.913043	13.913043	13.913043	13.913043	13.913043	13.913043	13.913043	13.913043	13.913043	13.913043	13.913043	13.913043	13.913043	13.913043	13.913043	13.913043	13.913043	13.913043	13.913043	13.913043	13.913043	13.913043	13.913043	13.913043	13.913043	13.913043	13.913043	13.913043	13.913043	13.913043	13.913043	13.913043	13.913043	13.913043	13.913043	13.913043	13.913043	13.913043	13.913043	13.913043	13.913043	13.913043	13.913043	13.913043	13.913043	13.913043	13.913043	13.913043	13.913043	13.913043	13.913043	13.913043	13.913043	13.913043	13.913043	13.913043	13.913043	13.913043	13.913043	13.913043	13.913043	13.913043	13.913043	13.913043	13.913043	13.913043	13.913043	13.913043	13.913043	13.913043	13.913043	13.913043	13.913043	13.913043	13.913043	13.913043	13.913043	13.913043	13.913043	13.913043	13.913043	13.913043	13.913043	13.913043	13.913043	13.913043	13.913043	13.913043
%%%	Pulse Index	Stimulus Section Index	Stimulus Section Start Index	Stimulus Section End Index	Pupil Stimulated: 0 = Right, 1 = Left, 2 = Both	Light Metric: 0 = Photopic, 1 = Scopotic, 2 = Radiometric	Stimulus Start Time	Stimulus Duration	Stimulus Pulse Duration	Right Pulse Max Level	Right Pulse Max Color (0123 = WRGB)	Right Pulse Min Level	Right Pulse Min Color (0123 = WRGB)	Left Pulse Max Level	Left Pulse Max Color (0123 = WRGB)	Left Pulse Min Level	Left Pulse Min Color (0123 = WRGB)	Right Data Input Type (0 == RAW DATA, 1 == FITTED DATA, 2 == M. OVERRIDED)	Right ANALYSIS STATE (0 == ABNORMAL, 1 == NORMAL)	Right MAX (mm) (EMPTY if INVALID)	Right MIN (mm) (EMPTY if INVALID)	Right DELTA (mm) (EMPTY if INVALID)	Right CH (%) (EMPTY if INVALID)	Right LAT (sec) (EMPTY if INVALID)	Right CV (mm/s) (EMPTY if INVALID)	Right MCV (mm/s) (EMPTY if INVALID)	Right DV (mm/s) (EMPTY if INVALID)	Left Data Input Type (0 == RAW DATA, 1 == FITTED DATA, 2 == M. OVERRIDED)	Left ANALYSIS STATE (0 == ABNORMAL, 1 == NORMAL)	Left MAX (mm) (EMPTY if INVALID)	Left MIN (mm) (EMPTY if INVALID)	Left DELTA (mm) (EMPTY if INVALID)	Left CH (%) (EMPTY if INVALID)	Left LAT (sec) (EMPTY if INVALID)	Left CV (mm/s) (EMPTY if INVALID)	Left MCV (mm/s) (EMPTY if INVALID)	Left DV (mm/s) (EMPTY if INVALID)
%%%	0	0	18	541	0	0	0.51	17.52	0.51	99.71	1	0.00	1	0.00	1	0.00	1	0	0	0.00	0.00			0.00	0.00	0.00	0.00	0	0	0.00	0.00			0.00	0.00	0.00	0.00
%%%%%%%%%
%%%%%%%%%
%%%%%%%%%
<\SESSION>
