<SESSION>
<VERSION>
2
<\VERSION>
<DATE>
2017-08-15 09:42:06
<\DATE>
<SUBJECT-ID>
c57-1mois-m1-1.2r
<\SUBJECT-ID>
<NOTE>

<\NOTE>
<MIN-MAX-PLOT>
0.100000 51880.761719
<\MIN-MAX-PLOT>
<STIMULUS-DEFINED>
Default
Default Human Relative Spectral Sensitivity
1	0
1	0.500000	0.500000	17.000000	1	1	1.200000	-100.000000	0.100000	-100.000000	0
<\STIMULUS-DEFINED>
<STIMULUS-GENERATED>
4
0	0	0.000000	1	0.000000	0.000000	1	0.000000	0.000000
0	1	0.509000	1	0.065221	15.983889	1	0.000000	0.000000
0	4	1.018000	1	0.000000	0.000000	1	0.000000	0.000000
-1	5	18.028000	0	0.000000	0.000000	0	0.000000	0.000000
<\STIMULUS-GENERATED>
<RIGHT-PUPIL-DATA>
543	1
1	-0.051000	1.147826	358.125000	269.125000
1	-0.019000	1.162319	358.750000	269.000000
1	0.012000	1.120145	359.093750	267.593750
1	0.043000	1.159855	359.556244	266.556244
1	0.074000	1.101449	358.000000	264.500000
1	0.105000	1.172754	360.100006	265.100006
1	0.137000	1.155507	359.381256	263.381256
1	0.183000	1.165217	360.000000	263.000000
1	0.215000	1.160290	359.687500	263.937500
1	0.246000	1.126232	359.556244	263.318756
1	0.277000	1.125942	359.806244	262.193756
1	0.308000	1.127101	360.318756	261.943756
1	0.339000	1.135942	360.287506	261.837494
1	0.371000	1.082029	360.500000	261.000000
1	0.417000	1.113043	361.250000	260.750000
1	0.449000	1.095072	360.625000	261.125000
0	0.480000	1.044638	357.475006	260.475006
1	0.511000	1.099855	360.806244	261.118744
1	0.542000	1.016812	359.625000	260.375000
0	0.573000	1.008696	362.000000	264.500000
1	0.605000	0.973188	357.081299	275.018738
0	0.636000	0.823188	355.000000	277.500000
1	0.683000	0.973188	356.493774	275.018738
1	0.714000	1.059710	357.774994	271.774994
1	0.745000	1.059710	357.725006	267.774994
1	0.776000	1.003333	356.806244	264.318756
0	0.807000	0.940290	356.475006	262.537506
1	0.839000	1.044493	358.993744	263.756256
1	0.870000	1.047826	359.875000	264.000000
1	0.917000	1.008841	360.406219	263.043732
1	0.948000	0.916812	359.375000	261.262512
1	0.979000	0.962029	360.912506	261.787506
1	1.010000	0.969710	360.068756	261.506256
1	1.041000	0.957681	360.087494	261.725006
1	1.073000	0.915797	359.468750	260.281250
1	1.104000	0.894493	359.149994	259.850006
1	1.151000	0.874058	359.881256	259.118744
0	1.182000	0.854928	358.718750	258.343750
1	1.213000	0.913623	361.375000	257.312500
0	1.244000	0.777681	359.237427	253.774963
1	1.275000	0.838551	360.437500	252.937500
1	1.307000	0.922754	361.506256	248.681244
1	1.338000	0.869565	361.000000	247.500000
1	1.369000	0.951159	361.818756	246.181244
1	1.416000	0.973913	363.000000	243.500000
1	1.447000	1.007536	364.462494	241.475006
1	1.478000	1.008696	367.000000	239.500000
1	1.509000	1.029420	365.556244	236.693756
1	1.541000	1.043478	366.250000	234.250000
1	1.572000	1.054928	366.718750	233.656250
1	1.603000	1.053188	366.056244	232.618744
1	1.650000	1.008696	366.000000	232.500000
1	1.681000	1.078261	366.000000	232.500000
1	1.712000	1.048841	366.431244	231.568756
1	1.743000	1.114058	366.506256	230.868744
1	1.775000	1.055072	367.000000	231.500000
0	1.806000	0.869565	366.500000	224.000000
1	1.837000	0.939855	367.031250	225.668762
1	1.868000	1.025362	368.768738	225.768738
1	1.915000	0.998551	368.174988	223.875000
1	1.946000	1.054493	370.350006	223.712494
0	1.977000	0.957102	369.750000	221.312500
1	2.009000	1.040290	372.475006	222.912506
1	2.040000	0.992029	371.668762	221.668762
1	2.071000	0.983188	371.125000	221.312500
1	2.102000	1.041304	370.818695	219.556244
1	2.149000	1.008116	371.000000	219.000000
1	2.180000	1.008696	371.000000	217.500000
1	2.211000	1.050725	370.637512	217.887512
1	2.243000	1.044638	369.975006	216.475006
1	2.274000	1.038406	370.956238	217.581238
1	2.305000	1.044058	371.500000	218.750000
1	2.336000	1.043333	371.506256	218.043732
1	2.383000	0.771159	365.281250	227.843750
0	2.414000	0.965507	355.787506	238.912506
1	2.445000	0.991449	342.631256	239.306244
1	2.477000	0.990290	344.681244	242.756256
0	2.508000	0.927536	349.000000	232.500000
0	2.539000	0.835362	351.549988	222.987488
0	2.570000	0.347826	263.206940	284.000000
0	2.601000	0.347826	263.206940	284.000000
0	2.648000	0.347826	349.506256	283.506256
0	2.679000	0.347826	350.468597	262.406281
0	2.711000	0.347826	347.331207	284.000000
0	2.742000	0.347826	336.493744	284.000000
0	2.773000	0.347826	275.206940	284.000000
0	2.804000	0.347826	372.806305	263.481293
0	2.835000	0.351884	355.593811	254.556274
0	2.882000	0.884203	306.281250	256.706238
0	2.913000	4.036377	286.031250	230.968750
0	2.945000	3.825362	322.268738	222.981247
0	2.976000	0.624493	318.781250	176.968750
0	3.007000	0.347826	263.206940	284.000000
0	3.038000	0.347826	274.493744	283.506256
0	3.069000	3.382029	383.375000	240.375000
0	3.116000	4.208696	331.743744	228.500000
0	3.147000	4.208696	357.292938	228.500000
0	3.179000	4.208696	357.292938	228.500000
0	3.210000	4.208696	357.292938	228.500000
0	3.241000	4.208696	357.292938	228.500000
0	3.272000	4.208696	357.292938	228.500000
0	3.303000	4.208696	357.292938	228.500000
0	3.335000	4.208696	357.292938	228.500000
0	3.381000	4.208696	357.292938	228.500000
0	3.413000	4.208696	357.292938	228.500000
0	3.444000	4.208696	357.292938	228.500000
0	3.475000	4.208696	357.292938	228.500000
0	3.506000	4.208696	357.292938	228.500000
0	3.537000	4.208696	357.292938	228.500000
0	3.569000	4.208696	357.292938	228.500000
0	3.615000	4.208696	357.292938	228.500000
0	3.647000	4.208696	357.292938	228.500000
0	3.678000	4.208696	357.292938	228.500000
0	3.709000	4.208696	357.292938	228.500000
0	3.740000	4.208696	357.292938	228.500000
0	3.771000	4.208696	357.292938	228.500000
0	3.803000	4.208696	357.292938	228.500000
0	3.849000	4.208696	357.292938	228.500000
0	3.881000	4.208696	357.292938	228.500000
0	3.912000	4.208696	357.292938	228.500000
0	3.943000	4.208696	357.292938	228.500000
0	3.974000	4.208696	357.292938	228.500000
0	4.005000	4.208696	357.292938	228.500000
0	4.037000	4.208696	357.292938	228.500000
0	4.068000	4.208696	357.292938	228.500000
0	4.115000	4.208696	357.292938	228.500000
0	4.146000	4.208696	357.292938	228.500000
0	4.177000	4.208696	357.292938	228.500000
0	4.208000	4.208696	357.292938	228.500000
0	4.239000	4.208696	357.292938	228.500000
0	4.271000	4.208696	357.292938	228.500000
0	4.302000	4.208696	357.292938	228.500000
0	4.349000	4.208696	357.292938	228.500000
0	4.380000	4.208696	357.292938	228.500000
0	4.411000	4.208696	357.292938	228.500000
0	4.442000	4.208696	357.292938	228.500000
0	4.473000	4.208696	357.292938	228.500000
0	4.505000	4.208696	357.292938	228.500000
0	4.536000	4.208696	357.292938	228.500000
0	4.567000	4.208696	357.292938	228.500000
0	4.614000	4.208696	357.292938	228.500000
0	4.645000	4.208696	357.292938	228.500000
0	4.676000	4.208696	357.292938	228.500000
0	4.707000	4.208696	357.292938	228.500000
0	4.739000	4.208696	357.292938	228.500000
0	4.770000	4.208696	357.292938	228.500000
0	4.801000	4.208696	357.292938	228.500000
0	4.848000	4.208696	357.292938	228.500000
0	4.879000	4.208696	357.292938	228.500000
0	4.910000	4.208696	357.292938	228.500000
0	4.941000	4.208696	357.292938	228.500000
0	4.973000	4.208696	357.292938	228.500000
0	5.004000	4.208696	357.292938	228.500000
0	5.035000	4.208696	357.292938	228.500000
0	5.082000	4.208696	357.292938	228.500000
0	5.113000	4.208696	357.292938	228.500000
0	5.144000	4.208696	357.292938	228.500000
0	5.175000	4.208696	357.292938	228.500000
0	5.207000	4.208696	357.292938	228.500000
0	5.238000	4.208696	357.292938	228.500000
0	5.269000	4.208696	357.292938	228.500000
0	5.300000	4.208696	357.292938	228.500000
0	5.347000	4.208696	357.292938	228.500000
0	5.378000	4.208696	357.292938	228.500000
0	5.409000	4.208696	357.292938	228.500000
0	5.441000	4.208696	357.292938	228.500000
0	5.472000	4.208696	357.292938	228.500000
0	5.503000	4.208696	357.292938	228.500000
0	5.534000	4.208696	357.292938	228.500000
0	5.581000	4.208696	357.292938	228.500000
0	5.612000	4.208696	357.292938	228.500000
0	5.643000	4.208696	357.292938	228.500000
0	5.675000	4.208696	357.292938	228.500000
0	5.706000	4.208696	357.292938	228.500000
0	5.737000	4.208696	357.292938	228.500000
0	5.768000	4.208696	357.292938	228.500000
0	5.815000	4.208696	357.292938	228.500000
0	5.846000	4.208696	357.292938	228.500000
0	5.877000	4.208696	357.292938	228.500000
0	5.909000	4.208696	357.292938	228.500000
0	5.940000	4.208696	357.292938	228.500000
0	5.971000	4.208696	357.292938	228.500000
0	6.002000	4.208696	357.292938	228.500000
0	6.033000	4.208696	357.292938	228.500000
0	6.080000	4.208696	357.292938	228.500000
0	6.111000	4.208696	357.292938	228.500000
0	6.143000	4.208696	357.292938	228.500000
0	6.174000	4.208696	357.292938	228.500000
0	6.205000	4.208696	357.292938	228.500000
0	6.236000	4.208696	357.292938	228.500000
0	6.267000	4.208696	357.292938	228.500000
0	6.314000	4.208696	357.292938	228.500000
0	6.345000	4.208696	357.292938	228.500000
0	6.377000	4.208696	357.292938	228.500000
0	6.408000	4.208696	357.292938	228.500000
0	6.439000	4.208696	357.292938	228.500000
0	6.470000	4.208696	357.292938	228.500000
0	6.501000	4.208696	357.292938	228.500000
0	6.548000	4.208696	357.292938	228.500000
0	6.579000	4.208696	357.292938	228.500000
0	6.611000	4.208696	357.292938	228.500000
0	6.642000	4.208696	357.292938	228.500000
0	6.673000	4.208696	357.292938	228.500000
0	6.704000	4.208696	357.292938	228.500000
0	6.735000	4.208696	357.292938	228.500000
0	6.767000	4.208696	357.292938	228.500000
0	6.813000	4.208696	357.292938	228.500000
0	6.845000	4.208696	357.292938	228.500000
0	6.876000	4.208696	357.292938	228.500000
0	6.907000	4.208696	357.292938	228.500000
0	6.938000	4.208696	357.292938	228.500000
0	6.969000	4.208696	357.292938	228.500000
0	7.001000	4.208696	357.292938	228.500000
0	7.047000	4.208696	357.292938	228.500000
0	7.079000	4.208696	357.292938	228.500000
0	7.110000	4.208696	357.292938	228.500000
0	7.141000	4.208696	357.292938	228.500000
0	7.172000	4.208696	357.292938	228.500000
0	7.203000	4.208696	357.292938	228.500000
0	7.235000	4.208696	357.292938	228.500000
0	7.266000	4.208696	357.292938	228.500000
0	7.313000	4.208696	357.292938	228.500000
0	7.344000	4.208696	357.292938	228.500000
0	7.375000	4.208696	357.292938	228.500000
0	7.406000	4.208696	357.292938	228.500000
0	7.437000	4.208696	357.292938	228.500000
0	7.469000	4.208696	357.292938	228.500000
0	7.500000	4.208696	357.292938	228.500000
0	7.547000	4.208696	357.292938	228.500000
0	7.578000	4.208696	357.292938	228.500000
0	7.609000	4.208696	357.292938	228.500000
0	7.640000	4.208696	357.292938	228.500000
0	7.671000	4.208696	357.292938	228.500000
0	7.703000	4.208696	357.292938	228.500000
0	7.734000	4.208696	357.292938	228.500000
0	7.781000	4.208696	357.292938	228.500000
0	7.812000	4.208696	357.292938	228.500000
0	7.843000	4.208696	357.292938	228.500000
0	7.874000	4.208696	357.292938	228.500000
0	7.905000	4.208696	357.292938	228.500000
0	7.937000	4.208696	357.292938	228.500000
0	7.968000	4.208696	357.292938	228.500000
0	7.999000	4.208696	357.292938	228.500000
0	8.046000	4.208696	357.292938	228.500000
0	8.077000	4.208696	357.292938	228.500000
0	8.108000	4.208696	357.292938	228.500000
0	8.139000	4.208696	357.292938	228.500000
0	8.171000	4.208696	357.292938	228.500000
0	8.202000	4.208696	357.292938	228.500000
0	8.233000	4.208696	357.292938	228.500000
0	8.280000	4.208696	357.292938	228.500000
0	8.311000	4.208696	357.292938	228.500000
0	8.342000	4.208696	357.292938	228.500000
0	8.373000	4.208696	357.292938	228.500000
0	8.405000	4.208696	357.292938	228.500000
0	8.436000	4.208696	357.292938	228.500000
0	8.467000	4.208696	357.292938	228.500000
0	8.498000	4.208696	357.292938	228.500000
0	8.545000	4.208696	357.292938	228.500000
0	8.576000	4.208696	357.292938	228.500000
0	8.607000	4.208696	357.292938	228.500000
0	8.639000	4.208696	357.292938	228.500000
0	8.670000	4.208696	357.292938	228.500000
0	8.701000	4.208696	357.292938	228.500000
0	8.732000	4.208696	357.292938	228.500000
0	8.779000	4.208696	357.292938	228.500000
0	8.810000	4.208696	357.292938	228.500000
0	8.841000	4.208696	357.292938	228.500000
0	8.873000	4.208696	357.292938	228.500000
0	8.904000	4.208696	357.292938	228.500000
0	8.935000	4.208696	357.292938	228.500000
0	8.966000	4.208696	357.292938	228.500000
0	9.013000	4.208696	357.292938	228.500000
0	9.044000	4.208696	357.292938	228.500000
0	9.075000	4.208696	357.292938	228.500000
0	9.107000	4.208696	357.292938	228.500000
0	9.138000	4.208696	357.292938	228.500000
0	9.169000	4.208696	357.292938	228.500000
0	9.200000	4.208696	357.292938	228.500000
0	9.231000	4.208696	357.292938	228.500000
0	9.278000	4.208696	357.292938	228.500000
0	9.309000	4.208696	357.292938	228.500000
0	9.341000	4.208696	357.292938	228.500000
0	9.372000	4.208696	357.292938	228.500000
0	9.403000	4.208696	357.292938	228.500000
0	9.434000	4.208696	357.292938	228.500000
0	9.465000	4.208696	357.292938	228.500000
0	9.512000	4.208696	357.292938	228.500000
0	9.543000	4.208696	357.292938	228.500000
0	9.575000	4.208696	357.292938	228.500000
0	9.606000	4.208696	357.292938	228.500000
0	9.637000	4.208696	357.292938	228.500000
0	9.668000	4.208696	357.292938	228.500000
0	9.699000	4.208696	357.292938	228.500000
0	9.746000	4.208696	357.292938	228.500000
0	9.777000	4.208696	357.292938	228.500000
0	9.809000	4.208696	357.292938	228.500000
0	9.840000	4.208696	357.292938	228.500000
0	9.871000	4.208696	357.292938	228.500000
0	9.902000	4.208696	357.292938	228.500000
0	9.933000	4.208696	357.292938	228.500000
0	9.965000	4.208696	357.292938	228.500000
0	10.011000	4.208696	357.292938	228.500000
0	10.043000	4.208696	357.292938	228.500000
0	10.074000	4.208696	357.292938	228.500000
0	10.105000	4.208696	357.292938	228.500000
0	10.136000	4.208696	357.292938	228.500000
0	10.167000	4.208696	357.292938	228.500000
0	10.199000	4.208696	357.292938	228.500000
0	10.245000	4.208696	357.292938	228.500000
0	10.277000	4.208696	357.292938	228.500000
0	10.308000	4.208696	357.292938	228.500000
0	10.339000	4.208696	357.292938	228.500000
0	10.370000	4.208696	357.292938	228.500000
0	10.401000	4.208696	357.292938	228.500000
0	10.433000	4.208696	357.292938	228.500000
0	10.479000	4.208696	357.292938	228.500000
0	10.511000	4.208696	357.292938	228.500000
0	10.542000	4.208696	357.292938	228.500000
0	10.573000	4.208696	357.292938	228.500000
0	10.604000	4.208696	357.292938	228.500000
0	10.635000	4.208696	357.292938	228.500000
0	10.667000	4.208696	357.292938	228.500000
0	10.698000	4.208696	357.292938	228.500000
0	10.745000	4.208696	357.292938	228.500000
0	10.776000	4.208696	357.292938	228.500000
0	10.807000	4.208696	357.292938	228.500000
0	10.838000	4.208696	357.292938	228.500000
0	10.869000	4.208696	357.292938	228.500000
0	10.901000	4.208696	357.292938	228.500000
0	10.932000	4.208696	357.292938	228.500000
0	10.979000	4.208696	357.292938	228.500000
0	11.010000	4.208696	357.292938	228.500000
0	11.041000	4.208696	357.292938	228.500000
0	11.072000	4.208696	357.292938	228.500000
0	11.103000	4.208696	357.292938	228.500000
0	11.135000	4.208696	357.292938	228.500000
0	11.166000	4.208696	357.292938	228.500000
0	11.213000	4.208696	357.292938	228.500000
0	11.244000	4.208696	357.292938	228.500000
0	11.275000	4.208696	357.292938	228.500000
0	11.306000	4.208696	357.292938	228.500000
0	11.337000	4.208696	357.292938	228.500000
0	11.369000	4.208696	357.292938	228.500000
0	11.400000	4.208696	357.292938	228.500000
0	11.431000	4.208696	357.292938	228.500000
0	11.478000	4.208696	357.292938	228.500000
0	11.509000	4.208696	357.292938	228.500000
0	11.540000	4.208696	357.292938	228.500000
0	11.571000	4.208696	357.292938	228.500000
0	11.603000	4.208696	357.292938	228.500000
0	11.634000	4.208696	357.292938	228.500000
0	11.665000	4.208696	357.292938	228.500000
0	11.712000	4.208696	357.292938	228.500000
0	11.743000	4.208696	357.292938	228.500000
0	11.774000	4.208696	357.292938	228.500000
0	11.805000	4.208696	357.292938	228.500000
0	11.837000	4.208696	357.292938	228.500000
0	11.868000	4.208696	357.292938	228.500000
0	11.899000	4.208696	357.292938	228.500000
0	11.946000	4.208696	357.292938	228.500000
0	11.977000	4.208696	357.292938	228.500000
0	12.008000	4.208696	357.292938	228.500000
0	12.039000	4.208696	357.292938	228.500000
0	12.071000	4.208696	357.292938	228.500000
0	12.102000	4.208696	357.292938	228.500000
0	12.133000	4.208696	357.292938	228.500000
0	12.164000	4.208696	357.292938	228.500000
0	12.211000	4.208696	357.292938	228.500000
0	12.242000	4.208696	357.292938	228.500000
0	12.273000	4.208696	357.292938	228.500000
0	12.305000	4.208696	357.292938	228.500000
0	12.336000	4.208696	357.292938	228.500000
0	12.367000	4.208696	357.292938	228.500000
0	12.398000	4.208696	357.292938	228.500000
0	12.429000	4.208696	357.292938	228.500000
0	12.476000	4.208696	357.292938	228.500000
0	12.507000	4.208696	357.292938	228.500000
0	12.539000	4.208696	357.292938	228.500000
0	12.570000	4.208696	357.292938	228.500000
0	12.601000	4.208696	357.292938	228.500000
0	12.632000	4.208696	357.292938	228.500000
0	12.663000	4.208696	357.292938	228.500000
0	12.710000	4.208696	357.292938	228.500000
0	12.741000	4.208696	357.292938	228.500000
0	12.773000	4.208696	357.292938	228.500000
0	12.804000	4.208696	357.292938	228.500000
0	12.835000	4.208696	357.292938	228.500000
0	12.866000	4.208696	357.292938	228.500000
0	12.897000	4.208696	357.292938	228.500000
0	12.944000	4.208696	357.292938	228.500000
0	12.975000	4.208696	357.292938	228.500000
0	13.007000	4.208696	357.292938	228.500000
0	13.038000	4.208696	357.292938	228.500000
0	13.069000	4.208696	357.292938	228.500000
0	13.100000	4.208696	357.292938	228.500000
0	13.131000	4.208696	357.292938	228.500000
0	13.163000	4.208696	357.292938	228.500000
0	13.209000	4.208696	357.292938	228.500000
0	13.241000	4.208696	357.292938	228.500000
0	13.272000	4.208696	357.292938	228.500000
0	13.303000	4.208696	357.292938	228.500000
0	13.334000	4.208696	357.292938	228.500000
0	13.365000	4.208696	357.292938	228.500000
0	13.397000	4.208696	357.292938	228.500000
0	13.443000	4.208696	357.292938	228.500000
0	13.475000	4.208696	357.292938	228.500000
0	13.506000	4.208696	357.292938	228.500000
0	13.537000	4.208696	357.292938	228.500000
0	13.568000	4.208696	357.292938	228.500000
0	13.599000	4.208696	357.292938	228.500000
0	13.631000	4.208696	357.292938	228.500000
0	13.677000	4.208696	357.292938	228.500000
0	13.709000	4.208696	357.292938	228.500000
0	13.740000	4.208696	357.292938	228.500000
0	13.771000	4.208696	357.292938	228.500000
0	13.802000	4.208696	357.292938	228.500000
0	13.833000	4.208696	357.292938	228.500000
0	13.865000	4.208696	357.292938	228.500000
0	13.896000	4.208696	357.292938	228.500000
0	13.943000	4.208696	357.292938	228.500000
0	13.974000	4.208696	357.292938	228.500000
0	14.005000	4.208696	357.292938	228.500000
0	14.036000	4.208696	357.292938	228.500000
0	14.067000	4.208696	357.292938	228.500000
0	14.099000	4.208696	357.292938	228.500000
0	14.130000	4.208696	357.292938	228.500000
0	14.177000	4.208696	357.292938	228.500000
0	14.208000	4.208696	357.292938	228.500000
0	14.239000	4.208696	357.292938	228.500000
0	14.270000	4.208696	357.292938	228.500000
0	14.301000	4.208696	357.292938	228.500000
0	14.333000	4.208696	357.292938	228.500000
0	14.364000	4.208696	357.292938	228.500000
0	14.411000	4.208696	357.292938	228.500000
0	14.442000	4.208696	357.292938	228.500000
0	14.473000	4.208696	357.292938	228.500000
0	14.504000	4.208696	357.292938	228.500000
0	14.535000	4.208696	357.292938	228.500000
0	14.567000	4.208696	357.292938	228.500000
0	14.598000	4.208696	357.292938	228.500000
0	14.629000	4.208696	357.292938	228.500000
0	14.676000	4.208696	357.292938	228.500000
0	14.707000	4.208696	357.292938	228.500000
0	14.738000	4.208696	357.292938	228.500000
0	14.769000	4.208696	357.292938	228.500000
0	14.801000	4.208696	357.292938	228.500000
0	14.832000	4.208696	357.292938	228.500000
0	14.863000	4.208696	357.292938	228.500000
0	14.910000	4.208696	357.292938	228.500000
0	14.941000	4.208696	357.292938	228.500000
0	14.972000	4.208696	357.292938	228.500000
0	15.003000	4.208696	357.292938	228.500000
0	15.035000	4.208696	357.292938	228.500000
0	15.066000	4.208696	357.292938	228.500000
0	15.097000	4.208696	357.292938	228.500000
0	15.144000	4.208696	357.292938	228.500000
0	15.175000	4.208696	357.292938	228.500000
0	15.206000	4.208696	357.292938	228.500000
0	15.237000	4.208696	357.292938	228.500000
0	15.269000	4.208696	357.292938	228.500000
0	15.300000	4.208696	357.292938	228.500000
0	15.331000	4.208696	357.292938	228.500000
0	15.362000	4.208696	357.292938	228.500000
0	15.409000	4.208696	357.292938	228.500000
0	15.440000	4.208696	357.292938	228.500000
0	15.471000	4.208696	357.292938	228.500000
0	15.503000	4.208696	357.292938	228.500000
0	15.534000	4.208696	357.292938	228.500000
0	15.565000	4.208696	357.292938	228.500000
0	15.596000	4.208696	357.292938	228.500000
0	15.643000	4.208696	357.292938	228.500000
0	15.674000	4.208696	357.292938	228.500000
0	15.705000	4.208696	357.292938	228.500000
0	15.737000	4.208696	357.292938	228.500000
0	15.768000	4.208696	357.292938	228.500000
0	15.799000	4.208696	357.292938	228.500000
0	15.830000	4.208696	357.292938	228.500000
0	15.877000	4.208696	357.292938	228.500000
0	15.908000	4.208696	357.292938	228.500000
0	15.939000	4.208696	357.292938	228.500000
0	15.971000	4.208696	357.292938	228.500000
0	16.002000	4.208696	357.292938	228.500000
0	16.033000	4.208696	357.292938	228.500000
0	16.064000	4.208696	357.292938	228.500000
0	16.095000	4.208696	357.292938	228.500000
0	16.142000	4.208696	357.292938	228.500000
0	16.173000	4.208696	357.292938	228.500000
0	16.205000	4.208696	357.292938	228.500000
0	16.236000	4.208696	357.292938	228.500000
0	16.267000	4.208696	357.292938	228.500000
0	16.298000	4.208696	357.292938	228.500000
0	16.329000	4.208696	357.292938	228.500000
0	16.361000	4.208696	357.292938	228.500000
0	16.407000	4.208696	357.292938	228.500000
0	16.439000	4.208696	357.292938	228.500000
0	16.470000	4.208696	357.292938	228.500000
0	16.501000	4.208696	357.292938	228.500000
0	16.532000	4.208696	357.292938	228.500000
0	16.563000	4.208696	357.292938	228.500000
0	16.595000	4.208696	357.292938	228.500000
0	16.641000	4.208696	357.292938	228.500000
0	16.673000	4.208696	357.292938	228.500000
0	16.704000	4.208696	357.292938	228.500000
0	16.735000	4.208696	357.292938	228.500000
0	16.766000	4.208696	357.292938	228.500000
0	16.797000	4.208696	357.292938	228.500000
0	16.829000	4.208696	357.292938	228.500000
0	16.875000	4.208696	357.292938	228.500000
0	16.907000	4.208696	357.292938	228.500000
0	16.938000	4.208696	357.292938	228.500000
0	16.969000	4.208696	357.292938	228.500000
0	17.000000	4.208696	357.292938	228.500000
0	17.031000	4.208696	357.292938	228.500000
0	17.063000	4.208696	357.292938	228.500000
0	17.094000	4.208696	357.292938	228.500000
0	17.141000	4.208696	357.292938	228.500000
0	17.172000	4.208696	357.292938	228.500000
0	17.203000	4.208696	357.292938	228.500000
0	17.234000	4.208696	357.292938	228.500000
0	17.265000	4.208696	357.292938	228.500000
0	17.297000	4.208696	357.292938	228.500000
0	17.328000	4.208696	357.292938	228.500000
0	17.375000	4.208696	357.292938	228.500000
0	17.406000	4.208696	357.292938	228.500000
0	17.437000	4.208696	357.292938	228.500000
0	17.468000	4.208696	357.292938	228.500000
0	17.499000	4.208696	357.292938	228.500000
0	17.531000	4.208696	357.292938	228.500000
0	17.562000	4.208696	357.292938	228.500000
0	17.609000	4.208696	357.292938	228.500000
0	17.640000	4.208696	357.292938	228.500000
0	17.671000	4.208696	357.292938	228.500000
0	17.702000	4.208696	357.292938	228.500000
0	17.733000	4.208696	357.292938	228.500000
0	17.765000	4.208696	357.292938	228.500000
0	17.796000	4.208696	357.292938	228.500000
0	17.827000	4.208696	357.292938	228.500000
0	17.874000	4.208696	357.292938	228.500000
0	17.905000	4.208696	357.292938	228.500000
0	17.936000	4.208696	357.292938	228.500000
0	17.967000	4.208696	357.292938	228.500000
0	17.999000	4.208696	357.292938	228.500000
<\RIGHT-PUPIL-DATA>
<LEFT-PUPIL-DATA>
543	0
0	-0.067000	13.913043	240.000000	320.000000
0	-0.035000	13.913043	240.000000	320.000000
0	-0.004000	13.913043	240.000000	320.000000
0	0.027000	13.913043	240.000000	320.000000
0	0.058000	13.913043	240.000000	320.000000
0	0.105000	13.913043	240.000000	320.000000
0	0.136000	13.913043	240.000000	320.000000
0	0.167000	13.913043	240.000000	320.000000
0	0.199000	13.913043	240.000000	320.000000
0	0.230000	13.913043	240.000000	320.000000
0	0.261000	13.913043	240.000000	320.000000
0	0.292000	13.913043	240.000000	320.000000
0	0.339000	13.913043	240.000000	320.000000
0	0.370000	13.913043	240.000000	320.000000
0	0.401000	13.913043	240.000000	320.000000
0	0.433000	13.913043	240.000000	320.000000
0	0.464000	13.913043	240.000000	320.000000
0	0.495000	13.913043	240.000000	320.000000
0	0.526000	13.913043	240.000000	320.000000
0	0.573000	13.913043	240.000000	320.000000
0	0.604000	13.913043	240.000000	320.000000
0	0.635000	13.913043	240.000000	320.000000
0	0.667000	13.913043	240.000000	320.000000
0	0.698000	13.913043	240.000000	320.000000
0	0.729000	13.913043	240.000000	320.000000
0	0.760000	13.913043	240.000000	320.000000
0	0.791000	13.913043	240.000000	320.000000
0	0.838000	13.913043	240.000000	320.000000
0	0.869000	13.913043	240.000000	320.000000
0	0.901000	13.913043	240.000000	320.000000
0	0.932000	13.913043	240.000000	320.000000
0	0.963000	13.913043	240.000000	320.000000
0	0.994000	13.913043	240.000000	320.000000
0	1.025000	13.913043	240.000000	320.000000
0	1.072000	13.913043	240.000000	320.000000
0	1.103000	13.913043	240.000000	320.000000
0	1.135000	13.913043	240.000000	320.000000
0	1.166000	13.913043	240.000000	320.000000
0	1.197000	13.913043	240.000000	320.000000
0	1.228000	13.913043	240.000000	320.000000
0	1.259000	13.913043	240.000000	320.000000
0	1.306000	13.913043	240.000000	320.000000
0	1.337000	13.913043	240.000000	320.000000
0	1.369000	13.913043	240.000000	320.000000
0	1.400000	13.913043	240.000000	320.000000
0	1.431000	13.913043	240.000000	320.000000
0	1.462000	13.913043	240.000000	320.000000
0	1.493000	13.913043	240.000000	320.000000
0	1.525000	13.913043	240.000000	320.000000
0	1.571000	13.913043	240.000000	320.000000
0	1.603000	13.913043	240.000000	320.000000
0	1.634000	13.913043	240.000000	320.000000
0	1.665000	13.913043	240.000000	320.000000
0	1.696000	13.913043	240.000000	320.000000
0	1.727000	13.913043	240.000000	320.000000
0	1.759000	13.913043	240.000000	320.000000
0	1.805000	13.913043	240.000000	320.000000
0	1.837000	13.913043	240.000000	320.000000
0	1.868000	13.913043	240.000000	320.000000
0	1.899000	13.913043	240.000000	320.000000
0	1.930000	13.913043	240.000000	320.000000
0	1.961000	13.913043	240.000000	320.000000
0	1.993000	13.913043	240.000000	320.000000
0	2.039000	13.913043	240.000000	320.000000
0	2.071000	13.913043	240.000000	320.000000
0	2.102000	13.913043	240.000000	320.000000
0	2.133000	13.913043	240.000000	320.000000
0	2.164000	13.913043	240.000000	320.000000
0	2.195000	13.913043	240.000000	320.000000
0	2.227000	13.913043	240.000000	320.000000
0	2.258000	13.913043	240.000000	320.000000
0	2.305000	13.913043	240.000000	320.000000
0	2.336000	13.913043	240.000000	320.000000
0	2.367000	13.913043	240.000000	320.000000
0	2.398000	13.913043	240.000000	320.000000
0	2.429000	13.913043	240.000000	320.000000
0	2.461000	13.913043	240.000000	320.000000
0	2.492000	13.913043	240.000000	320.000000
0	2.523000	13.913043	240.000000	320.000000
0	2.570000	13.913043	240.000000	320.000000
0	2.601000	13.913043	240.000000	320.000000
0	2.632000	13.913043	240.000000	320.000000
0	2.663000	13.913043	240.000000	320.000000
0	2.695000	13.913043	240.000000	320.000000
0	2.726000	13.913043	240.000000	320.000000
0	2.757000	13.913043	240.000000	320.000000
0	2.804000	13.913043	240.000000	320.000000
0	2.835000	13.913043	240.000000	320.000000
0	2.866000	13.913043	240.000000	320.000000
0	2.897000	13.913043	240.000000	320.000000
0	2.929000	13.913043	240.000000	320.000000
0	2.960000	13.913043	240.000000	320.000000
0	2.991000	13.913043	240.000000	320.000000
0	3.038000	13.913043	240.000000	320.000000
0	3.069000	13.913043	240.000000	320.000000
0	3.100000	13.913043	240.000000	320.000000
0	3.131000	13.913043	240.000000	320.000000
0	3.163000	13.913043	240.000000	320.000000
0	3.194000	13.913043	240.000000	320.000000
0	3.225000	13.913043	240.000000	320.000000
0	3.256000	13.913043	240.000000	320.000000
0	3.303000	13.913043	240.000000	320.000000
0	3.334000	13.913043	240.000000	320.000000
0	3.365000	13.913043	240.000000	320.000000
0	3.397000	13.913043	240.000000	320.000000
0	3.428000	13.913043	240.000000	320.000000
0	3.459000	13.913043	240.000000	320.000000
0	3.490000	13.913043	240.000000	320.000000
0	3.537000	13.913043	240.000000	320.000000
0	3.568000	13.913043	240.000000	320.000000
0	3.599000	13.913043	240.000000	320.000000
0	3.631000	13.913043	240.000000	320.000000
0	3.662000	13.913043	240.000000	320.000000
0	3.693000	13.913043	240.000000	320.000000
0	3.724000	13.913043	240.000000	320.000000
0	3.771000	13.913043	240.000000	320.000000
0	3.802000	13.913043	240.000000	320.000000
0	3.833000	13.913043	240.000000	320.000000
0	3.865000	13.913043	240.000000	320.000000
0	3.896000	13.913043	240.000000	320.000000
0	3.927000	13.913043	240.000000	320.000000
0	3.958000	13.913043	240.000000	320.000000
0	3.989000	13.913043	240.000000	320.000000
0	4.036000	13.913043	240.000000	320.000000
0	4.067000	13.913043	240.000000	320.000000
0	4.099000	13.913043	240.000000	320.000000
0	4.130000	13.913043	240.000000	320.000000
0	4.161000	13.913043	240.000000	320.000000
0	4.192000	13.913043	240.000000	320.000000
0	4.223000	13.913043	240.000000	320.000000
0	4.270000	13.913043	240.000000	320.000000
0	4.301000	13.913043	240.000000	320.000000
0	4.333000	13.913043	240.000000	320.000000
0	4.364000	13.913043	240.000000	320.000000
0	4.395000	13.913043	240.000000	320.000000
0	4.426000	13.913043	240.000000	320.000000
0	4.457000	13.913043	240.000000	320.000000
0	4.504000	13.913043	240.000000	320.000000
0	4.535000	13.913043	240.000000	320.000000
0	4.567000	13.913043	240.000000	320.000000
0	4.598000	13.913043	240.000000	320.000000
0	4.629000	13.913043	240.000000	320.000000
0	4.660000	13.913043	240.000000	320.000000
0	4.691000	13.913043	240.000000	320.000000
0	4.723000	13.913043	240.000000	320.000000
0	4.769000	13.913043	240.000000	320.000000
0	4.801000	13.913043	240.000000	320.000000
0	4.832000	13.913043	240.000000	320.000000
0	4.863000	13.913043	240.000000	320.000000
0	4.894000	13.913043	240.000000	320.000000
0	4.925000	13.913043	240.000000	320.000000
0	4.957000	13.913043	240.000000	320.000000
0	5.003000	13.913043	240.000000	320.000000
0	5.035000	13.913043	240.000000	320.000000
0	5.066000	13.913043	240.000000	320.000000
0	5.097000	13.913043	240.000000	320.000000
0	5.128000	13.913043	240.000000	320.000000
0	5.159000	13.913043	240.000000	320.000000
0	5.191000	13.913043	240.000000	320.000000
0	5.237000	13.913043	240.000000	320.000000
0	5.269000	13.913043	240.000000	320.000000
0	5.300000	13.913043	240.000000	320.000000
0	5.331000	13.913043	240.000000	320.000000
0	5.362000	13.913043	240.000000	320.000000
0	5.393000	13.913043	240.000000	320.000000
0	5.425000	13.913043	240.000000	320.000000
0	5.456000	13.913043	240.000000	320.000000
0	5.503000	13.913043	240.000000	320.000000
0	5.534000	13.913043	240.000000	320.000000
0	5.565000	13.913043	240.000000	320.000000
0	5.596000	13.913043	240.000000	320.000000
0	5.627000	13.913043	240.000000	320.000000
0	5.659000	13.913043	240.000000	320.000000
0	5.690000	13.913043	240.000000	320.000000
0	5.737000	13.913043	240.000000	320.000000
0	5.768000	13.913043	240.000000	320.000000
0	5.799000	13.913043	240.000000	320.000000
0	5.830000	13.913043	240.000000	320.000000
0	5.861000	13.913043	240.000000	320.000000
0	5.893000	13.913043	240.000000	320.000000
0	5.924000	13.913043	240.000000	320.000000
0	5.971000	13.913043	240.000000	320.000000
0	6.002000	13.913043	240.000000	320.000000
0	6.033000	13.913043	240.000000	320.000000
0	6.064000	13.913043	240.000000	320.000000
0	6.095000	13.913043	240.000000	320.000000
0	6.127000	13.913043	240.000000	320.000000
0	6.158000	13.913043	240.000000	320.000000
0	6.189000	13.913043	240.000000	320.000000
0	6.236000	13.913043	240.000000	320.000000
0	6.267000	13.913043	240.000000	320.000000
0	6.298000	13.913043	240.000000	320.000000
0	6.329000	13.913043	240.000000	320.000000
0	6.361000	13.913043	240.000000	320.000000
0	6.392000	13.913043	240.000000	320.000000
0	6.423000	13.913043	240.000000	320.000000
0	6.470000	13.913043	240.000000	320.000000
0	6.501000	13.913043	240.000000	320.000000
0	6.532000	13.913043	240.000000	320.000000
0	6.563000	13.913043	240.000000	320.000000
0	6.595000	13.913043	240.000000	320.000000
0	6.626000	13.913043	240.000000	320.000000
0	6.657000	13.913043	240.000000	320.000000
0	6.688000	13.913043	240.000000	320.000000
0	6.735000	13.913043	240.000000	320.000000
0	6.766000	13.913043	240.000000	320.000000
0	6.797000	13.913043	240.000000	320.000000
0	6.829000	13.913043	240.000000	320.000000
0	6.860000	13.913043	240.000000	320.000000
0	6.891000	13.913043	240.000000	320.000000
0	6.922000	13.913043	240.000000	320.000000
0	6.969000	13.913043	240.000000	320.000000
0	7.000000	13.913043	240.000000	320.000000
0	7.031000	13.913043	240.000000	320.000000
0	7.063000	13.913043	240.000000	320.000000
0	7.094000	13.913043	240.000000	320.000000
0	7.125000	13.913043	240.000000	320.000000
0	7.156000	13.913043	240.000000	320.000000
0	7.187000	13.913043	240.000000	320.000000
0	7.234000	13.913043	240.000000	320.000000
0	7.265000	13.913043	240.000000	320.000000
0	7.297000	13.913043	240.000000	320.000000
0	7.328000	13.913043	240.000000	320.000000
0	7.359000	13.913043	240.000000	320.000000
0	7.390000	13.913043	240.000000	320.000000
0	7.421000	13.913043	240.000000	320.000000
0	7.468000	13.913043	240.000000	320.000000
0	7.499000	13.913043	240.000000	320.000000
0	7.531000	13.913043	240.000000	320.000000
0	7.562000	13.913043	240.000000	320.000000
0	7.593000	13.913043	240.000000	320.000000
0	7.624000	13.913043	240.000000	320.000000
0	7.655000	13.913043	240.000000	320.000000
0	7.702000	13.913043	240.000000	320.000000
0	7.733000	13.913043	240.000000	320.000000
0	7.765000	13.913043	240.000000	320.000000
0	7.796000	13.913043	240.000000	320.000000
0	7.827000	13.913043	240.000000	320.000000
0	7.858000	13.913043	240.000000	320.000000
0	7.889000	13.913043	240.000000	320.000000
0	7.921000	13.913043	240.000000	320.000000
0	7.967000	13.913043	240.000000	320.000000
0	7.999000	13.913043	240.000000	320.000000
0	8.030000	13.913043	240.000000	320.000000
0	8.061000	13.913043	240.000000	320.000000
0	8.092000	13.913043	240.000000	320.000000
0	8.123000	13.913043	240.000000	320.000000
0	8.155000	13.913043	240.000000	320.000000
0	8.201000	13.913043	240.000000	320.000000
0	8.233000	13.913043	240.000000	320.000000
0	8.264000	13.913043	240.000000	320.000000
0	8.295000	13.913043	240.000000	320.000000
0	8.326000	13.913043	240.000000	320.000000
0	8.357000	13.913043	240.000000	320.000000
0	8.389000	13.913043	240.000000	320.000000
0	8.435000	13.913043	240.000000	320.000000
0	8.467000	13.913043	240.000000	320.000000
0	8.498000	13.913043	240.000000	320.000000
0	8.529000	13.913043	240.000000	320.000000
0	8.560000	13.913043	240.000000	320.000000
0	8.591000	13.913043	240.000000	320.000000
0	8.623000	13.913043	240.000000	320.000000
0	8.654000	13.913043	240.000000	320.000000
0	8.701000	13.913043	240.000000	320.000000
0	8.732000	13.913043	240.000000	320.000000
0	8.763000	13.913043	240.000000	320.000000
0	8.794000	13.913043	240.000000	320.000000
0	8.825000	13.913043	240.000000	320.000000
0	8.857000	13.913043	240.000000	320.000000
0	8.888000	13.913043	240.000000	320.000000
0	8.935000	13.913043	240.000000	320.000000
0	8.966000	13.913043	240.000000	320.000000
0	8.997000	13.913043	240.000000	320.000000
0	9.028000	13.913043	240.000000	320.000000
0	9.059000	13.913043	240.000000	320.000000
0	9.091000	13.913043	240.000000	320.000000
0	9.122000	13.913043	240.000000	320.000000
0	9.169000	13.913043	240.000000	320.000000
0	9.200000	13.913043	240.000000	320.000000
0	9.231000	13.913043	240.000000	320.000000
0	9.262000	13.913043	240.000000	320.000000
0	9.293000	13.913043	240.000000	320.000000
0	9.325000	13.913043	240.000000	320.000000
0	9.356000	13.913043	240.000000	320.000000
0	9.387000	13.913043	240.000000	320.000000
0	9.434000	13.913043	240.000000	320.000000
0	9.465000	13.913043	240.000000	320.000000
0	9.496000	13.913043	240.000000	320.000000
0	9.527000	13.913043	240.000000	320.000000
0	9.559000	13.913043	240.000000	320.000000
0	9.590000	13.913043	240.000000	320.000000
0	9.621000	13.913043	240.000000	320.000000
0	9.668000	13.913043	240.000000	320.000000
0	9.699000	13.913043	240.000000	320.000000
0	9.730000	13.913043	240.000000	320.000000
0	9.761000	13.913043	240.000000	320.000000
0	9.793000	13.913043	240.000000	320.000000
0	9.824000	13.913043	240.000000	320.000000
0	9.855000	13.913043	240.000000	320.000000
0	9.902000	13.913043	240.000000	320.000000
0	9.933000	13.913043	240.000000	320.000000
0	9.964000	13.913043	240.000000	320.000000
0	9.995000	13.913043	240.000000	320.000000
0	10.027000	13.913043	240.000000	320.000000
0	10.058000	13.913043	240.000000	320.000000
0	10.089000	13.913043	240.000000	320.000000
0	10.120000	13.913043	240.000000	320.000000
0	10.167000	13.913043	240.000000	320.000000
0	10.198000	13.913043	240.000000	320.000000
0	10.229000	13.913043	240.000000	320.000000
0	10.261000	13.913043	240.000000	320.000000
0	10.292000	13.913043	240.000000	320.000000
0	10.323000	13.913043	240.000000	320.000000
0	10.354000	13.913043	240.000000	320.000000
0	10.401000	13.913043	240.000000	320.000000
0	10.432000	13.913043	240.000000	320.000000
0	10.463000	13.913043	240.000000	320.000000
0	10.495000	13.913043	240.000000	320.000000
0	10.526000	13.913043	240.000000	320.000000
0	10.557000	13.913043	240.000000	320.000000
0	10.588000	13.913043	240.000000	320.000000
0	10.619000	13.913043	240.000000	320.000000
0	10.666000	13.913043	240.000000	320.000000
0	10.697000	13.913043	240.000000	320.000000
0	10.729000	13.913043	240.000000	320.000000
0	10.760000	13.913043	240.000000	320.000000
0	10.791000	13.913043	240.000000	320.000000
0	10.822000	13.913043	240.000000	320.000000
0	10.853000	13.913043	240.000000	320.000000
0	10.900000	13.913043	240.000000	320.000000
0	10.931000	13.913043	240.000000	320.000000
0	10.963000	13.913043	240.000000	320.000000
0	10.994000	13.913043	240.000000	320.000000
0	11.025000	13.913043	240.000000	320.000000
0	11.056000	13.913043	240.000000	320.000000
0	11.087000	13.913043	240.000000	320.000000
0	11.134000	13.913043	240.000000	320.000000
0	11.165000	13.913043	240.000000	320.000000
0	11.197000	13.913043	240.000000	320.000000
0	11.228000	13.913043	240.000000	320.000000
0	11.259000	13.913043	240.000000	320.000000
0	11.290000	13.913043	240.000000	320.000000
0	11.321000	13.913043	240.000000	320.000000
0	11.353000	13.913043	240.000000	320.000000
0	11.399000	13.913043	240.000000	320.000000
0	11.431000	13.913043	240.000000	320.000000
0	11.462000	13.913043	240.000000	320.000000
0	11.493000	13.913043	240.000000	320.000000
0	11.524000	13.913043	240.000000	320.000000
0	11.555000	13.913043	240.000000	320.000000
0	11.587000	13.913043	240.000000	320.000000
0	11.633000	13.913043	240.000000	320.000000
0	11.665000	13.913043	240.000000	320.000000
0	11.696000	13.913043	240.000000	320.000000
0	11.727000	13.913043	240.000000	320.000000
0	11.758000	13.913043	240.000000	320.000000
0	11.789000	13.913043	240.000000	320.000000
0	11.821000	13.913043	240.000000	320.000000
0	11.867000	13.913043	240.000000	320.000000
0	11.899000	13.913043	240.000000	320.000000
0	11.930000	13.913043	240.000000	320.000000
0	11.961000	13.913043	240.000000	320.000000
0	11.992000	13.913043	240.000000	320.000000
0	12.023000	13.913043	240.000000	320.000000
0	12.055000	13.913043	240.000000	320.000000
0	12.086000	13.913043	240.000000	320.000000
0	12.133000	13.913043	240.000000	320.000000
0	12.164000	13.913043	240.000000	320.000000
0	12.195000	13.913043	240.000000	320.000000
0	12.226000	13.913043	240.000000	320.000000
0	12.257000	13.913043	240.000000	320.000000
0	12.289000	13.913043	240.000000	320.000000
0	12.320000	13.913043	240.000000	320.000000
0	12.367000	13.913043	240.000000	320.000000
0	12.398000	13.913043	240.000000	320.000000
0	12.429000	13.913043	240.000000	320.000000
0	12.460000	13.913043	240.000000	320.000000
0	12.491000	13.913043	240.000000	320.000000
0	12.523000	13.913043	240.000000	320.000000
0	12.554000	13.913043	240.000000	320.000000
0	12.585000	13.913043	240.000000	320.000000
0	12.632000	13.913043	240.000000	320.000000
0	12.663000	13.913043	240.000000	320.000000
0	12.694000	13.913043	240.000000	320.000000
0	12.725000	13.913043	240.000000	320.000000
0	12.757000	13.913043	240.000000	320.000000
0	12.788000	13.913043	240.000000	320.000000
0	12.819000	13.913043	240.000000	320.000000
0	12.866000	13.913043	240.000000	320.000000
0	12.897000	13.913043	240.000000	320.000000
0	12.928000	13.913043	240.000000	320.000000
0	12.959000	13.913043	240.000000	320.000000
0	12.991000	13.913043	240.000000	320.000000
0	13.022000	13.913043	240.000000	320.000000
0	13.053000	13.913043	240.000000	320.000000
0	13.100000	13.913043	240.000000	320.000000
0	13.131000	13.913043	240.000000	320.000000
0	13.162000	13.913043	240.000000	320.000000
0	13.193000	13.913043	240.000000	320.000000
0	13.225000	13.913043	240.000000	320.000000
0	13.256000	13.913043	240.000000	320.000000
0	13.287000	13.913043	240.000000	320.000000
0	13.318000	13.913043	240.000000	320.000000
0	13.365000	13.913043	240.000000	320.000000
0	13.396000	13.913043	240.000000	320.000000
0	13.427000	13.913043	240.000000	320.000000
0	13.459000	13.913043	240.000000	320.000000
0	13.490000	13.913043	240.000000	320.000000
0	13.521000	13.913043	240.000000	320.000000
0	13.552000	13.913043	240.000000	320.000000
0	13.599000	13.913043	240.000000	320.000000
0	13.630000	13.913043	240.000000	320.000000
0	13.661000	13.913043	240.000000	320.000000
0	13.693000	13.913043	240.000000	320.000000
0	13.724000	13.913043	240.000000	320.000000
0	13.755000	13.913043	240.000000	320.000000
0	13.786000	13.913043	240.000000	320.000000
0	13.833000	13.913043	240.000000	320.000000
0	13.864000	13.913043	240.000000	320.000000
0	13.895000	13.913043	240.000000	320.000000
0	13.927000	13.913043	240.000000	320.000000
0	13.958000	13.913043	240.000000	320.000000
0	13.989000	13.913043	240.000000	320.000000
0	14.020000	13.913043	240.000000	320.000000
0	14.051000	13.913043	240.000000	320.000000
0	14.098000	13.913043	240.000000	320.000000
0	14.129000	13.913043	240.000000	320.000000
0	14.161000	13.913043	240.000000	320.000000
0	14.192000	13.913043	240.000000	320.000000
0	14.223000	13.913043	240.000000	320.000000
0	14.254000	13.913043	240.000000	320.000000
0	14.285000	13.913043	240.000000	320.000000
0	14.332000	13.913043	240.000000	320.000000
0	14.363000	13.913043	240.000000	320.000000
0	14.395000	13.913043	240.000000	320.000000
0	14.426000	13.913043	240.000000	320.000000
0	14.457000	13.913043	240.000000	320.000000
0	14.488000	13.913043	240.000000	320.000000
0	14.519000	13.913043	240.000000	320.000000
0	14.551000	13.913043	240.000000	320.000000
0	14.597000	13.913043	240.000000	320.000000
0	14.629000	13.913043	240.000000	320.000000
0	14.660000	13.913043	240.000000	320.000000
0	14.691000	13.913043	240.000000	320.000000
0	14.722000	13.913043	240.000000	320.000000
0	14.753000	13.913043	240.000000	320.000000
0	14.785000	13.913043	240.000000	320.000000
0	14.831000	13.913043	240.000000	320.000000
0	14.863000	13.913043	240.000000	320.000000
0	14.894000	13.913043	240.000000	320.000000
0	14.925000	13.913043	240.000000	320.000000
0	14.956000	13.913043	240.000000	320.000000
0	14.987000	13.913043	240.000000	320.000000
0	15.019000	13.913043	240.000000	320.000000
0	15.065000	13.913043	240.000000	320.000000
0	15.097000	13.913043	240.000000	320.000000
0	15.128000	13.913043	240.000000	320.000000
0	15.159000	13.913043	240.000000	320.000000
0	15.190000	13.913043	240.000000	320.000000
0	15.221000	13.913043	240.000000	320.000000
0	15.253000	13.913043	240.000000	320.000000
0	15.284000	13.913043	240.000000	320.000000
0	15.331000	13.913043	240.000000	320.000000
0	15.362000	13.913043	240.000000	320.000000
0	15.393000	13.913043	240.000000	320.000000
0	15.424000	13.913043	240.000000	320.000000
0	15.455000	13.913043	240.000000	320.000000
0	15.487000	13.913043	240.000000	320.000000
0	15.518000	13.913043	240.000000	320.000000
0	15.565000	13.913043	240.000000	320.000000
0	15.596000	13.913043	240.000000	320.000000
0	15.627000	13.913043	240.000000	320.000000
0	15.658000	13.913043	240.000000	320.000000
0	15.689000	13.913043	240.000000	320.000000
0	15.721000	13.913043	240.000000	320.000000
0	15.752000	13.913043	240.000000	320.000000
0	15.799000	13.913043	240.000000	320.000000
0	15.830000	13.913043	240.000000	320.000000
0	15.861000	13.913043	240.000000	320.000000
0	15.892000	13.913043	240.000000	320.000000
0	15.923000	13.913043	240.000000	320.000000
0	15.955000	13.913043	240.000000	320.000000
0	15.986000	13.913043	240.000000	320.000000
0	16.017000	13.913043	240.000000	320.000000
0	16.064000	13.913043	240.000000	320.000000
0	16.095000	13.913043	240.000000	320.000000
0	16.126000	13.913043	240.000000	320.000000
0	16.157000	13.913043	240.000000	320.000000
0	16.189000	13.913043	240.000000	320.000000
0	16.220000	13.913043	240.000000	320.000000
0	16.251000	13.913043	240.000000	320.000000
0	16.298000	13.913043	240.000000	320.000000
0	16.329000	13.913043	240.000000	320.000000
0	16.360000	13.913043	240.000000	320.000000
0	16.391000	13.913043	240.000000	320.000000
0	16.423000	13.913043	240.000000	320.000000
0	16.454000	13.913043	240.000000	320.000000
0	16.485000	13.913043	240.000000	320.000000
0	16.532000	13.913043	240.000000	320.000000
0	16.563000	13.913043	240.000000	320.000000
0	16.594000	13.913043	240.000000	320.000000
0	16.625000	13.913043	240.000000	320.000000
0	16.657000	13.913043	240.000000	320.000000
0	16.688000	13.913043	240.000000	320.000000
0	16.719000	13.913043	240.000000	320.000000
0	16.750000	13.913043	240.000000	320.000000
0	16.797000	13.913043	240.000000	320.000000
0	16.828000	13.913043	240.000000	320.000000
0	16.859000	13.913043	240.000000	320.000000
0	16.891000	13.913043	240.000000	320.000000
0	16.922000	13.913043	240.000000	320.000000
0	16.953000	13.913043	240.000000	320.000000
0	16.984000	13.913043	240.000000	320.000000
0	17.031000	13.913043	240.000000	320.000000
0	17.062000	13.913043	240.000000	320.000000
0	17.093000	13.913043	240.000000	320.000000
0	17.125000	13.913043	240.000000	320.000000
0	17.156000	13.913043	240.000000	320.000000
0	17.187000	13.913043	240.000000	320.000000
0	17.218000	13.913043	240.000000	320.000000
0	17.265000	13.913043	240.000000	320.000000
0	17.296000	13.913043	240.000000	320.000000
0	17.327000	13.913043	240.000000	320.000000
0	17.359000	13.913043	240.000000	320.000000
0	17.390000	13.913043	240.000000	320.000000
0	17.421000	13.913043	240.000000	320.000000
0	17.452000	13.913043	240.000000	320.000000
0	17.483000	13.913043	240.000000	320.000000
0	17.530000	13.913043	240.000000	320.000000
0	17.561000	13.913043	240.000000	320.000000
0	17.593000	13.913043	240.000000	320.000000
0	17.624000	13.913043	240.000000	320.000000
0	17.655000	13.913043	240.000000	320.000000
0	17.686000	13.913043	240.000000	320.000000
0	17.717000	13.913043	240.000000	320.000000
0	17.764000	13.913043	240.000000	320.000000
0	17.795000	13.913043	240.000000	320.000000
0	17.827000	13.913043	240.000000	320.000000
0	17.858000	13.913043	240.000000	320.000000
0	17.889000	13.913043	240.000000	320.000000
0	17.920000	13.913043	240.000000	320.000000
0	17.951000	13.913043	240.000000	320.000000
0	17.998000	13.913043	240.000000	320.000000
<\LEFT-PUPIL-DATA>
<RIGHT-PUPIL-ANALYSIS>
1
0	0	17	542	0	0	0.509000	17.518999	0.509000	15.983889	0.000000	0.000000	0.000000	0	1	1	1	1	0	0	0	0.000000	0.000000	0.000000	0.000000	0.000000	0.000000	0.000000	-1.000000	0.000000	1	1.092824	0.904906	0.937987	0.643163	0.298000	-0.280056	-0.902913	-1.000000	0.545833	1	1.092824	0.904906	0.937987	0.643163	0.298000	-0.397414	-0.902914	-1.000000	0.545833
<\RIGHT-PUPIL-ANALYSIS>
<LEFT-PUPIL-ANALYSIS>
1
0	0	18	542	0	0	0.509000	17.518999	0.509000	15.983889	0.000000	0.000000	0.000000	0	1	1	1	1	0	0	0	0.000000	0.000000	0.000000	0.000000	0.000000	0.000000	0.000000	-1.000000	0.000000	0	-0.034783	-0.034783	0.000950	0.000950	0.017000	0.000000	0.000000	-1.000000	0.000000	1	-0.034783	-0.034783	0.000950	0.000950	0.017000	-1000000.000000	-1000000.000000	-1.000000	0.000000
<\LEFT-PUPIL-ANALYSIS>
%%%%%%%%%
%%%%%%%%%
%%%%%%%%%
%%%	Measurement Tiime is: 2017-08-15 09:42:06
%%%	Subject ID is: c57-1mois-m1-1.2r
%%%	Note: 
%%%	RSS: Default Human Relative Spectral Sensitivity
%%%	Pupil Analysis:
%%%
%%%
%%%
%%%	Pulse Index:	0
%%%	Stimulus Session Index:	0
%%%	Right Pupil Stimulated
%%%	Light Metric is Photopic
%%%	Stimulus Start Time(sec):	0.51
%%%	Stimulus Duration(sec):	17.52
%%%	Stimulus Pulse Duration(sec):	0.51
%%%	Right Pulse:	15.98	(Red  )	-	0.00	(Red  )	[Lux ]
%%%	Left Pulse:	0.00	(Red  )	-	0.00	(Red  )	[Lux ]
%%%
%%%		RIGHT	LEFT	R.Pupil Mean	L.Pupil Mean	R.Stim Mean	R.Stim Mean
%%%	INPUT:	RAW DATA	RAW DATA
%%%	STATE:	ABNORMAL	ABNORMAL	ABNORMAL	ABNORMAL	ABNORMAL	ABNORMAL
%%%	MAX(mm):	0.00	0.00	0.00	0.00	0.00	0.00
%%%	MIN(mm):	0.00	0.00	0.00	0.00	0.00	0.00
%%%	DELTA(mm):						
%%%	CH(%):						
%%%	LAT(sec):	0.00	0.00	0.00	0.00	0.00	0.00
%%%	CV(mm/s):	0.00	0.00	0.00	0.00	0.00	0.00
%%%	MCV(mm/s):	0.00	0.00	0.00	0.00	0.00	0.00
%%%	DV(mm/s):	0.00	0.00	0.00	0.00	0.00	0.00
%%%%%%%%%
%%%%%%%%%
%%%%%%%%%
%%%	Right Pupil Profile (1st row -> 1 == valid tracking, 0 == invalid tracking; 2nd row -> time; 3rd row -> diameter (mm))
%%%	1	1	1	1	1	1	1	1	1	1	1	1	1	1	1	1	0	1	1	0	1	0	1	1	1	1	0	1	1	1	1	1	1	1	1	1	1	0	1	0	1	1	1	1	1	1	1	1	1	1	1	1	1	1	1	1	0	1	1	1	1	0	1	1	1	1	1	1	1	1	1	1	1	1	0	1	1	0	0	0	0	0	0	0	0	0	0	0	0	0	0	0	0	0	0	0	0	0	0	0	0	0	0	0	0	0	0	0	0	0	0	0	0	0	0	0	0	0	0	0	0	0	0	0	0	0	0	0	0	0	0	0	0	0	0	0	0	0	0	0	0	0	0	0	0	0	0	0	0	0	0	0	0	0	0	0	0	0	0	0	0	0	0	0	0	0	0	0	0	0	0	0	0	0	0	0	0	0	0	0	0	0	0	0	0	0	0	0	0	0	0	0	0	0	0	0	0	0	0	0	0	0	0	0	0	0	0	0	0	0	0	0	0	0	0	0	0	0	0	0	0	0	0	0	0	0	0	0	0	0	0	0	0	0	0	0	0	0	0	0	0	0	0	0	0	0	0	0	0	0	0	0	0	0	0	0	0	0	0	0	0	0	0	0	0	0	0	0	0	0	0	0	0	0	0	0	0	0	0	0	0	0	0	0	0	0	0	0	0	0	0	0	0	0	0	0	0	0	0	0	0	0	0	0	0	0	0	0	0	0	0	0	0	0	0	0	0	0	0	0	0	0	0	0	0	0	0	0	0	0	0	0	0	0	0	0	0	0	0	0	0	0	0	0	0	0	0	0	0	0	0	0	0	0	0	0	0	0	0	0	0	0	0	0	0	0	0	0	0	0	0	0	0	0	0	0	0	0	0	0	0	0	0	0	0	0	0	0	0	0	0	0	0	0	0	0	0	0	0	0	0	0	0	0	0	0	0	0	0	0	0	0	0	0	0	0	0	0	0	0	0	0	0	0	0	0	0	0	0	0	0	0	0	0	0	0	0	0	0	0	0	0	0	0	0	0	0	0	0	0	0	0	0	0	0	0	0	0	0	0	0	0	0	0	0	0	0	0	0	0	0	0	0	0	0	0	0	0	0	0	0	0	0	0	0	0	0	0	0	0	0	0	0	0	0	0	0	0	0	0	0	0	0	0	0	0	0	0	0	0	0	0	0	0	0	0	0	0	0	0	0	0	0	0	0	0	0	0	0	0	0	0	0	0	0	0	0	0	0	0	0	0	0
%%%	-0.051000	-0.019000	0.012000	0.043000	0.074000	0.105000	0.137000	0.183000	0.215000	0.246000	0.277000	0.308000	0.339000	0.371000	0.417000	0.449000	0.480000	0.511000	0.542000	0.573000	0.605000	0.636000	0.683000	0.714000	0.745000	0.776000	0.807000	0.839000	0.870000	0.917000	0.948000	0.979000	1.010000	1.041000	1.073000	1.104000	1.151000	1.182000	1.213000	1.244000	1.275000	1.307000	1.338000	1.369000	1.416000	1.447000	1.478000	1.509000	1.541000	1.572000	1.603000	1.650000	1.681000	1.712000	1.743000	1.775000	1.806000	1.837000	1.868000	1.915000	1.946000	1.977000	2.009000	2.040000	2.071000	2.102000	2.149000	2.180000	2.211000	2.243000	2.274000	2.305000	2.336000	2.383000	2.414000	2.445000	2.477000	2.508000	2.539000	2.570000	2.601000	2.648000	2.679000	2.711000	2.742000	2.773000	2.804000	2.835000	2.882000	2.913000	2.945000	2.976000	3.007000	3.038000	3.069000	3.116000	3.147000	3.179000	3.210000	3.241000	3.272000	3.303000	3.335000	3.381000	3.413000	3.444000	3.475000	3.506000	3.537000	3.569000	3.615000	3.647000	3.678000	3.709000	3.740000	3.771000	3.803000	3.849000	3.881000	3.912000	3.943000	3.974000	4.005000	4.037000	4.068000	4.115000	4.146000	4.177000	4.208000	4.239000	4.271000	4.302000	4.349000	4.380000	4.411000	4.442000	4.473000	4.505000	4.536000	4.567000	4.614000	4.645000	4.676000	4.707000	4.739000	4.770000	4.801000	4.848000	4.879000	4.910000	4.941000	4.973000	5.004000	5.035000	5.082000	5.113000	5.144000	5.175000	5.207000	5.238000	5.269000	5.300000	5.347000	5.378000	5.409000	5.441000	5.472000	5.503000	5.534000	5.581000	5.612000	5.643000	5.675000	5.706000	5.737000	5.768000	5.815000	5.846000	5.877000	5.909000	5.940000	5.971000	6.002000	6.033000	6.080000	6.111000	6.143000	6.174000	6.205000	6.236000	6.267000	6.314000	6.345000	6.377000	6.408000	6.439000	6.470000	6.501000	6.548000	6.579000	6.611000	6.642000	6.673000	6.704000	6.735000	6.767000	6.813000	6.845000	6.876000	6.907000	6.938000	6.969000	7.001000	7.047000	7.079000	7.110000	7.141000	7.172000	7.203000	7.235000	7.266000	7.313000	7.344000	7.375000	7.406000	7.437000	7.469000	7.500000	7.547000	7.578000	7.609000	7.640000	7.671000	7.703000	7.734000	7.781000	7.812000	7.843000	7.874000	7.905000	7.937000	7.968000	7.999000	8.046000	8.077000	8.108000	8.139000	8.171000	8.202000	8.233000	8.280000	8.311000	8.342000	8.373000	8.405000	8.436000	8.467000	8.498000	8.545000	8.576000	8.607000	8.639000	8.670000	8.701000	8.732000	8.779000	8.810000	8.841000	8.873000	8.904000	8.935000	8.966000	9.013000	9.044000	9.075000	9.107000	9.138000	9.169000	9.200000	9.231000	9.278000	9.309000	9.341000	9.372000	9.403000	9.434000	9.465000	9.512000	9.543000	9.575000	9.606000	9.637000	9.668000	9.699000	9.746000	9.777000	9.809000	9.840000	9.871000	9.902000	9.933000	9.965000	10.011000	10.043000	10.074000	10.105000	10.136000	10.167000	10.199000	10.245000	10.277000	10.308000	10.339000	10.370000	10.401000	10.433000	10.479000	10.511000	10.542000	10.573000	10.604000	10.635000	10.667000	10.698000	10.745000	10.776000	10.807000	10.838000	10.869000	10.901000	10.932000	10.979000	11.010000	11.041000	11.072000	11.103000	11.135000	11.166000	11.213000	11.244000	11.275000	11.306000	11.337000	11.369000	11.400000	11.431000	11.478000	11.509000	11.540000	11.571000	11.603000	11.634000	11.665000	11.712000	11.743000	11.774000	11.805000	11.837000	11.868000	11.899000	11.946000	11.977000	12.008000	12.039000	12.071000	12.102000	12.133000	12.164000	12.211000	12.242000	12.273000	12.305000	12.336000	12.367000	12.398000	12.429000	12.476000	12.507000	12.539000	12.570000	12.601000	12.632000	12.663000	12.710000	12.741000	12.773000	12.804000	12.835000	12.866000	12.897000	12.944000	12.975000	13.007000	13.038000	13.069000	13.100000	13.131000	13.163000	13.209000	13.241000	13.272000	13.303000	13.334000	13.365000	13.397000	13.443000	13.475000	13.506000	13.537000	13.568000	13.599000	13.631000	13.677000	13.709000	13.740000	13.771000	13.802000	13.833000	13.865000	13.896000	13.943000	13.974000	14.005000	14.036000	14.067000	14.099000	14.130000	14.177000	14.208000	14.239000	14.270000	14.301000	14.333000	14.364000	14.411000	14.442000	14.473000	14.504000	14.535000	14.567000	14.598000	14.629000	14.676000	14.707000	14.738000	14.769000	14.801000	14.832000	14.863000	14.910000	14.941000	14.972000	15.003000	15.035000	15.066000	15.097000	15.144000	15.175000	15.206000	15.237000	15.269000	15.300000	15.331000	15.362000	15.409000	15.440000	15.471000	15.503000	15.534000	15.565000	15.596000	15.643000	15.674000	15.705000	15.737000	15.768000	15.799000	15.830000	15.877000	15.908000	15.939000	15.971000	16.002000	16.033000	16.064000	16.095000	16.142000	16.173000	16.205000	16.236000	16.267000	16.298000	16.329000	16.361000	16.407000	16.439000	16.470000	16.501000	16.532000	16.563000	16.595000	16.641000	16.673000	16.704000	16.735000	16.766000	16.797000	16.829000	16.875000	16.907000	16.938000	16.969000	17.000000	17.031000	17.063000	17.094000	17.141000	17.172000	17.203000	17.234000	17.265000	17.297000	17.328000	17.375000	17.406000	17.437000	17.468000	17.499000	17.531000	17.562000	17.609000	17.640000	17.671000	17.702000	17.733000	17.765000	17.796000	17.827000	17.874000	17.905000	17.936000	17.967000	17.999000
%%%	1.147826	1.162319	1.120145	1.159855	1.101449	1.172754	1.155507	1.165217	1.160290	1.126232	1.125942	1.127101	1.135942	1.082029	1.113043	1.095072	1.044638	1.099855	1.016812	1.008696	0.973188	0.823188	0.973188	1.059710	1.059710	1.003333	0.940290	1.044493	1.047826	1.008841	0.916812	0.962029	0.969710	0.957681	0.915797	0.894493	0.874058	0.854928	0.913623	0.777681	0.838551	0.922754	0.869565	0.951159	0.973913	1.007536	1.008696	1.029420	1.043478	1.054928	1.053188	1.008696	1.078261	1.048841	1.114058	1.055072	0.869565	0.939855	1.025362	0.998551	1.054493	0.957102	1.040290	0.992029	0.983188	1.041304	1.008116	1.008696	1.050725	1.044638	1.038406	1.044058	1.043333	0.771159	0.965507	0.991449	0.990290	0.927536	0.835362	0.347826	0.347826	0.347826	0.347826	0.347826	0.347826	0.347826	0.347826	0.351884	0.884203	4.036377	3.825362	0.624493	0.347826	0.347826	3.382029	4.208696	4.208696	4.208696	4.208696	4.208696	4.208696	4.208696	4.208696	4.208696	4.208696	4.208696	4.208696	4.208696	4.208696	4.208696	4.208696	4.208696	4.208696	4.208696	4.208696	4.208696	4.208696	4.208696	4.208696	4.208696	4.208696	4.208696	4.208696	4.208696	4.208696	4.208696	4.208696	4.208696	4.208696	4.208696	4.208696	4.208696	4.208696	4.208696	4.208696	4.208696	4.208696	4.208696	4.208696	4.208696	4.208696	4.208696	4.208696	4.208696	4.208696	4.208696	4.208696	4.208696	4.208696	4.208696	4.208696	4.208696	4.208696	4.208696	4.208696	4.208696	4.208696	4.208696	4.208696	4.208696	4.208696	4.208696	4.208696	4.208696	4.208696	4.208696	4.208696	4.208696	4.208696	4.208696	4.208696	4.208696	4.208696	4.208696	4.208696	4.208696	4.208696	4.208696	4.208696	4.208696	4.208696	4.208696	4.208696	4.208696	4.208696	4.208696	4.208696	4.208696	4.208696	4.208696	4.208696	4.208696	4.208696	4.208696	4.208696	4.208696	4.208696	4.208696	4.208696	4.208696	4.208696	4.208696	4.208696	4.208696	4.208696	4.208696	4.208696	4.208696	4.208696	4.208696	4.208696	4.208696	4.208696	4.208696	4.208696	4.208696	4.208696	4.208696	4.208696	4.208696	4.208696	4.208696	4.208696	4.208696	4.208696	4.208696	4.208696	4.208696	4.208696	4.208696	4.208696	4.208696	4.208696	4.208696	4.208696	4.208696	4.208696	4.208696	4.208696	4.208696	4.208696	4.208696	4.208696	4.208696	4.208696	4.208696	4.208696	4.208696	4.208696	4.208696	4.208696	4.208696	4.208696	4.208696	4.208696	4.208696	4.208696	4.208696	4.208696	4.208696	4.208696	4.208696	4.208696	4.208696	4.208696	4.208696	4.208696	4.208696	4.208696	4.208696	4.208696	4.208696	4.208696	4.208696	4.208696	4.208696	4.208696	4.208696	4.208696	4.208696	4.208696	4.208696	4.208696	4.208696	4.208696	4.208696	4.208696	4.208696	4.208696	4.208696	4.208696	4.208696	4.208696	4.208696	4.208696	4.208696	4.208696	4.208696	4.208696	4.208696	4.208696	4.208696	4.208696	4.208696	4.208696	4.208696	4.208696	4.208696	4.208696	4.208696	4.208696	4.208696	4.208696	4.208696	4.208696	4.208696	4.208696	4.208696	4.208696	4.208696	4.208696	4.208696	4.208696	4.208696	4.208696	4.208696	4.208696	4.208696	4.208696	4.208696	4.208696	4.208696	4.208696	4.208696	4.208696	4.208696	4.208696	4.208696	4.208696	4.208696	4.208696	4.208696	4.208696	4.208696	4.208696	4.208696	4.208696	4.208696	4.208696	4.208696	4.208696	4.208696	4.208696	4.208696	4.208696	4.208696	4.208696	4.208696	4.208696	4.208696	4.208696	4.208696	4.208696	4.208696	4.208696	4.208696	4.208696	4.208696	4.208696	4.208696	4.208696	4.208696	4.208696	4.208696	4.208696	4.208696	4.208696	4.208696	4.208696	4.208696	4.208696	4.208696	4.208696	4.208696	4.208696	4.208696	4.208696	4.208696	4.208696	4.208696	4.208696	4.208696	4.208696	4.208696	4.208696	4.208696	4.208696	4.208696	4.208696	4.208696	4.208696	4.208696	4.208696	4.208696	4.208696	4.208696	4.208696	4.208696	4.208696	4.208696	4.208696	4.208696	4.208696	4.208696	4.208696	4.208696	4.208696	4.208696	4.208696	4.208696	4.208696	4.208696	4.208696	4.208696	4.208696	4.208696	4.208696	4.208696	4.208696	4.208696	4.208696	4.208696	4.208696	4.208696	4.208696	4.208696	4.208696	4.208696	4.208696	4.208696	4.208696	4.208696	4.208696	4.208696	4.208696	4.208696	4.208696	4.208696	4.208696	4.208696	4.208696	4.208696	4.208696	4.208696	4.208696	4.208696	4.208696	4.208696	4.208696	4.208696	4.208696	4.208696	4.208696	4.208696	4.208696	4.208696	4.208696	4.208696	4.208696	4.208696	4.208696	4.208696	4.208696	4.208696	4.208696	4.208696	4.208696	4.208696	4.208696	4.208696	4.208696	4.208696	4.208696	4.208696	4.208696	4.208696	4.208696	4.208696	4.208696	4.208696	4.208696	4.208696	4.208696	4.208696	4.208696	4.208696	4.208696	4.208696	4.208696	4.208696	4.208696	4.208696	4.208696	4.208696	4.208696	4.208696	4.208696	4.208696	4.208696	4.208696	4.208696	4.208696	4.208696	4.208696	4.208696	4.208696	4.208696	4.208696	4.208696	4.208696	4.208696	4.208696	4.208696	4.208696	4.208696	4.208696	4.208696	4.208696	4.208696	4.208696	4.208696	4.208696	4.208696	4.208696	4.208696	4.208696	4.208696	4.208696	4.208696	4.208696	4.208696	4.208696	4.208696
%%%	Left Pupil Profile (1st row -> 1 == valid tracking, 0 == invalid tracking; 2nd row -> time; 3rd row -> diameter (mm))
%%%	0	0	0	0	0	0	0	0	0	0	0	0	0	0	0	0	0	0	0	0	0	0	0	0	0	0	0	0	0	0	0	0	0	0	0	0	0	0	0	0	0	0	0	0	0	0	0	0	0	0	0	0	0	0	0	0	0	0	0	0	0	0	0	0	0	0	0	0	0	0	0	0	0	0	0	0	0	0	0	0	0	0	0	0	0	0	0	0	0	0	0	0	0	0	0	0	0	0	0	0	0	0	0	0	0	0	0	0	0	0	0	0	0	0	0	0	0	0	0	0	0	0	0	0	0	0	0	0	0	0	0	0	0	0	0	0	0	0	0	0	0	0	0	0	0	0	0	0	0	0	0	0	0	0	0	0	0	0	0	0	0	0	0	0	0	0	0	0	0	0	0	0	0	0	0	0	0	0	0	0	0	0	0	0	0	0	0	0	0	0	0	0	0	0	0	0	0	0	0	0	0	0	0	0	0	0	0	0	0	0	0	0	0	0	0	0	0	0	0	0	0	0	0	0	0	0	0	0	0	0	0	0	0	0	0	0	0	0	0	0	0	0	0	0	0	0	0	0	0	0	0	0	0	0	0	0	0	0	0	0	0	0	0	0	0	0	0	0	0	0	0	0	0	0	0	0	0	0	0	0	0	0	0	0	0	0	0	0	0	0	0	0	0	0	0	0	0	0	0	0	0	0	0	0	0	0	0	0	0	0	0	0	0	0	0	0	0	0	0	0	0	0	0	0	0	0	0	0	0	0	0	0	0	0	0	0	0	0	0	0	0	0	0	0	0	0	0	0	0	0	0	0	0	0	0	0	0	0	0	0	0	0	0	0	0	0	0	0	0	0	0	0	0	0	0	0	0	0	0	0	0	0	0	0	0	0	0	0	0	0	0	0	0	0	0	0	0	0	0	0	0	0	0	0	0	0	0	0	0	0	0	0	0	0	0	0	0	0	0	0	0	0	0	0	0	0	0	0	0	0	0	0	0	0	0	0	0	0	0	0	0	0	0	0	0	0	0	0	0	0	0	0	0	0	0	0	0	0	0	0	0	0	0	0	0	0	0	0	0	0	0	0	0	0	0	0	0	0	0	0	0	0	0	0	0	0	0	0	0	0	0	0	0	0	0	0	0	0	0	0	0	0	0	0	0	0	0	0	0	0	0	0	0	0	0	0	0	0	0	0	0	0	0	0	0	0	0	0	0	0	0	0	0	0	0	0	0	0	0	0	0	0	0
%%%	-0.067000	-0.035000	-0.004000	0.027000	0.058000	0.105000	0.136000	0.167000	0.199000	0.230000	0.261000	0.292000	0.339000	0.370000	0.401000	0.433000	0.464000	0.495000	0.526000	0.573000	0.604000	0.635000	0.667000	0.698000	0.729000	0.760000	0.791000	0.838000	0.869000	0.901000	0.932000	0.963000	0.994000	1.025000	1.072000	1.103000	1.135000	1.166000	1.197000	1.228000	1.259000	1.306000	1.337000	1.369000	1.400000	1.431000	1.462000	1.493000	1.525000	1.571000	1.603000	1.634000	1.665000	1.696000	1.727000	1.759000	1.805000	1.837000	1.868000	1.899000	1.930000	1.961000	1.993000	2.039000	2.071000	2.102000	2.133000	2.164000	2.195000	2.227000	2.258000	2.305000	2.336000	2.367000	2.398000	2.429000	2.461000	2.492000	2.523000	2.570000	2.601000	2.632000	2.663000	2.695000	2.726000	2.757000	2.804000	2.835000	2.866000	2.897000	2.929000	2.960000	2.991000	3.038000	3.069000	3.100000	3.131000	3.163000	3.194000	3.225000	3.256000	3.303000	3.334000	3.365000	3.397000	3.428000	3.459000	3.490000	3.537000	3.568000	3.599000	3.631000	3.662000	3.693000	3.724000	3.771000	3.802000	3.833000	3.865000	3.896000	3.927000	3.958000	3.989000	4.036000	4.067000	4.099000	4.130000	4.161000	4.192000	4.223000	4.270000	4.301000	4.333000	4.364000	4.395000	4.426000	4.457000	4.504000	4.535000	4.567000	4.598000	4.629000	4.660000	4.691000	4.723000	4.769000	4.801000	4.832000	4.863000	4.894000	4.925000	4.957000	5.003000	5.035000	5.066000	5.097000	5.128000	5.159000	5.191000	5.237000	5.269000	5.300000	5.331000	5.362000	5.393000	5.425000	5.456000	5.503000	5.534000	5.565000	5.596000	5.627000	5.659000	5.690000	5.737000	5.768000	5.799000	5.830000	5.861000	5.893000	5.924000	5.971000	6.002000	6.033000	6.064000	6.095000	6.127000	6.158000	6.189000	6.236000	6.267000	6.298000	6.329000	6.361000	6.392000	6.423000	6.470000	6.501000	6.532000	6.563000	6.595000	6.626000	6.657000	6.688000	6.735000	6.766000	6.797000	6.829000	6.860000	6.891000	6.922000	6.969000	7.000000	7.031000	7.063000	7.094000	7.125000	7.156000	7.187000	7.234000	7.265000	7.297000	7.328000	7.359000	7.390000	7.421000	7.468000	7.499000	7.531000	7.562000	7.593000	7.624000	7.655000	7.702000	7.733000	7.765000	7.796000	7.827000	7.858000	7.889000	7.921000	7.967000	7.999000	8.030000	8.061000	8.092000	8.123000	8.155000	8.201000	8.233000	8.264000	8.295000	8.326000	8.357000	8.389000	8.435000	8.467000	8.498000	8.529000	8.560000	8.591000	8.623000	8.654000	8.701000	8.732000	8.763000	8.794000	8.825000	8.857000	8.888000	8.935000	8.966000	8.997000	9.028000	9.059000	9.091000	9.122000	9.169000	9.200000	9.231000	9.262000	9.293000	9.325000	9.356000	9.387000	9.434000	9.465000	9.496000	9.527000	9.559000	9.590000	9.621000	9.668000	9.699000	9.730000	9.761000	9.793000	9.824000	9.855000	9.902000	9.933000	9.964000	9.995000	10.027000	10.058000	10.089000	10.120000	10.167000	10.198000	10.229000	10.261000	10.292000	10.323000	10.354000	10.401000	10.432000	10.463000	10.495000	10.526000	10.557000	10.588000	10.619000	10.666000	10.697000	10.729000	10.760000	10.791000	10.822000	10.853000	10.900000	10.931000	10.963000	10.994000	11.025000	11.056000	11.087000	11.134000	11.165000	11.197000	11.228000	11.259000	11.290000	11.321000	11.353000	11.399000	11.431000	11.462000	11.493000	11.524000	11.555000	11.587000	11.633000	11.665000	11.696000	11.727000	11.758000	11.789000	11.821000	11.867000	11.899000	11.930000	11.961000	11.992000	12.023000	12.055000	12.086000	12.133000	12.164000	12.195000	12.226000	12.257000	12.289000	12.320000	12.367000	12.398000	12.429000	12.460000	12.491000	12.523000	12.554000	12.585000	12.632000	12.663000	12.694000	12.725000	12.757000	12.788000	12.819000	12.866000	12.897000	12.928000	12.959000	12.991000	13.022000	13.053000	13.100000	13.131000	13.162000	13.193000	13.225000	13.256000	13.287000	13.318000	13.365000	13.396000	13.427000	13.459000	13.490000	13.521000	13.552000	13.599000	13.630000	13.661000	13.693000	13.724000	13.755000	13.786000	13.833000	13.864000	13.895000	13.927000	13.958000	13.989000	14.020000	14.051000	14.098000	14.129000	14.161000	14.192000	14.223000	14.254000	14.285000	14.332000	14.363000	14.395000	14.426000	14.457000	14.488000	14.519000	14.551000	14.597000	14.629000	14.660000	14.691000	14.722000	14.753000	14.785000	14.831000	14.863000	14.894000	14.925000	14.956000	14.987000	15.019000	15.065000	15.097000	15.128000	15.159000	15.190000	15.221000	15.253000	15.284000	15.331000	15.362000	15.393000	15.424000	15.455000	15.487000	15.518000	15.565000	15.596000	15.627000	15.658000	15.689000	15.721000	15.752000	15.799000	15.830000	15.861000	15.892000	15.923000	15.955000	15.986000	16.017000	16.064000	16.095000	16.126000	16.157000	16.189000	16.220000	16.251000	16.298000	16.329000	16.360000	16.391000	16.423000	16.454000	16.485000	16.532000	16.563000	16.594000	16.625000	16.657000	16.688000	16.719000	16.750000	16.797000	16.828000	16.859000	16.891000	16.922000	16.953000	16.984000	17.031000	17.062000	17.093000	17.125000	17.156000	17.187000	17.218000	17.265000	17.296000	17.327000	17.359000	17.390000	17.421000	17.452000	17.483000	17.530000	17.561000	17.593000	17.624000	17.655000	17.686000	17.717000	17.764000	17.795000	17.827000	17.858000	17.889000	17.920000	17.951000	17.998000
%%%	13.913043	13.913043	13.913043	13.913043	13.913043	13.913043	13.913043	13.913043	13.913043	13.913043	13.913043	13.913043	13.913043	13.913043	13.913043	13.913043	13.913043	13.913043	13.913043	13.913043	13.913043	13.913043	13.913043	13.913043	13.913043	13.913043	13.913043	13.913043	13.913043	13.913043	13.913043	13.913043	13.913043	13.913043	13.913043	13.913043	13.913043	13.913043	13.913043	13.913043	13.913043	13.913043	13.913043	13.913043	13.913043	13.913043	13.913043	13.913043	13.913043	13.913043	13.913043	13.913043	13.913043	13.913043	13.913043	13.913043	13.913043	13.913043	13.913043	13.913043	13.913043	13.913043	13.913043	13.913043	13.913043	13.913043	13.913043	13.913043	13.913043	13.913043	13.913043	13.913043	13.913043	13.913043	13.913043	13.913043	13.913043	13.913043	13.913043	13.913043	13.913043	13.913043	13.913043	13.913043	13.913043	13.913043	13.913043	13.913043	13.913043	13.913043	13.913043	13.913043	13.913043	13.913043	13.913043	13.913043	13.913043	13.913043	13.913043	13.913043	13.913043	13.913043	13.913043	13.913043	13.913043	13.913043	13.913043	13.913043	13.913043	13.913043	13.913043	13.913043	13.913043	13.913043	13.913043	13.913043	13.913043	13.913043	13.913043	13.913043	13.913043	13.913043	13.913043	13.913043	13.913043	13.913043	13.913043	13.913043	13.913043	13.913043	13.913043	13.913043	13.913043	13.913043	13.913043	13.913043	13.913043	13.913043	13.913043	13.913043	13.913043	13.913043	13.913043	13.913043	13.913043	13.913043	13.913043	13.913043	13.913043	13.913043	13.913043	13.913043	13.913043	13.913043	13.913043	13.913043	13.913043	13.913043	13.913043	13.913043	13.913043	13.913043	13.913043	13.913043	13.913043	13.913043	13.913043	13.913043	13.913043	13.913043	13.913043	13.913043	13.913043	13.913043	13.913043	13.913043	13.913043	13.913043	13.913043	13.913043	13.913043	13.913043	13.913043	13.913043	13.913043	13.913043	13.913043	13.913043	13.913043	13.913043	13.913043	13.913043	13.913043	13.913043	13.913043	13.913043	13.913043	13.913043	13.913043	13.913043	13.913043	13.913043	13.913043	13.913043	13.913043	13.913043	13.913043	13.913043	13.913043	13.913043	13.913043	13.913043	13.913043	13.913043	13.913043	13.913043	13.913043	13.913043	13.913043	13.913043	13.913043	13.913043	13.913043	13.913043	13.913043	13.913043	13.913043	13.913043	13.913043	13.913043	13.913043	13.913043	13.913043	13.913043	13.913043	13.913043	13.913043	13.913043	13.913043	13.913043	13.913043	13.913043	13.913043	13.913043	13.913043	13.913043	13.913043	13.913043	13.913043	13.913043	13.913043	13.913043	13.913043	13.913043	13.913043	13.913043	13.913043	13.913043	13.913043	13.913043	13.913043	13.913043	13.913043	13.913043	13.913043	13.913043	13.913043	13.913043	13.913043	13.913043	13.913043	13.913043	13.913043	13.913043	13.913043	13.913043	13.913043	13.913043	13.913043	13.913043	13.913043	13.913043	13.913043	13.913043	13.913043	13.913043	13.913043	13.913043	13.913043	13.913043	13.913043	13.913043	13.913043	13.913043	13.913043	13.913043	13.913043	13.913043	13.913043	13.913043	13.913043	13.913043	13.913043	13.913043	13.913043	13.913043	13.913043	13.913043	13.913043	13.913043	13.913043	13.913043	13.913043	13.913043	13.913043	13.913043	13.913043	13.913043	13.913043	13.913043	13.913043	13.913043	13.913043	13.913043	13.913043	13.913043	13.913043	13.913043	13.913043	13.913043	13.913043	13.913043	13.913043	13.913043	13.913043	13.913043	13.913043	13.913043	13.913043	13.913043	13.913043	13.913043	13.913043	13.913043	13.913043	13.913043	13.913043	13.913043	13.913043	13.913043	13.913043	13.913043	13.913043	13.913043	13.913043	13.913043	13.913043	13.913043	13.913043	13.913043	13.913043	13.913043	13.913043	13.913043	13.913043	13.913043	13.913043	13.913043	13.913043	13.913043	13.913043	13.913043	13.913043	13.913043	13.913043	13.913043	13.913043	13.913043	13.913043	13.913043	13.913043	13.913043	13.913043	13.913043	13.913043	13.913043	13.913043	13.913043	13.913043	13.913043	13.913043	13.913043	13.913043	13.913043	13.913043	13.913043	13.913043	13.913043	13.913043	13.913043	13.913043	13.913043	13.913043	13.913043	13.913043	13.913043	13.913043	13.913043	13.913043	13.913043	13.913043	13.913043	13.913043	13.913043	13.913043	13.913043	13.913043	13.913043	13.913043	13.913043	13.913043	13.913043	13.913043	13.913043	13.913043	13.913043	13.913043	13.913043	13.913043	13.913043	13.913043	13.913043	13.913043	13.913043	13.913043	13.913043	13.913043	13.913043	13.913043	13.913043	13.913043	13.913043	13.913043	13.913043	13.913043	13.913043	13.913043	13.913043	13.913043	13.913043	13.913043	13.913043	13.913043	13.913043	13.913043	13.913043	13.913043	13.913043	13.913043	13.913043	13.913043	13.913043	13.913043	13.913043	13.913043	13.913043	13.913043	13.913043	13.913043	13.913043	13.913043	13.913043	13.913043	13.913043	13.913043	13.913043	13.913043	13.913043	13.913043	13.913043	13.913043	13.913043	13.913043	13.913043	13.913043	13.913043	13.913043	13.913043	13.913043	13.913043	13.913043	13.913043	13.913043	13.913043	13.913043	13.913043	13.913043	13.913043	13.913043	13.913043	13.913043	13.913043	13.913043	13.913043	13.913043	13.913043	13.913043	13.913043	13.913043	13.913043	13.913043	13.913043	13.913043	13.913043	13.913043	13.913043	13.913043	13.913043	13.913043	13.913043	13.913043	13.913043	13.913043	13.913043	13.913043	13.913043	13.913043	13.913043	13.913043	13.913043	13.913043	13.913043	13.913043	13.913043	13.913043	13.913043	13.913043	13.913043	13.913043	13.913043	13.913043	13.913043	13.913043
%%%	Pulse Index	Stimulus Section Index	Stimulus Section Start Index	Stimulus Section End Index	Pupil Stimulated: 0 = Right, 1 = Left, 2 = Both	Light Metric: 0 = Photopic, 1 = Scopotic, 2 = Radiometric	Stimulus Start Time	Stimulus Duration	Stimulus Pulse Duration	Right Pulse Max Level	Right Pulse Max Color (0123 = WRGB)	Right Pulse Min Level	Right Pulse Min Color (0123 = WRGB)	Left Pulse Max Level	Left Pulse Max Color (0123 = WRGB)	Left Pulse Min Level	Left Pulse Min Color (0123 = WRGB)	Right Data Input Type (0 == RAW DATA, 1 == FITTED DATA, 2 == M. OVERRIDED)	Right ANALYSIS STATE (0 == ABNORMAL, 1 == NORMAL)	Right MAX (mm) (EMPTY if INVALID)	Right MIN (mm) (EMPTY if INVALID)	Right DELTA (mm) (EMPTY if INVALID)	Right CH (%) (EMPTY if INVALID)	Right LAT (sec) (EMPTY if INVALID)	Right CV (mm/s) (EMPTY if INVALID)	Right MCV (mm/s) (EMPTY if INVALID)	Right DV (mm/s) (EMPTY if INVALID)	Left Data Input Type (0 == RAW DATA, 1 == FITTED DATA, 2 == M. OVERRIDED)	Left ANALYSIS STATE (0 == ABNORMAL, 1 == NORMAL)	Left MAX (mm) (EMPTY if INVALID)	Left MIN (mm) (EMPTY if INVALID)	Left DELTA (mm) (EMPTY if INVALID)	Left CH (%) (EMPTY if INVALID)	Left LAT (sec) (EMPTY if INVALID)	Left CV (mm/s) (EMPTY if INVALID)	Left MCV (mm/s) (EMPTY if INVALID)	Left DV (mm/s) (EMPTY if INVALID)
%%%	0	0	17	542	0	0	0.51	17.52	0.51	15.98	1	0.00	1	0.00	1	0.00	1	0	0	0.00	0.00			0.00	0.00	0.00	0.00	0	0	0.00	0.00			0.00	0.00	0.00	0.00
%%%%%%%%%
%%%%%%%%%
%%%%%%%%%
<\SESSION>
