<SESSION>
<VERSION>
2
<\VERSION>
<DATE>
2017-08-15 10:12:23
<\DATE>
<SUBJECT-ID>
c57-1mois-M3-2r
<\SUBJECT-ID>
<NOTE>

<\NOTE>
<MIN-MAX-PLOT>
0.100000 51880.761719
<\MIN-MAX-PLOT>
<STIMULUS-DEFINED>
Default
Default Human Relative Spectral Sensitivity
1	0
1	0.500000	0.500000	17.000000	1	1	2.000000	-100.000000	0.100000	-100.000000	0
<\STIMULUS-DEFINED>
<STIMULUS-GENERATED>
4
0	0	0.000000	1	0.000000	0.000000	1	0.000000	0.000000
0	1	0.511000	1	0.406861	99.710426	1	0.000000	0.000000
0	4	1.020000	1	0.000000	0.000000	1	0.000000	0.000000
-1	5	18.028999	0	0.000000	0.000000	0	0.000000	0.000000
<\STIMULUS-GENERATED>
<RIGHT-PUPIL-DATA>
543	1
1	-0.049000	1.366377	280.975006	239.975006
1	-0.018000	1.344638	281.337494	240.337494
1	0.013000	1.353333	281.212494	240.412506
1	0.044000	1.373913	281.125000	240.875000
1	0.075000	1.370145	281.062500	241.062500
1	0.107000	1.374493	281.125000	240.875000
1	0.138000	1.379420	280.837494	240.987518
1	0.185000	1.371159	281.031281	240.118744
1	0.216000	1.370725	281.037506	240.037506
1	0.247000	1.370145	281.062500	240.062500
1	0.278000	1.373913	281.000000	240.000000
1	0.309000	1.377246	281.118744	240.868744
1	0.341000	1.370725	281.037506	241.162506
1	0.372000	1.370725	280.962494	241.962494
1	0.403000	1.391304	280.500000	241.500000
1	0.450000	1.407681	280.493744	241.493744
1	0.481000	1.407101	280.531250	241.531250
1	0.512000	1.410145	280.387512	240.637512
1	0.543000	1.375362	280.137512	240.812500
1	0.575000	1.379855	281.093750	240.843750
1	0.606000	1.387246	280.925018	241.274994
1	0.637000	1.416812	280.812500	241.674988
1	0.684000	1.402899	280.687500	241.437500
1	0.715000	1.385797	280.962494	241.787506
1	0.746000	1.391304	280.000000	242.000000
1	0.777000	1.370725	280.962494	240.962494
1	0.809000	1.344638	280.649994	241.662506
1	0.840000	1.314203	280.774994	240.649994
1	0.871000	1.252029	280.993744	240.618744
1	0.918000	1.203768	281.312500	241.312500
1	0.949000	1.182609	281.000000	241.000000
1	0.980000	1.113043	281.500000	240.500000
1	1.011000	1.081594	281.443756	241.443756
1	1.043000	1.078261	280.750000	240.750000
1	1.074000	1.005797	281.450012	240.250000
1	1.105000	0.987536	281.125000	240.062500
1	1.136000	0.936232	281.549988	239.549988
1	1.183000	0.933623	281.537506	239.649994
1	1.214000	0.796377	280.000000	238.062500
1	1.245000	0.877536	280.956238	239.106262
0	1.277000	0.752754	279.437500	239.312500
1	1.308000	0.859710	281.712494	239.774994
1	1.339000	0.874058	280.881256	239.118744
1	1.370000	0.844493	280.743744	237.618744
0	1.417000	0.881159	279.000000	239.000000
1	1.448000	0.866232	280.943756	238.756256
1	1.479000	0.795507	281.431244	237.118744
1	1.511000	0.833333	281.012573	238.562439
1	1.542000	0.857102	281.312500	238.812500
1	1.573000	0.835942	280.475006	238.975006
0	1.604000	0.664203	278.756256	237.756256
0	1.651000	0.602899	277.500000	235.500000
1	1.682000	0.871159	280.518738	238.468750
0	1.713000	0.863768	280.187500	237.262512
1	1.745000	0.881015	280.343750	238.343750
1	1.776000	0.871159	280.156250	238.031250
1	1.807000	0.964058	281.399994	239.024994
0	1.838000	0.892754	280.000000	238.000000
1	1.869000	0.987971	281.243744	239.868744
1	1.916000	0.931015	282.662476	238.500000
1	1.947000	1.018985	280.906250	239.343750
0	1.979000	0.870580	278.543732	240.118744
1	2.010000	1.066667	280.000000	238.000000
1	2.041000	1.016812	280.875000	238.875000
1	2.072000	1.022754	281.381256	238.693756
1	2.103000	1.044638	281.600006	239.475006
1	2.150000	1.044638	282.024994	239.475006
1	2.181000	1.049420	282.343750	239.468750
1	2.213000	1.037102	281.537476	239.174988
1	2.244000	1.049710	281.068756	239.068756
1	2.275000	1.043333	281.493744	238.568756
1	2.306000	1.044058	281.500000	238.250000
1	2.337000	1.057536	281.318756	238.181244
1	2.384000	1.062464	281.218750	238.268738
1	2.415000	1.038406	282.043762	237.956238
1	2.447000	1.052899	281.893738	238.331238
1	2.478000	1.079420	282.024994	238.587494
1	2.509000	1.083768	281.462494	238.462494
1	2.540000	1.089710	281.331238	238.156250
1	2.571000	1.060290	281.799988	237.799988
1	2.603000	1.089855	281.750000	237.250000
1	2.649000	1.070725	282.149994	237.337494
1	2.681000	1.100725	281.668762	238.331238
1	2.712000	1.079275	281.606232	239.006256
0	2.743000	0.973913	283.000000	235.000000
1	2.774000	1.048841	282.318756	238.556244
0	2.805000	0.973913	283.000000	239.000000
1	2.837000	1.061449	281.299988	236.250000
1	2.883000	1.134638	282.306244	237.731232
1	2.915000	1.107681	281.881256	236.906219
1	2.946000	1.113043	282.250000	237.250000
1	2.977000	1.061884	281.756256	236.743744
1	3.008000	1.118551	282.537506	238.087494
1	3.039000	1.096232	283.174988	237.862488
1	3.071000	1.114203	282.524994	237.024994
1	3.102000	1.081449	281.462494	236.462494
1	3.149000	1.135507	282.812500	237.187500
1	3.180000	1.113043	282.000000	236.000000
1	3.211000	1.103188	283.100006	237.100006
1	3.242000	1.101594	283.093750	236.093750
1	3.273000	1.136232	283.500000	236.500000
1	3.305000	1.113043	282.000000	238.000000
1	3.336000	1.103768	281.862488	237.312500
1	3.383000	1.136232	282.500000	237.500000
1	3.414000	1.142319	282.274994	237.537506
1	3.445000	1.103623	281.656250	237.768738
1	3.476000	1.104203	281.743744	236.318756
1	3.507000	1.162319	282.687500	236.562500
1	3.539000	1.113043	284.000000	238.000000
1	3.570000	1.090145	283.212494	237.587494
1	3.601000	1.090725	282.062500	237.187500
0	3.648000	0.914927	279.656250	235.593750
1	3.679000	1.155507	282.618744	237.381256
1	3.710000	1.146667	282.475006	237.350006
1	3.741000	1.153333	282.712494	236.587494
1	3.773000	1.113043	282.000000	236.000000
1	3.804000	1.155507	282.618744	236.381256
1	3.835000	1.158116	282.706238	236.343750
1	3.882000	1.158696	283.306244	237.168793
1	3.913000	1.188406	283.000000	237.500000
1	3.944000	1.166377	282.837494	236.850006
1	3.975000	1.182609	282.625000	237.125000
1	4.007000	1.113043	284.000000	236.000000
1	4.038000	1.176812	282.500000	235.500000
1	4.069000	1.182609	282.750000	236.750000
1	4.116000	1.162464	282.468750	236.218750
1	4.147000	1.177101	282.649994	237.037506
1	4.178000	1.176667	282.531250	237.531250
1	4.209000	1.190580	282.581238	237.906250
1	4.241000	1.194203	282.750000	237.250000
1	4.272000	1.181014	282.406250	238.018738
1	4.303000	1.121884	283.106293	237.018768
1	4.334000	1.156232	282.912506	236.662506
1	4.381000	1.181014	283.343750	237.018738
1	4.412000	1.099420	283.687500	234.687500
1	4.443000	1.194638	283.568756	237.318756
1	4.475000	1.212464	283.937500	238.187500
1	4.506000	1.159855	283.931244	237.306244
1	4.537000	1.135942	283.537506	236.912506
1	4.568000	1.142029	282.612488	235.575012
1	4.615000	1.151160	283.681244	235.693756
1	4.646000	1.146812	283.368744	235.256256
1	4.677000	1.135507	283.268738	236.106262
0	4.709000	0.828986	283.000000	230.500000
0	4.740000	0.809275	289.187500	220.674988
0	4.771000	0.989710	295.781250	205.218750
0	4.802000	0.377101	287.837494	222.537506
0	4.849000	0.348406	232.987488	218.625000
0	4.880000	0.347826	184.306915	310.000000
0	4.911000	0.347826	184.306915	310.000000
0	4.943000	0.347826	184.306915	310.000000
0	4.974000	0.387246	290.424927	309.424988
0	5.005000	0.626087	293.000000	307.000000
0	5.036000	1.159275	296.281250	298.343750
0	5.067000	1.043478	287.000000	301.000000
0	5.114000	0.347826	220.306915	310.000000
0	5.145000	0.347826	184.306915	310.000000
0	5.177000	0.347826	188.306915	310.000000
0	5.208000	0.672464	305.000000	197.000000
0	5.239000	1.183768	322.475006	204.587494
0	5.270000	0.725507	318.312500	189.437500
0	5.301000	0.347826	184.306915	310.000000
0	5.348000	0.347826	184.306915	310.000000
0	5.379000	0.347826	184.306915	310.000000
0	5.411000	0.347826	184.306915	310.000000
0	5.442000	0.347826	184.306915	310.000000
0	5.473000	0.347826	188.306915	310.000000
0	5.504000	0.347826	184.306915	310.000000
0	5.535000	0.347826	188.306915	310.000000
0	5.582000	0.347826	244.306915	261.693085
0	5.613000	0.920725	297.756256	192.243744
0	5.645000	1.252174	303.000000	199.000000
0	5.676000	1.357101	299.500000	198.500000
1	5.707000	1.414493	299.500000	199.500000
1	5.738000	1.414493	298.500000	199.500000
1	5.769000	1.391304	297.500000	199.500000
1	5.801000	1.344928	295.000000	199.000000
1	5.847000	1.481449	296.587494	200.287506
1	5.879000	1.437101	296.587494	199.649994
1	5.910000	1.385942	295.931244	198.931244
1	5.941000	1.396377	296.168701	199.081253
1	5.972000	1.451594	296.125000	199.875000
1	6.003000	1.390145	296.975006	198.975006
1	6.035000	1.440145	296.931244	199.693756
1	6.081000	1.423188	296.799988	199.450012
1	6.113000	1.417971	295.700012	199.375000
1	6.144000	1.435942	296.600006	199.649994
1	6.175000	1.427246	296.512482	199.524994
1	6.206000	1.416232	295.649994	199.350006
1	6.237000	1.426667	296.250000	199.500000
1	6.269000	1.382029	295.125000	198.875000
1	6.315000	1.437681	297.075012	199.675003
1	6.347000	1.431450	297.143738	200.418655
1	6.378000	1.439275	297.368744	201.631195
1	6.409000	1.414493	296.500000	201.500000
1	6.440000	1.454493	296.899994	201.100006
1	6.471000	1.437681	295.000000	199.000000
1	6.503000	1.460870	296.500000	200.500000
1	6.534000	1.461449	296.875000	201.125000
1	6.581000	1.449420	296.968750	200.031250
1	6.612000	1.460870	298.500000	200.500000
1	6.643000	1.493623	298.712494	201.587494
1	6.674000	1.487536	299.125000	203.312500
1	6.705000	1.530435	299.000000	203.000000
0	6.737000	1.344928	299.000000	199.000000
1	6.768000	1.486812	297.368744	203.118744
1	6.815000	1.472464	296.750000	202.750000
1	6.846000	1.477101	296.975006	203.475006
1	6.877000	1.492029	297.543762	203.543762
0	6.908000	1.344928	295.000000	203.000000
1	6.939000	1.460870	299.000000	205.000000
1	6.971000	1.460725	298.693756	205.818756
1	7.002000	1.467971	298.406250	205.918762
1	7.033000	1.488116	297.649994	205.600006
1	7.080000	1.467971	296.593750	204.893738
1	7.111000	1.460870	297.000000	205.000000
0	7.142000	1.378841	295.187500	203.812500
1	7.173000	1.460870	297.125000	204.625000
1	7.205000	1.455942	298.062500	206.125000
1	7.236000	1.455942	298.062500	207.062500
1	7.267000	1.483623	298.493744	207.506256
1	7.314000	1.460870	297.000000	207.000000
1	7.345000	1.451594	296.437500	206.250000
1	7.376000	1.470725	297.100006	205.887482
1	7.407000	1.485797	297.524994	205.600006
0	7.439000	1.437681	295.000000	207.000000
1	7.470000	1.465072	297.056244	205.681244
1	7.501000	1.466377	296.912506	205.649994
1	7.548000	1.478261	297.500000	207.000000
1	7.579000	1.481594	298.431244	206.443756
1	7.610000	1.433768	296.881256	206.118744
0	7.641000	1.346232	295.718750	203.781250
1	7.673000	1.445072	296.031250	204.968750
1	7.704000	1.437681	295.000000	203.000000
1	7.735000	1.472319	296.656250	205.468750
0	7.766000	1.344928	299.000000	203.000000
1	7.813000	1.484928	297.387482	205.649994
1	7.844000	1.461449	298.125000	206.125000
1	7.875000	1.455072	296.924988	206.924988
1	7.907000	1.457681	296.912506	205.787506
1	7.938000	1.478261	296.500000	205.000000
1	7.969000	1.478116	297.243744	205.243744
1	8.000000	1.472464	296.250000	204.750000
1	8.047000	1.460870	297.000000	205.000000
1	8.078000	1.455072	297.075012	205.075012
1	8.109000	1.467101	297.068726	205.631287
1	8.141000	1.442754	297.668762	205.968750
1	8.172000	1.492029	297.456238	206.456238
1	8.203000	1.460870	298.000000	205.000000
1	8.234000	1.451160	296.068756	205.131256
1	8.281000	1.449275	296.000000	206.000000
1	8.312000	1.477246	296.381256	205.993744
0	8.343000	1.437681	299.000000	203.000000
1	8.375000	1.486812	296.881256	207.118744
1	8.406000	1.479855	296.956238	207.581238
1	8.437000	1.475073	297.037506	207.587494
1	8.468000	1.457681	296.212494	207.912506
1	8.499000	1.473333	296.312500	206.937500
1	8.546000	1.460870	297.000000	207.000000
1	8.577000	1.451014	294.850006	206.850006
1	8.609000	1.470725	296.100006	206.712494
1	8.640000	1.461449	296.000000	206.687500
1	8.671000	1.476667	296.468750	207.968750
1	8.702000	1.485942	296.631256	208.368744
1	8.733000	1.475362	296.500000	208.500000
0	8.780000	1.344928	295.000000	211.000000
1	8.811000	1.490290	295.518768	208.481232
1	8.843000	1.414203	295.137482	208.612518
1	8.874000	1.426667	294.500000	207.500000
1	8.905000	1.485942	295.368744	208.318756
1	8.936000	1.489855	295.474976	208.512512
1	8.967000	1.502754	295.906250	210.093750
1	9.014000	1.488116	295.524994	210.524994
1	9.045000	1.490725	295.875000	211.437500
1	9.077000	1.460870	294.500000	212.500000
1	9.108000	1.498696	293.893768	212.781219
1	9.139000	1.460290	293.000000	214.250000
1	9.170000	1.454928	292.531250	215.218750
1	9.201000	1.477246	292.493744	215.506256
1	9.233000	1.457970	292.099640	216.849945
1	9.279000	1.472464	293.000000	219.000000
1	9.311000	1.478985	292.531250	219.968689
1	9.342000	1.459420	292.049988	220.137512
1	9.373000	1.388551	289.281250	220.718750
1	9.404000	1.446232	290.718750	220.093750
1	9.435000	1.472319	290.656250	220.031250
1	9.467000	1.460870	290.500000	220.500000
1	9.513000	1.475362	290.500000	220.250000
1	9.545000	1.460870	291.000000	221.000000
1	9.576000	1.473913	290.500000	222.000000
1	9.607000	1.456667	290.243744	222.056244
1	9.638000	1.473333	290.312500	222.687500
1	9.669000	1.478261	289.500000	222.250000
1	9.701000	1.451594	289.875000	223.062500
1	9.747000	1.474058	289.493744	223.393768
1	9.779000	1.479420	289.399994	223.537506
1	9.810000	1.437681	288.000000	226.000000
1	9.841000	1.501594	289.156250	225.781250
1	9.872000	1.453188	288.881256	227.118744
1	9.903000	1.452029	289.043671	227.843658
1	9.935000	1.452029	288.868744	228.868744
1	9.966000	1.344928	287.000000	227.000000
1	10.013000	1.472319	288.593750	228.406250
1	10.044000	1.466232	289.368744	228.068756
1	10.075000	1.426667	288.500000	228.250000
1	10.106000	1.460870	289.250000	229.250000
1	10.137000	1.437681	291.000000	227.000000
1	10.169000	1.451594	289.924988	229.924988
1	10.200000	1.476087	288.625000	229.500000
1	10.247000	1.469710	288.943756	229.431244
1	10.278000	1.472899	288.856232	228.556244
1	10.309000	1.453768	288.843750	227.843750
1	10.340000	1.459275	288.518738	227.718750
1	10.371000	1.476667	289.006287	227.531250
1	10.403000	1.483768	290.399994	228.399994
1	10.434000	1.442464	289.056244	228.993744
1	10.465000	1.478116	289.243744	229.243744
1	10.512000	1.437681	288.000000	230.000000
1	10.543000	1.478841	288.562500	227.562500
1	10.574000	1.475507	288.481262	227.018799
1	10.605000	1.487536	289.375000	227.125000
1	10.637000	1.472319	289.031250	226.656250
1	10.668000	1.470290	288.918762	227.406250
1	10.699000	1.490145	289.587494	227.412506
1	10.746000	1.478261	290.000000	228.000000
1	10.777000	1.495652	289.750000	228.250000
1	10.808000	1.472464	289.000000	228.000000
1	10.839000	1.478261	289.500000	227.000000
1	10.871000	1.476667	288.981262	226.468750
1	10.902000	1.472319	289.156250	226.468750
1	10.933000	1.485942	289.618744	226.681244
1	10.964000	1.449275	290.000000	227.000000
1	11.011000	1.444638	289.037506	227.725006
1	11.042000	1.450580	289.843750	228.218750
1	11.073000	1.458841	289.162506	228.162506
1	11.105000	1.457101	288.862488	227.812500
1	11.136000	1.446812	288.693756	227.806244
1	11.167000	1.484928	288.649994	226.649994
1	11.198000	1.466812	289.093750	226.956238
1	11.245000	1.478985	289.406250	226.768738
1	11.276000	1.462464	288.843750	227.706238
1	11.307000	1.477101	289.274994	227.524994
1	11.339000	1.463188	289.575073	228.224976
1	11.370000	1.477246	288.993744	228.493744
1	11.401000	1.472464	288.450012	227.799988
1	11.432000	1.472319	288.531250	227.031250
1	11.479000	1.489275	288.475006	227.537506
1	11.510000	1.455072	288.924988	227.924988
1	11.541000	1.478261	288.500000	227.500000
1	11.573000	1.487536	289.375000	228.487488
0	11.604000	1.344928	291.000000	227.000000
1	11.635000	1.437681	287.000000	227.000000
1	11.666000	1.486812	289.118744	228.631256
1	11.697000	1.474927	288.506256	228.618744
1	11.744000	1.476667	288.406250	228.468750
1	11.775000	1.472899	288.568756	228.318756
1	11.807000	1.467971	288.468750	228.081238
1	11.838000	1.479855	288.406250	228.531250
1	11.869000	1.478261	288.500000	229.500000
1	11.900000	1.460870	288.500000	229.500000
1	11.931000	1.472899	288.556244	229.443756
1	11.978000	1.479420	287.975037	228.924927
1	12.009000	1.513623	288.000000	228.125000
1	12.041000	1.460290	287.750000	228.000000
1	12.072000	1.468551	288.256256	228.618744
1	12.103000	1.491449	288.556244	228.431244
1	12.134000	1.468406	288.274994	229.537506
1	12.165000	1.463623	288.343750	230.031250
1	12.212000	1.483623	288.368744	229.631256
1	12.243000	1.482464	288.068726	229.418762
1	12.275000	1.485362	287.531250	229.518738
1	12.306000	1.481594	288.431244	228.556244
1	12.337000	1.483188	288.312500	228.687500
1	12.368000	1.471594	288.412506	229.962494
1	12.399000	1.460290	288.250000	231.187500
1	12.431000	1.472464	288.000000	231.000000
1	12.477000	1.478985	288.468750	231.631287
1	12.509000	1.437681	287.000000	230.000000
1	12.540000	1.476667	288.593750	231.518738
1	12.571000	1.481449	288.537506	231.462494
1	12.602000	1.487536	289.125000	231.562500
1	12.633000	1.476667	290.531250	231.531250
1	12.665000	1.481594	292.443756	231.431244
1	12.711000	1.467971	290.593750	231.406250
1	12.743000	1.477101	284.725006	226.524994
0	12.774000	0.917536	245.806244	220.431244
0	12.805000	1.228985	225.000000	207.000000
0	12.836000	0.602899	191.000000	191.000000
0	12.867000	0.347826	184.306915	310.000000
0	12.899000	0.347826	184.306915	310.000000
0	12.945000	0.347826	184.306915	310.000000
0	12.977000	0.347826	184.306915	310.000000
0	13.008000	0.347826	184.306915	310.000000
0	13.039000	0.347826	184.306915	310.000000
0	13.070000	1.468986	300.625000	252.750000
0	13.101000	1.477101	296.475006	233.600006
1	13.133000	1.507682	285.293854	228.718475
0	13.164000	1.005362	270.443756	194.256256
0	13.211000	0.347826	184.306915	310.000000
0	13.242000	0.347826	184.306915	310.000000
0	13.273000	0.347826	184.306915	310.000000
0	13.304000	1.460870	299.500000	211.500000
0	13.335000	1.518841	302.000000	234.000000
0	13.367000	1.571739	295.568787	236.856262
1	13.398000	1.623333	286.468750	242.531250
1	13.445000	1.553188	283.806244	245.806244
1	13.476000	1.580290	281.075043	247.050018
1	13.507000	1.583768	280.287506	247.024994
1	13.538000	1.577536	279.706238	247.331238
1	13.569000	1.600000	280.500000	248.500000
1	13.601000	1.598986	280.881256	247.881256
1	13.632000	1.567391	280.500000	248.250000
1	13.679000	1.579275	279.931244	248.318756
1	13.710000	1.577971	279.924988	248.374939
1	13.741000	1.602754	279.968750	248.968750
1	13.772000	1.607536	280.037476	247.349976
1	13.803000	1.574493	279.375000	246.875000
1	13.835000	1.594058	279.906250	246.156250
1	13.866000	1.587971	279.806244	246.056244
1	13.897000	1.609855	279.649994	245.649994
1	13.944000	1.596232	280.125000	245.987488
1	13.975000	1.614203	280.162506	245.824982
1	14.006000	1.621884	279.518738	246.456238
1	14.037000	1.625797	279.712494	246.399994
1	14.069000	1.602899	279.250000	246.000000
1	14.100000	1.576812	280.000000	245.000000
1	14.131000	1.592319	279.818756	244.881256
1	14.178000	1.624058	280.412506	245.212494
1	14.209000	1.624927	280.524994	244.774994
1	14.240000	1.628985	279.750000	244.612488
1	14.271000	1.623333	280.531250	244.468750
1	14.303000	1.592754	281.137482	245.137482
1	14.334000	1.626667	281.375000	245.625000
1	14.365000	1.609275	280.625000	245.625000
1	14.412000	1.561449	279.437500	245.437500
1	14.443000	1.631159	280.456238	244.718750
1	14.474000	1.616232	281.350006	244.274994
1	14.505000	1.594493	280.149994	243.850006
1	14.537000	1.623333	280.531250	243.656250
1	14.568000	1.623188	280.000000	244.000000
1	14.599000	1.617536	281.368744	244.256256
1	14.630000	1.607536	282.024994	244.962494
1	14.677000	1.602029	281.287506	245.037506
1	14.708000	1.608696	281.750000	246.000000
1	14.739000	1.627681	281.593750	246.406250
1	14.771000	1.612029	281.431244	245.568756
1	14.802000	1.599275	281.018738	244.981262
1	14.833000	1.598840	281.100006	244.899994
1	14.864000	1.610290	281.718750	244.343750
1	14.895000	1.598840	281.975006	243.787506
1	14.942000	1.596232	281.812500	244.750000
1	14.973000	1.620725	282.143768	245.443756
1	15.005000	1.591449	281.868774	245.468750
1	15.036000	1.595072	282.125000	245.875000
1	15.067000	1.546667	281.274994	245.487518
1	15.098000	1.592464	282.100006	246.100006
1	15.129000	1.592754	281.862488	245.924988
1	15.176000	1.588406	281.875000	245.875000
1	15.207000	1.583623	281.381256	245.868744
1	15.239000	1.574493	281.875000	245.362488
1	15.270000	1.605507	282.287506	245.975006
1	15.301000	1.578841	281.812500	247.062500
1	15.332000	1.581449	281.725006	247.975006
1	15.363000	1.574493	280.625000	246.625000
1	15.410000	1.592319	280.881256	247.068756
1	15.441000	1.565797	281.250000	247.500000
1	15.473000	1.583623	280.993774	247.381348
1	15.504000	1.565797	281.250000	247.750000
1	15.535000	1.580725	281.068787	248.656250
1	15.566000	1.582029	280.937500	249.250000
1	15.597000	1.566377	280.475006	249.725006
1	15.629000	1.583768	280.899994	250.024994
1	15.675000	1.549710	279.831238	249.768738
1	15.707000	1.557681	279.600006	249.600006
1	15.738000	1.596812	280.837494	249.837494
1	15.769000	1.507246	280.250000	249.250000
1	15.800000	1.583768	280.899994	249.100006
1	15.831000	1.565217	281.000000	249.000000
1	15.863000	1.556667	281.381256	249.618744
1	15.909000	1.530435	283.000000	251.000000
1	15.941000	1.574058	281.368744	250.368744
1	15.972000	1.565217	281.000000	250.000000
1	16.003000	1.566232	280.443756	250.493744
1	16.034000	1.536232	280.000000	249.500000
1	16.065000	1.577971	279.962494	249.662506
1	16.097000	1.537971	280.649994	249.850006
1	16.143000	1.573478	280.956268	249.956268
1	16.175000	1.560870	281.212494	250.737518
1	16.206000	1.568551	281.443756	251.756256
1	16.237000	1.578985	280.981262	252.356262
1	16.268000	1.574493	280.125000	252.375000
1	16.299000	1.574493	279.875000	251.375000
1	16.331000	1.590580	280.118713	251.056213
1	16.362000	1.575073	280.600006	250.975006
1	16.409000	1.530435	280.000000	251.000000
1	16.440000	1.580145	280.943756	250.906219
1	16.471000	1.618406	280.443756	251.493744
1	16.502000	1.609855	280.649994	252.350006
1	16.533000	1.588551	280.031250	252.031250
1	16.565000	1.583623	279.993744	252.743683
1	16.596000	1.577246	279.318756	251.631256
1	16.643000	1.591304	279.500000	250.750000
1	16.674000	1.530435	278.000000	250.000000
1	16.705000	1.583188	279.750000	250.000000
1	16.736000	1.595797	278.931274	250.168701
1	16.767000	1.596232	279.937500	250.062500
1	16.799000	1.588551	280.031250	249.968750
1	16.830000	1.611594	280.000000	251.000000
1	16.877000	1.594493	280.149994	250.837494
1	16.908000	1.600000	279.500000	250.500000
1	16.939000	1.603333	280.006256	249.718719
1	16.970000	1.596812	279.837494	249.149994
1	17.001000	1.594058	280.156250	248.843750
1	17.033000	1.553623	279.250000	248.750000
1	17.064000	1.587536	280.112488	248.950012
1	17.095000	1.574493	279.875000	249.375000
1	17.142000	1.563623	279.843750	249.518738
1	17.173000	1.609275	280.625000	249.375000
1	17.204000	1.602754	279.968750	248.968750
1	17.235000	1.592319	279.918732	248.881256
1	17.267000	1.575073	279.600006	248.850006
1	17.298000	1.583623	279.993744	248.256256
1	17.329000	1.592464	280.100006	247.787506
1	17.376000	1.600000	280.500000	247.500000
1	17.407000	1.592754	280.862488	248.924988
1	17.438000	1.585507	280.700012	248.375000
1	17.469000	1.592464	280.100006	248.899994
1	17.501000	1.610145	280.424988	247.937622
1	17.532000	1.588406	280.000000	249.000000
1	17.563000	1.600000	280.500000	248.500000
1	17.610000	1.583623	279.743744	249.118744
1	17.641000	1.600725	280.062500	248.750000
1	17.672000	1.609275	280.375000	248.862488
1	17.703000	1.600435	279.981262	249.168762
1	17.735000	1.588406	280.000000	249.000000
1	17.766000	1.609275	279.625000	250.375000
1	17.797000	1.594638	279.818756	249.106232
1	17.828000	1.609855	279.649994	248.649994
1	17.875000	1.583623	279.743744	249.006256
1	17.906000	1.565217	280.000000	248.000000
1	17.937000	1.590580	279.893738	248.906250
1	17.969000	1.530435	279.000000	250.000000
1	18.000000	1.567971	279.968750	250.468750
<\RIGHT-PUPIL-DATA>
<LEFT-PUPIL-DATA>
543	0
0	-0.050000	13.913043	240.000000	320.000000
0	-0.019000	13.913043	240.000000	320.000000
0	0.012000	13.913043	240.000000	320.000000
0	0.044000	13.913043	240.000000	320.000000
0	0.075000	13.913043	240.000000	320.000000
0	0.106000	13.913043	240.000000	320.000000
0	0.153000	13.913043	240.000000	320.000000
0	0.184000	13.913043	240.000000	320.000000
0	0.215000	13.913043	240.000000	320.000000
0	0.246000	13.913043	240.000000	320.000000
0	0.278000	13.913043	240.000000	320.000000
0	0.309000	13.913043	240.000000	320.000000
0	0.340000	13.913043	240.000000	320.000000
0	0.371000	13.913043	240.000000	320.000000
0	0.418000	13.913043	240.000000	320.000000
0	0.449000	13.913043	240.000000	320.000000
0	0.480000	13.913043	240.000000	320.000000
0	0.512000	13.913043	240.000000	320.000000
0	0.543000	13.913043	240.000000	320.000000
0	0.574000	13.913043	240.000000	320.000000
0	0.605000	13.913043	240.000000	320.000000
0	0.652000	13.913043	240.000000	320.000000
0	0.683000	13.913043	240.000000	320.000000
0	0.714000	13.913043	240.000000	320.000000
0	0.746000	13.913043	240.000000	320.000000
0	0.777000	13.913043	240.000000	320.000000
0	0.808000	13.913043	240.000000	320.000000
0	0.839000	13.913043	240.000000	320.000000
0	0.886000	13.913043	240.000000	320.000000
0	0.917000	13.913043	240.000000	320.000000
0	0.948000	13.913043	240.000000	320.000000
0	0.980000	13.913043	240.000000	320.000000
0	1.011000	13.913043	240.000000	320.000000
0	1.042000	13.913043	240.000000	320.000000
0	1.073000	13.913043	240.000000	320.000000
0	1.104000	13.913043	240.000000	320.000000
0	1.151000	13.913043	240.000000	320.000000
0	1.182000	13.913043	240.000000	320.000000
0	1.214000	13.913043	240.000000	320.000000
0	1.245000	13.913043	240.000000	320.000000
0	1.276000	13.913043	240.000000	320.000000
0	1.307000	13.913043	240.000000	320.000000
0	1.338000	13.913043	240.000000	320.000000
0	1.385000	13.913043	240.000000	320.000000
0	1.416000	13.913043	240.000000	320.000000
0	1.448000	13.913043	240.000000	320.000000
0	1.479000	13.913043	240.000000	320.000000
0	1.510000	13.913043	240.000000	320.000000
0	1.541000	13.913043	240.000000	320.000000
0	1.572000	13.913043	240.000000	320.000000
0	1.619000	13.913043	240.000000	320.000000
0	1.650000	13.913043	240.000000	320.000000
0	1.682000	13.913043	240.000000	320.000000
0	1.713000	13.913043	240.000000	320.000000
0	1.744000	13.913043	240.000000	320.000000
0	1.775000	13.913043	240.000000	320.000000
0	1.806000	13.913043	240.000000	320.000000
0	1.838000	13.913043	240.000000	320.000000
0	1.884000	13.913043	240.000000	320.000000
0	1.916000	13.913043	240.000000	320.000000
0	1.947000	13.913043	240.000000	320.000000
0	1.978000	13.913043	240.000000	320.000000
0	2.009000	13.913043	240.000000	320.000000
0	2.040000	13.913043	240.000000	320.000000
0	2.072000	13.913043	240.000000	320.000000
0	2.103000	13.913043	240.000000	320.000000
0	2.150000	13.913043	240.000000	320.000000
0	2.181000	13.913043	240.000000	320.000000
0	2.212000	13.913043	240.000000	320.000000
0	2.243000	13.913043	240.000000	320.000000
0	2.274000	13.913043	240.000000	320.000000
0	2.306000	13.913043	240.000000	320.000000
0	2.337000	13.913043	240.000000	320.000000
0	2.384000	13.913043	240.000000	320.000000
0	2.415000	13.913043	240.000000	320.000000
0	2.446000	13.913043	240.000000	320.000000
0	2.477000	13.913043	240.000000	320.000000
0	2.508000	13.913043	240.000000	320.000000
0	2.540000	13.913043	240.000000	320.000000
0	2.571000	13.913043	240.000000	320.000000
0	2.618000	13.913043	240.000000	320.000000
0	2.649000	13.913043	240.000000	320.000000
0	2.680000	13.913043	240.000000	320.000000
0	2.711000	13.913043	240.000000	320.000000
0	2.742000	13.913043	240.000000	320.000000
0	2.774000	13.913043	240.000000	320.000000
0	2.805000	13.913043	240.000000	320.000000
0	2.836000	13.913043	240.000000	320.000000
0	2.883000	13.913043	240.000000	320.000000
0	2.914000	13.913043	240.000000	320.000000
0	2.945000	13.913043	240.000000	320.000000
0	2.976000	13.913043	240.000000	320.000000
0	3.008000	13.913043	240.000000	320.000000
0	3.039000	13.913043	240.000000	320.000000
0	3.070000	13.913043	240.000000	320.000000
0	3.117000	13.913043	240.000000	320.000000
0	3.148000	13.913043	240.000000	320.000000
0	3.179000	13.913043	240.000000	320.000000
0	3.210000	13.913043	240.000000	320.000000
0	3.242000	13.913043	240.000000	320.000000
0	3.273000	13.913043	240.000000	320.000000
0	3.304000	13.913043	240.000000	320.000000
0	3.351000	13.913043	240.000000	320.000000
0	3.382000	13.913043	240.000000	320.000000
0	3.413000	13.913043	240.000000	320.000000
0	3.444000	13.913043	240.000000	320.000000
0	3.476000	13.913043	240.000000	320.000000
0	3.507000	13.913043	240.000000	320.000000
0	3.538000	13.913043	240.000000	320.000000
0	3.569000	13.913043	240.000000	320.000000
0	3.616000	13.913043	240.000000	320.000000
0	3.647000	13.913043	240.000000	320.000000
0	3.678000	13.913043	240.000000	320.000000
0	3.710000	13.913043	240.000000	320.000000
0	3.741000	13.913043	240.000000	320.000000
0	3.772000	13.913043	240.000000	320.000000
0	3.803000	13.913043	240.000000	320.000000
0	3.850000	13.913043	240.000000	320.000000
0	3.881000	13.913043	240.000000	320.000000
0	3.912000	13.913043	240.000000	320.000000
0	3.944000	13.913043	240.000000	320.000000
0	3.975000	13.913043	240.000000	320.000000
0	4.006000	13.913043	240.000000	320.000000
0	4.037000	13.913043	240.000000	320.000000
0	4.084000	13.913043	240.000000	320.000000
0	4.115000	13.913043	240.000000	320.000000
0	4.146000	13.913043	240.000000	320.000000
0	4.178000	13.913043	240.000000	320.000000
0	4.209000	13.913043	240.000000	320.000000
0	4.240000	13.913043	240.000000	320.000000
0	4.271000	13.913043	240.000000	320.000000
0	4.302000	13.913043	240.000000	320.000000
0	4.349000	13.913043	240.000000	320.000000
0	4.380000	13.913043	240.000000	320.000000
0	4.412000	13.913043	240.000000	320.000000
0	4.443000	13.913043	240.000000	320.000000
0	4.474000	13.913043	240.000000	320.000000
0	4.505000	13.913043	240.000000	320.000000
0	4.536000	13.913043	240.000000	320.000000
0	4.583000	13.913043	240.000000	320.000000
0	4.614000	13.913043	240.000000	320.000000
0	4.646000	13.913043	240.000000	320.000000
0	4.677000	13.913043	240.000000	320.000000
0	4.708000	13.913043	240.000000	320.000000
0	4.739000	13.913043	240.000000	320.000000
0	4.770000	13.913043	240.000000	320.000000
0	4.817000	13.913043	240.000000	320.000000
0	4.848000	13.913043	240.000000	320.000000
0	4.880000	13.913043	240.000000	320.000000
0	4.911000	13.913043	240.000000	320.000000
0	4.942000	13.913043	240.000000	320.000000
0	4.973000	13.913043	240.000000	320.000000
0	5.004000	13.913043	240.000000	320.000000
0	5.036000	13.913043	240.000000	320.000000
0	5.082000	13.913043	240.000000	320.000000
0	5.114000	13.913043	240.000000	320.000000
0	5.145000	13.913043	240.000000	320.000000
0	5.176000	13.913043	240.000000	320.000000
0	5.207000	13.913043	240.000000	320.000000
0	5.238000	13.913043	240.000000	320.000000
0	5.270000	13.913043	240.000000	320.000000
0	5.316000	13.913043	240.000000	320.000000
0	5.348000	13.913043	240.000000	320.000000
0	5.379000	13.913043	240.000000	320.000000
0	5.410000	13.913043	240.000000	320.000000
0	5.441000	13.913043	240.000000	320.000000
0	5.472000	13.913043	240.000000	320.000000
0	5.504000	13.913043	240.000000	320.000000
0	5.550000	13.913043	240.000000	320.000000
0	5.582000	13.913043	240.000000	320.000000
0	5.613000	13.913043	240.000000	320.000000
0	5.644000	13.913043	240.000000	320.000000
0	5.675000	13.913043	240.000000	320.000000
0	5.706000	13.913043	240.000000	320.000000
0	5.738000	13.913043	240.000000	320.000000
0	5.769000	13.913043	240.000000	320.000000
0	5.816000	13.913043	240.000000	320.000000
0	5.847000	13.913043	240.000000	320.000000
0	5.878000	13.913043	240.000000	320.000000
0	5.909000	13.913043	240.000000	320.000000
0	5.940000	13.913043	240.000000	320.000000
0	5.972000	13.913043	240.000000	320.000000
0	6.003000	13.913043	240.000000	320.000000
0	6.034000	13.913043	240.000000	320.000000
0	6.081000	13.913043	240.000000	320.000000
0	6.112000	13.913043	240.000000	320.000000
0	6.143000	13.913043	240.000000	320.000000
0	6.174000	13.913043	240.000000	320.000000
0	6.206000	13.913043	240.000000	320.000000
0	6.237000	13.913043	240.000000	320.000000
0	6.268000	13.913043	240.000000	320.000000
0	6.315000	13.913043	240.000000	320.000000
0	6.346000	13.913043	240.000000	320.000000
0	6.377000	13.913043	240.000000	320.000000
0	6.408000	13.913043	240.000000	320.000000
0	6.440000	13.913043	240.000000	320.000000
0	6.471000	13.913043	240.000000	320.000000
0	6.502000	13.913043	240.000000	320.000000
0	6.549000	13.913043	240.000000	320.000000
0	6.580000	13.913043	240.000000	320.000000
0	6.611000	13.913043	240.000000	320.000000
0	6.642000	13.913043	240.000000	320.000000
0	6.674000	13.913043	240.000000	320.000000
0	6.705000	13.913043	240.000000	320.000000
0	6.736000	13.913043	240.000000	320.000000
0	6.767000	13.913043	240.000000	320.000000
0	6.814000	13.913043	240.000000	320.000000
0	6.845000	13.913043	240.000000	320.000000
0	6.876000	13.913043	240.000000	320.000000
0	6.908000	13.913043	240.000000	320.000000
0	6.939000	13.913043	240.000000	320.000000
0	6.970000	13.913043	240.000000	320.000000
0	7.001000	13.913043	240.000000	320.000000
0	7.048000	13.913043	240.000000	320.000000
0	7.079000	13.913043	240.000000	320.000000
0	7.110000	13.913043	240.000000	320.000000
0	7.142000	13.913043	240.000000	320.000000
0	7.173000	13.913043	240.000000	320.000000
0	7.204000	13.913043	240.000000	320.000000
0	7.235000	13.913043	240.000000	320.000000
0	7.282000	13.913043	240.000000	320.000000
0	7.313000	13.913043	240.000000	320.000000
0	7.344000	13.913043	240.000000	320.000000
0	7.376000	13.913043	240.000000	320.000000
0	7.407000	13.913043	240.000000	320.000000
0	7.438000	13.913043	240.000000	320.000000
0	7.469000	13.913043	240.000000	320.000000
0	7.500000	13.913043	240.000000	320.000000
0	7.547000	13.913043	240.000000	320.000000
0	7.578000	13.913043	240.000000	320.000000
0	7.610000	13.913043	240.000000	320.000000
0	7.641000	13.913043	240.000000	320.000000
0	7.672000	13.913043	240.000000	320.000000
0	7.703000	13.913043	240.000000	320.000000
0	7.734000	13.913043	240.000000	320.000000
0	7.781000	13.913043	240.000000	320.000000
0	7.812000	13.913043	240.000000	320.000000
0	7.844000	13.913043	240.000000	320.000000
0	7.875000	13.913043	240.000000	320.000000
0	7.906000	13.913043	240.000000	320.000000
0	7.937000	13.913043	240.000000	320.000000
0	7.968000	13.913043	240.000000	320.000000
0	8.015000	13.913043	240.000000	320.000000
0	8.046000	13.913043	240.000000	320.000000
0	8.078000	13.913043	240.000000	320.000000
0	8.109000	13.913043	240.000000	320.000000
0	8.140000	13.913043	240.000000	320.000000
0	8.171000	13.913043	240.000000	320.000000
0	8.202000	13.913043	240.000000	320.000000
0	8.234000	13.913043	240.000000	320.000000
0	8.280000	13.913043	240.000000	320.000000
0	8.312000	13.913043	240.000000	320.000000
0	8.343000	13.913043	240.000000	320.000000
0	8.374000	13.913043	240.000000	320.000000
0	8.405000	13.913043	240.000000	320.000000
0	8.436000	13.913043	240.000000	320.000000
0	8.468000	13.913043	240.000000	320.000000
0	8.514000	13.913043	240.000000	320.000000
0	8.546000	13.913043	240.000000	320.000000
0	8.577000	13.913043	240.000000	320.000000
0	8.608000	13.913043	240.000000	320.000000
0	8.639000	13.913043	240.000000	320.000000
0	8.670000	13.913043	240.000000	320.000000
0	8.702000	13.913043	240.000000	320.000000
0	8.748000	13.913043	240.000000	320.000000
0	8.780000	13.913043	240.000000	320.000000
0	8.811000	13.913043	240.000000	320.000000
0	8.842000	13.913043	240.000000	320.000000
0	8.873000	13.913043	240.000000	320.000000
0	8.904000	13.913043	240.000000	320.000000
0	8.936000	13.913043	240.000000	320.000000
0	8.967000	13.913043	240.000000	320.000000
0	9.014000	13.913043	240.000000	320.000000
0	9.045000	13.913043	240.000000	320.000000
0	9.076000	13.913043	240.000000	320.000000
0	9.107000	13.913043	240.000000	320.000000
0	9.138000	13.913043	240.000000	320.000000
0	9.170000	13.913043	240.000000	320.000000
0	9.201000	13.913043	240.000000	320.000000
0	9.248000	13.913043	240.000000	320.000000
0	9.279000	13.913043	240.000000	320.000000
0	9.310000	13.913043	240.000000	320.000000
0	9.341000	13.913043	240.000000	320.000000
0	9.372000	13.913043	240.000000	320.000000
0	9.404000	13.913043	240.000000	320.000000
0	9.435000	13.913043	240.000000	320.000000
0	9.482000	13.913043	240.000000	320.000000
0	9.513000	13.913043	240.000000	320.000000
0	9.544000	13.913043	240.000000	320.000000
0	9.575000	13.913043	240.000000	320.000000
0	9.606000	13.913043	240.000000	320.000000
0	9.638000	13.913043	240.000000	320.000000
0	9.669000	13.913043	240.000000	320.000000
0	9.700000	13.913043	240.000000	320.000000
0	9.747000	13.913043	240.000000	320.000000
0	9.778000	13.913043	240.000000	320.000000
0	9.809000	13.913043	240.000000	320.000000
0	9.840000	13.913043	240.000000	320.000000
0	9.872000	13.913043	240.000000	320.000000
0	9.903000	13.913043	240.000000	320.000000
0	9.934000	13.913043	240.000000	320.000000
0	9.981000	13.913043	240.000000	320.000000
0	10.012000	13.913043	240.000000	320.000000
0	10.043000	13.913043	240.000000	320.000000
0	10.074000	13.913043	240.000000	320.000000
0	10.106000	13.913043	240.000000	320.000000
0	10.137000	13.913043	240.000000	320.000000
0	10.168000	13.913043	240.000000	320.000000
0	10.199000	13.913043	240.000000	320.000000
0	10.246000	13.913043	240.000000	320.000000
0	10.277000	13.913043	240.000000	320.000000
0	10.308000	13.913043	240.000000	320.000000
0	10.340000	13.913043	240.000000	320.000000
0	10.371000	13.913043	240.000000	320.000000
0	10.402000	13.913043	240.000000	320.000000
0	10.433000	13.913043	240.000000	320.000000
0	10.480000	13.913043	240.000000	320.000000
0	10.511000	13.913043	240.000000	320.000000
0	10.542000	13.913043	240.000000	320.000000
0	10.574000	13.913043	240.000000	320.000000
0	10.605000	13.913043	240.000000	320.000000
0	10.636000	13.913043	240.000000	320.000000
0	10.667000	13.913043	240.000000	320.000000
0	10.698000	13.913043	240.000000	320.000000
0	10.745000	13.913043	240.000000	320.000000
0	10.776000	13.913043	240.000000	320.000000
0	10.808000	13.913043	240.000000	320.000000
0	10.839000	13.913043	240.000000	320.000000
0	10.870000	13.913043	240.000000	320.000000
0	10.901000	13.913043	240.000000	320.000000
0	10.932000	13.913043	240.000000	320.000000
0	10.979000	13.913043	240.000000	320.000000
0	11.010000	13.913043	240.000000	320.000000
0	11.042000	13.913043	240.000000	320.000000
0	11.073000	13.913043	240.000000	320.000000
0	11.104000	13.913043	240.000000	320.000000
0	11.135000	13.913043	240.000000	320.000000
0	11.166000	13.913043	240.000000	320.000000
0	11.213000	13.913043	240.000000	320.000000
0	11.244000	13.913043	240.000000	320.000000
0	11.276000	13.913043	240.000000	320.000000
0	11.307000	13.913043	240.000000	320.000000
0	11.338000	13.913043	240.000000	320.000000
0	11.369000	13.913043	240.000000	320.000000
0	11.400000	13.913043	240.000000	320.000000
0	11.432000	13.913043	240.000000	320.000000
0	11.478000	13.913043	240.000000	320.000000
0	11.510000	13.913043	240.000000	320.000000
0	11.541000	13.913043	240.000000	320.000000
0	11.572000	13.913043	240.000000	320.000000
0	11.603000	13.913043	240.000000	320.000000
0	11.634000	13.913043	240.000000	320.000000
0	11.666000	13.913043	240.000000	320.000000
0	11.712000	13.913043	240.000000	320.000000
0	11.744000	13.913043	240.000000	320.000000
0	11.775000	13.913043	240.000000	320.000000
0	11.806000	13.913043	240.000000	320.000000
0	11.837000	13.913043	240.000000	320.000000
0	11.868000	13.913043	240.000000	320.000000
0	11.900000	13.913043	240.000000	320.000000
0	11.946000	13.913043	240.000000	320.000000
0	11.978000	13.913043	240.000000	320.000000
0	12.009000	13.913043	240.000000	320.000000
0	12.040000	13.913043	240.000000	320.000000
0	12.071000	13.913043	240.000000	320.000000
0	12.102000	13.913043	240.000000	320.000000
0	12.134000	13.913043	240.000000	320.000000
0	12.165000	13.913043	240.000000	320.000000
0	12.212000	13.913043	240.000000	320.000000
0	12.243000	13.913043	240.000000	320.000000
0	12.274000	13.913043	240.000000	320.000000
0	12.305000	13.913043	240.000000	320.000000
0	12.336000	13.913043	240.000000	320.000000
0	12.368000	13.913043	240.000000	320.000000
0	12.399000	13.913043	240.000000	320.000000
0	12.446000	13.913043	240.000000	320.000000
0	12.477000	13.913043	240.000000	320.000000
0	12.508000	13.913043	240.000000	320.000000
0	12.539000	13.913043	240.000000	320.000000
0	12.570000	13.913043	240.000000	320.000000
0	12.602000	13.913043	240.000000	320.000000
0	12.633000	13.913043	240.000000	320.000000
0	12.680000	13.913043	240.000000	320.000000
0	12.711000	13.913043	240.000000	320.000000
0	12.742000	13.913043	240.000000	320.000000
0	12.773000	13.913043	240.000000	320.000000
0	12.804000	13.913043	240.000000	320.000000
0	12.836000	13.913043	240.000000	320.000000
0	12.867000	13.913043	240.000000	320.000000
0	12.898000	13.913043	240.000000	320.000000
0	12.945000	13.913043	240.000000	320.000000
0	12.976000	13.913043	240.000000	320.000000
0	13.007000	13.913043	240.000000	320.000000
0	13.038000	13.913043	240.000000	320.000000
0	13.070000	13.913043	240.000000	320.000000
0	13.101000	13.913043	240.000000	320.000000
0	13.132000	13.913043	240.000000	320.000000
0	13.179000	13.913043	240.000000	320.000000
0	13.210000	13.913043	240.000000	320.000000
0	13.241000	13.913043	240.000000	320.000000
0	13.272000	13.913043	240.000000	320.000000
0	13.304000	13.913043	240.000000	320.000000
0	13.335000	13.913043	240.000000	320.000000
0	13.366000	13.913043	240.000000	320.000000
0	13.413000	13.913043	240.000000	320.000000
0	13.444000	13.913043	240.000000	320.000000
0	13.475000	13.913043	240.000000	320.000000
0	13.506000	13.913043	240.000000	320.000000
0	13.538000	13.913043	240.000000	320.000000
0	13.569000	13.913043	240.000000	320.000000
0	13.600000	13.913043	240.000000	320.000000
0	13.631000	13.913043	240.000000	320.000000
0	13.678000	13.913043	240.000000	320.000000
0	13.709000	13.913043	240.000000	320.000000
0	13.740000	13.913043	240.000000	320.000000
0	13.772000	13.913043	240.000000	320.000000
0	13.803000	13.913043	240.000000	320.000000
0	13.834000	13.913043	240.000000	320.000000
0	13.865000	13.913043	240.000000	320.000000
0	13.912000	13.913043	240.000000	320.000000
0	13.943000	13.913043	240.000000	320.000000
0	13.974000	13.913043	240.000000	320.000000
0	14.006000	13.913043	240.000000	320.000000
0	14.037000	13.913043	240.000000	320.000000
0	14.068000	13.913043	240.000000	320.000000
0	14.099000	13.913043	240.000000	320.000000
0	14.130000	13.913043	240.000000	320.000000
0	14.177000	13.913043	240.000000	320.000000
0	14.208000	13.913043	240.000000	320.000000
0	14.240000	13.913043	240.000000	320.000000
0	14.271000	13.913043	240.000000	320.000000
0	14.302000	13.913043	240.000000	320.000000
0	14.333000	13.913043	240.000000	320.000000
0	14.364000	13.913043	240.000000	320.000000
0	14.411000	13.913043	240.000000	320.000000
0	14.442000	13.913043	240.000000	320.000000
0	14.474000	13.913043	240.000000	320.000000
0	14.505000	13.913043	240.000000	320.000000
0	14.536000	13.913043	240.000000	320.000000
0	14.567000	13.913043	240.000000	320.000000
0	14.598000	13.913043	240.000000	320.000000
0	14.645000	13.913043	240.000000	320.000000
0	14.676000	13.913043	240.000000	320.000000
0	14.708000	13.913043	240.000000	320.000000
0	14.739000	13.913043	240.000000	320.000000
0	14.770000	13.913043	240.000000	320.000000
0	14.801000	13.913043	240.000000	320.000000
0	14.832000	13.913043	240.000000	320.000000
0	14.864000	13.913043	240.000000	320.000000
0	14.910000	13.913043	240.000000	320.000000
0	14.942000	13.913043	240.000000	320.000000
0	14.973000	13.913043	240.000000	320.000000
0	15.004000	13.913043	240.000000	320.000000
0	15.035000	13.913043	240.000000	320.000000
0	15.066000	13.913043	240.000000	320.000000
0	15.098000	13.913043	240.000000	320.000000
0	15.144000	13.913043	240.000000	320.000000
0	15.176000	13.913043	240.000000	320.000000
0	15.207000	13.913043	240.000000	320.000000
0	15.238000	13.913043	240.000000	320.000000
0	15.269000	13.913043	240.000000	320.000000
0	15.300000	13.913043	240.000000	320.000000
0	15.332000	13.913043	240.000000	320.000000
0	15.363000	13.913043	240.000000	320.000000
0	15.410000	13.913043	240.000000	320.000000
0	15.441000	13.913043	240.000000	320.000000
0	15.472000	13.913043	240.000000	320.000000
0	15.503000	13.913043	240.000000	320.000000
0	15.534000	13.913043	240.000000	320.000000
0	15.566000	13.913043	240.000000	320.000000
0	15.597000	13.913043	240.000000	320.000000
0	15.644000	13.913043	240.000000	320.000000
0	15.675000	13.913043	240.000000	320.000000
0	15.706000	13.913043	240.000000	320.000000
0	15.737000	13.913043	240.000000	320.000000
0	15.768000	13.913043	240.000000	320.000000
0	15.800000	13.913043	240.000000	320.000000
0	15.831000	13.913043	240.000000	320.000000
0	15.878000	13.913043	240.000000	320.000000
0	15.909000	13.913043	240.000000	320.000000
0	15.940000	13.913043	240.000000	320.000000
0	15.971000	13.913043	240.000000	320.000000
0	16.002000	13.913043	240.000000	320.000000
0	16.034000	13.913043	240.000000	320.000000
0	16.065000	13.913043	240.000000	320.000000
0	16.096000	13.913043	240.000000	320.000000
0	16.143000	13.913043	240.000000	320.000000
0	16.174000	13.913043	240.000000	320.000000
0	16.205000	13.913043	240.000000	320.000000
0	16.236000	13.913043	240.000000	320.000000
0	16.268000	13.913043	240.000000	320.000000
0	16.299000	13.913043	240.000000	320.000000
0	16.330000	13.913043	240.000000	320.000000
0	16.377000	13.913043	240.000000	320.000000
0	16.408000	13.913043	240.000000	320.000000
0	16.439000	13.913043	240.000000	320.000000
0	16.470000	13.913043	240.000000	320.000000
0	16.502000	13.913043	240.000000	320.000000
0	16.533000	13.913043	240.000000	320.000000
0	16.564000	13.913043	240.000000	320.000000
0	16.611000	13.913043	240.000000	320.000000
0	16.642000	13.913043	240.000000	320.000000
0	16.673000	13.913043	240.000000	320.000000
0	16.704000	13.913043	240.000000	320.000000
0	16.736000	13.913043	240.000000	320.000000
0	16.767000	13.913043	240.000000	320.000000
0	16.798000	13.913043	240.000000	320.000000
0	16.829000	13.913043	240.000000	320.000000
0	16.876000	13.913043	240.000000	320.000000
0	16.907000	13.913043	240.000000	320.000000
0	16.938000	13.913043	240.000000	320.000000
0	16.970000	13.913043	240.000000	320.000000
0	17.001000	13.913043	240.000000	320.000000
0	17.032000	13.913043	240.000000	320.000000
0	17.063000	13.913043	240.000000	320.000000
0	17.110000	13.913043	240.000000	320.000000
0	17.141000	13.913043	240.000000	320.000000
0	17.172000	13.913043	240.000000	320.000000
0	17.204000	13.913043	240.000000	320.000000
0	17.235000	13.913043	240.000000	320.000000
0	17.266000	13.913043	240.000000	320.000000
0	17.297000	13.913043	240.000000	320.000000
0	17.344000	13.913043	240.000000	320.000000
0	17.375000	13.913043	240.000000	320.000000
0	17.406000	13.913043	240.000000	320.000000
0	17.438000	13.913043	240.000000	320.000000
0	17.469000	13.913043	240.000000	320.000000
0	17.500000	13.913043	240.000000	320.000000
0	17.531000	13.913043	240.000000	320.000000
0	17.562000	13.913043	240.000000	320.000000
0	17.609000	13.913043	240.000000	320.000000
0	17.640000	13.913043	240.000000	320.000000
0	17.672000	13.913043	240.000000	320.000000
0	17.703000	13.913043	240.000000	320.000000
0	17.734000	13.913043	240.000000	320.000000
0	17.765000	13.913043	240.000000	320.000000
0	17.796000	13.913043	240.000000	320.000000
0	17.843000	13.913043	240.000000	320.000000
0	17.874000	13.913043	240.000000	320.000000
0	17.906000	13.913043	240.000000	320.000000
0	17.937000	13.913043	240.000000	320.000000
0	17.968000	13.913043	240.000000	320.000000
0	17.999000	13.913043	240.000000	320.000000
<\LEFT-PUPIL-DATA>
<RIGHT-PUPIL-ANALYSIS>
1
0	0	17	542	0	0	0.511000	17.518000	0.509000	99.710426	0.000000	0.000000	0.000000	0	1	1	1	1	0	0	0	0.000000	0.000000	0.000000	0.000000	0.000000	0.000000	0.000000	-1.000000	0.000000	1	1.397130	0.825740	1.533276	0.535852	0.266000	-0.610460	-1.818605	-1.000000	0.130711	1	1.397130	0.825740	1.533276	0.535852	0.266000	-0.798146	-1.818606	-1.000000	0.145860
<\RIGHT-PUPIL-ANALYSIS>
<LEFT-PUPIL-ANALYSIS>
1
0	0	17	542	0	0	0.511000	17.518000	0.509000	99.710426	0.000000	0.000000	0.000000	0	1	1	1	1	0	0	0	0.000000	0.000000	0.000000	0.000000	0.000000	0.000000	0.000000	-1.000000	0.000000	0	-0.034783	-0.034783	0.000950	0.000950	0.001000	0.000000	0.000000	-1.000000	0.000000	1	-0.034783	-0.034783	0.000950	0.000950	0.001000	-1000000.000000	-1000000.000000	-1.000000	0.000000
<\LEFT-PUPIL-ANALYSIS>
%%%%%%%%%
%%%%%%%%%
%%%%%%%%%
%%%	Measurement Tiime is: 2017-08-15 10:12:23
%%%	Subject ID is: c57-1mois-M3-2r
%%%	Note: 
%%%	RSS: Default Human Relative Spectral Sensitivity
%%%	Pupil Analysis:
%%%
%%%
%%%
%%%	Pulse Index:	0
%%%	Stimulus Session Index:	0
%%%	Right Pupil Stimulated
%%%	Light Metric is Photopic
%%%	Stimulus Start Time(sec):	0.51
%%%	Stimulus Duration(sec):	17.52
%%%	Stimulus Pulse Duration(sec):	0.51
%%%	Right Pulse:	99.71	(Red  )	-	0.00	(Red  )	[Lux ]
%%%	Left Pulse:	0.00	(Red  )	-	0.00	(Red  )	[Lux ]
%%%
%%%		RIGHT	LEFT	R.Pupil Mean	L.Pupil Mean	R.Stim Mean	R.Stim Mean
%%%	INPUT:	RAW DATA	RAW DATA
%%%	STATE:	ABNORMAL	ABNORMAL	ABNORMAL	ABNORMAL	ABNORMAL	ABNORMAL
%%%	MAX(mm):	0.00	0.00	0.00	0.00	0.00	0.00
%%%	MIN(mm):	0.00	0.00	0.00	0.00	0.00	0.00
%%%	DELTA(mm):						
%%%	CH(%):						
%%%	LAT(sec):	0.00	0.00	0.00	0.00	0.00	0.00
%%%	CV(mm/s):	0.00	0.00	0.00	0.00	0.00	0.00
%%%	MCV(mm/s):	0.00	0.00	0.00	0.00	0.00	0.00
%%%	DV(mm/s):	0.00	0.00	0.00	0.00	0.00	0.00
%%%%%%%%%
%%%%%%%%%
%%%%%%%%%
%%%	Right Pupil Profile (1st row -> 1 == valid tracking, 0 == invalid tracking; 2nd row -> time; 3rd row -> diameter (mm))
%%%	1	1	1	1	1	1	1	1	1	1	1	1	1	1	1	1	1	1	1	1	1	1	1	1	1	1	1	1	1	1	1	1	1	1	1	1	1	1	1	1	0	1	1	1	0	1	1	1	1	1	0	0	1	0	1	1	1	0	1	1	1	0	1	1	1	1	1	1	1	1	1	1	1	1	1	1	1	1	1	1	1	1	1	1	0	1	0	1	1	1	1	1	1	1	1	1	1	1	1	1	1	1	1	1	1	1	1	1	1	1	1	0	1	1	1	1	1	1	1	1	1	1	1	1	1	1	1	1	1	1	1	1	1	1	1	1	1	1	1	1	1	1	1	0	0	0	0	0	0	0	0	0	0	0	0	0	0	0	0	0	0	0	0	0	0	0	0	0	0	0	0	0	0	1	1	1	1	1	1	1	1	1	1	1	1	1	1	1	1	1	1	1	1	1	1	1	1	1	1	1	1	1	1	1	0	1	1	1	1	0	1	1	1	1	1	1	0	1	1	1	1	1	1	1	1	0	1	1	1	1	1	0	1	1	1	0	1	1	1	1	1	1	1	1	1	1	1	1	1	1	1	1	0	1	1	1	1	1	1	1	1	1	1	1	1	0	1	1	1	1	1	1	1	1	1	1	1	1	1	1	1	1	1	1	1	1	1	1	1	1	1	1	1	1	1	1	1	1	1	1	1	1	1	1	1	1	1	1	1	1	1	1	1	1	1	1	1	1	1	1	1	1	1	1	1	1	1	1	1	1	1	1	1	1	1	1	1	1	1	1	1	1	1	1	1	1	1	1	1	1	0	1	1	1	1	1	1	1	1	1	1	1	1	1	1	1	1	1	1	1	1	1	1	1	1	1	1	1	1	1	1	1	1	1	1	0	0	0	0	0	0	0	0	0	0	0	1	0	0	0	0	0	0	0	1	1	1	1	1	1	1	1	1	1	1	1	1	1	1	1	1	1	1	1	1	1	1	1	1	1	1	1	1	1	1	1	1	1	1	1	1	1	1	1	1	1	1	1	1	1	1	1	1	1	1	1	1	1	1	1	1	1	1	1	1	1	1	1	1	1	1	1	1	1	1	1	1	1	1	1	1	1	1	1	1	1	1	1	1	1	1	1	1	1	1	1	1	1	1	1	1	1	1	1	1	1	1	1	1	1	1	1	1	1	1	1	1	1	1	1	1	1	1	1	1	1	1	1	1	1	1	1	1	1	1	1	1	1	1	1	1	1	1
%%%	-0.049000	-0.018000	0.013000	0.044000	0.075000	0.107000	0.138000	0.185000	0.216000	0.247000	0.278000	0.309000	0.341000	0.372000	0.403000	0.450000	0.481000	0.512000	0.543000	0.575000	0.606000	0.637000	0.684000	0.715000	0.746000	0.777000	0.809000	0.840000	0.871000	0.918000	0.949000	0.980000	1.011000	1.043000	1.074000	1.105000	1.136000	1.183000	1.214000	1.245000	1.277000	1.308000	1.339000	1.370000	1.417000	1.448000	1.479000	1.511000	1.542000	1.573000	1.604000	1.651000	1.682000	1.713000	1.745000	1.776000	1.807000	1.838000	1.869000	1.916000	1.947000	1.979000	2.010000	2.041000	2.072000	2.103000	2.150000	2.181000	2.213000	2.244000	2.275000	2.306000	2.337000	2.384000	2.415000	2.447000	2.478000	2.509000	2.540000	2.571000	2.603000	2.649000	2.681000	2.712000	2.743000	2.774000	2.805000	2.837000	2.883000	2.915000	2.946000	2.977000	3.008000	3.039000	3.071000	3.102000	3.149000	3.180000	3.211000	3.242000	3.273000	3.305000	3.336000	3.383000	3.414000	3.445000	3.476000	3.507000	3.539000	3.570000	3.601000	3.648000	3.679000	3.710000	3.741000	3.773000	3.804000	3.835000	3.882000	3.913000	3.944000	3.975000	4.007000	4.038000	4.069000	4.116000	4.147000	4.178000	4.209000	4.241000	4.272000	4.303000	4.334000	4.381000	4.412000	4.443000	4.475000	4.506000	4.537000	4.568000	4.615000	4.646000	4.677000	4.709000	4.740000	4.771000	4.802000	4.849000	4.880000	4.911000	4.943000	4.974000	5.005000	5.036000	5.067000	5.114000	5.145000	5.177000	5.208000	5.239000	5.270000	5.301000	5.348000	5.379000	5.411000	5.442000	5.473000	5.504000	5.535000	5.582000	5.613000	5.645000	5.676000	5.707000	5.738000	5.769000	5.801000	5.847000	5.879000	5.910000	5.941000	5.972000	6.003000	6.035000	6.081000	6.113000	6.144000	6.175000	6.206000	6.237000	6.269000	6.315000	6.347000	6.378000	6.409000	6.440000	6.471000	6.503000	6.534000	6.581000	6.612000	6.643000	6.674000	6.705000	6.737000	6.768000	6.815000	6.846000	6.877000	6.908000	6.939000	6.971000	7.002000	7.033000	7.080000	7.111000	7.142000	7.173000	7.205000	7.236000	7.267000	7.314000	7.345000	7.376000	7.407000	7.439000	7.470000	7.501000	7.548000	7.579000	7.610000	7.641000	7.673000	7.704000	7.735000	7.766000	7.813000	7.844000	7.875000	7.907000	7.938000	7.969000	8.000000	8.047000	8.078000	8.109000	8.141000	8.172000	8.203000	8.234000	8.281000	8.312000	8.343000	8.375000	8.406000	8.437000	8.468000	8.499000	8.546000	8.577000	8.609000	8.640000	8.671000	8.702000	8.733000	8.780000	8.811000	8.843000	8.874000	8.905000	8.936000	8.967000	9.014000	9.045000	9.077000	9.108000	9.139000	9.170000	9.201000	9.233000	9.279000	9.311000	9.342000	9.373000	9.404000	9.435000	9.467000	9.513000	9.545000	9.576000	9.607000	9.638000	9.669000	9.701000	9.747000	9.779000	9.810000	9.841000	9.872000	9.903000	9.935000	9.966000	10.013000	10.044000	10.075000	10.106000	10.137000	10.169000	10.200000	10.247000	10.278000	10.309000	10.340000	10.371000	10.403000	10.434000	10.465000	10.512000	10.543000	10.574000	10.605000	10.637000	10.668000	10.699000	10.746000	10.777000	10.808000	10.839000	10.871000	10.902000	10.933000	10.964000	11.011000	11.042000	11.073000	11.105000	11.136000	11.167000	11.198000	11.245000	11.276000	11.307000	11.339000	11.370000	11.401000	11.432000	11.479000	11.510000	11.541000	11.573000	11.604000	11.635000	11.666000	11.697000	11.744000	11.775000	11.807000	11.838000	11.869000	11.900000	11.931000	11.978000	12.009000	12.041000	12.072000	12.103000	12.134000	12.165000	12.212000	12.243000	12.275000	12.306000	12.337000	12.368000	12.399000	12.431000	12.477000	12.509000	12.540000	12.571000	12.602000	12.633000	12.665000	12.711000	12.743000	12.774000	12.805000	12.836000	12.867000	12.899000	12.945000	12.977000	13.008000	13.039000	13.070000	13.101000	13.133000	13.164000	13.211000	13.242000	13.273000	13.304000	13.335000	13.367000	13.398000	13.445000	13.476000	13.507000	13.538000	13.569000	13.601000	13.632000	13.679000	13.710000	13.741000	13.772000	13.803000	13.835000	13.866000	13.897000	13.944000	13.975000	14.006000	14.037000	14.069000	14.100000	14.131000	14.178000	14.209000	14.240000	14.271000	14.303000	14.334000	14.365000	14.412000	14.443000	14.474000	14.505000	14.537000	14.568000	14.599000	14.630000	14.677000	14.708000	14.739000	14.771000	14.802000	14.833000	14.864000	14.895000	14.942000	14.973000	15.005000	15.036000	15.067000	15.098000	15.129000	15.176000	15.207000	15.239000	15.270000	15.301000	15.332000	15.363000	15.410000	15.441000	15.473000	15.504000	15.535000	15.566000	15.597000	15.629000	15.675000	15.707000	15.738000	15.769000	15.800000	15.831000	15.863000	15.909000	15.941000	15.972000	16.003000	16.034000	16.065000	16.097000	16.143000	16.175000	16.206000	16.237000	16.268000	16.299000	16.331000	16.362000	16.409000	16.440000	16.471000	16.502000	16.533000	16.565000	16.596000	16.643000	16.674000	16.705000	16.736000	16.767000	16.799000	16.830000	16.877000	16.908000	16.939000	16.970000	17.001000	17.033000	17.064000	17.095000	17.142000	17.173000	17.204000	17.235000	17.267000	17.298000	17.329000	17.376000	17.407000	17.438000	17.469000	17.501000	17.532000	17.563000	17.610000	17.641000	17.672000	17.703000	17.735000	17.766000	17.797000	17.828000	17.875000	17.906000	17.937000	17.969000	18.000000
%%%	1.366377	1.344638	1.353333	1.373913	1.370145	1.374493	1.379420	1.371159	1.370725	1.370145	1.373913	1.377246	1.370725	1.370725	1.391304	1.407681	1.407101	1.410145	1.375362	1.379855	1.387246	1.416812	1.402899	1.385797	1.391304	1.370725	1.344638	1.314203	1.252029	1.203768	1.182609	1.113043	1.081594	1.078261	1.005797	0.987536	0.936232	0.933623	0.796377	0.877536	0.752754	0.859710	0.874058	0.844493	0.881159	0.866232	0.795507	0.833333	0.857102	0.835942	0.664203	0.602899	0.871159	0.863768	0.881015	0.871159	0.964058	0.892754	0.987971	0.931015	1.018985	0.870580	1.066667	1.016812	1.022754	1.044638	1.044638	1.049420	1.037102	1.049710	1.043333	1.044058	1.057536	1.062464	1.038406	1.052899	1.079420	1.083768	1.089710	1.060290	1.089855	1.070725	1.100725	1.079275	0.973913	1.048841	0.973913	1.061449	1.134638	1.107681	1.113043	1.061884	1.118551	1.096232	1.114203	1.081449	1.135507	1.113043	1.103188	1.101594	1.136232	1.113043	1.103768	1.136232	1.142319	1.103623	1.104203	1.162319	1.113043	1.090145	1.090725	0.914927	1.155507	1.146667	1.153333	1.113043	1.155507	1.158116	1.158696	1.188406	1.166377	1.182609	1.113043	1.176812	1.182609	1.162464	1.177101	1.176667	1.190580	1.194203	1.181014	1.121884	1.156232	1.181014	1.099420	1.194638	1.212464	1.159855	1.135942	1.142029	1.151160	1.146812	1.135507	0.828986	0.809275	0.989710	0.377101	0.348406	0.347826	0.347826	0.347826	0.387246	0.626087	1.159275	1.043478	0.347826	0.347826	0.347826	0.672464	1.183768	0.725507	0.347826	0.347826	0.347826	0.347826	0.347826	0.347826	0.347826	0.347826	0.347826	0.920725	1.252174	1.357101	1.414493	1.414493	1.391304	1.344928	1.481449	1.437101	1.385942	1.396377	1.451594	1.390145	1.440145	1.423188	1.417971	1.435942	1.427246	1.416232	1.426667	1.382029	1.437681	1.431450	1.439275	1.414493	1.454493	1.437681	1.460870	1.461449	1.449420	1.460870	1.493623	1.487536	1.530435	1.344928	1.486812	1.472464	1.477101	1.492029	1.344928	1.460870	1.460725	1.467971	1.488116	1.467971	1.460870	1.378841	1.460870	1.455942	1.455942	1.483623	1.460870	1.451594	1.470725	1.485797	1.437681	1.465072	1.466377	1.478261	1.481594	1.433768	1.346232	1.445072	1.437681	1.472319	1.344928	1.484928	1.461449	1.455072	1.457681	1.478261	1.478116	1.472464	1.460870	1.455072	1.467101	1.442754	1.492029	1.460870	1.451160	1.449275	1.477246	1.437681	1.486812	1.479855	1.475073	1.457681	1.473333	1.460870	1.451014	1.470725	1.461449	1.476667	1.485942	1.475362	1.344928	1.490290	1.414203	1.426667	1.485942	1.489855	1.502754	1.488116	1.490725	1.460870	1.498696	1.460290	1.454928	1.477246	1.457970	1.472464	1.478985	1.459420	1.388551	1.446232	1.472319	1.460870	1.475362	1.460870	1.473913	1.456667	1.473333	1.478261	1.451594	1.474058	1.479420	1.437681	1.501594	1.453188	1.452029	1.452029	1.344928	1.472319	1.466232	1.426667	1.460870	1.437681	1.451594	1.476087	1.469710	1.472899	1.453768	1.459275	1.476667	1.483768	1.442464	1.478116	1.437681	1.478841	1.475507	1.487536	1.472319	1.470290	1.490145	1.478261	1.495652	1.472464	1.478261	1.476667	1.472319	1.485942	1.449275	1.444638	1.450580	1.458841	1.457101	1.446812	1.484928	1.466812	1.478985	1.462464	1.477101	1.463188	1.477246	1.472464	1.472319	1.489275	1.455072	1.478261	1.487536	1.344928	1.437681	1.486812	1.474927	1.476667	1.472899	1.467971	1.479855	1.478261	1.460870	1.472899	1.479420	1.513623	1.460290	1.468551	1.491449	1.468406	1.463623	1.483623	1.482464	1.485362	1.481594	1.483188	1.471594	1.460290	1.472464	1.478985	1.437681	1.476667	1.481449	1.487536	1.476667	1.481594	1.467971	1.477101	0.917536	1.228985	0.602899	0.347826	0.347826	0.347826	0.347826	0.347826	0.347826	1.468986	1.477101	1.507682	1.005362	0.347826	0.347826	0.347826	1.460870	1.518841	1.571739	1.623333	1.553188	1.580290	1.583768	1.577536	1.600000	1.598986	1.567391	1.579275	1.577971	1.602754	1.607536	1.574493	1.594058	1.587971	1.609855	1.596232	1.614203	1.621884	1.625797	1.602899	1.576812	1.592319	1.624058	1.624927	1.628985	1.623333	1.592754	1.626667	1.609275	1.561449	1.631159	1.616232	1.594493	1.623333	1.623188	1.617536	1.607536	1.602029	1.608696	1.627681	1.612029	1.599275	1.598840	1.610290	1.598840	1.596232	1.620725	1.591449	1.595072	1.546667	1.592464	1.592754	1.588406	1.583623	1.574493	1.605507	1.578841	1.581449	1.574493	1.592319	1.565797	1.583623	1.565797	1.580725	1.582029	1.566377	1.583768	1.549710	1.557681	1.596812	1.507246	1.583768	1.565217	1.556667	1.530435	1.574058	1.565217	1.566232	1.536232	1.577971	1.537971	1.573478	1.560870	1.568551	1.578985	1.574493	1.574493	1.590580	1.575073	1.530435	1.580145	1.618406	1.609855	1.588551	1.583623	1.577246	1.591304	1.530435	1.583188	1.595797	1.596232	1.588551	1.611594	1.594493	1.600000	1.603333	1.596812	1.594058	1.553623	1.587536	1.574493	1.563623	1.609275	1.602754	1.592319	1.575073	1.583623	1.592464	1.600000	1.592754	1.585507	1.592464	1.610145	1.588406	1.600000	1.583623	1.600725	1.609275	1.600435	1.588406	1.609275	1.594638	1.609855	1.583623	1.565217	1.590580	1.530435	1.567971
%%%	Left Pupil Profile (1st row -> 1 == valid tracking, 0 == invalid tracking; 2nd row -> time; 3rd row -> diameter (mm))
%%%	0	0	0	0	0	0	0	0	0	0	0	0	0	0	0	0	0	0	0	0	0	0	0	0	0	0	0	0	0	0	0	0	0	0	0	0	0	0	0	0	0	0	0	0	0	0	0	0	0	0	0	0	0	0	0	0	0	0	0	0	0	0	0	0	0	0	0	0	0	0	0	0	0	0	0	0	0	0	0	0	0	0	0	0	0	0	0	0	0	0	0	0	0	0	0	0	0	0	0	0	0	0	0	0	0	0	0	0	0	0	0	0	0	0	0	0	0	0	0	0	0	0	0	0	0	0	0	0	0	0	0	0	0	0	0	0	0	0	0	0	0	0	0	0	0	0	0	0	0	0	0	0	0	0	0	0	0	0	0	0	0	0	0	0	0	0	0	0	0	0	0	0	0	0	0	0	0	0	0	0	0	0	0	0	0	0	0	0	0	0	0	0	0	0	0	0	0	0	0	0	0	0	0	0	0	0	0	0	0	0	0	0	0	0	0	0	0	0	0	0	0	0	0	0	0	0	0	0	0	0	0	0	0	0	0	0	0	0	0	0	0	0	0	0	0	0	0	0	0	0	0	0	0	0	0	0	0	0	0	0	0	0	0	0	0	0	0	0	0	0	0	0	0	0	0	0	0	0	0	0	0	0	0	0	0	0	0	0	0	0	0	0	0	0	0	0	0	0	0	0	0	0	0	0	0	0	0	0	0	0	0	0	0	0	0	0	0	0	0	0	0	0	0	0	0	0	0	0	0	0	0	0	0	0	0	0	0	0	0	0	0	0	0	0	0	0	0	0	0	0	0	0	0	0	0	0	0	0	0	0	0	0	0	0	0	0	0	0	0	0	0	0	0	0	0	0	0	0	0	0	0	0	0	0	0	0	0	0	0	0	0	0	0	0	0	0	0	0	0	0	0	0	0	0	0	0	0	0	0	0	0	0	0	0	0	0	0	0	0	0	0	0	0	0	0	0	0	0	0	0	0	0	0	0	0	0	0	0	0	0	0	0	0	0	0	0	0	0	0	0	0	0	0	0	0	0	0	0	0	0	0	0	0	0	0	0	0	0	0	0	0	0	0	0	0	0	0	0	0	0	0	0	0	0	0	0	0	0	0	0	0	0	0	0	0	0	0	0	0	0	0	0	0	0	0	0	0	0	0	0	0	0	0	0	0	0	0	0	0	0	0	0	0	0	0	0	0	0	0	0	0	0	0	0	0	0	0	0	0	0	0	0	0
%%%	-0.050000	-0.019000	0.012000	0.044000	0.075000	0.106000	0.153000	0.184000	0.215000	0.246000	0.278000	0.309000	0.340000	0.371000	0.418000	0.449000	0.480000	0.512000	0.543000	0.574000	0.605000	0.652000	0.683000	0.714000	0.746000	0.777000	0.808000	0.839000	0.886000	0.917000	0.948000	0.980000	1.011000	1.042000	1.073000	1.104000	1.151000	1.182000	1.214000	1.245000	1.276000	1.307000	1.338000	1.385000	1.416000	1.448000	1.479000	1.510000	1.541000	1.572000	1.619000	1.650000	1.682000	1.713000	1.744000	1.775000	1.806000	1.838000	1.884000	1.916000	1.947000	1.978000	2.009000	2.040000	2.072000	2.103000	2.150000	2.181000	2.212000	2.243000	2.274000	2.306000	2.337000	2.384000	2.415000	2.446000	2.477000	2.508000	2.540000	2.571000	2.618000	2.649000	2.680000	2.711000	2.742000	2.774000	2.805000	2.836000	2.883000	2.914000	2.945000	2.976000	3.008000	3.039000	3.070000	3.117000	3.148000	3.179000	3.210000	3.242000	3.273000	3.304000	3.351000	3.382000	3.413000	3.444000	3.476000	3.507000	3.538000	3.569000	3.616000	3.647000	3.678000	3.710000	3.741000	3.772000	3.803000	3.850000	3.881000	3.912000	3.944000	3.975000	4.006000	4.037000	4.084000	4.115000	4.146000	4.178000	4.209000	4.240000	4.271000	4.302000	4.349000	4.380000	4.412000	4.443000	4.474000	4.505000	4.536000	4.583000	4.614000	4.646000	4.677000	4.708000	4.739000	4.770000	4.817000	4.848000	4.880000	4.911000	4.942000	4.973000	5.004000	5.036000	5.082000	5.114000	5.145000	5.176000	5.207000	5.238000	5.270000	5.316000	5.348000	5.379000	5.410000	5.441000	5.472000	5.504000	5.550000	5.582000	5.613000	5.644000	5.675000	5.706000	5.738000	5.769000	5.816000	5.847000	5.878000	5.909000	5.940000	5.972000	6.003000	6.034000	6.081000	6.112000	6.143000	6.174000	6.206000	6.237000	6.268000	6.315000	6.346000	6.377000	6.408000	6.440000	6.471000	6.502000	6.549000	6.580000	6.611000	6.642000	6.674000	6.705000	6.736000	6.767000	6.814000	6.845000	6.876000	6.908000	6.939000	6.970000	7.001000	7.048000	7.079000	7.110000	7.142000	7.173000	7.204000	7.235000	7.282000	7.313000	7.344000	7.376000	7.407000	7.438000	7.469000	7.500000	7.547000	7.578000	7.610000	7.641000	7.672000	7.703000	7.734000	7.781000	7.812000	7.844000	7.875000	7.906000	7.937000	7.968000	8.015000	8.046000	8.078000	8.109000	8.140000	8.171000	8.202000	8.234000	8.280000	8.312000	8.343000	8.374000	8.405000	8.436000	8.468000	8.514000	8.546000	8.577000	8.608000	8.639000	8.670000	8.702000	8.748000	8.780000	8.811000	8.842000	8.873000	8.904000	8.936000	8.967000	9.014000	9.045000	9.076000	9.107000	9.138000	9.170000	9.201000	9.248000	9.279000	9.310000	9.341000	9.372000	9.404000	9.435000	9.482000	9.513000	9.544000	9.575000	9.606000	9.638000	9.669000	9.700000	9.747000	9.778000	9.809000	9.840000	9.872000	9.903000	9.934000	9.981000	10.012000	10.043000	10.074000	10.106000	10.137000	10.168000	10.199000	10.246000	10.277000	10.308000	10.340000	10.371000	10.402000	10.433000	10.480000	10.511000	10.542000	10.574000	10.605000	10.636000	10.667000	10.698000	10.745000	10.776000	10.808000	10.839000	10.870000	10.901000	10.932000	10.979000	11.010000	11.042000	11.073000	11.104000	11.135000	11.166000	11.213000	11.244000	11.276000	11.307000	11.338000	11.369000	11.400000	11.432000	11.478000	11.510000	11.541000	11.572000	11.603000	11.634000	11.666000	11.712000	11.744000	11.775000	11.806000	11.837000	11.868000	11.900000	11.946000	11.978000	12.009000	12.040000	12.071000	12.102000	12.134000	12.165000	12.212000	12.243000	12.274000	12.305000	12.336000	12.368000	12.399000	12.446000	12.477000	12.508000	12.539000	12.570000	12.602000	12.633000	12.680000	12.711000	12.742000	12.773000	12.804000	12.836000	12.867000	12.898000	12.945000	12.976000	13.007000	13.038000	13.070000	13.101000	13.132000	13.179000	13.210000	13.241000	13.272000	13.304000	13.335000	13.366000	13.413000	13.444000	13.475000	13.506000	13.538000	13.569000	13.600000	13.631000	13.678000	13.709000	13.740000	13.772000	13.803000	13.834000	13.865000	13.912000	13.943000	13.974000	14.006000	14.037000	14.068000	14.099000	14.130000	14.177000	14.208000	14.240000	14.271000	14.302000	14.333000	14.364000	14.411000	14.442000	14.474000	14.505000	14.536000	14.567000	14.598000	14.645000	14.676000	14.708000	14.739000	14.770000	14.801000	14.832000	14.864000	14.910000	14.942000	14.973000	15.004000	15.035000	15.066000	15.098000	15.144000	15.176000	15.207000	15.238000	15.269000	15.300000	15.332000	15.363000	15.410000	15.441000	15.472000	15.503000	15.534000	15.566000	15.597000	15.644000	15.675000	15.706000	15.737000	15.768000	15.800000	15.831000	15.878000	15.909000	15.940000	15.971000	16.002000	16.034000	16.065000	16.096000	16.143000	16.174000	16.205000	16.236000	16.268000	16.299000	16.330000	16.377000	16.408000	16.439000	16.470000	16.502000	16.533000	16.564000	16.611000	16.642000	16.673000	16.704000	16.736000	16.767000	16.798000	16.829000	16.876000	16.907000	16.938000	16.970000	17.001000	17.032000	17.063000	17.110000	17.141000	17.172000	17.204000	17.235000	17.266000	17.297000	17.344000	17.375000	17.406000	17.438000	17.469000	17.500000	17.531000	17.562000	17.609000	17.640000	17.672000	17.703000	17.734000	17.765000	17.796000	17.843000	17.874000	17.906000	17.937000	17.968000	17.999000
%%%	13.913043	13.913043	13.913043	13.913043	13.913043	13.913043	13.913043	13.913043	13.913043	13.913043	13.913043	13.913043	13.913043	13.913043	13.913043	13.913043	13.913043	13.913043	13.913043	13.913043	13.913043	13.913043	13.913043	13.913043	13.913043	13.913043	13.913043	13.913043	13.913043	13.913043	13.913043	13.913043	13.913043	13.913043	13.913043	13.913043	13.913043	13.913043	13.913043	13.913043	13.913043	13.913043	13.913043	13.913043	13.913043	13.913043	13.913043	13.913043	13.913043	13.913043	13.913043	13.913043	13.913043	13.913043	13.913043	13.913043	13.913043	13.913043	13.913043	13.913043	13.913043	13.913043	13.913043	13.913043	13.913043	13.913043	13.913043	13.913043	13.913043	13.913043	13.913043	13.913043	13.913043	13.913043	13.913043	13.913043	13.913043	13.913043	13.913043	13.913043	13.913043	13.913043	13.913043	13.913043	13.913043	13.913043	13.913043	13.913043	13.913043	13.913043	13.913043	13.913043	13.913043	13.913043	13.913043	13.913043	13.913043	13.913043	13.913043	13.913043	13.913043	13.913043	13.913043	13.913043	13.913043	13.913043	13.913043	13.913043	13.913043	13.913043	13.913043	13.913043	13.913043	13.913043	13.913043	13.913043	13.913043	13.913043	13.913043	13.913043	13.913043	13.913043	13.913043	13.913043	13.913043	13.913043	13.913043	13.913043	13.913043	13.913043	13.913043	13.913043	13.913043	13.913043	13.913043	13.913043	13.913043	13.913043	13.913043	13.913043	13.913043	13.913043	13.913043	13.913043	13.913043	13.913043	13.913043	13.913043	13.913043	13.913043	13.913043	13.913043	13.913043	13.913043	13.913043	13.913043	13.913043	13.913043	13.913043	13.913043	13.913043	13.913043	13.913043	13.913043	13.913043	13.913043	13.913043	13.913043	13.913043	13.913043	13.913043	13.913043	13.913043	13.913043	13.913043	13.913043	13.913043	13.913043	13.913043	13.913043	13.913043	13.913043	13.913043	13.913043	13.913043	13.913043	13.913043	13.913043	13.913043	13.913043	13.913043	13.913043	13.913043	13.913043	13.913043	13.913043	13.913043	13.913043	13.913043	13.913043	13.913043	13.913043	13.913043	13.913043	13.913043	13.913043	13.913043	13.913043	13.913043	13.913043	13.913043	13.913043	13.913043	13.913043	13.913043	13.913043	13.913043	13.913043	13.913043	13.913043	13.913043	13.913043	13.913043	13.913043	13.913043	13.913043	13.913043	13.913043	13.913043	13.913043	13.913043	13.913043	13.913043	13.913043	13.913043	13.913043	13.913043	13.913043	13.913043	13.913043	13.913043	13.913043	13.913043	13.913043	13.913043	13.913043	13.913043	13.913043	13.913043	13.913043	13.913043	13.913043	13.913043	13.913043	13.913043	13.913043	13.913043	13.913043	13.913043	13.913043	13.913043	13.913043	13.913043	13.913043	13.913043	13.913043	13.913043	13.913043	13.913043	13.913043	13.913043	13.913043	13.913043	13.913043	13.913043	13.913043	13.913043	13.913043	13.913043	13.913043	13.913043	13.913043	13.913043	13.913043	13.913043	13.913043	13.913043	13.913043	13.913043	13.913043	13.913043	13.913043	13.913043	13.913043	13.913043	13.913043	13.913043	13.913043	13.913043	13.913043	13.913043	13.913043	13.913043	13.913043	13.913043	13.913043	13.913043	13.913043	13.913043	13.913043	13.913043	13.913043	13.913043	13.913043	13.913043	13.913043	13.913043	13.913043	13.913043	13.913043	13.913043	13.913043	13.913043	13.913043	13.913043	13.913043	13.913043	13.913043	13.913043	13.913043	13.913043	13.913043	13.913043	13.913043	13.913043	13.913043	13.913043	13.913043	13.913043	13.913043	13.913043	13.913043	13.913043	13.913043	13.913043	13.913043	13.913043	13.913043	13.913043	13.913043	13.913043	13.913043	13.913043	13.913043	13.913043	13.913043	13.913043	13.913043	13.913043	13.913043	13.913043	13.913043	13.913043	13.913043	13.913043	13.913043	13.913043	13.913043	13.913043	13.913043	13.913043	13.913043	13.913043	13.913043	13.913043	13.913043	13.913043	13.913043	13.913043	13.913043	13.913043	13.913043	13.913043	13.913043	13.913043	13.913043	13.913043	13.913043	13.913043	13.913043	13.913043	13.913043	13.913043	13.913043	13.913043	13.913043	13.913043	13.913043	13.913043	13.913043	13.913043	13.913043	13.913043	13.913043	13.913043	13.913043	13.913043	13.913043	13.913043	13.913043	13.913043	13.913043	13.913043	13.913043	13.913043	13.913043	13.913043	13.913043	13.913043	13.913043	13.913043	13.913043	13.913043	13.913043	13.913043	13.913043	13.913043	13.913043	13.913043	13.913043	13.913043	13.913043	13.913043	13.913043	13.913043	13.913043	13.913043	13.913043	13.913043	13.913043	13.913043	13.913043	13.913043	13.913043	13.913043	13.913043	13.913043	13.913043	13.913043	13.913043	13.913043	13.913043	13.913043	13.913043	13.913043	13.913043	13.913043	13.913043	13.913043	13.913043	13.913043	13.913043	13.913043	13.913043	13.913043	13.913043	13.913043	13.913043	13.913043	13.913043	13.913043	13.913043	13.913043	13.913043	13.913043	13.913043	13.913043	13.913043	13.913043	13.913043	13.913043	13.913043	13.913043	13.913043	13.913043	13.913043	13.913043	13.913043	13.913043	13.913043	13.913043	13.913043	13.913043	13.913043	13.913043	13.913043	13.913043	13.913043	13.913043	13.913043	13.913043	13.913043	13.913043	13.913043	13.913043	13.913043	13.913043	13.913043	13.913043	13.913043	13.913043	13.913043	13.913043	13.913043	13.913043	13.913043	13.913043	13.913043	13.913043	13.913043	13.913043	13.913043	13.913043	13.913043	13.913043	13.913043	13.913043	13.913043	13.913043	13.913043	13.913043	13.913043	13.913043	13.913043	13.913043	13.913043	13.913043	13.913043	13.913043	13.913043	13.913043	13.913043	13.913043
%%%	Pulse Index	Stimulus Section Index	Stimulus Section Start Index	Stimulus Section End Index	Pupil Stimulated: 0 = Right, 1 = Left, 2 = Both	Light Metric: 0 = Photopic, 1 = Scopotic, 2 = Radiometric	Stimulus Start Time	Stimulus Duration	Stimulus Pulse Duration	Right Pulse Max Level	Right Pulse Max Color (0123 = WRGB)	Right Pulse Min Level	Right Pulse Min Color (0123 = WRGB)	Left Pulse Max Level	Left Pulse Max Color (0123 = WRGB)	Left Pulse Min Level	Left Pulse Min Color (0123 = WRGB)	Right Data Input Type (0 == RAW DATA, 1 == FITTED DATA, 2 == M. OVERRIDED)	Right ANALYSIS STATE (0 == ABNORMAL, 1 == NORMAL)	Right MAX (mm) (EMPTY if INVALID)	Right MIN (mm) (EMPTY if INVALID)	Right DELTA (mm) (EMPTY if INVALID)	Right CH (%) (EMPTY if INVALID)	Right LAT (sec) (EMPTY if INVALID)	Right CV (mm/s) (EMPTY if INVALID)	Right MCV (mm/s) (EMPTY if INVALID)	Right DV (mm/s) (EMPTY if INVALID)	Left Data Input Type (0 == RAW DATA, 1 == FITTED DATA, 2 == M. OVERRIDED)	Left ANALYSIS STATE (0 == ABNORMAL, 1 == NORMAL)	Left MAX (mm) (EMPTY if INVALID)	Left MIN (mm) (EMPTY if INVALID)	Left DELTA (mm) (EMPTY if INVALID)	Left CH (%) (EMPTY if INVALID)	Left LAT (sec) (EMPTY if INVALID)	Left CV (mm/s) (EMPTY if INVALID)	Left MCV (mm/s) (EMPTY if INVALID)	Left DV (mm/s) (EMPTY if INVALID)
%%%	0	0	17	542	0	0	0.51	17.52	0.51	99.71	1	0.00	1	0.00	1	0.00	1	0	0	0.00	0.00			0.00	0.00	0.00	0.00	0	0	0.00	0.00			0.00	0.00	0.00	0.00
%%%%%%%%%
%%%%%%%%%
%%%%%%%%%
<\SESSION>
