<SESSION>
<VERSION>
2
<\VERSION>
<DATE>
2017-08-15 09:51:34
<\DATE>
<SUBJECT-ID>
c57-1mois-f4-2r
<\SUBJECT-ID>
<NOTE>

<\NOTE>
<MIN-MAX-PLOT>
0.100000 51880.761719
<\MIN-MAX-PLOT>
<STIMULUS-DEFINED>
Default
Default Human Relative Spectral Sensitivity
1	0
1	0.500000	0.500000	17.000000	1	1	2.000000	-100.000000	0.100000	-100.000000	0
<\STIMULUS-DEFINED>
<STIMULUS-GENERATED>
4
0	0	0.000000	1	0.000000	0.000000	1	0.000000	0.000000
0	1	0.509000	1	0.406861	99.710426	1	0.000000	0.000000
0	4	1.019000	1	0.000000	0.000000	1	0.000000	0.000000
-1	5	18.028000	0	0.000000	0.000000	0	0.000000	0.000000
<\STIMULUS-GENERATED>
<RIGHT-PUPIL-DATA>
543	1
1	-0.067000	1.063623	289.768738	299.768738
1	-0.035000	1.078261	289.500000	300.000000
1	0.011000	1.078841	290.000000	300.000000
1	0.043000	1.063333	289.393738	299.756226
1	0.074000	1.095072	289.625000	300.125000
1	0.105000	1.098985	289.256256	299.756256
1	0.136000	1.088551	289.468750	299.906250
1	0.167000	1.097246	289.268738	299.768738
1	0.199000	1.087536	289.125000	299.875000
1	0.245000	1.095652	289.000000	299.500000
1	0.277000	1.078841	289.000000	300.000000
1	0.308000	1.104203	288.868744	300.318756
1	0.339000	1.089710	289.093750	300.156250
1	0.370000	1.087971	289.193756	299.881256
1	0.401000	1.084058	289.637512	299.950012
1	0.433000	1.075797	290.056274	299.993713
1	0.479000	1.095072	289.250000	300.125000
1	0.511000	1.094493	289.662506	299.725006
1	0.542000	1.066667	288.500000	301.000000
1	0.573000	1.114203	289.475006	299.475006
1	0.604000	1.101449	289.500000	300.000000
1	0.635000	1.113623	289.500000	299.500000
1	0.667000	1.100725	289.331238	299.668762
1	0.698000	1.116377	289.881256	299.318756
1	0.745000	1.114203	289.524994	298.975006
1	0.776000	1.083623	289.381256	299.056244
1	0.807000	1.088551	289.093750	298.343750
1	0.838000	1.064058	289.649994	298.774994
1	0.869000	1.008696	289.750000	298.250000
1	0.901000	0.994638	289.818756	298.618744
1	0.932000	0.957102	289.875000	298.250000
1	0.979000	0.912029	290.368744	298.368744
1	1.010000	0.869420	289.943756	298.243744
1	1.041000	0.858116	290.343750	298.343750
1	1.072000	0.852174	289.500000	298.500000
1	1.103000	0.800580	290.000000	298.500000
1	1.135000	0.794493	289.100006	298.975006
1	1.166000	0.791884	290.000000	299.062500
0	1.197000	0.347826	313.018738	322.481262
1	1.244000	0.746667	289.774994	299.399994
1	1.275000	0.750145	289.600006	298.412506
1	1.306000	0.725072	289.931244	299.006256
1	1.337000	0.741449	289.774994	299.287506
1	1.369000	0.709710	290.131256	299.131256
1	1.400000	0.695652	289.500000	298.000000
1	1.431000	0.732754	288.787506	299.462494
1	1.478000	0.722319	289.625000	299.000000
1	1.509000	0.742898	289.312500	299.312500
1	1.540000	0.754928	289.406250	299.481262
1	1.571000	0.759275	288.543762	300.468750
1	1.603000	0.751159	289.368744	299.631256
1	1.634000	0.784493	289.306244	299.068756
1	1.665000	0.780290	289.824982	299.212494
1	1.712000	0.788116	289.212494	300.087494
1	1.743000	0.800580	289.000000	300.000000
1	1.774000	0.804348	289.750000	300.000000
1	1.805000	0.817971	289.625000	300.187500
1	1.837000	0.834058	288.981262	299.731262
1	1.868000	0.814058	289.693756	299.693756
1	1.899000	0.857971	288.500000	299.000000
1	1.930000	0.838551	288.937500	299.500000
1	1.977000	0.822319	289.237488	299.687500
1	2.008000	0.851015	288.725006	300.725006
1	2.039000	0.828986	289.500000	300.500000
1	2.071000	0.852174	289.000000	300.000000
1	2.102000	0.788406	288.500000	301.000000
1	2.133000	0.839275	288.931244	300.556244
1	2.164000	0.842464	289.306244	299.918732
1	2.211000	0.844638	289.100006	299.725006
1	2.242000	0.732029	289.518738	298.468750
1	2.273000	0.835797	288.618744	299.506256
1	2.305000	0.813623	289.262512	299.262512
1	2.336000	0.835797	289.431244	299.618744
1	2.367000	0.811594	289.750000	299.750000
1	2.398000	0.813623	289.312500	299.312500
1	2.429000	0.835362	289.500000	299.625000
1	2.476000	0.835942	289.600006	299.475006
1	2.507000	0.835942	289.587494	299.475006
1	2.539000	0.823333	289.406250	299.156250
0	2.570000	0.788406	292.500000	297.000000
1	2.601000	0.837391	289.500000	299.362488
1	2.632000	0.831449	289.556244	298.693756
1	2.663000	0.842898	289.500000	298.875000
1	2.710000	0.820580	289.787476	299.412476
1	2.741000	0.835507	290.018738	299.018738
1	2.773000	0.842319	289.524994	299.712494
1	2.804000	0.852174	290.000000	300.000000
1	2.835000	0.834783	289.500000	300.000000
1	2.866000	0.853768	289.593750	300.268738
1	2.897000	0.831449	289.556244	300.443756
1	2.944000	0.835942	289.399994	300.475006
1	2.975000	0.811594	288.500000	301.000000
1	3.007000	0.863623	288.968750	300.218750
1	3.038000	0.881159	288.500000	301.000000
1	3.069000	0.831449	289.443756	300.443756
1	3.100000	0.853188	288.693756	300.293732
1	3.131000	0.857102	289.312500	300.362488
1	3.163000	0.834783	289.500000	300.000000
1	3.209000	0.833768	289.343719	300.431244
1	3.241000	0.836377	289.593750	300.406250
1	3.272000	0.876232	289.087494	300.399994
1	3.303000	0.838116	289.006256	300.506256
1	3.334000	0.866232	288.943756	300.506256
1	3.365000	0.788406	288.500000	301.000000
1	3.397000	0.803768	289.012512	300.137512
1	3.443000	0.788116	290.087494	300.287506
1	3.475000	0.831015	289.049988	300.437500
1	3.506000	0.814058	288.693756	300.306244
1	3.537000	0.839710	288.687500	300.562500
1	3.568000	0.833188	288.981201	300.593750
1	3.599000	0.849420	289.218750	300.218750
1	3.631000	0.848985	289.787506	299.787506
1	3.677000	0.833188	289.406250	300.406250
1	3.709000	0.834058	289.406250	300.018738
1	3.740000	0.846377	289.500000	300.000000
1	3.771000	0.875362	288.500000	300.000000
0	3.802000	0.881159	288.500000	297.000000
1	3.833000	0.869710	289.181244	299.256256
1	3.865000	0.840145	289.506256	299.556244
1	3.896000	0.881159	288.500000	301.000000
1	3.943000	0.876232	289.912506	298.537506
1	3.974000	0.912029	289.743744	298.631256
0	4.005000	0.788406	292.500000	297.000000
1	4.036000	0.881159	288.500000	297.000000
1	4.067000	0.881159	289.312500	299.200012
1	4.099000	0.875073	289.137512	299.887451
1	4.130000	0.887101	289.056244	299.668732
1	4.177000	0.897101	288.924988	299.637512
1	4.208000	0.882754	289.006256	299.306244
1	4.239000	0.887101	288.706268	299.606171
1	4.270000	0.895507	288.431244	300.431244
1	4.301000	0.899710	288.524994	300.149994
0	4.333000	0.788406	292.500000	297.000000
1	4.364000	0.910290	288.306244	299.606232
1	4.411000	0.904348	289.000000	299.500000
1	4.442000	0.885797	289.024994	300.225006
1	4.473000	0.912899	288.631256	300.681244
1	4.504000	0.921594	288.243744	301.243744
1	4.535000	0.894638	288.381256	301.131256
1	4.567000	0.915797	288.343750	301.406250
1	4.598000	0.925072	288.731232	301.181244
1	4.629000	0.890290	288.631256	301.381256
1	4.676000	0.938116	287.993744	301.968719
1	4.707000	0.920580	287.774994	301.225006
1	4.738000	0.911884	288.699982	301.274994
1	4.769000	0.898551	288.000000	301.500000
1	4.801000	0.874638	289.081238	300.856262
1	4.832000	0.922754	288.506256	301.493744
1	4.863000	0.920725	288.243744	301.243744
1	4.910000	0.918985	288.268738	301.731262
1	4.941000	0.885942	287.993744	301.331268
1	4.972000	0.866232	288.818695	300.806244
1	5.003000	0.883188	288.000000	301.299988
1	5.035000	0.885362	287.968750	302.018738
1	5.066000	0.903333	288.043732	301.506256
1	5.097000	0.901015	288.006256	301.556244
1	5.144000	0.929275	287.600006	301.600006
1	5.175000	0.923188	288.350006	301.849945
1	5.206000	0.902754	288.768738	300.531250
1	5.237000	0.905507	288.175079	301.024994
1	5.269000	0.915797	288.031250	301.718750
1	5.300000	0.916667	288.562500	301.375000
1	5.331000	0.920725	289.243744	300.793732
1	5.362000	0.929855	288.625000	301.437500
1	5.409000	0.932029	288.406250	301.406250
1	5.440000	0.929275	288.399994	301.524994
1	5.471000	0.937536	288.968750	301.518738
1	5.503000	0.928841	288.706238	301.706238
1	5.534000	0.951159	288.193756	302.181244
1	5.565000	0.929420	288.443756	301.568756
1	5.596000	0.933768	289.056244	301.056244
1	5.643000	0.927101	288.556244	301.556244
1	5.674000	0.915942	288.500000	301.000000
1	5.705000	0.936232	289.000000	301.500000
1	5.737000	0.904348	288.500000	301.000000
1	5.768000	0.933188	289.281250	301.656250
1	5.799000	0.951594	288.812500	302.187500
1	5.830000	0.925507	288.724976	302.362488
1	5.877000	0.942464	288.556244	302.693756
1	5.908000	0.947246	288.375000	302.625000
1	5.939000	0.925507	288.362488	302.825012
1	5.971000	0.915797	288.593750	303.281250
1	6.002000	0.939130	288.500000	303.000000
1	6.033000	0.904348	288.500000	301.000000
1	6.064000	0.934203	288.500000	303.049988
1	6.095000	0.946232	288.281250	302.843750
1	6.142000	0.904348	288.750000	302.750000
1	6.173000	0.922899	288.524994	302.662506
1	6.205000	0.915942	288.875000	302.625000
1	6.236000	0.910145	288.000000	302.500000
1	6.267000	0.902754	288.731262	302.531250
1	6.298000	0.904348	288.500000	303.000000
1	6.329000	0.904348	288.500000	303.000000
1	6.361000	0.917391	288.375000	302.750000
1	6.407000	0.930580	288.618744	302.618744
1	6.439000	0.922754	288.506256	302.506256
1	6.470000	0.901015	288.843781	302.043732
1	6.501000	0.902029	289.475006	301.524994
1	6.532000	0.902029	289.524994	301.774994
1	6.563000	0.914203	288.649994	302.662506
1	6.595000	0.904348	289.000000	301.500000
1	6.641000	0.903188	289.012482	302.274994
1	6.673000	0.912464	288.750000	301.875000
1	6.704000	0.924928	288.350006	302.537506
1	6.735000	0.892754	288.500000	303.000000
0	6.766000	1.666377	300.899994	309.899994
1	6.797000	0.914203	288.287506	302.350006
1	6.829000	0.926087	288.500000	302.375000
1	6.875000	0.932029	288.468750	301.468750
1	6.907000	0.870580	289.243744	301.243744
1	6.938000	0.938116	288.356232	302.006256
1	6.969000	0.938551	288.487488	302.000000
1	7.000000	0.926087	288.000000	302.375000
1	7.031000	0.916377	288.306244	302.693756
1	7.063000	0.962029	287.975006	302.024994
1	7.094000	0.950145	288.150085	301.850037
1	7.141000	0.970290	287.956238	301.956238
1	7.172000	0.927681	288.343750	301.593750
1	7.203000	0.904348	288.500000	301.000000
1	7.234000	0.927536	287.500000	300.000000
1	7.265000	0.924493	288.593750	300.843750
1	7.297000	0.927536	287.500000	300.000000
1	7.328000	0.927536	288.424988	301.362488
1	7.375000	0.932754	288.500000	300.950012
1	7.406000	0.926667	288.562500	301.437500
1	7.437000	0.955507	288.693756	300.881256
1	7.468000	0.942464	288.506256	301.443756
1	7.499000	0.904348	288.500000	301.000000
1	7.531000	0.904348	288.500000	301.000000
1	7.562000	0.927536	288.000000	301.500000
1	7.609000	0.939130	288.500000	301.000000
1	7.640000	0.915797	288.593750	300.656250
1	7.671000	0.953333	288.324982	300.662506
1	7.702000	0.950725	288.250000	300.750000
1	7.733000	0.937536	288.968750	300.518738
1	7.765000	0.951159	288.818756	300.818756
1	7.796000	0.970290	288.956238	300.956238
1	7.827000	0.970580	288.506256	300.981232
1	7.874000	0.978116	288.818756	300.931244
1	7.905000	0.985507	288.500000	300.000000
1	7.936000	0.959275	288.343750	300.656250
1	7.967000	0.969130	288.043762	301.043762
1	7.999000	0.927536	288.000000	300.500000
1	8.030000	0.963623	288.593750	301.406250
1	8.061000	0.963623	288.031250	300.968750
1	8.108000	0.959710	289.037506	300.537506
1	8.139000	0.931015	288.624969	300.624969
1	8.170000	0.946232	288.781250	301.718750
1	8.201000	0.970580	288.506256	302.006256
1	8.233000	0.955507	288.256256	301.743744
1	8.264000	0.938406	288.518738	301.518738
1	8.295000	0.967971	288.081238	302.031250
1	8.342000	0.946667	288.350006	302.350006
1	8.373000	0.968985	287.937500	302.437500
1	8.404000	0.955362	287.712494	303.274994
1	8.435000	0.971159	287.531250	303.906250
1	8.467000	0.947101	287.381256	303.806244
1	8.498000	0.939130	287.750000	303.750000
1	8.529000	0.951159	288.181244	303.181244
1	8.560000	0.939130	287.500000	303.000000
1	8.607000	0.937971	287.975006	302.975006
1	8.638000	0.959855	287.943756	302.693756
1	8.669000	0.953333	287.774994	302.662506
1	8.701000	0.975072	287.975006	302.475006
0	8.732000	0.788406	292.500000	301.000000
1	8.763000	0.944928	288.500000	302.500000
1	8.794000	0.959710	288.037506	303.225006
1	8.841000	0.965942	287.893738	303.143738
1	8.872000	0.951015	288.162506	303.287506
0	8.903000	0.835942	288.524994	300.975006
1	8.935000	0.962899	287.837494	302.649994
1	8.966000	0.973913	287.750000	302.750000
1	8.997000	0.957102	288.125000	303.250000
1	9.028000	0.975507	287.906250	302.906250
1	9.075000	0.962319	288.625000	302.375000
1	9.106000	0.974493	288.062500	302.125000
1	9.137000	0.973913	288.000000	302.500000
1	9.169000	0.973913	289.500000	302.000000
1	9.200000	0.977681	287.937500	302.562500
1	9.231000	0.986377	288.174988	302.687500
1	9.262000	0.988116	288.287506	302.712494
1	9.293000	0.974493	287.875000	302.437500
1	9.340000	0.968406	287.912506	302.537506
1	9.371000	0.947826	287.750000	302.500000
1	9.403000	0.988116	288.274994	301.962494
1	9.434000	0.977101	288.199982	302.037506
1	9.465000	0.972899	288.493744	301.943756
1	9.496000	0.977246	288.018768	302.006256
1	9.527000	0.982754	288.243744	301.868744
1	9.574000	0.970290	288.156250	301.043762
1	9.605000	1.007681	288.506256	301.443756
1	9.637000	0.989710	288.781250	301.656250
0	9.668000	0.887101	288.943756	299.756256
1	9.699000	1.024058	288.587494	301.787506
1	9.730000	0.973913	288.500000	301.000000
1	9.761000	1.020290	287.862488	302.362488
1	9.808000	1.043478	287.750000	302.250000
1	9.839000	1.045507	287.999969	302.137482
1	9.871000	1.023623	288.231232	302.206146
1	9.902000	1.044058	288.000000	302.000000
1	9.933000	1.034928	287.881256	302.118744
1	9.964000	1.044638	287.524994	301.600006
1	9.995000	1.061449	287.750000	301.750000
1	10.027000	1.044638	287.524994	301.975006
1	10.073000	1.009275	287.950012	302.400024
1	10.105000	1.044638	287.475006	302.475006
1	10.136000	1.044638	287.524994	302.475006
1	10.167000	1.039130	287.031250	302.156250
1	10.198000	1.079420	287.512482	301.975006
1	10.229000	1.061884	287.743744	301.806244
1	10.261000	1.052754	287.625000	302.125000
1	10.292000	1.052174	287.750000	302.000000
1	10.339000	1.029855	287.437500	302.299988
1	10.370000	1.078841	288.000000	302.000000
1	10.401000	1.048841	287.568756	302.306244
1	10.432000	1.078841	288.000000	302.562500
1	10.463000	1.053768	287.593750	303.143738
1	10.495000	1.061449	287.750000	302.250000
1	10.526000	1.044493	287.493744	302.443756
1	10.573000	1.044638	287.524994	302.975006
1	10.604000	1.079275	288.006256	302.443756
1	10.635000	1.061449	287.250000	303.250000
1	10.666000	1.061449	287.250000	303.737488
1	10.697000	1.020290	287.500000	302.000000
1	10.729000	1.055942	287.375000	303.262512
1	10.760000	1.079420	287.024994	302.024994
1	10.807000	1.070725	287.149994	302.149994
1	10.838000	1.078841	288.000000	302.500000
1	10.869000	1.079420	287.574982	302.024994
1	10.900000	1.049420	287.468750	302.468750
1	10.931000	1.037681	287.512512	302.112488
1	10.963000	1.089855	287.000000	301.500000
1	10.994000	1.052754	287.125000	302.862488
1	11.025000	1.044638	286.975006	302.475006
1	11.072000	1.072464	287.000000	303.000000
1	11.103000	1.059710	287.225006	302.774994
1	11.134000	1.041015	286.506256	303.118744
1	11.165000	1.053623	286.737488	302.237488
1	11.197000	1.020290	287.500000	302.000000
1	11.228000	1.048841	287.556244	302.881256
1	11.259000	0.979710	289.375000	302.875000
1	11.306000	1.020290	287.500000	302.000000
1	11.337000	1.024638	287.612488	303.187500
1	11.368000	1.004203	287.193695	302.906158
1	11.399000	1.034203	287.500000	303.125000
1	11.431000	1.002899	287.500000	303.000000
1	11.462000	1.038986	287.068756	303.556244
1	11.493000	1.038116	287.443756	302.881256
1	11.540000	1.034203	286.500000	303.125000
1	11.571000	1.020290	287.500000	302.000000
1	11.602000	1.055942	286.875000	302.737488
1	11.633000	1.059420	287.187500	302.799988
1	11.665000	1.024493	287.218750	303.218750
1	11.696000	1.008696	287.500000	304.000000
1	11.727000	1.036232	287.424988	303.112488
1	11.758000	1.040290	287.537506	302.912506
1	11.805000	1.059275	287.793762	303.043762
1	11.836000	1.066667	287.250000	303.750000
1	11.867000	1.031594	287.412506	304.162506
1	11.899000	1.055072	287.500000	304.000000
1	11.930000	1.049275	287.000000	304.500000
1	11.961000	1.020290	287.500000	304.000000
1	11.992000	1.066667	285.500000	306.000000
1	12.039000	1.041015	287.493744	304.506256
1	12.070000	1.043333	287.043732	304.493744
1	12.101000	1.043478	287.000000	304.500000
1	12.133000	1.042319	287.012482	304.100006
1	12.164000	1.031884	286.500000	304.000000
1	12.195000	1.050580	287.093781	304.093719
1	12.226000	1.059855	287.193756	303.756256
1	12.273000	1.048985	287.462494	303.537506
1	12.304000	1.044638	287.475006	303.600006
1	12.335000	1.049275	286.875000	304.125000
1	12.367000	1.089855	287.000000	303.500000
1	12.398000	1.035507	286.856262	303.356262
1	12.429000	1.043478	287.000000	303.500000
1	12.460000	1.044058	287.000000	303.625000
1	12.491000	1.056377	287.306244	302.931244
1	12.538000	1.078261	287.250000	302.250000
1	12.569000	1.044638	286.975006	302.975006
1	12.601000	1.079420	287.024994	302.975006
1	12.632000	1.044638	287.475006	302.524994
1	12.663000	1.044638	287.524994	302.475006
1	12.694000	1.078841	287.000000	302.487488
1	12.725000	1.089855	287.000000	301.500000
1	12.772000	1.044638	287.399994	302.975006
1	12.803000	1.062029	287.225006	302.600006
1	12.835000	1.056377	287.068756	302.868744
1	12.866000	1.042754	286.518738	303.406250
1	12.897000	1.020145	286.656250	302.331238
1	12.928000	1.078841	286.562500	303.000000
1	12.959000	1.014203	287.537506	302.712494
1	13.006000	1.052754	287.375000	301.875000
1	13.037000	1.061449	287.250000	302.250000
1	13.069000	1.061884	287.256256	302.618744
1	13.100000	1.061449	287.250000	302.250000
1	13.131000	1.051884	286.712494	302.587494
1	13.162000	1.040290	287.462494	302.912506
1	13.193000	1.062029	287.399994	303.274994
1	13.225000	1.077246	286.993744	302.943756
1	13.271000	1.089855	286.000000	303.500000
1	13.303000	1.059855	287.243744	303.756256
1	13.334000	1.060290	286.799988	303.687500
1	13.365000	1.043333	286.431244	303.493744
1	13.396000	1.029710	286.481232	302.831207
1	13.427000	1.042464	286.556244	302.568756
1	13.459000	1.061884	286.756256	303.243744
1	13.505000	1.072464	287.375000	302.875000
1	13.537000	1.049420	286.656250	303.031250
1	13.568000	1.050145	287.899994	302.912506
1	13.599000	1.057536	287.181244	303.681244
1	13.630000	1.042754	287.018738	303.593750
1	13.661000	1.062319	286.906250	303.843750
1	13.693000	1.034203	286.500000	303.875000
1	13.739000	1.043333	286.506256	304.006256
1	13.771000	1.008841	286.993744	303.506256
1	13.802000	1.053768	286.906250	303.843750
1	13.833000	1.020290	287.500000	302.000000
1	13.864000	1.008696	287.250000	303.250000
1	13.895000	1.026667	286.799988	303.250000
1	13.927000	1.007536	286.975006	302.774994
1	13.958000	1.025507	286.750000	303.250000
1	14.005000	1.044638	287.024933	303.024994
1	14.036000	1.014493	287.000000	303.000000
1	14.067000	1.008696	286.750000	303.250000
1	14.098000	1.035942	286.875000	304.349915
1	14.129000	1.044058	286.000000	304.250000
1	14.161000	1.036667	286.568756	303.931244
1	14.192000	1.055072	287.500000	304.000000
1	14.239000	1.017536	287.006256	303.681244
1	14.270000	1.044638	286.975006	303.975006
1	14.301000	1.031884	286.500000	304.000000
1	14.332000	1.018551	286.850006	303.350006
1	14.363000	1.034783	286.750000	304.000000
1	14.395000	1.061449	287.250000	304.750000
1	14.426000	1.044058	287.000000	304.500000
1	14.457000	1.044638	287.524994	304.399994
1	14.504000	1.043478	287.000000	303.500000
1	14.535000	1.040290	287.475006	304.912506
1	14.566000	1.048406	287.062500	305.187500
1	14.597000	1.061449	287.250000	305.250000
1	14.629000	1.043333	286.506256	305.506256
1	14.660000	1.041884	286.406250	306.031250
1	14.691000	1.041594	286.531250	305.531250
1	14.738000	1.025942	286.406250	305.343750
1	14.769000	1.066667	285.500000	306.000000
1	14.800000	1.043188	286.699982	305.024994
1	14.831000	1.043478	286.500000	305.000000
1	14.863000	1.042754	286.481262	305.518738
1	14.894000	1.035942	286.350006	306.350006
1	14.925000	1.049420	286.468750	306.906250
1	14.972000	1.051159	286.068756	307.068756
1	15.003000	1.046377	285.750000	307.250000
1	15.034000	0.999710	286.187500	306.674988
1	15.065000	1.024493	285.781250	307.781250
1	15.097000	1.043478	286.000000	308.500000
1	15.128000	1.061449	285.750000	307.750000
1	15.159000	1.042754	285.518738	308.518738
1	15.190000	1.055942	285.737488	307.875000
1	15.237000	1.052754	285.375000	308.125000
1	15.268000	1.060870	285.625000	308.125000
1	15.299000	1.044638	285.600006	308.475006
1	15.331000	1.022899	285.637482	307.662506
1	15.362000	1.046812	285.493744	307.993744
1	15.393000	1.044638	285.475006	307.975006
1	15.424000	1.044638	285.475006	307.975006
1	15.471000	1.020290	285.500000	308.000000
1	15.502000	1.062464	285.606262	307.268738
1	15.533000	1.052754	285.875000	307.862488
1	15.565000	1.027971	285.718811	307.831177
1	15.596000	1.066667	285.125000	307.625000
1	15.627000	1.044058	286.000000	307.000000
1	15.658000	1.079420	285.587494	307.024994
1	15.705000	1.083768	285.524994	307.037506
1	15.736000	1.060870	285.687500	306.687500
1	15.767000	1.058116	285.656250	307.156250
1	15.799000	1.081594	285.556244	307.443756
1	15.830000	1.068116	285.674988	307.687500
1	15.861000	1.078261	285.250000	308.250000
1	15.892000	1.061449	285.250000	307.750000
1	15.923000	1.061884	285.256256	307.256256
1	15.970000	1.044493	285.493744	307.381256
1	16.001000	1.066812	285.656250	307.218750
1	16.033000	1.044638	285.524994	306.475006
1	16.064000	1.062464	285.781250	306.718750
1	16.095000	1.061449	285.625000	306.250000
1	16.126000	1.053333	285.399994	306.100006
1	16.157000	1.061449	285.750000	306.250000
1	16.204000	1.077246	285.943756	306.543732
1	16.235000	1.068116	285.750000	306.250000
1	16.267000	1.061449	285.750000	306.750000
1	16.298000	1.076377	285.468750	306.406250
1	16.329000	1.079420	285.524994	306.975006
1	16.360000	1.073188	285.456238	307.456238
1	16.391000	1.079275	285.443756	307.006256
1	16.423000	1.044638	285.524994	306.975006
1	16.469000	1.066232	285.306244	306.281281
1	16.501000	1.057536	285.181244	306.818756
1	16.532000	1.044638	284.975006	306.475006
1	16.563000	1.061449	285.250000	306.737488
1	16.594000	1.053333	285.399994	307.100006
1	16.625000	1.043333	285.568756	306.993744
1	16.657000	1.043478	286.500000	307.000000
1	16.703000	1.078261	285.750000	306.250000
1	16.735000	1.061884	285.381256	306.243744
1	16.766000	1.061449	285.187500	306.750000
1	16.797000	1.060870	285.500000	307.000000
1	16.828000	1.062464	285.268738	307.218750
1	16.859000	1.057536	285.231232	307.681244
1	16.891000	1.050725	285.112488	307.450012
1	16.937000	1.063623	285.268738	307.331238
1	16.969000	1.070725	285.149994	307.600006
1	17.000000	1.052754	285.375000	307.125000
0	17.031000	1.652029	296.631226	306.881226
1	17.062000	1.058116	285.156250	307.281250
1	17.093000	1.062029	285.225006	307.225006
1	17.125000	1.053188	285.881256	307.118744
1	17.156000	1.044058	285.625000	307.000000
1	17.203000	1.053623	285.737488	307.125000
1	17.234000	1.052174	285.500000	307.750000
1	17.265000	1.044638	285.475006	308.475006
1	17.296000	1.044638	285.399994	308.024994
1	17.327000	1.029275	285.462494	307.837494
1	17.359000	1.055072	285.500000	308.000000
1	17.390000	1.044638	285.475006	308.412506
1	17.437000	1.044638	285.600006	307.975006
1	17.468000	1.061449	285.250000	308.250000
1	17.499000	1.045072	285.018738	308.018738
1	17.530000	1.078261	285.250000	308.250000
1	17.561000	1.043478	285.250000	307.750000
1	17.593000	1.072464	285.125000	308.375000
1	17.624000	1.079420	285.024994	308.024994
1	17.671000	1.061449	284.750000	308.250000
1	17.702000	1.104928	284.750000	308.375000
1	17.733000	1.064638	284.812500	308.937500
1	17.764000	1.061449	284.750000	308.750000
1	17.795000	1.078841	285.000000	308.437500
1	17.827000	1.088551	284.906250	308.381226
1	17.858000	1.064058	284.662506	308.337494
1	17.889000	1.066667	284.500000	305.000000
1	17.936000	1.068551	285.318756	307.318756
1	17.967000	1.034203	285.125000	308.062500
1	17.998000	1.020290	285.500000	308.000000
<\RIGHT-PUPIL-DATA>
<LEFT-PUPIL-DATA>
543	0
0	-0.067000	13.913043	240.000000	320.000000
0	-0.035000	13.913043	240.000000	320.000000
0	0.011000	13.913043	240.000000	320.000000
0	0.043000	13.913043	240.000000	320.000000
0	0.074000	13.913043	240.000000	320.000000
0	0.105000	13.913043	240.000000	320.000000
0	0.136000	13.913043	240.000000	320.000000
0	0.167000	13.913043	240.000000	320.000000
0	0.199000	13.913043	240.000000	320.000000
0	0.230000	13.913043	240.000000	320.000000
0	0.277000	13.913043	240.000000	320.000000
0	0.308000	13.913043	240.000000	320.000000
0	0.339000	13.913043	240.000000	320.000000
0	0.370000	13.913043	240.000000	320.000000
0	0.401000	13.913043	240.000000	320.000000
0	0.433000	13.913043	240.000000	320.000000
0	0.464000	13.913043	240.000000	320.000000
0	0.511000	13.913043	240.000000	320.000000
0	0.542000	13.913043	240.000000	320.000000
0	0.573000	13.913043	240.000000	320.000000
0	0.604000	13.913043	240.000000	320.000000
0	0.635000	13.913043	240.000000	320.000000
0	0.667000	13.913043	240.000000	320.000000
0	0.698000	13.913043	240.000000	320.000000
0	0.745000	13.913043	240.000000	320.000000
0	0.776000	13.913043	240.000000	320.000000
0	0.807000	13.913043	240.000000	320.000000
0	0.838000	13.913043	240.000000	320.000000
0	0.869000	13.913043	240.000000	320.000000
0	0.901000	13.913043	240.000000	320.000000
0	0.932000	13.913043	240.000000	320.000000
0	0.963000	13.913043	240.000000	320.000000
0	1.010000	13.913043	240.000000	320.000000
0	1.041000	13.913043	240.000000	320.000000
0	1.072000	13.913043	240.000000	320.000000
0	1.103000	13.913043	240.000000	320.000000
0	1.135000	13.913043	240.000000	320.000000
0	1.166000	13.913043	240.000000	320.000000
0	1.197000	13.913043	240.000000	320.000000
0	1.244000	13.913043	240.000000	320.000000
0	1.275000	13.913043	240.000000	320.000000
0	1.306000	13.913043	240.000000	320.000000
0	1.337000	13.913043	240.000000	320.000000
0	1.369000	13.913043	240.000000	320.000000
0	1.400000	13.913043	240.000000	320.000000
0	1.431000	13.913043	240.000000	320.000000
0	1.478000	13.913043	240.000000	320.000000
0	1.509000	13.913043	240.000000	320.000000
0	1.540000	13.913043	240.000000	320.000000
0	1.571000	13.913043	240.000000	320.000000
0	1.603000	13.913043	240.000000	320.000000
0	1.634000	13.913043	240.000000	320.000000
0	1.665000	13.913043	240.000000	320.000000
0	1.696000	13.913043	240.000000	320.000000
0	1.743000	13.913043	240.000000	320.000000
0	1.774000	13.913043	240.000000	320.000000
0	1.805000	13.913043	240.000000	320.000000
0	1.837000	13.913043	240.000000	320.000000
0	1.868000	13.913043	240.000000	320.000000
0	1.899000	13.913043	240.000000	320.000000
0	1.930000	13.913043	240.000000	320.000000
0	1.977000	13.913043	240.000000	320.000000
0	2.008000	13.913043	240.000000	320.000000
0	2.039000	13.913043	240.000000	320.000000
0	2.071000	13.913043	240.000000	320.000000
0	2.102000	13.913043	240.000000	320.000000
0	2.133000	13.913043	240.000000	320.000000
0	2.164000	13.913043	240.000000	320.000000
0	2.195000	13.913043	240.000000	320.000000
0	2.242000	13.913043	240.000000	320.000000
0	2.273000	13.913043	240.000000	320.000000
0	2.305000	13.913043	240.000000	320.000000
0	2.336000	13.913043	240.000000	320.000000
0	2.367000	13.913043	240.000000	320.000000
0	2.398000	13.913043	240.000000	320.000000
0	2.429000	13.913043	240.000000	320.000000
0	2.476000	13.913043	240.000000	320.000000
0	2.507000	13.913043	240.000000	320.000000
0	2.539000	13.913043	240.000000	320.000000
0	2.570000	13.913043	240.000000	320.000000
0	2.601000	13.913043	240.000000	320.000000
0	2.632000	13.913043	240.000000	320.000000
0	2.663000	13.913043	240.000000	320.000000
0	2.710000	13.913043	240.000000	320.000000
0	2.741000	13.913043	240.000000	320.000000
0	2.773000	13.913043	240.000000	320.000000
0	2.804000	13.913043	240.000000	320.000000
0	2.835000	13.913043	240.000000	320.000000
0	2.866000	13.913043	240.000000	320.000000
0	2.897000	13.913043	240.000000	320.000000
0	2.929000	13.913043	240.000000	320.000000
0	2.975000	13.913043	240.000000	320.000000
0	3.007000	13.913043	240.000000	320.000000
0	3.038000	13.913043	240.000000	320.000000
0	3.069000	13.913043	240.000000	320.000000
0	3.100000	13.913043	240.000000	320.000000
0	3.131000	13.913043	240.000000	320.000000
0	3.163000	13.913043	240.000000	320.000000
0	3.209000	13.913043	240.000000	320.000000
0	3.241000	13.913043	240.000000	320.000000
0	3.272000	13.913043	240.000000	320.000000
0	3.303000	13.913043	240.000000	320.000000
0	3.334000	13.913043	240.000000	320.000000
0	3.365000	13.913043	240.000000	320.000000
0	3.397000	13.913043	240.000000	320.000000
0	3.443000	13.913043	240.000000	320.000000
0	3.475000	13.913043	240.000000	320.000000
0	3.506000	13.913043	240.000000	320.000000
0	3.537000	13.913043	240.000000	320.000000
0	3.568000	13.913043	240.000000	320.000000
0	3.599000	13.913043	240.000000	320.000000
0	3.631000	13.913043	240.000000	320.000000
0	3.662000	13.913043	240.000000	320.000000
0	3.709000	13.913043	240.000000	320.000000
0	3.740000	13.913043	240.000000	320.000000
0	3.771000	13.913043	240.000000	320.000000
0	3.802000	13.913043	240.000000	320.000000
0	3.833000	13.913043	240.000000	320.000000
0	3.865000	13.913043	240.000000	320.000000
0	3.896000	13.913043	240.000000	320.000000
0	3.943000	13.913043	240.000000	320.000000
0	3.974000	13.913043	240.000000	320.000000
0	4.005000	13.913043	240.000000	320.000000
0	4.036000	13.913043	240.000000	320.000000
0	4.067000	13.913043	240.000000	320.000000
0	4.099000	13.913043	240.000000	320.000000
0	4.130000	13.913043	240.000000	320.000000
0	4.161000	13.913043	240.000000	320.000000
0	4.208000	13.913043	240.000000	320.000000
0	4.239000	13.913043	240.000000	320.000000
0	4.270000	13.913043	240.000000	320.000000
0	4.301000	13.913043	240.000000	320.000000
0	4.333000	13.913043	240.000000	320.000000
0	4.364000	13.913043	240.000000	320.000000
0	4.395000	13.913043	240.000000	320.000000
0	4.442000	13.913043	240.000000	320.000000
0	4.473000	13.913043	240.000000	320.000000
0	4.504000	13.913043	240.000000	320.000000
0	4.535000	13.913043	240.000000	320.000000
0	4.567000	13.913043	240.000000	320.000000
0	4.598000	13.913043	240.000000	320.000000
0	4.629000	13.913043	240.000000	320.000000
0	4.676000	13.913043	240.000000	320.000000
0	4.707000	13.913043	240.000000	320.000000
0	4.738000	13.913043	240.000000	320.000000
0	4.769000	13.913043	240.000000	320.000000
0	4.801000	13.913043	240.000000	320.000000
0	4.832000	13.913043	240.000000	320.000000
0	4.863000	13.913043	240.000000	320.000000
0	4.894000	13.913043	240.000000	320.000000
0	4.941000	13.913043	240.000000	320.000000
0	4.972000	13.913043	240.000000	320.000000
0	5.003000	13.913043	240.000000	320.000000
0	5.035000	13.913043	240.000000	320.000000
0	5.066000	13.913043	240.000000	320.000000
0	5.097000	13.913043	240.000000	320.000000
0	5.128000	13.913043	240.000000	320.000000
0	5.175000	13.913043	240.000000	320.000000
0	5.206000	13.913043	240.000000	320.000000
0	5.237000	13.913043	240.000000	320.000000
0	5.269000	13.913043	240.000000	320.000000
0	5.300000	13.913043	240.000000	320.000000
0	5.331000	13.913043	240.000000	320.000000
0	5.362000	13.913043	240.000000	320.000000
0	5.409000	13.913043	240.000000	320.000000
0	5.440000	13.913043	240.000000	320.000000
0	5.471000	13.913043	240.000000	320.000000
0	5.503000	13.913043	240.000000	320.000000
0	5.534000	13.913043	240.000000	320.000000
0	5.565000	13.913043	240.000000	320.000000
0	5.596000	13.913043	240.000000	320.000000
0	5.627000	13.913043	240.000000	320.000000
0	5.674000	13.913043	240.000000	320.000000
0	5.705000	13.913043	240.000000	320.000000
0	5.737000	13.913043	240.000000	320.000000
0	5.768000	13.913043	240.000000	320.000000
0	5.799000	13.913043	240.000000	320.000000
0	5.830000	13.913043	240.000000	320.000000
0	5.861000	13.913043	240.000000	320.000000
0	5.908000	13.913043	240.000000	320.000000
0	5.939000	13.913043	240.000000	320.000000
0	5.971000	13.913043	240.000000	320.000000
0	6.002000	13.913043	240.000000	320.000000
0	6.033000	13.913043	240.000000	320.000000
0	6.064000	13.913043	240.000000	320.000000
0	6.095000	13.913043	240.000000	320.000000
0	6.127000	13.913043	240.000000	320.000000
0	6.173000	13.913043	240.000000	320.000000
0	6.205000	13.913043	240.000000	320.000000
0	6.236000	13.913043	240.000000	320.000000
0	6.267000	13.913043	240.000000	320.000000
0	6.298000	13.913043	240.000000	320.000000
0	6.329000	13.913043	240.000000	320.000000
0	6.361000	13.913043	240.000000	320.000000
0	6.407000	13.913043	240.000000	320.000000
0	6.439000	13.913043	240.000000	320.000000
0	6.470000	13.913043	240.000000	320.000000
0	6.501000	13.913043	240.000000	320.000000
0	6.532000	13.913043	240.000000	320.000000
0	6.563000	13.913043	240.000000	320.000000
0	6.595000	13.913043	240.000000	320.000000
0	6.641000	13.913043	240.000000	320.000000
0	6.673000	13.913043	240.000000	320.000000
0	6.704000	13.913043	240.000000	320.000000
0	6.735000	13.913043	240.000000	320.000000
0	6.766000	13.913043	240.000000	320.000000
0	6.797000	13.913043	240.000000	320.000000
0	6.829000	13.913043	240.000000	320.000000
0	6.860000	13.913043	240.000000	320.000000
0	6.907000	13.913043	240.000000	320.000000
0	6.938000	13.913043	240.000000	320.000000
0	6.969000	13.913043	240.000000	320.000000
0	7.000000	13.913043	240.000000	320.000000
0	7.031000	13.913043	240.000000	320.000000
0	7.063000	13.913043	240.000000	320.000000
0	7.094000	13.913043	240.000000	320.000000
0	7.141000	13.913043	240.000000	320.000000
0	7.172000	13.913043	240.000000	320.000000
0	7.203000	13.913043	240.000000	320.000000
0	7.234000	13.913043	240.000000	320.000000
0	7.265000	13.913043	240.000000	320.000000
0	7.297000	13.913043	240.000000	320.000000
0	7.328000	13.913043	240.000000	320.000000
0	7.375000	13.913043	240.000000	320.000000
0	7.406000	13.913043	240.000000	320.000000
0	7.437000	13.913043	240.000000	320.000000
0	7.468000	13.913043	240.000000	320.000000
0	7.499000	13.913043	240.000000	320.000000
0	7.531000	13.913043	240.000000	320.000000
0	7.562000	13.913043	240.000000	320.000000
0	7.593000	13.913043	240.000000	320.000000
0	7.640000	13.913043	240.000000	320.000000
0	7.671000	13.913043	240.000000	320.000000
0	7.702000	13.913043	240.000000	320.000000
0	7.733000	13.913043	240.000000	320.000000
0	7.765000	13.913043	240.000000	320.000000
0	7.796000	13.913043	240.000000	320.000000
0	7.827000	13.913043	240.000000	320.000000
0	7.874000	13.913043	240.000000	320.000000
0	7.905000	13.913043	240.000000	320.000000
0	7.936000	13.913043	240.000000	320.000000
0	7.967000	13.913043	240.000000	320.000000
0	7.999000	13.913043	240.000000	320.000000
0	8.030000	13.913043	240.000000	320.000000
0	8.061000	13.913043	240.000000	320.000000
0	8.108000	13.913043	240.000000	320.000000
0	8.139000	13.913043	240.000000	320.000000
0	8.170000	13.913043	240.000000	320.000000
0	8.201000	13.913043	240.000000	320.000000
0	8.233000	13.913043	240.000000	320.000000
0	8.264000	13.913043	240.000000	320.000000
0	8.295000	13.913043	240.000000	320.000000
0	8.326000	13.913043	240.000000	320.000000
0	8.373000	13.913043	240.000000	320.000000
0	8.404000	13.913043	240.000000	320.000000
0	8.435000	13.913043	240.000000	320.000000
0	8.467000	13.913043	240.000000	320.000000
0	8.498000	13.913043	240.000000	320.000000
0	8.529000	13.913043	240.000000	320.000000
0	8.560000	13.913043	240.000000	320.000000
0	8.607000	13.913043	240.000000	320.000000
0	8.638000	13.913043	240.000000	320.000000
0	8.669000	13.913043	240.000000	320.000000
0	8.701000	13.913043	240.000000	320.000000
0	8.732000	13.913043	240.000000	320.000000
0	8.763000	13.913043	240.000000	320.000000
0	8.794000	13.913043	240.000000	320.000000
0	8.841000	13.913043	240.000000	320.000000
0	8.872000	13.913043	240.000000	320.000000
0	8.903000	13.913043	240.000000	320.000000
0	8.935000	13.913043	240.000000	320.000000
0	8.966000	13.913043	240.000000	320.000000
0	8.997000	13.913043	240.000000	320.000000
0	9.028000	13.913043	240.000000	320.000000
0	9.059000	13.913043	240.000000	320.000000
0	9.106000	13.913043	240.000000	320.000000
0	9.137000	13.913043	240.000000	320.000000
0	9.169000	13.913043	240.000000	320.000000
0	9.200000	13.913043	240.000000	320.000000
0	9.231000	13.913043	240.000000	320.000000
0	9.262000	13.913043	240.000000	320.000000
0	9.293000	13.913043	240.000000	320.000000
0	9.340000	13.913043	240.000000	320.000000
0	9.371000	13.913043	240.000000	320.000000
0	9.403000	13.913043	240.000000	320.000000
0	9.434000	13.913043	240.000000	320.000000
0	9.465000	13.913043	240.000000	320.000000
0	9.496000	13.913043	240.000000	320.000000
0	9.527000	13.913043	240.000000	320.000000
0	9.574000	13.913043	240.000000	320.000000
0	9.605000	13.913043	240.000000	320.000000
0	9.637000	13.913043	240.000000	320.000000
0	9.668000	13.913043	240.000000	320.000000
0	9.699000	13.913043	240.000000	320.000000
0	9.730000	13.913043	240.000000	320.000000
0	9.761000	13.913043	240.000000	320.000000
0	9.793000	13.913043	240.000000	320.000000
0	9.839000	13.913043	240.000000	320.000000
0	9.871000	13.913043	240.000000	320.000000
0	9.902000	13.913043	240.000000	320.000000
0	9.933000	13.913043	240.000000	320.000000
0	9.964000	13.913043	240.000000	320.000000
0	9.995000	13.913043	240.000000	320.000000
0	10.027000	13.913043	240.000000	320.000000
0	10.058000	13.913043	240.000000	320.000000
0	10.105000	13.913043	240.000000	320.000000
0	10.136000	13.913043	240.000000	320.000000
0	10.167000	13.913043	240.000000	320.000000
0	10.198000	13.913043	240.000000	320.000000
0	10.229000	13.913043	240.000000	320.000000
0	10.261000	13.913043	240.000000	320.000000
0	10.292000	13.913043	240.000000	320.000000
0	10.339000	13.913043	240.000000	320.000000
0	10.370000	13.913043	240.000000	320.000000
0	10.401000	13.913043	240.000000	320.000000
0	10.432000	13.913043	240.000000	320.000000
0	10.463000	13.913043	240.000000	320.000000
0	10.495000	13.913043	240.000000	320.000000
0	10.526000	13.913043	240.000000	320.000000
0	10.573000	13.913043	240.000000	320.000000
0	10.604000	13.913043	240.000000	320.000000
0	10.635000	13.913043	240.000000	320.000000
0	10.666000	13.913043	240.000000	320.000000
0	10.697000	13.913043	240.000000	320.000000
0	10.729000	13.913043	240.000000	320.000000
0	10.760000	13.913043	240.000000	320.000000
0	10.791000	13.913043	240.000000	320.000000
0	10.838000	13.913043	240.000000	320.000000
0	10.869000	13.913043	240.000000	320.000000
0	10.900000	13.913043	240.000000	320.000000
0	10.931000	13.913043	240.000000	320.000000
0	10.963000	13.913043	240.000000	320.000000
0	10.994000	13.913043	240.000000	320.000000
0	11.025000	13.913043	240.000000	320.000000
0	11.072000	13.913043	240.000000	320.000000
0	11.103000	13.913043	240.000000	320.000000
0	11.134000	13.913043	240.000000	320.000000
0	11.165000	13.913043	240.000000	320.000000
0	11.197000	13.913043	240.000000	320.000000
0	11.228000	13.913043	240.000000	320.000000
0	11.259000	13.913043	240.000000	320.000000
0	11.306000	13.913043	240.000000	320.000000
0	11.337000	13.913043	240.000000	320.000000
0	11.368000	13.913043	240.000000	320.000000
0	11.399000	13.913043	240.000000	320.000000
0	11.431000	13.913043	240.000000	320.000000
0	11.462000	13.913043	240.000000	320.000000
0	11.493000	13.913043	240.000000	320.000000
0	11.524000	13.913043	240.000000	320.000000
0	11.571000	13.913043	240.000000	320.000000
0	11.602000	13.913043	240.000000	320.000000
0	11.633000	13.913043	240.000000	320.000000
0	11.665000	13.913043	240.000000	320.000000
0	11.696000	13.913043	240.000000	320.000000
0	11.727000	13.913043	240.000000	320.000000
0	11.758000	13.913043	240.000000	320.000000
0	11.805000	13.913043	240.000000	320.000000
0	11.836000	13.913043	240.000000	320.000000
0	11.867000	13.913043	240.000000	320.000000
0	11.899000	13.913043	240.000000	320.000000
0	11.930000	13.913043	240.000000	320.000000
0	11.961000	13.913043	240.000000	320.000000
0	11.992000	13.913043	240.000000	320.000000
0	12.039000	13.913043	240.000000	320.000000
0	12.070000	13.913043	240.000000	320.000000
0	12.101000	13.913043	240.000000	320.000000
0	12.133000	13.913043	240.000000	320.000000
0	12.164000	13.913043	240.000000	320.000000
0	12.195000	13.913043	240.000000	320.000000
0	12.226000	13.913043	240.000000	320.000000
0	12.257000	13.913043	240.000000	320.000000
0	12.304000	13.913043	240.000000	320.000000
0	12.335000	13.913043	240.000000	320.000000
0	12.367000	13.913043	240.000000	320.000000
0	12.398000	13.913043	240.000000	320.000000
0	12.429000	13.913043	240.000000	320.000000
0	12.460000	13.913043	240.000000	320.000000
0	12.491000	13.913043	240.000000	320.000000
0	12.538000	13.913043	240.000000	320.000000
0	12.569000	13.913043	240.000000	320.000000
0	12.601000	13.913043	240.000000	320.000000
0	12.632000	13.913043	240.000000	320.000000
0	12.663000	13.913043	240.000000	320.000000
0	12.694000	13.913043	240.000000	320.000000
0	12.725000	13.913043	240.000000	320.000000
0	12.772000	13.913043	240.000000	320.000000
0	12.803000	13.913043	240.000000	320.000000
0	12.835000	13.913043	240.000000	320.000000
0	12.866000	13.913043	240.000000	320.000000
0	12.897000	13.913043	240.000000	320.000000
0	12.928000	13.913043	240.000000	320.000000
0	12.959000	13.913043	240.000000	320.000000
0	12.991000	13.913043	240.000000	320.000000
0	13.037000	13.913043	240.000000	320.000000
0	13.069000	13.913043	240.000000	320.000000
0	13.100000	13.913043	240.000000	320.000000
0	13.131000	13.913043	240.000000	320.000000
0	13.162000	13.913043	240.000000	320.000000
0	13.193000	13.913043	240.000000	320.000000
0	13.225000	13.913043	240.000000	320.000000
0	13.271000	13.913043	240.000000	320.000000
0	13.303000	13.913043	240.000000	320.000000
0	13.334000	13.913043	240.000000	320.000000
0	13.365000	13.913043	240.000000	320.000000
0	13.396000	13.913043	240.000000	320.000000
0	13.427000	13.913043	240.000000	320.000000
0	13.459000	13.913043	240.000000	320.000000
0	13.505000	13.913043	240.000000	320.000000
0	13.537000	13.913043	240.000000	320.000000
0	13.568000	13.913043	240.000000	320.000000
0	13.599000	13.913043	240.000000	320.000000
0	13.630000	13.913043	240.000000	320.000000
0	13.661000	13.913043	240.000000	320.000000
0	13.693000	13.913043	240.000000	320.000000
0	13.724000	13.913043	240.000000	320.000000
0	13.771000	13.913043	240.000000	320.000000
0	13.802000	13.913043	240.000000	320.000000
0	13.833000	13.913043	240.000000	320.000000
0	13.864000	13.913043	240.000000	320.000000
0	13.895000	13.913043	240.000000	320.000000
0	13.927000	13.913043	240.000000	320.000000
0	13.958000	13.913043	240.000000	320.000000
0	13.989000	13.913043	240.000000	320.000000
0	14.036000	13.913043	240.000000	320.000000
0	14.067000	13.913043	240.000000	320.000000
0	14.098000	13.913043	240.000000	320.000000
0	14.129000	13.913043	240.000000	320.000000
0	14.161000	13.913043	240.000000	320.000000
0	14.192000	13.913043	240.000000	320.000000
0	14.223000	13.913043	240.000000	320.000000
0	14.270000	13.913043	240.000000	320.000000
0	14.301000	13.913043	240.000000	320.000000
0	14.332000	13.913043	240.000000	320.000000
0	14.363000	13.913043	240.000000	320.000000
0	14.395000	13.913043	240.000000	320.000000
0	14.426000	13.913043	240.000000	320.000000
0	14.457000	13.913043	240.000000	320.000000
0	14.504000	13.913043	240.000000	320.000000
0	14.535000	13.913043	240.000000	320.000000
0	14.566000	13.913043	240.000000	320.000000
0	14.597000	13.913043	240.000000	320.000000
0	14.629000	13.913043	240.000000	320.000000
0	14.660000	13.913043	240.000000	320.000000
0	14.691000	13.913043	240.000000	320.000000
0	14.722000	13.913043	240.000000	320.000000
0	14.769000	13.913043	240.000000	320.000000
0	14.800000	13.913043	240.000000	320.000000
0	14.831000	13.913043	240.000000	320.000000
0	14.863000	13.913043	240.000000	320.000000
0	14.894000	13.913043	240.000000	320.000000
0	14.925000	13.913043	240.000000	320.000000
0	14.956000	13.913043	240.000000	320.000000
0	15.003000	13.913043	240.000000	320.000000
0	15.034000	13.913043	240.000000	320.000000
0	15.065000	13.913043	240.000000	320.000000
0	15.097000	13.913043	240.000000	320.000000
0	15.128000	13.913043	240.000000	320.000000
0	15.159000	13.913043	240.000000	320.000000
0	15.190000	13.913043	240.000000	320.000000
0	15.237000	13.913043	240.000000	320.000000
0	15.268000	13.913043	240.000000	320.000000
0	15.299000	13.913043	240.000000	320.000000
0	15.331000	13.913043	240.000000	320.000000
0	15.362000	13.913043	240.000000	320.000000
0	15.393000	13.913043	240.000000	320.000000
0	15.424000	13.913043	240.000000	320.000000
0	15.455000	13.913043	240.000000	320.000000
0	15.502000	13.913043	240.000000	320.000000
0	15.533000	13.913043	240.000000	320.000000
0	15.565000	13.913043	240.000000	320.000000
0	15.596000	13.913043	240.000000	320.000000
0	15.627000	13.913043	240.000000	320.000000
0	15.658000	13.913043	240.000000	320.000000
0	15.689000	13.913043	240.000000	320.000000
0	15.736000	13.913043	240.000000	320.000000
0	15.767000	13.913043	240.000000	320.000000
0	15.799000	13.913043	240.000000	320.000000
0	15.830000	13.913043	240.000000	320.000000
0	15.861000	13.913043	240.000000	320.000000
0	15.892000	13.913043	240.000000	320.000000
0	15.923000	13.913043	240.000000	320.000000
0	15.970000	13.913043	240.000000	320.000000
0	16.001000	13.913043	240.000000	320.000000
0	16.033000	13.913043	240.000000	320.000000
0	16.064000	13.913043	240.000000	320.000000
0	16.095000	13.913043	240.000000	320.000000
0	16.126000	13.913043	240.000000	320.000000
0	16.157000	13.913043	240.000000	320.000000
0	16.189000	13.913043	240.000000	320.000000
0	16.235000	13.913043	240.000000	320.000000
0	16.267000	13.913043	240.000000	320.000000
0	16.298000	13.913043	240.000000	320.000000
0	16.329000	13.913043	240.000000	320.000000
0	16.360000	13.913043	240.000000	320.000000
0	16.391000	13.913043	240.000000	320.000000
0	16.423000	13.913043	240.000000	320.000000
0	16.469000	13.913043	240.000000	320.000000
0	16.501000	13.913043	240.000000	320.000000
0	16.532000	13.913043	240.000000	320.000000
0	16.563000	13.913043	240.000000	320.000000
0	16.594000	13.913043	240.000000	320.000000
0	16.625000	13.913043	240.000000	320.000000
0	16.657000	13.913043	240.000000	320.000000
0	16.703000	13.913043	240.000000	320.000000
0	16.735000	13.913043	240.000000	320.000000
0	16.766000	13.913043	240.000000	320.000000
0	16.797000	13.913043	240.000000	320.000000
0	16.828000	13.913043	240.000000	320.000000
0	16.859000	13.913043	240.000000	320.000000
0	16.891000	13.913043	240.000000	320.000000
0	16.922000	13.913043	240.000000	320.000000
0	16.969000	13.913043	240.000000	320.000000
0	17.000000	13.913043	240.000000	320.000000
0	17.031000	13.913043	240.000000	320.000000
0	17.062000	13.913043	240.000000	320.000000
0	17.093000	13.913043	240.000000	320.000000
0	17.125000	13.913043	240.000000	320.000000
0	17.156000	13.913043	240.000000	320.000000
0	17.203000	13.913043	240.000000	320.000000
0	17.234000	13.913043	240.000000	320.000000
0	17.265000	13.913043	240.000000	320.000000
0	17.296000	13.913043	240.000000	320.000000
0	17.327000	13.913043	240.000000	320.000000
0	17.359000	13.913043	240.000000	320.000000
0	17.390000	13.913043	240.000000	320.000000
0	17.437000	13.913043	240.000000	320.000000
0	17.468000	13.913043	240.000000	320.000000
0	17.499000	13.913043	240.000000	320.000000
0	17.530000	13.913043	240.000000	320.000000
0	17.561000	13.913043	240.000000	320.000000
0	17.593000	13.913043	240.000000	320.000000
0	17.624000	13.913043	240.000000	320.000000
0	17.655000	13.913043	240.000000	320.000000
0	17.702000	13.913043	240.000000	320.000000
0	17.733000	13.913043	240.000000	320.000000
0	17.764000	13.913043	240.000000	320.000000
0	17.795000	13.913043	240.000000	320.000000
0	17.827000	13.913043	240.000000	320.000000
0	17.858000	13.913043	240.000000	320.000000
0	17.889000	13.913043	240.000000	320.000000
0	17.920000	13.913043	240.000000	320.000000
0	17.967000	13.913043	240.000000	320.000000
0	17.998000	13.913043	240.000000	320.000000
<\LEFT-PUPIL-DATA>
<RIGHT-PUPIL-ANALYSIS>
1
0	0	17	542	0	0	0.509000	17.518999	0.510000	99.710426	0.000000	0.000000	0.000000	0	1	1	1	1	0	0	0	0.000000	0.000000	0.000000	0.000000	0.000000	0.000000	0.000000	-1.000000	0.000000	0	1.109275	0.720377	0.966461	0.407785	0.267000	-0.530557	-1.255727	-1.000000	0.053931	1	1.109275	0.720377	0.966461	0.407785	0.267000	-0.597421	-1.255727	-1.000000	0.054686
<\RIGHT-PUPIL-ANALYSIS>
<LEFT-PUPIL-ANALYSIS>
1
0	0	17	542	0	0	0.509000	17.518999	0.510000	99.710426	0.000000	0.000000	0.000000	0	1	1	1	1	0	0	0	0.000000	0.000000	0.000000	0.000000	0.000000	0.000000	0.000000	-1.000000	0.000000	0	-0.034783	-0.034783	0.000950	0.000950	0.002000	0.000000	0.000000	-1.000000	0.000000	1	-0.034783	-0.034783	0.000950	0.000950	0.002000	-1000000.000000	-1000000.000000	-1.000000	0.000000
<\LEFT-PUPIL-ANALYSIS>
%%%%%%%%%
%%%%%%%%%
%%%%%%%%%
%%%	Measurement Tiime is: 2017-08-15 09:51:34
%%%	Subject ID is: c57-1mois-f4-2r
%%%	Note: 
%%%	RSS: Default Human Relative Spectral Sensitivity
%%%	Pupil Analysis:
%%%
%%%
%%%
%%%	Pulse Index:	0
%%%	Stimulus Session Index:	0
%%%	Right Pupil Stimulated
%%%	Light Metric is Photopic
%%%	Stimulus Start Time(sec):	0.51
%%%	Stimulus Duration(sec):	17.52
%%%	Stimulus Pulse Duration(sec):	0.51
%%%	Right Pulse:	99.71	(Red  )	-	0.00	(Red  )	[Lux ]
%%%	Left Pulse:	0.00	(Red  )	-	0.00	(Red  )	[Lux ]
%%%
%%%		RIGHT	LEFT	R.Pupil Mean	L.Pupil Mean	R.Stim Mean	R.Stim Mean
%%%	INPUT:	RAW DATA	RAW DATA
%%%	STATE:	ABNORMAL	ABNORMAL	ABNORMAL	ABNORMAL	ABNORMAL	ABNORMAL
%%%	MAX(mm):	0.00	0.00	0.00	0.00	0.00	0.00
%%%	MIN(mm):	0.00	0.00	0.00	0.00	0.00	0.00
%%%	DELTA(mm):						
%%%	CH(%):						
%%%	LAT(sec):	0.00	0.00	0.00	0.00	0.00	0.00
%%%	CV(mm/s):	0.00	0.00	0.00	0.00	0.00	0.00
%%%	MCV(mm/s):	0.00	0.00	0.00	0.00	0.00	0.00
%%%	DV(mm/s):	0.00	0.00	0.00	0.00	0.00	0.00
%%%%%%%%%
%%%%%%%%%
%%%%%%%%%
%%%	Right Pupil Profile (1st row -> 1 == valid tracking, 0 == invalid tracking; 2nd row -> time; 3rd row -> diameter (mm))
%%%	1	1	1	1	1	1	1	1	1	1	1	1	1	1	1	1	1	1	1	1	1	1	1	1	1	1	1	1	1	1	1	1	1	1	1	1	1	1	0	1	1	1	1	1	1	1	1	1	1	1	1	1	1	1	1	1	1	1	1	1	1	1	1	1	1	1	1	1	1	1	1	1	1	1	1	1	1	1	1	0	1	1	1	1	1	1	1	1	1	1	1	1	1	1	1	1	1	1	1	1	1	1	1	1	1	1	1	1	1	1	1	1	1	1	1	1	0	1	1	1	1	1	0	1	1	1	1	1	1	1	1	1	0	1	1	1	1	1	1	1	1	1	1	1	1	1	1	1	1	1	1	1	1	1	1	1	1	1	1	1	1	1	1	1	1	1	1	1	1	1	1	1	1	1	1	1	1	1	1	1	1	1	1	1	1	1	1	1	1	1	1	1	1	1	1	1	1	1	1	1	1	1	1	1	1	0	1	1	1	1	1	1	1	1	1	1	1	1	1	1	1	1	1	1	1	1	1	1	1	1	1	1	1	1	1	1	1	1	1	1	1	1	1	1	1	1	1	1	1	1	1	1	1	1	1	1	1	1	1	1	1	1	1	1	0	1	1	1	1	0	1	1	1	1	1	1	1	1	1	1	1	1	1	1	1	1	1	1	1	1	1	1	0	1	1	1	1	1	1	1	1	1	1	1	1	1	1	1	1	1	1	1	1	1	1	1	1	1	1	1	1	1	1	1	1	1	1	1	1	1	1	1	1	1	1	1	1	1	1	1	1	1	1	1	1	1	1	1	1	1	1	1	1	1	1	1	1	1	1	1	1	1	1	1	1	1	1	1	1	1	1	1	1	1	1	1	1	1	1	1	1	1	1	1	1	1	1	1	1	1	1	1	1	1	1	1	1	1	1	1	1	1	1	1	1	1	1	1	1	1	1	1	1	1	1	1	1	1	1	1	1	1	1	1	1	1	1	1	1	1	1	1	1	1	1	1	1	1	1	1	1	1	1	1	1	1	1	1	1	1	1	1	1	1	1	1	1	1	1	1	1	1	1	1	1	1	1	1	1	1	1	1	1	1	1	1	1	1	1	1	1	1	1	1	1	1	1	1	1	1	1	1	1	1	1	1	1	1	1	1	1	1	1	1	1	1	1	1	1	1	1	1	1	0	1	1	1	1	1	1	1	1	1	1	1	1	1	1	1	1	1	1	1	1	1	1	1	1	1	1	1	1	1
%%%	-0.067000	-0.035000	0.011000	0.043000	0.074000	0.105000	0.136000	0.167000	0.199000	0.245000	0.277000	0.308000	0.339000	0.370000	0.401000	0.433000	0.479000	0.511000	0.542000	0.573000	0.604000	0.635000	0.667000	0.698000	0.745000	0.776000	0.807000	0.838000	0.869000	0.901000	0.932000	0.979000	1.010000	1.041000	1.072000	1.103000	1.135000	1.166000	1.197000	1.244000	1.275000	1.306000	1.337000	1.369000	1.400000	1.431000	1.478000	1.509000	1.540000	1.571000	1.603000	1.634000	1.665000	1.712000	1.743000	1.774000	1.805000	1.837000	1.868000	1.899000	1.930000	1.977000	2.008000	2.039000	2.071000	2.102000	2.133000	2.164000	2.211000	2.242000	2.273000	2.305000	2.336000	2.367000	2.398000	2.429000	2.476000	2.507000	2.539000	2.570000	2.601000	2.632000	2.663000	2.710000	2.741000	2.773000	2.804000	2.835000	2.866000	2.897000	2.944000	2.975000	3.007000	3.038000	3.069000	3.100000	3.131000	3.163000	3.209000	3.241000	3.272000	3.303000	3.334000	3.365000	3.397000	3.443000	3.475000	3.506000	3.537000	3.568000	3.599000	3.631000	3.677000	3.709000	3.740000	3.771000	3.802000	3.833000	3.865000	3.896000	3.943000	3.974000	4.005000	4.036000	4.067000	4.099000	4.130000	4.177000	4.208000	4.239000	4.270000	4.301000	4.333000	4.364000	4.411000	4.442000	4.473000	4.504000	4.535000	4.567000	4.598000	4.629000	4.676000	4.707000	4.738000	4.769000	4.801000	4.832000	4.863000	4.910000	4.941000	4.972000	5.003000	5.035000	5.066000	5.097000	5.144000	5.175000	5.206000	5.237000	5.269000	5.300000	5.331000	5.362000	5.409000	5.440000	5.471000	5.503000	5.534000	5.565000	5.596000	5.643000	5.674000	5.705000	5.737000	5.768000	5.799000	5.830000	5.877000	5.908000	5.939000	5.971000	6.002000	6.033000	6.064000	6.095000	6.142000	6.173000	6.205000	6.236000	6.267000	6.298000	6.329000	6.361000	6.407000	6.439000	6.470000	6.501000	6.532000	6.563000	6.595000	6.641000	6.673000	6.704000	6.735000	6.766000	6.797000	6.829000	6.875000	6.907000	6.938000	6.969000	7.000000	7.031000	7.063000	7.094000	7.141000	7.172000	7.203000	7.234000	7.265000	7.297000	7.328000	7.375000	7.406000	7.437000	7.468000	7.499000	7.531000	7.562000	7.609000	7.640000	7.671000	7.702000	7.733000	7.765000	7.796000	7.827000	7.874000	7.905000	7.936000	7.967000	7.999000	8.030000	8.061000	8.108000	8.139000	8.170000	8.201000	8.233000	8.264000	8.295000	8.342000	8.373000	8.404000	8.435000	8.467000	8.498000	8.529000	8.560000	8.607000	8.638000	8.669000	8.701000	8.732000	8.763000	8.794000	8.841000	8.872000	8.903000	8.935000	8.966000	8.997000	9.028000	9.075000	9.106000	9.137000	9.169000	9.200000	9.231000	9.262000	9.293000	9.340000	9.371000	9.403000	9.434000	9.465000	9.496000	9.527000	9.574000	9.605000	9.637000	9.668000	9.699000	9.730000	9.761000	9.808000	9.839000	9.871000	9.902000	9.933000	9.964000	9.995000	10.027000	10.073000	10.105000	10.136000	10.167000	10.198000	10.229000	10.261000	10.292000	10.339000	10.370000	10.401000	10.432000	10.463000	10.495000	10.526000	10.573000	10.604000	10.635000	10.666000	10.697000	10.729000	10.760000	10.807000	10.838000	10.869000	10.900000	10.931000	10.963000	10.994000	11.025000	11.072000	11.103000	11.134000	11.165000	11.197000	11.228000	11.259000	11.306000	11.337000	11.368000	11.399000	11.431000	11.462000	11.493000	11.540000	11.571000	11.602000	11.633000	11.665000	11.696000	11.727000	11.758000	11.805000	11.836000	11.867000	11.899000	11.930000	11.961000	11.992000	12.039000	12.070000	12.101000	12.133000	12.164000	12.195000	12.226000	12.273000	12.304000	12.335000	12.367000	12.398000	12.429000	12.460000	12.491000	12.538000	12.569000	12.601000	12.632000	12.663000	12.694000	12.725000	12.772000	12.803000	12.835000	12.866000	12.897000	12.928000	12.959000	13.006000	13.037000	13.069000	13.100000	13.131000	13.162000	13.193000	13.225000	13.271000	13.303000	13.334000	13.365000	13.396000	13.427000	13.459000	13.505000	13.537000	13.568000	13.599000	13.630000	13.661000	13.693000	13.739000	13.771000	13.802000	13.833000	13.864000	13.895000	13.927000	13.958000	14.005000	14.036000	14.067000	14.098000	14.129000	14.161000	14.192000	14.239000	14.270000	14.301000	14.332000	14.363000	14.395000	14.426000	14.457000	14.504000	14.535000	14.566000	14.597000	14.629000	14.660000	14.691000	14.738000	14.769000	14.800000	14.831000	14.863000	14.894000	14.925000	14.972000	15.003000	15.034000	15.065000	15.097000	15.128000	15.159000	15.190000	15.237000	15.268000	15.299000	15.331000	15.362000	15.393000	15.424000	15.471000	15.502000	15.533000	15.565000	15.596000	15.627000	15.658000	15.705000	15.736000	15.767000	15.799000	15.830000	15.861000	15.892000	15.923000	15.970000	16.001000	16.033000	16.064000	16.095000	16.126000	16.157000	16.204000	16.235000	16.267000	16.298000	16.329000	16.360000	16.391000	16.423000	16.469000	16.501000	16.532000	16.563000	16.594000	16.625000	16.657000	16.703000	16.735000	16.766000	16.797000	16.828000	16.859000	16.891000	16.937000	16.969000	17.000000	17.031000	17.062000	17.093000	17.125000	17.156000	17.203000	17.234000	17.265000	17.296000	17.327000	17.359000	17.390000	17.437000	17.468000	17.499000	17.530000	17.561000	17.593000	17.624000	17.671000	17.702000	17.733000	17.764000	17.795000	17.827000	17.858000	17.889000	17.936000	17.967000	17.998000
%%%	1.063623	1.078261	1.078841	1.063333	1.095072	1.098985	1.088551	1.097246	1.087536	1.095652	1.078841	1.104203	1.089710	1.087971	1.084058	1.075797	1.095072	1.094493	1.066667	1.114203	1.101449	1.113623	1.100725	1.116377	1.114203	1.083623	1.088551	1.064058	1.008696	0.994638	0.957102	0.912029	0.869420	0.858116	0.852174	0.800580	0.794493	0.791884	0.347826	0.746667	0.750145	0.725072	0.741449	0.709710	0.695652	0.732754	0.722319	0.742898	0.754928	0.759275	0.751159	0.784493	0.780290	0.788116	0.800580	0.804348	0.817971	0.834058	0.814058	0.857971	0.838551	0.822319	0.851015	0.828986	0.852174	0.788406	0.839275	0.842464	0.844638	0.732029	0.835797	0.813623	0.835797	0.811594	0.813623	0.835362	0.835942	0.835942	0.823333	0.788406	0.837391	0.831449	0.842898	0.820580	0.835507	0.842319	0.852174	0.834783	0.853768	0.831449	0.835942	0.811594	0.863623	0.881159	0.831449	0.853188	0.857102	0.834783	0.833768	0.836377	0.876232	0.838116	0.866232	0.788406	0.803768	0.788116	0.831015	0.814058	0.839710	0.833188	0.849420	0.848985	0.833188	0.834058	0.846377	0.875362	0.881159	0.869710	0.840145	0.881159	0.876232	0.912029	0.788406	0.881159	0.881159	0.875073	0.887101	0.897101	0.882754	0.887101	0.895507	0.899710	0.788406	0.910290	0.904348	0.885797	0.912899	0.921594	0.894638	0.915797	0.925072	0.890290	0.938116	0.920580	0.911884	0.898551	0.874638	0.922754	0.920725	0.918985	0.885942	0.866232	0.883188	0.885362	0.903333	0.901015	0.929275	0.923188	0.902754	0.905507	0.915797	0.916667	0.920725	0.929855	0.932029	0.929275	0.937536	0.928841	0.951159	0.929420	0.933768	0.927101	0.915942	0.936232	0.904348	0.933188	0.951594	0.925507	0.942464	0.947246	0.925507	0.915797	0.939130	0.904348	0.934203	0.946232	0.904348	0.922899	0.915942	0.910145	0.902754	0.904348	0.904348	0.917391	0.930580	0.922754	0.901015	0.902029	0.902029	0.914203	0.904348	0.903188	0.912464	0.924928	0.892754	1.666377	0.914203	0.926087	0.932029	0.870580	0.938116	0.938551	0.926087	0.916377	0.962029	0.950145	0.970290	0.927681	0.904348	0.927536	0.924493	0.927536	0.927536	0.932754	0.926667	0.955507	0.942464	0.904348	0.904348	0.927536	0.939130	0.915797	0.953333	0.950725	0.937536	0.951159	0.970290	0.970580	0.978116	0.985507	0.959275	0.969130	0.927536	0.963623	0.963623	0.959710	0.931015	0.946232	0.970580	0.955507	0.938406	0.967971	0.946667	0.968985	0.955362	0.971159	0.947101	0.939130	0.951159	0.939130	0.937971	0.959855	0.953333	0.975072	0.788406	0.944928	0.959710	0.965942	0.951015	0.835942	0.962899	0.973913	0.957102	0.975507	0.962319	0.974493	0.973913	0.973913	0.977681	0.986377	0.988116	0.974493	0.968406	0.947826	0.988116	0.977101	0.972899	0.977246	0.982754	0.970290	1.007681	0.989710	0.887101	1.024058	0.973913	1.020290	1.043478	1.045507	1.023623	1.044058	1.034928	1.044638	1.061449	1.044638	1.009275	1.044638	1.044638	1.039130	1.079420	1.061884	1.052754	1.052174	1.029855	1.078841	1.048841	1.078841	1.053768	1.061449	1.044493	1.044638	1.079275	1.061449	1.061449	1.020290	1.055942	1.079420	1.070725	1.078841	1.079420	1.049420	1.037681	1.089855	1.052754	1.044638	1.072464	1.059710	1.041015	1.053623	1.020290	1.048841	0.979710	1.020290	1.024638	1.004203	1.034203	1.002899	1.038986	1.038116	1.034203	1.020290	1.055942	1.059420	1.024493	1.008696	1.036232	1.040290	1.059275	1.066667	1.031594	1.055072	1.049275	1.020290	1.066667	1.041015	1.043333	1.043478	1.042319	1.031884	1.050580	1.059855	1.048985	1.044638	1.049275	1.089855	1.035507	1.043478	1.044058	1.056377	1.078261	1.044638	1.079420	1.044638	1.044638	1.078841	1.089855	1.044638	1.062029	1.056377	1.042754	1.020145	1.078841	1.014203	1.052754	1.061449	1.061884	1.061449	1.051884	1.040290	1.062029	1.077246	1.089855	1.059855	1.060290	1.043333	1.029710	1.042464	1.061884	1.072464	1.049420	1.050145	1.057536	1.042754	1.062319	1.034203	1.043333	1.008841	1.053768	1.020290	1.008696	1.026667	1.007536	1.025507	1.044638	1.014493	1.008696	1.035942	1.044058	1.036667	1.055072	1.017536	1.044638	1.031884	1.018551	1.034783	1.061449	1.044058	1.044638	1.043478	1.040290	1.048406	1.061449	1.043333	1.041884	1.041594	1.025942	1.066667	1.043188	1.043478	1.042754	1.035942	1.049420	1.051159	1.046377	0.999710	1.024493	1.043478	1.061449	1.042754	1.055942	1.052754	1.060870	1.044638	1.022899	1.046812	1.044638	1.044638	1.020290	1.062464	1.052754	1.027971	1.066667	1.044058	1.079420	1.083768	1.060870	1.058116	1.081594	1.068116	1.078261	1.061449	1.061884	1.044493	1.066812	1.044638	1.062464	1.061449	1.053333	1.061449	1.077246	1.068116	1.061449	1.076377	1.079420	1.073188	1.079275	1.044638	1.066232	1.057536	1.044638	1.061449	1.053333	1.043333	1.043478	1.078261	1.061884	1.061449	1.060870	1.062464	1.057536	1.050725	1.063623	1.070725	1.052754	1.652029	1.058116	1.062029	1.053188	1.044058	1.053623	1.052174	1.044638	1.044638	1.029275	1.055072	1.044638	1.044638	1.061449	1.045072	1.078261	1.043478	1.072464	1.079420	1.061449	1.104928	1.064638	1.061449	1.078841	1.088551	1.064058	1.066667	1.068551	1.034203	1.020290
%%%	Left Pupil Profile (1st row -> 1 == valid tracking, 0 == invalid tracking; 2nd row -> time; 3rd row -> diameter (mm))
%%%	0	0	0	0	0	0	0	0	0	0	0	0	0	0	0	0	0	0	0	0	0	0	0	0	0	0	0	0	0	0	0	0	0	0	0	0	0	0	0	0	0	0	0	0	0	0	0	0	0	0	0	0	0	0	0	0	0	0	0	0	0	0	0	0	0	0	0	0	0	0	0	0	0	0	0	0	0	0	0	0	0	0	0	0	0	0	0	0	0	0	0	0	0	0	0	0	0	0	0	0	0	0	0	0	0	0	0	0	0	0	0	0	0	0	0	0	0	0	0	0	0	0	0	0	0	0	0	0	0	0	0	0	0	0	0	0	0	0	0	0	0	0	0	0	0	0	0	0	0	0	0	0	0	0	0	0	0	0	0	0	0	0	0	0	0	0	0	0	0	0	0	0	0	0	0	0	0	0	0	0	0	0	0	0	0	0	0	0	0	0	0	0	0	0	0	0	0	0	0	0	0	0	0	0	0	0	0	0	0	0	0	0	0	0	0	0	0	0	0	0	0	0	0	0	0	0	0	0	0	0	0	0	0	0	0	0	0	0	0	0	0	0	0	0	0	0	0	0	0	0	0	0	0	0	0	0	0	0	0	0	0	0	0	0	0	0	0	0	0	0	0	0	0	0	0	0	0	0	0	0	0	0	0	0	0	0	0	0	0	0	0	0	0	0	0	0	0	0	0	0	0	0	0	0	0	0	0	0	0	0	0	0	0	0	0	0	0	0	0	0	0	0	0	0	0	0	0	0	0	0	0	0	0	0	0	0	0	0	0	0	0	0	0	0	0	0	0	0	0	0	0	0	0	0	0	0	0	0	0	0	0	0	0	0	0	0	0	0	0	0	0	0	0	0	0	0	0	0	0	0	0	0	0	0	0	0	0	0	0	0	0	0	0	0	0	0	0	0	0	0	0	0	0	0	0	0	0	0	0	0	0	0	0	0	0	0	0	0	0	0	0	0	0	0	0	0	0	0	0	0	0	0	0	0	0	0	0	0	0	0	0	0	0	0	0	0	0	0	0	0	0	0	0	0	0	0	0	0	0	0	0	0	0	0	0	0	0	0	0	0	0	0	0	0	0	0	0	0	0	0	0	0	0	0	0	0	0	0	0	0	0	0	0	0	0	0	0	0	0	0	0	0	0	0	0	0	0	0	0	0	0	0	0	0	0	0	0	0	0	0	0	0	0	0	0	0	0	0	0	0	0	0	0	0	0	0	0	0	0	0	0	0	0
%%%	-0.067000	-0.035000	0.011000	0.043000	0.074000	0.105000	0.136000	0.167000	0.199000	0.230000	0.277000	0.308000	0.339000	0.370000	0.401000	0.433000	0.464000	0.511000	0.542000	0.573000	0.604000	0.635000	0.667000	0.698000	0.745000	0.776000	0.807000	0.838000	0.869000	0.901000	0.932000	0.963000	1.010000	1.041000	1.072000	1.103000	1.135000	1.166000	1.197000	1.244000	1.275000	1.306000	1.337000	1.369000	1.400000	1.431000	1.478000	1.509000	1.540000	1.571000	1.603000	1.634000	1.665000	1.696000	1.743000	1.774000	1.805000	1.837000	1.868000	1.899000	1.930000	1.977000	2.008000	2.039000	2.071000	2.102000	2.133000	2.164000	2.195000	2.242000	2.273000	2.305000	2.336000	2.367000	2.398000	2.429000	2.476000	2.507000	2.539000	2.570000	2.601000	2.632000	2.663000	2.710000	2.741000	2.773000	2.804000	2.835000	2.866000	2.897000	2.929000	2.975000	3.007000	3.038000	3.069000	3.100000	3.131000	3.163000	3.209000	3.241000	3.272000	3.303000	3.334000	3.365000	3.397000	3.443000	3.475000	3.506000	3.537000	3.568000	3.599000	3.631000	3.662000	3.709000	3.740000	3.771000	3.802000	3.833000	3.865000	3.896000	3.943000	3.974000	4.005000	4.036000	4.067000	4.099000	4.130000	4.161000	4.208000	4.239000	4.270000	4.301000	4.333000	4.364000	4.395000	4.442000	4.473000	4.504000	4.535000	4.567000	4.598000	4.629000	4.676000	4.707000	4.738000	4.769000	4.801000	4.832000	4.863000	4.894000	4.941000	4.972000	5.003000	5.035000	5.066000	5.097000	5.128000	5.175000	5.206000	5.237000	5.269000	5.300000	5.331000	5.362000	5.409000	5.440000	5.471000	5.503000	5.534000	5.565000	5.596000	5.627000	5.674000	5.705000	5.737000	5.768000	5.799000	5.830000	5.861000	5.908000	5.939000	5.971000	6.002000	6.033000	6.064000	6.095000	6.127000	6.173000	6.205000	6.236000	6.267000	6.298000	6.329000	6.361000	6.407000	6.439000	6.470000	6.501000	6.532000	6.563000	6.595000	6.641000	6.673000	6.704000	6.735000	6.766000	6.797000	6.829000	6.860000	6.907000	6.938000	6.969000	7.000000	7.031000	7.063000	7.094000	7.141000	7.172000	7.203000	7.234000	7.265000	7.297000	7.328000	7.375000	7.406000	7.437000	7.468000	7.499000	7.531000	7.562000	7.593000	7.640000	7.671000	7.702000	7.733000	7.765000	7.796000	7.827000	7.874000	7.905000	7.936000	7.967000	7.999000	8.030000	8.061000	8.108000	8.139000	8.170000	8.201000	8.233000	8.264000	8.295000	8.326000	8.373000	8.404000	8.435000	8.467000	8.498000	8.529000	8.560000	8.607000	8.638000	8.669000	8.701000	8.732000	8.763000	8.794000	8.841000	8.872000	8.903000	8.935000	8.966000	8.997000	9.028000	9.059000	9.106000	9.137000	9.169000	9.200000	9.231000	9.262000	9.293000	9.340000	9.371000	9.403000	9.434000	9.465000	9.496000	9.527000	9.574000	9.605000	9.637000	9.668000	9.699000	9.730000	9.761000	9.793000	9.839000	9.871000	9.902000	9.933000	9.964000	9.995000	10.027000	10.058000	10.105000	10.136000	10.167000	10.198000	10.229000	10.261000	10.292000	10.339000	10.370000	10.401000	10.432000	10.463000	10.495000	10.526000	10.573000	10.604000	10.635000	10.666000	10.697000	10.729000	10.760000	10.791000	10.838000	10.869000	10.900000	10.931000	10.963000	10.994000	11.025000	11.072000	11.103000	11.134000	11.165000	11.197000	11.228000	11.259000	11.306000	11.337000	11.368000	11.399000	11.431000	11.462000	11.493000	11.524000	11.571000	11.602000	11.633000	11.665000	11.696000	11.727000	11.758000	11.805000	11.836000	11.867000	11.899000	11.930000	11.961000	11.992000	12.039000	12.070000	12.101000	12.133000	12.164000	12.195000	12.226000	12.257000	12.304000	12.335000	12.367000	12.398000	12.429000	12.460000	12.491000	12.538000	12.569000	12.601000	12.632000	12.663000	12.694000	12.725000	12.772000	12.803000	12.835000	12.866000	12.897000	12.928000	12.959000	12.991000	13.037000	13.069000	13.100000	13.131000	13.162000	13.193000	13.225000	13.271000	13.303000	13.334000	13.365000	13.396000	13.427000	13.459000	13.505000	13.537000	13.568000	13.599000	13.630000	13.661000	13.693000	13.724000	13.771000	13.802000	13.833000	13.864000	13.895000	13.927000	13.958000	13.989000	14.036000	14.067000	14.098000	14.129000	14.161000	14.192000	14.223000	14.270000	14.301000	14.332000	14.363000	14.395000	14.426000	14.457000	14.504000	14.535000	14.566000	14.597000	14.629000	14.660000	14.691000	14.722000	14.769000	14.800000	14.831000	14.863000	14.894000	14.925000	14.956000	15.003000	15.034000	15.065000	15.097000	15.128000	15.159000	15.190000	15.237000	15.268000	15.299000	15.331000	15.362000	15.393000	15.424000	15.455000	15.502000	15.533000	15.565000	15.596000	15.627000	15.658000	15.689000	15.736000	15.767000	15.799000	15.830000	15.861000	15.892000	15.923000	15.970000	16.001000	16.033000	16.064000	16.095000	16.126000	16.157000	16.189000	16.235000	16.267000	16.298000	16.329000	16.360000	16.391000	16.423000	16.469000	16.501000	16.532000	16.563000	16.594000	16.625000	16.657000	16.703000	16.735000	16.766000	16.797000	16.828000	16.859000	16.891000	16.922000	16.969000	17.000000	17.031000	17.062000	17.093000	17.125000	17.156000	17.203000	17.234000	17.265000	17.296000	17.327000	17.359000	17.390000	17.437000	17.468000	17.499000	17.530000	17.561000	17.593000	17.624000	17.655000	17.702000	17.733000	17.764000	17.795000	17.827000	17.858000	17.889000	17.920000	17.967000	17.998000
%%%	13.913043	13.913043	13.913043	13.913043	13.913043	13.913043	13.913043	13.913043	13.913043	13.913043	13.913043	13.913043	13.913043	13.913043	13.913043	13.913043	13.913043	13.913043	13.913043	13.913043	13.913043	13.913043	13.913043	13.913043	13.913043	13.913043	13.913043	13.913043	13.913043	13.913043	13.913043	13.913043	13.913043	13.913043	13.913043	13.913043	13.913043	13.913043	13.913043	13.913043	13.913043	13.913043	13.913043	13.913043	13.913043	13.913043	13.913043	13.913043	13.913043	13.913043	13.913043	13.913043	13.913043	13.913043	13.913043	13.913043	13.913043	13.913043	13.913043	13.913043	13.913043	13.913043	13.913043	13.913043	13.913043	13.913043	13.913043	13.913043	13.913043	13.913043	13.913043	13.913043	13.913043	13.913043	13.913043	13.913043	13.913043	13.913043	13.913043	13.913043	13.913043	13.913043	13.913043	13.913043	13.913043	13.913043	13.913043	13.913043	13.913043	13.913043	13.913043	13.913043	13.913043	13.913043	13.913043	13.913043	13.913043	13.913043	13.913043	13.913043	13.913043	13.913043	13.913043	13.913043	13.913043	13.913043	13.913043	13.913043	13.913043	13.913043	13.913043	13.913043	13.913043	13.913043	13.913043	13.913043	13.913043	13.913043	13.913043	13.913043	13.913043	13.913043	13.913043	13.913043	13.913043	13.913043	13.913043	13.913043	13.913043	13.913043	13.913043	13.913043	13.913043	13.913043	13.913043	13.913043	13.913043	13.913043	13.913043	13.913043	13.913043	13.913043	13.913043	13.913043	13.913043	13.913043	13.913043	13.913043	13.913043	13.913043	13.913043	13.913043	13.913043	13.913043	13.913043	13.913043	13.913043	13.913043	13.913043	13.913043	13.913043	13.913043	13.913043	13.913043	13.913043	13.913043	13.913043	13.913043	13.913043	13.913043	13.913043	13.913043	13.913043	13.913043	13.913043	13.913043	13.913043	13.913043	13.913043	13.913043	13.913043	13.913043	13.913043	13.913043	13.913043	13.913043	13.913043	13.913043	13.913043	13.913043	13.913043	13.913043	13.913043	13.913043	13.913043	13.913043	13.913043	13.913043	13.913043	13.913043	13.913043	13.913043	13.913043	13.913043	13.913043	13.913043	13.913043	13.913043	13.913043	13.913043	13.913043	13.913043	13.913043	13.913043	13.913043	13.913043	13.913043	13.913043	13.913043	13.913043	13.913043	13.913043	13.913043	13.913043	13.913043	13.913043	13.913043	13.913043	13.913043	13.913043	13.913043	13.913043	13.913043	13.913043	13.913043	13.913043	13.913043	13.913043	13.913043	13.913043	13.913043	13.913043	13.913043	13.913043	13.913043	13.913043	13.913043	13.913043	13.913043	13.913043	13.913043	13.913043	13.913043	13.913043	13.913043	13.913043	13.913043	13.913043	13.913043	13.913043	13.913043	13.913043	13.913043	13.913043	13.913043	13.913043	13.913043	13.913043	13.913043	13.913043	13.913043	13.913043	13.913043	13.913043	13.913043	13.913043	13.913043	13.913043	13.913043	13.913043	13.913043	13.913043	13.913043	13.913043	13.913043	13.913043	13.913043	13.913043	13.913043	13.913043	13.913043	13.913043	13.913043	13.913043	13.913043	13.913043	13.913043	13.913043	13.913043	13.913043	13.913043	13.913043	13.913043	13.913043	13.913043	13.913043	13.913043	13.913043	13.913043	13.913043	13.913043	13.913043	13.913043	13.913043	13.913043	13.913043	13.913043	13.913043	13.913043	13.913043	13.913043	13.913043	13.913043	13.913043	13.913043	13.913043	13.913043	13.913043	13.913043	13.913043	13.913043	13.913043	13.913043	13.913043	13.913043	13.913043	13.913043	13.913043	13.913043	13.913043	13.913043	13.913043	13.913043	13.913043	13.913043	13.913043	13.913043	13.913043	13.913043	13.913043	13.913043	13.913043	13.913043	13.913043	13.913043	13.913043	13.913043	13.913043	13.913043	13.913043	13.913043	13.913043	13.913043	13.913043	13.913043	13.913043	13.913043	13.913043	13.913043	13.913043	13.913043	13.913043	13.913043	13.913043	13.913043	13.913043	13.913043	13.913043	13.913043	13.913043	13.913043	13.913043	13.913043	13.913043	13.913043	13.913043	13.913043	13.913043	13.913043	13.913043	13.913043	13.913043	13.913043	13.913043	13.913043	13.913043	13.913043	13.913043	13.913043	13.913043	13.913043	13.913043	13.913043	13.913043	13.913043	13.913043	13.913043	13.913043	13.913043	13.913043	13.913043	13.913043	13.913043	13.913043	13.913043	13.913043	13.913043	13.913043	13.913043	13.913043	13.913043	13.913043	13.913043	13.913043	13.913043	13.913043	13.913043	13.913043	13.913043	13.913043	13.913043	13.913043	13.913043	13.913043	13.913043	13.913043	13.913043	13.913043	13.913043	13.913043	13.913043	13.913043	13.913043	13.913043	13.913043	13.913043	13.913043	13.913043	13.913043	13.913043	13.913043	13.913043	13.913043	13.913043	13.913043	13.913043	13.913043	13.913043	13.913043	13.913043	13.913043	13.913043	13.913043	13.913043	13.913043	13.913043	13.913043	13.913043	13.913043	13.913043	13.913043	13.913043	13.913043	13.913043	13.913043	13.913043	13.913043	13.913043	13.913043	13.913043	13.913043	13.913043	13.913043	13.913043	13.913043	13.913043	13.913043	13.913043	13.913043	13.913043	13.913043	13.913043	13.913043	13.913043	13.913043	13.913043	13.913043	13.913043	13.913043	13.913043	13.913043	13.913043	13.913043	13.913043	13.913043	13.913043	13.913043	13.913043	13.913043	13.913043	13.913043	13.913043	13.913043	13.913043	13.913043	13.913043	13.913043	13.913043	13.913043	13.913043	13.913043	13.913043	13.913043	13.913043	13.913043	13.913043	13.913043	13.913043	13.913043	13.913043	13.913043	13.913043	13.913043	13.913043	13.913043	13.913043	13.913043	13.913043	13.913043	13.913043	13.913043	13.913043	13.913043
%%%	Pulse Index	Stimulus Section Index	Stimulus Section Start Index	Stimulus Section End Index	Pupil Stimulated: 0 = Right, 1 = Left, 2 = Both	Light Metric: 0 = Photopic, 1 = Scopotic, 2 = Radiometric	Stimulus Start Time	Stimulus Duration	Stimulus Pulse Duration	Right Pulse Max Level	Right Pulse Max Color (0123 = WRGB)	Right Pulse Min Level	Right Pulse Min Color (0123 = WRGB)	Left Pulse Max Level	Left Pulse Max Color (0123 = WRGB)	Left Pulse Min Level	Left Pulse Min Color (0123 = WRGB)	Right Data Input Type (0 == RAW DATA, 1 == FITTED DATA, 2 == M. OVERRIDED)	Right ANALYSIS STATE (0 == ABNORMAL, 1 == NORMAL)	Right MAX (mm) (EMPTY if INVALID)	Right MIN (mm) (EMPTY if INVALID)	Right DELTA (mm) (EMPTY if INVALID)	Right CH (%) (EMPTY if INVALID)	Right LAT (sec) (EMPTY if INVALID)	Right CV (mm/s) (EMPTY if INVALID)	Right MCV (mm/s) (EMPTY if INVALID)	Right DV (mm/s) (EMPTY if INVALID)	Left Data Input Type (0 == RAW DATA, 1 == FITTED DATA, 2 == M. OVERRIDED)	Left ANALYSIS STATE (0 == ABNORMAL, 1 == NORMAL)	Left MAX (mm) (EMPTY if INVALID)	Left MIN (mm) (EMPTY if INVALID)	Left DELTA (mm) (EMPTY if INVALID)	Left CH (%) (EMPTY if INVALID)	Left LAT (sec) (EMPTY if INVALID)	Left CV (mm/s) (EMPTY if INVALID)	Left MCV (mm/s) (EMPTY if INVALID)	Left DV (mm/s) (EMPTY if INVALID)
%%%	0	0	17	542	0	0	0.51	17.52	0.51	99.71	1	0.00	1	0.00	1	0.00	1	0	0	0.00	0.00			0.00	0.00	0.00	0.00	0	0	0.00	0.00			0.00	0.00	0.00	0.00
%%%%%%%%%
%%%%%%%%%
%%%%%%%%%
<\SESSION>
