<SESSION>
<VERSION>
2
<\VERSION>
<DATE>
2017-08-15 10:10:17
<\DATE>
<SUBJECT-ID>
c57-1mois-M3-1.2r
<\SUBJECT-ID>
<NOTE>

<\NOTE>
<MIN-MAX-PLOT>
0.100000 51880.761719
<\MIN-MAX-PLOT>
<STIMULUS-DEFINED>
Default
Default Human Relative Spectral Sensitivity
1	0
1	0.500000	0.500000	17.000000	1	1	1.200000	-100.000000	0.100000	-100.000000	0
<\STIMULUS-DEFINED>
<STIMULUS-GENERATED>
4
0	0	0.000000	1	0.000000	0.000000	1	0.000000	0.000000
0	1	0.509000	1	0.065221	15.983889	1	0.000000	0.000000
0	4	1.018000	1	0.000000	0.000000	1	0.000000	0.000000
-1	5	18.028000	0	0.000000	0.000000	0	0.000000	0.000000
<\STIMULUS-GENERATED>
<RIGHT-PUPIL-DATA>
542	1
1	-0.051000	1.044058	325.000000	288.000000
1	-0.020000	1.042319	325.024994	288.012482
1	0.011000	1.044058	325.000000	288.000000
1	0.043000	1.058116	324.843750	288.031250
1	0.074000	1.052754	324.875000	287.437500
1	0.105000	1.072899	325.318756	287.318756
1	0.152000	1.076667	325.031250	286.968750
1	0.183000	1.113043	324.000000	287.000000
1	0.214000	1.081015	325.531250	288.531250
1	0.245000	1.067536	325.149994	289.287506
1	0.277000	1.044058	325.049988	288.500000
1	0.308000	1.061449	324.750000	288.750000
1	0.339000	1.062029	325.274994	288.225006
1	0.370000	1.077536	325.031250	288.231262
1	0.417000	1.073333	325.337494	288.137543
1	0.448000	1.048985	325.537506	288.475006
1	0.479000	1.069710	325.318756	289.006256
1	0.511000	1.053188	325.118744	288.881256
1	0.542000	1.061160	324.774963	288.262512
1	0.573000	1.004493	324.493744	287.943756
1	0.604000	1.031449	324.856262	287.681213
1	0.651000	1.026087	324.500000	287.500000
1	0.682000	1.033768	324.993744	287.506256
0	0.713000	0.834638	322.993744	286.993744
1	0.745000	1.014638	325.581238	288.718750
1	0.776000	1.008116	325.250000	288.500000
1	0.807000	1.000145	325.443756	288.118744
1	0.838000	0.975507	325.468750	287.968750
1	0.885000	0.933188	324.656250	288.031250
1	0.916000	0.940290	325.475006	288.024994
1	0.947000	0.904348	325.500000	288.500000
1	0.979000	0.869565	325.000000	289.000000
1	1.010000	0.871159	325.231262	289.768738
0	1.041000	0.798841	323.475006	289.087494
1	1.072000	0.834783	325.875000	288.625000
1	1.103000	0.834783	324.000000	287.000000
0	1.150000	0.520145	330.968750	288.718750
0	1.181000	0.808116	324.000000	288.500000
1	1.213000	0.870580	325.256317	289.131256
0	1.244000	0.556522	332.000000	291.000000
1	1.275000	0.911449	325.643768	289.443756
0	1.306000	0.695072	321.750000	291.000000
1	1.337000	0.891015	324.824951	288.087463
1	1.384000	0.834783	323.750000	287.250000
0	1.415000	0.708116	329.187500	286.312500
1	1.447000	0.973913	325.000000	288.000000
1	1.478000	0.979710	326.000000	289.500000
1	1.509000	0.978841	325.812500	289.062500
0	1.540000	0.575072	333.024994	288.824982
1	1.571000	0.972899	325.506256	288.881256
1	1.603000	0.973913	325.500000	287.500000
1	1.649000	0.979710	325.500000	288.500000
0	1.681000	0.805942	323.156250	289.968750
1	1.712000	0.912899	325.681244	288.368744
1	1.743000	0.927536	325.000000	290.000000
1	1.774000	0.927246	325.537506	289.462494
1	1.805000	0.925072	325.381256	289.181244
1	1.837000	0.953768	325.156250	288.468750
1	1.883000	0.963623	325.531250	288.031250
1	1.915000	0.877536	324.956238	287.956238
0	1.946000	0.451449	332.268738	283.518738
1	1.977000	0.939130	325.750000	288.750000
0	2.008000	0.856522	324.250000	289.250000
1	2.039000	0.904493	325.556244	289.256256
1	2.071000	0.894058	326.156250	288.156250
1	2.117000	0.941884	325.718750	289.281250
1	2.149000	0.934203	326.062500	288.625000
1	2.180000	0.938116	325.993744	288.993744
0	2.211000	0.833188	323.593750	289.531250
1	2.242000	0.927536	327.000000	288.000000
1	2.273000	0.950725	326.500000	289.500000
1	2.305000	0.939130	326.000000	289.000000
0	2.336000	0.751014	328.637512	287.612488
1	2.383000	0.970145	325.000000	288.625000
1	2.414000	0.939710	324.500000	288.500000
1	2.445000	0.957681	325.725006	288.725006
1	2.476000	0.947971	325.631256	289.506256
1	2.507000	0.968551	325.931244	289.556244
0	2.539000	0.840725	323.656250	290.531250
0	2.570000	0.892754	325.625000	289.125000
1	2.617000	0.939130	324.718750	289.531250
1	2.648000	0.964493	325.131256	288.993744
0	2.679000	0.521594	332.506256	288.506256
1	2.710000	0.927536	325.250000	288.250000
1	2.741000	0.886957	323.000000	288.500000
1	2.773000	0.954928	325.281250	289.268738
1	2.804000	0.934203	324.937500	288.625000
1	2.851000	0.964638	325.000000	287.862488
0	2.882000	0.352899	322.956238	252.356262
1	2.913000	0.950580	324.593750	286.843750
1	2.944000	0.968406	324.850006	286.037506
1	2.975000	0.951159	324.318756	285.818756
0	3.007000	0.417391	332.500000	281.500000
1	3.038000	0.973913	325.000000	286.000000
1	3.069000	0.997246	324.843750	286.843750
0	3.116000	0.440580	332.000000	281.000000
0	3.147000	0.672319	320.656250	291.656250
0	3.178000	0.400145	332.243744	281.243744
1	3.209000	1.066667	325.000000	286.000000
1	3.241000	1.007536	325.425018	287.975006
1	3.272000	1.042464	325.043732	288.431244
1	3.303000	1.047681	325.056244	288.506256
1	3.350000	1.079420	325.024994	289.024994
1	3.381000	1.049420	324.656250	289.031250
1	3.412000	1.042754	324.018738	287.481262
1	3.443000	1.044638	324.024994	287.475006
1	3.475000	1.052754	323.875000	286.625000
1	3.506000	1.062029	323.787506	287.274994
1	3.537000	1.044493	324.493744	287.993744
1	3.568000	1.048985	324.662506	288.537506
1	3.615000	1.042754	324.981262	289.518738
1	3.646000	1.029420	325.556244	289.693756
1	3.677000	1.014638	325.281250	289.406250
1	3.709000	1.001015	324.506256	288.668732
0	3.740000	0.606522	332.562500	287.187500
1	3.771000	1.005797	324.549988	288.250000
1	3.802000	1.005362	325.243744	287.543732
0	3.849000	1.020290	324.000000	291.000000
1	3.880000	1.008696	325.000000	289.000000
1	3.911000	0.991304	324.500000	288.500000
1	3.943000	1.009420	325.468750	289.468750
1	3.974000	1.014638	325.218750	289.281250
1	4.005000	1.026232	325.243744	289.243744
1	4.036000	1.044638	325.024994	288.600006
1	4.083000	1.025362	325.393738	288.731262
0	4.114000	0.475072	332.912506	283.600006
1	4.145000	1.038986	326.068756	289.931244
1	4.177000	1.027246	325.725006	289.774994
1	4.208000	1.014638	325.581238	288.718750
1	4.239000	1.044058	325.049988	289.000000
1	4.270000	0.927536	324.000000	287.000000
0	4.301000	0.646667	330.912506	292.324982
1	4.348000	1.018116	325.781250	289.393738
1	4.379000	1.008696	326.000000	290.000000
0	4.411000	0.909275	324.625000	290.437500
0	4.442000	0.898841	324.512482	290.462494
0	4.473000	0.625942	322.656311	294.693726
1	4.504000	0.991594	325.249939	289.262451
1	4.535000	0.971159	325.518738	288.906250
1	4.582000	1.003188	325.212494	288.537506
1	4.613000	0.987536	325.687500	288.062500
1	4.645000	0.976667	325.843750	289.081238
1	4.676000	0.981015	326.031250	290.131226
1	4.707000	0.907971	324.606232	289.243744
0	4.738000	0.557246	332.718811	290.018738
1	4.769000	0.894493	323.149994	289.887482
1	4.816000	0.955362	324.274994	289.899994
1	4.847000	0.973913	325.000000	290.000000
1	4.879000	0.964638	324.625000	290.000000
1	4.910000	0.957681	324.725006	290.225006
0	4.941000	0.857102	326.312500	288.687500
1	4.972000	0.987536	325.312500	290.750000
1	5.003000	0.965362	325.231232	290.568756
1	5.035000	0.992464	324.350006	289.725006
1	5.081000	0.972319	325.018738	289.906250
1	5.113000	0.939130	324.750000	289.250000
1	5.144000	0.951159	323.818756	290.193756
1	5.175000	1.007536	325.475006	290.574982
1	5.206000	1.009420	325.468750	290.981262
0	5.237000	0.939130	326.000000	290.000000
1	5.269000	0.997101	324.000000	291.000000
1	5.315000	0.877246	322.881256	289.881256
1	5.347000	0.989710	324.781250	290.656250
1	5.378000	0.988116	324.725006	290.287506
1	5.409000	0.973333	324.875000	290.500000
1	5.440000	0.985942	324.743744	290.856232
1	5.471000	0.920725	323.756256	289.756256
1	5.503000	0.975507	324.906250	291.031250
1	5.534000	0.981449	324.787506	290.649994
1	5.581000	0.962319	325.000000	290.000000
1	5.612000	0.955507	324.681244	290.706268
1	5.643000	0.970580	324.881256	290.493744
1	5.674000	0.955362	324.274994	289.725006
1	5.705000	0.941159	325.287506	290.524994
1	5.737000	0.955507	325.256256	291.118744
0	5.768000	0.834783	324.000000	291.000000
1	5.815000	0.950580	325.218750	290.843750
1	5.846000	0.952029	324.193756	290.681244
1	5.877000	0.948985	324.649963	290.149963
1	5.908000	0.933333	325.000000	290.000000
1	5.939000	0.967971	324.956238	290.056274
0	5.971000	0.836232	322.562500	290.875122
1	6.002000	0.950580	324.843750	290.843750
0	6.049000	0.347826	325.018738	256.018738
1	6.080000	0.962319	324.968750	290.968750
1	6.111000	0.942464	324.306244	290.693756
1	6.142000	0.955507	324.256256	290.743744
1	6.173000	0.954928	324.906250	290.718750
1	6.205000	0.927536	323.500000	290.500000
1	6.236000	0.888406	323.337494	290.337494
0	6.267000	0.605507	320.462494	295.037506
0	6.314000	0.685797	329.450104	289.925079
1	6.345000	0.963188	325.024994	290.787506
0	6.376000	0.847102	322.781372	290.081299
1	6.407000	0.956522	324.500000	290.000000
1	6.439000	0.950725	325.250000	289.750000
1	6.470000	0.968985	324.437500	290.437500
1	6.501000	0.965797	324.937500	290.062500
1	6.548000	0.955362	325.100006	290.225006
1	6.579000	0.965217	325.937500	290.062500
0	6.610000	0.672464	322.500000	294.500000
0	6.641000	0.759710	324.087494	293.537506
0	6.673000	0.814058	323.306244	293.068756
1	6.704000	0.982609	324.250000	292.000000
1	6.735000	0.847971	320.806244	290.806244
1	6.782000	0.876232	320.162506	291.162506
1	6.813000	0.968116	323.375000	291.625000
1	6.844000	0.885362	321.031250	292.268738
1	6.875000	0.985507	323.000000	292.000000
1	6.907000	0.969130	322.956238	291.581238
0	6.938000	0.884928	321.287506	291.287506
0	6.969000	0.887536	321.375000	290.750000
1	7.000000	0.884928	322.287506	291.712494
0	7.047000	0.620145	319.756226	295.718750
0	7.078000	0.814638	321.281250	291.718750
0	7.109000	0.539710	317.500000	295.500000
1	7.141000	0.931594	323.600006	290.600006
1	7.172000	0.955362	323.725006	291.725006
0	7.203000	0.857681	321.337494	292.087494
0	7.234000	0.834783	320.000000	291.000000
1	7.281000	0.865797	321.187500	292.187500
0	7.312000	0.417246	331.993744	289.243744
1	7.343000	0.950725	324.500000	291.500000
1	7.375000	0.652899	320.343750	296.618774
1	7.406000	0.989710	323.093750	291.218750
1	7.437000	1.008116	323.450012	291.000000
1	7.468000	0.968406	322.087494	291.087494
1	7.515000	1.038406	323.581238	292.418762
1	7.546000	0.931594	322.600006	292.100006
1	7.577000	1.039710	323.937500	293.562500
1	7.609000	1.047681	324.056244	293.493744
1	7.640000	0.997101	322.500000	291.500000
1	7.671000	1.043333	322.993744	292.493744
1	7.702000	0.991304	323.000000	292.500000
0	7.733000	0.347826	318.318604	258.556274
1	7.780000	0.969565	323.625000	292.500000
1	7.811000	1.000725	323.581238	292.856262
0	7.843000	0.883768	321.662506	293.237518
1	7.874000	0.875362	321.500000	292.500000
1	7.905000	0.973333	323.250000	293.000000
0	7.936000	0.894493	321.424988	292.424988
1	7.967000	0.857536	321.356232	292.068756
0	8.014000	0.566812	330.156250	292.156250
0	8.045000	0.866377	321.212494	292.212494
1	8.077000	0.895072	321.399994	292.399994
1	8.108000	0.868985	321.450012	293.174988
0	8.139000	0.347826	316.156250	260.656250
0	8.170000	0.612029	318.856232	298.193756
1	8.201000	0.939130	322.250000	291.750000
1	8.248000	0.979420	323.162506	292.162506
1	8.279000	0.993623	323.100006	291.875031
1	8.311000	0.951594	324.062500	290.812500
1	8.342000	1.007681	323.493744	291.993744
0	8.373000	0.692319	319.656250	295.956299
1	8.404000	1.013623	323.812500	292.312500
1	8.435000	1.060290	323.312500	291.750000
0	8.467000	0.445362	331.656219	286.431244
1	8.513000	1.042754	323.018738	291.481262
1	8.545000	1.022319	323.187500	291.812500
1	8.576000	1.016232	323.649994	292.350006
1	8.607000	0.906232	321.606262	291.581238
0	8.638000	0.886667	321.737488	291.312500
1	8.669000	0.936812	322.462494	292.024994
1	8.701000	0.982029	323.687500	292.625000
0	8.747000	0.568841	318.818726	297.856262
0	8.779000	0.459710	331.399994	288.600006
1	8.810000	0.951159	323.806244	292.356232
0	8.841000	0.834783	323.000000	292.000000
1	8.872000	0.384058	331.362488	288.362488
1	8.903000	0.377681	331.312500	288.062500
1	8.935000	0.876812	321.112488	292.137512
1	8.966000	0.865797	321.250000	291.937500
1	9.013000	0.887681	321.268738	292.706238
0	9.044000	0.561884	330.806244	292.193756
0	9.075000	0.885362	321.531250	291.031250
0	9.106000	0.854928	320.281250	291.531250
1	9.137000	0.967536	323.399994	292.537506
0	9.169000	0.912899	323.368744	291.368744
1	9.200000	0.985507	323.000000	293.000000
1	9.247000	0.990145	323.225006	291.774994
1	9.278000	0.933768	321.681244	291.068756
1	9.309000	0.862319	320.800018	291.725067
0	9.340000	0.881159	321.575012	291.200012
1	9.371000	0.866377	321.287506	291.037506
0	9.403000	0.389710	331.593750	287.156250
1	9.434000	0.883768	321.987579	291.762482
1	9.465000	0.866377	321.537506	292.037506
0	9.512000	0.884928	322.287506	291.987457
0	9.543000	0.857536	321.681244	292.068756
0	9.574000	0.590725	321.500000	297.500000
1	9.605000	0.938551	323.375000	292.000000
1	9.637000	0.956522	323.500000	292.000000
0	9.668000	0.876812	322.137512	292.862488
0	9.699000	0.377101	332.337494	288.712494
0	9.746000	0.597246	319.593750	298.406250
0	9.777000	0.869565	321.000000	293.000000
1	9.808000	0.950580	321.956238	292.168762
0	9.839000	0.549420	320.156250	298.406250
1	9.871000	0.966812	323.406250	292.031250
0	9.902000	0.347826	340.481384	256.531250
1	9.933000	0.869565	321.000000	291.000000
1	9.980000	0.961884	323.993744	291.806244
0	10.011000	0.834783	320.000000	291.000000
1	10.042000	0.973913	325.000000	292.000000
0	10.073000	0.672754	320.399994	294.662506
1	10.105000	0.856522	321.875000	290.875000
1	10.136000	0.946667	323.350006	291.637482
0	10.167000	0.834783	320.000000	291.000000
0	10.198000	0.869565	322.000000	293.000000
0	10.245000	0.414058	332.181244	288.181244
0	10.276000	0.820290	322.199951	293.349915
1	10.307000	0.956522	325.000000	294.000000
1	10.339000	0.927101	325.181244	293.556244
1	10.370000	0.950580	324.843750	294.968750
0	10.401000	0.661885	319.493835	295.743774
1	10.432000	0.918406	324.431244	294.231232
0	10.479000	0.566232	320.131256	299.856232
0	10.510000	0.614493	320.000000	298.000000
1	10.541000	0.968985	324.937500	294.937500
1	10.573000	0.951159	325.181244	295.193756
1	10.604000	0.857102	321.187500	293.812500
1	10.635000	0.943768	322.500000	293.750000
1	10.666000	0.876812	322.612488	292.887512
1	10.713000	0.969710	323.068756	294.068756
0	10.744000	0.869565	321.000000	293.000000
1	10.775000	0.971449	323.518646	293.506256
1	10.807000	0.866377	321.774994	293.037506
0	10.838000	0.870725	321.475006	293.949982
1	10.869000	0.857102	321.437500	294.187500
1	10.900000	0.968985	323.062469	293.962494
1	10.931000	0.968406	322.912506	294.087494
1	10.978000	0.849420	320.781250	293.831238
1	11.009000	0.885362	321.531250	293.031250
1	11.041000	0.955362	323.225006	293.712494
1	11.072000	0.938551	323.312500	294.000000
1	11.103000	0.854928	321.281250	293.281250
0	11.134000	0.867681	322.181274	292.843750
1	11.165000	0.933768	323.068756	292.618744
1	11.212000	0.848406	320.812500	293.187500
1	11.243000	0.903623	322.018738	292.393738
1	11.275000	0.860870	321.250000	292.000000
0	11.306000	0.856522	320.875000	292.875000
1	11.337000	0.939130	323.562500	292.937500
0	11.368000	0.411884	331.287506	289.149994
0	11.399000	0.883768	322.237518	292.762482
0	11.446000	0.852754	321.875000	293.500000
0	11.477000	0.835507	321.006287	292.981201
1	11.509000	0.937536	323.031250	292.468750
1	11.540000	0.422899	330.962494	287.850006
0	11.571000	0.890580	321.406189	292.943726
1	11.602000	0.971159	323.843750	291.906250
0	11.633000	0.621884	319.306244	296.318756
1	11.665000	0.872319	321.268768	292.206268
0	11.711000	0.544928	331.250000	290.750000
0	11.743000	0.889855	320.750000	292.250000
0	11.774000	0.869565	321.000000	291.000000
1	11.805000	0.977536	322.968658	290.593719
1	11.836000	0.985362	323.156250	290.281250
0	11.867000	0.854928	321.331238	288.281250
1	11.899000	0.970145	324.137512	290.112488
1	11.945000	0.943768	324.612518	290.524994
1	11.977000	0.903188	323.524994	290.975006
1	12.008000	0.949130	324.181213	289.968750
1	12.039000	0.931449	323.568756	290.568756
0	12.070000	0.556522	320.000000	295.000000
0	12.101000	0.621884	320.681244	295.056244
0	12.133000	0.347826	316.306213	257.818665
0	12.179000	0.610581	320.506317	295.218414
0	12.211000	0.626087	320.500000	296.500000
1	12.242000	0.962464	324.406250	290.906250
1	12.273000	0.935072	324.475006	291.587494
1	12.304000	0.959275	323.781250	290.968750
1	12.335000	0.621884	320.681244	295.431244
1	12.367000	0.966812	323.593750	290.593750
1	12.398000	0.865797	321.187500	291.037476
1	12.445000	0.920145	323.218750	289.781250
1	12.476000	0.981594	324.131256	291.631256
0	12.507000	0.438116	331.731232	286.256256
1	12.538000	0.972319	324.468750	292.531250
1	12.569000	0.915942	322.000000	292.000000
1	12.601000	0.882609	321.656250	291.656250
0	12.632000	0.566377	330.149994	291.850006
0	12.679000	0.590145	318.975006	296.225006
0	12.710000	0.853623	321.312347	293.112640
0	12.741000	0.424928	331.850006	287.100006
1	12.772000	0.953623	324.750000	293.250000
0	12.803000	0.857102	322.312500	293.312500
0	12.835000	0.835797	322.493744	293.118744
0	12.866000	0.861449	322.250000	293.375000
0	12.913000	0.849420	321.781250	293.781250
1	12.944000	0.852754	322.250000	293.312500
1	12.975000	0.633623	320.899994	299.100006
1	13.006000	0.839710	322.512512	293.687500
0	13.037000	0.579855	330.156250	294.406250
0	13.069000	0.567971	320.281250	301.093750
0	13.100000	0.801159	322.975006	294.975006
0	13.131000	0.556522	328.000000	295.000000
1	13.178000	0.920145	324.218750	294.781250
0	13.209000	0.831594	323.912506	293.537506
0	13.240000	0.588116	320.774994	299.837494
1	13.271000	0.904928	324.500000	295.000000
1	13.303000	0.938116	325.006256	295.006256
0	13.334000	0.811594	322.000000	295.000000
1	13.365000	0.848985	323.399994	294.787506
1	13.396000	0.834783	322.500000	294.500000
1	13.443000	0.846667	322.199982	295.087494
0	13.474000	0.836957	321.943756	294.618744
0	13.505000	0.568986	318.937500	298.312500
0	13.537000	0.848985	322.787506	293.787506
0	13.568000	0.586812	320.606232	299.306244
0	13.599000	0.562174	319.793732	299.106232
0	13.630000	0.801159	322.975006	294.975006
0	13.677000	0.550870	319.418732	299.181244
0	13.708000	0.834783	324.000000	295.000000
0	13.739000	0.347826	317.718689	262.518738
0	13.771000	0.671449	320.631226	296.831299
1	13.802000	0.932029	323.593750	294.331238
1	13.833000	0.882029	322.312500	293.750000
1	13.864000	0.840725	322.531250	294.343750
0	13.911000	0.565797	319.862488	298.875000
1	13.942000	0.834638	322.993744	293.568756
0	13.973000	0.801594	321.518738	293.518738
0	14.005000	0.382609	332.000000	288.000000
1	14.036000	0.846377	321.000000	293.000000
1	14.067000	0.839710	321.687500	292.549988
0	14.098000	0.556522	320.000000	299.000000
1	14.129000	0.870580	323.543732	292.868744
1	14.176000	0.866232	323.056244	293.193756
1	14.207000	0.834783	322.750000	292.750000
1	14.239000	0.370290	332.168762	288.268738
0	14.270000	0.829275	322.949982	292.337494
1	14.301000	0.852174	322.500000	293.000000
0	14.332000	0.805507	322.162506	292.837494
0	14.363000	0.574638	322.125000	296.937500
0	14.410000	0.822899	323.412506	291.199982
0	14.441000	1.267971	320.218750	275.781250
0	14.473000	0.400000	332.000000	287.000000
0	14.504000	0.366377	332.600006	287.975006
1	14.535000	0.814058	323.306244	291.693756
0	14.566000	0.347826	314.656250	260.468750
0	14.597000	0.714203	321.100006	293.225006
0	14.644000	0.814203	322.287506	291.712494
0	14.675000	0.825507	322.625000	291.625000
0	14.707000	0.347826	318.668701	257.331299
0	14.738000	0.347826	318.843750	257.843750
0	14.769000	0.608841	320.618744	295.243744
0	14.800000	0.779855	321.781250	291.831238
0	14.831000	0.818406	322.806244	290.806244
0	14.863000	0.371159	331.843750	285.593750
1	14.909000	0.800000	322.000000	292.000000
0	14.941000	0.584203	320.093750	295.906250
1	14.972000	0.566232	322.056244	296.868744
0	15.003000	0.810290	323.218750	290.218750
0	15.034000	0.605362	320.556244	296.556244
0	15.065000	0.564203	320.006256	295.818756
1	15.097000	0.579710	319.875000	295.375000
0	15.143000	0.347826	339.668701	256.168701
0	15.175000	0.540725	320.768738	295.718750
1	15.206000	0.947246	324.375000	290.875000
0	15.237000	0.531449	321.006256	296.381256
1	15.268000	0.347826	324.343750	255.481262
0	15.299000	0.555652	320.700012	295.937500
1	15.331000	0.858116	323.306335	290.656250
0	15.377000	0.635362	330.174988	291.562500
0	15.409000	0.529275	320.600006	296.350006
0	15.440000	0.388406	332.575012	285.575012
1	15.471000	0.835362	322.000000	290.000000
1	15.502000	0.511594	320.674988	297.812500
0	15.533000	0.783768	322.225006	292.274994
0	15.565000	0.565797	320.875000	296.125000
0	15.596000	0.811594	322.000000	291.000000
0	15.643000	0.836377	322.406250	292.406250
0	15.674000	0.827101	323.106232	290.681305
1	15.705000	0.577246	320.168732	296.868744
0	15.736000	0.753623	321.000000	294.000000
0	15.767000	0.603768	320.625000	297.500000
1	15.799000	0.835797	322.493744	293.381256
0	15.830000	0.589710	321.218750	297.781250
1	15.877000	0.390290	332.381256	287.618744
0	15.908000	0.574928	319.256256	297.006256
1	15.939000	0.397246	331.518738	288.043762
1	15.970000	0.566377	320.149994	298.149994
0	16.001000	0.839130	322.987518	291.987518
0	16.033000	0.445507	329.399994	292.524994
1	16.064000	0.931159	324.906250	292.643738
1	16.111000	0.840145	323.681244	292.318756
0	16.142000	0.813768	323.187500	294.125000
0	16.173000	0.836232	325.049988	291.437500
0	16.204000	0.859275	323.706238	291.793762
1	16.235000	0.950145	324.674957	292.824982
1	16.267000	0.970290	324.943695	292.956207
0	16.298000	0.898551	323.000000	292.000000
1	16.329000	0.871014	322.087524	293.099976
1	16.376000	0.874928	322.056244	292.931244
0	16.407000	0.597246	320.456238	299.406250
1	16.438000	0.853768	322.906250	293.593750
1	16.469000	0.883768	322.725006	293.024994
1	16.501000	0.814203	321.287506	293.287506
1	16.532000	0.904348	322.500000	292.500000
1	16.563000	0.875507	322.406250	292.906250
0	16.610000	0.373768	332.368744	289.568756
1	16.641000	0.596667	319.568756	299.431244
0	16.672000	0.540725	320.468750	300.531250
1	16.703000	0.836811	322.612488	295.612427
0	16.735000	0.566377	320.100006	299.887482
1	16.766000	0.874928	322.181244	294.068756
0	16.797000	0.509855	317.649994	297.837494
0	16.844000	0.611594	319.000000	297.250000
0	16.875000	0.575507	320.018738	299.118774
0	16.906000	0.525942	319.468781	299.468781
0	16.937000	0.544493	320.431244	300.431244
0	16.969000	0.805942	322.031250	295.968750
0	17.000000	0.560290	319.062500	299.937500
0	17.031000	0.606522	317.812500	298.250000
0	17.062000	0.817391	321.125000	294.125000
0	17.109000	0.347826	318.156250	261.631348
0	17.140000	0.848841	321.806244	293.806244
0	17.171000	0.742029	320.000000	291.000000
0	17.203000	0.417391	332.000000	291.000000
1	17.234000	0.884203	322.281250	295.218750
1	17.265000	0.839710	320.937500	293.812500
0	17.296000	0.551594	318.062500	299.862488
1	17.343000	0.451015	330.649994	289.512482
0	17.374000	0.577681	319.687500	300.187500
0	17.405000	0.572319	319.968750	300.156250
0	17.437000	0.561594	319.937500	301.000000
0	17.468000	0.347826	315.981262	263.431274
1	17.499000	0.417971	332.000000	290.000000
1	17.530000	0.855942	322.362488	294.687500
0	17.561000	0.707681	319.818756	296.918793
0	17.608000	0.347826	329.981262	259.181335
0	17.639000	0.423333	331.143738	290.143738
0	17.671000	0.820145	321.818787	295.893677
1	17.702000	0.800000	322.000000	295.000000
1	17.733000	0.521739	320.000000	301.000000
1	17.764000	0.869565	322.000000	295.000000
0	17.795000	0.557101	319.112488	300.000000
0	17.842000	1.303768	321.750000	277.737488
0	17.873000	0.514058	318.743744	299.743744
0	17.905000	0.370290	330.706238	289.406250
1	17.936000	0.848841	321.806244	294.618744
0	17.967000	0.521015	318.518738	299.481262
<\RIGHT-PUPIL-DATA>
<LEFT-PUPIL-DATA>
543	0
0	-0.051000	13.913043	240.000000	320.000000
0	-0.019000	13.913043	240.000000	320.000000
0	0.012000	13.913043	240.000000	320.000000
0	0.043000	13.913043	240.000000	320.000000
0	0.074000	13.913043	240.000000	320.000000
0	0.121000	13.913043	240.000000	320.000000
0	0.152000	13.913043	240.000000	320.000000
0	0.183000	13.913043	240.000000	320.000000
0	0.215000	13.913043	240.000000	320.000000
0	0.246000	13.913043	240.000000	320.000000
0	0.277000	13.913043	240.000000	320.000000
0	0.308000	13.913043	240.000000	320.000000
0	0.355000	13.913043	240.000000	320.000000
0	0.386000	13.913043	240.000000	320.000000
0	0.417000	13.913043	240.000000	320.000000
0	0.449000	13.913043	240.000000	320.000000
0	0.480000	13.913043	240.000000	320.000000
0	0.511000	13.913043	240.000000	320.000000
0	0.542000	13.913043	240.000000	320.000000
0	0.573000	13.913043	240.000000	320.000000
0	0.620000	13.913043	240.000000	320.000000
0	0.651000	13.913043	240.000000	320.000000
0	0.683000	13.913043	240.000000	320.000000
0	0.714000	13.913043	240.000000	320.000000
0	0.745000	13.913043	240.000000	320.000000
0	0.776000	13.913043	240.000000	320.000000
0	0.807000	13.913043	240.000000	320.000000
0	0.854000	13.913043	240.000000	320.000000
0	0.885000	13.913043	240.000000	320.000000
0	0.917000	13.913043	240.000000	320.000000
0	0.948000	13.913043	240.000000	320.000000
0	0.979000	13.913043	240.000000	320.000000
0	1.010000	13.913043	240.000000	320.000000
0	1.041000	13.913043	240.000000	320.000000
0	1.073000	13.913043	240.000000	320.000000
0	1.119000	13.913043	240.000000	320.000000
0	1.151000	13.913043	240.000000	320.000000
0	1.182000	13.913043	240.000000	320.000000
0	1.213000	13.913043	240.000000	320.000000
0	1.244000	13.913043	240.000000	320.000000
0	1.275000	13.913043	240.000000	320.000000
0	1.307000	13.913043	240.000000	320.000000
0	1.353000	13.913043	240.000000	320.000000
0	1.385000	13.913043	240.000000	320.000000
0	1.416000	13.913043	240.000000	320.000000
0	1.447000	13.913043	240.000000	320.000000
0	1.478000	13.913043	240.000000	320.000000
0	1.509000	13.913043	240.000000	320.000000
0	1.541000	13.913043	240.000000	320.000000
0	1.587000	13.913043	240.000000	320.000000
0	1.619000	13.913043	240.000000	320.000000
0	1.650000	13.913043	240.000000	320.000000
0	1.681000	13.913043	240.000000	320.000000
0	1.712000	13.913043	240.000000	320.000000
0	1.743000	13.913043	240.000000	320.000000
0	1.775000	13.913043	240.000000	320.000000
0	1.806000	13.913043	240.000000	320.000000
0	1.853000	13.913043	240.000000	320.000000
0	1.884000	13.913043	240.000000	320.000000
0	1.915000	13.913043	240.000000	320.000000
0	1.946000	13.913043	240.000000	320.000000
0	1.977000	13.913043	240.000000	320.000000
0	2.009000	13.913043	240.000000	320.000000
0	2.040000	13.913043	240.000000	320.000000
0	2.087000	13.913043	240.000000	320.000000
0	2.118000	13.913043	240.000000	320.000000
0	2.149000	13.913043	240.000000	320.000000
0	2.180000	13.913043	240.000000	320.000000
0	2.211000	13.913043	240.000000	320.000000
0	2.243000	13.913043	240.000000	320.000000
0	2.274000	13.913043	240.000000	320.000000
0	2.321000	13.913043	240.000000	320.000000
0	2.352000	13.913043	240.000000	320.000000
0	2.383000	13.913043	240.000000	320.000000
0	2.414000	13.913043	240.000000	320.000000
0	2.445000	13.913043	240.000000	320.000000
0	2.477000	13.913043	240.000000	320.000000
0	2.508000	13.913043	240.000000	320.000000
0	2.539000	13.913043	240.000000	320.000000
0	2.586000	13.913043	240.000000	320.000000
0	2.617000	13.913043	240.000000	320.000000
0	2.648000	13.913043	240.000000	320.000000
0	2.679000	13.913043	240.000000	320.000000
0	2.711000	13.913043	240.000000	320.000000
0	2.742000	13.913043	240.000000	320.000000
0	2.773000	13.913043	240.000000	320.000000
0	2.820000	13.913043	240.000000	320.000000
0	2.851000	13.913043	240.000000	320.000000
0	2.882000	13.913043	240.000000	320.000000
0	2.913000	13.913043	240.000000	320.000000
0	2.945000	13.913043	240.000000	320.000000
0	2.976000	13.913043	240.000000	320.000000
0	3.007000	13.913043	240.000000	320.000000
0	3.054000	13.913043	240.000000	320.000000
0	3.085000	13.913043	240.000000	320.000000
0	3.116000	13.913043	240.000000	320.000000
0	3.147000	13.913043	240.000000	320.000000
0	3.179000	13.913043	240.000000	320.000000
0	3.210000	13.913043	240.000000	320.000000
0	3.241000	13.913043	240.000000	320.000000
0	3.272000	13.913043	240.000000	320.000000
0	3.319000	13.913043	240.000000	320.000000
0	3.350000	13.913043	240.000000	320.000000
0	3.381000	13.913043	240.000000	320.000000
0	3.413000	13.913043	240.000000	320.000000
0	3.444000	13.913043	240.000000	320.000000
0	3.475000	13.913043	240.000000	320.000000
0	3.506000	13.913043	240.000000	320.000000
0	3.553000	13.913043	240.000000	320.000000
0	3.584000	13.913043	240.000000	320.000000
0	3.615000	13.913043	240.000000	320.000000
0	3.647000	13.913043	240.000000	320.000000
0	3.678000	13.913043	240.000000	320.000000
0	3.709000	13.913043	240.000000	320.000000
0	3.740000	13.913043	240.000000	320.000000
0	3.787000	13.913043	240.000000	320.000000
0	3.818000	13.913043	240.000000	320.000000
0	3.849000	13.913043	240.000000	320.000000
0	3.881000	13.913043	240.000000	320.000000
0	3.912000	13.913043	240.000000	320.000000
0	3.943000	13.913043	240.000000	320.000000
0	3.974000	13.913043	240.000000	320.000000
0	4.005000	13.913043	240.000000	320.000000
0	4.052000	13.913043	240.000000	320.000000
0	4.083000	13.913043	240.000000	320.000000
0	4.115000	13.913043	240.000000	320.000000
0	4.146000	13.913043	240.000000	320.000000
0	4.177000	13.913043	240.000000	320.000000
0	4.208000	13.913043	240.000000	320.000000
0	4.239000	13.913043	240.000000	320.000000
0	4.286000	13.913043	240.000000	320.000000
0	4.317000	13.913043	240.000000	320.000000
0	4.349000	13.913043	240.000000	320.000000
0	4.380000	13.913043	240.000000	320.000000
0	4.411000	13.913043	240.000000	320.000000
0	4.442000	13.913043	240.000000	320.000000
0	4.473000	13.913043	240.000000	320.000000
0	4.520000	13.913043	240.000000	320.000000
0	4.551000	13.913043	240.000000	320.000000
0	4.583000	13.913043	240.000000	320.000000
0	4.614000	13.913043	240.000000	320.000000
0	4.645000	13.913043	240.000000	320.000000
0	4.676000	13.913043	240.000000	320.000000
0	4.707000	13.913043	240.000000	320.000000
0	4.739000	13.913043	240.000000	320.000000
0	4.785000	13.913043	240.000000	320.000000
0	4.817000	13.913043	240.000000	320.000000
0	4.848000	13.913043	240.000000	320.000000
0	4.879000	13.913043	240.000000	320.000000
0	4.910000	13.913043	240.000000	320.000000
0	4.941000	13.913043	240.000000	320.000000
0	4.973000	13.913043	240.000000	320.000000
0	5.004000	13.913043	240.000000	320.000000
0	5.051000	13.913043	240.000000	320.000000
0	5.082000	13.913043	240.000000	320.000000
0	5.113000	13.913043	240.000000	320.000000
0	5.144000	13.913043	240.000000	320.000000
0	5.175000	13.913043	240.000000	320.000000
0	5.207000	13.913043	240.000000	320.000000
0	5.238000	13.913043	240.000000	320.000000
0	5.285000	13.913043	240.000000	320.000000
0	5.316000	13.913043	240.000000	320.000000
0	5.347000	13.913043	240.000000	320.000000
0	5.378000	13.913043	240.000000	320.000000
0	5.409000	13.913043	240.000000	320.000000
0	5.441000	13.913043	240.000000	320.000000
0	5.472000	13.913043	240.000000	320.000000
0	5.519000	13.913043	240.000000	320.000000
0	5.550000	13.913043	240.000000	320.000000
0	5.581000	13.913043	240.000000	320.000000
0	5.612000	13.913043	240.000000	320.000000
0	5.643000	13.913043	240.000000	320.000000
0	5.675000	13.913043	240.000000	320.000000
0	5.706000	13.913043	240.000000	320.000000
0	5.737000	13.913043	240.000000	320.000000
0	5.784000	13.913043	240.000000	320.000000
0	5.815000	13.913043	240.000000	320.000000
0	5.846000	13.913043	240.000000	320.000000
0	5.877000	13.913043	240.000000	320.000000
0	5.909000	13.913043	240.000000	320.000000
0	5.940000	13.913043	240.000000	320.000000
0	5.971000	13.913043	240.000000	320.000000
0	6.018000	13.913043	240.000000	320.000000
0	6.049000	13.913043	240.000000	320.000000
0	6.080000	13.913043	240.000000	320.000000
0	6.111000	13.913043	240.000000	320.000000
0	6.143000	13.913043	240.000000	320.000000
0	6.174000	13.913043	240.000000	320.000000
0	6.205000	13.913043	240.000000	320.000000
0	6.252000	13.913043	240.000000	320.000000
0	6.283000	13.913043	240.000000	320.000000
0	6.314000	13.913043	240.000000	320.000000
0	6.345000	13.913043	240.000000	320.000000
0	6.377000	13.913043	240.000000	320.000000
0	6.408000	13.913043	240.000000	320.000000
0	6.439000	13.913043	240.000000	320.000000
0	6.470000	13.913043	240.000000	320.000000
0	6.517000	13.913043	240.000000	320.000000
0	6.548000	13.913043	240.000000	320.000000
0	6.579000	13.913043	240.000000	320.000000
0	6.611000	13.913043	240.000000	320.000000
0	6.642000	13.913043	240.000000	320.000000
0	6.673000	13.913043	240.000000	320.000000
0	6.704000	13.913043	240.000000	320.000000
0	6.751000	13.913043	240.000000	320.000000
0	6.782000	13.913043	240.000000	320.000000
0	6.813000	13.913043	240.000000	320.000000
0	6.845000	13.913043	240.000000	320.000000
0	6.876000	13.913043	240.000000	320.000000
0	6.907000	13.913043	240.000000	320.000000
0	6.938000	13.913043	240.000000	320.000000
0	6.985000	13.913043	240.000000	320.000000
0	7.016000	13.913043	240.000000	320.000000
0	7.047000	13.913043	240.000000	320.000000
0	7.079000	13.913043	240.000000	320.000000
0	7.110000	13.913043	240.000000	320.000000
0	7.141000	13.913043	240.000000	320.000000
0	7.172000	13.913043	240.000000	320.000000
0	7.203000	13.913043	240.000000	320.000000
0	7.250000	13.913043	240.000000	320.000000
0	7.281000	13.913043	240.000000	320.000000
0	7.313000	13.913043	240.000000	320.000000
0	7.344000	13.913043	240.000000	320.000000
0	7.375000	13.913043	240.000000	320.000000
0	7.406000	13.913043	240.000000	320.000000
0	7.437000	13.913043	240.000000	320.000000
0	7.484000	13.913043	240.000000	320.000000
0	7.515000	13.913043	240.000000	320.000000
0	7.547000	13.913043	240.000000	320.000000
0	7.578000	13.913043	240.000000	320.000000
0	7.609000	13.913043	240.000000	320.000000
0	7.640000	13.913043	240.000000	320.000000
0	7.671000	13.913043	240.000000	320.000000
0	7.718000	13.913043	240.000000	320.000000
0	7.749000	13.913043	240.000000	320.000000
0	7.781000	13.913043	240.000000	320.000000
0	7.812000	13.913043	240.000000	320.000000
0	7.843000	13.913043	240.000000	320.000000
0	7.874000	13.913043	240.000000	320.000000
0	7.905000	13.913043	240.000000	320.000000
0	7.937000	13.913043	240.000000	320.000000
0	7.983000	13.913043	240.000000	320.000000
0	8.015000	13.913043	240.000000	320.000000
0	8.046000	13.913043	240.000000	320.000000
0	8.077000	13.913043	240.000000	320.000000
0	8.108000	13.913043	240.000000	320.000000
0	8.139000	13.913043	240.000000	320.000000
0	8.171000	13.913043	240.000000	320.000000
0	8.217000	13.913043	240.000000	320.000000
0	8.249000	13.913043	240.000000	320.000000
0	8.280000	13.913043	240.000000	320.000000
0	8.311000	13.913043	240.000000	320.000000
0	8.342000	13.913043	240.000000	320.000000
0	8.373000	13.913043	240.000000	320.000000
0	8.405000	13.913043	240.000000	320.000000
0	8.451000	13.913043	240.000000	320.000000
0	8.483000	13.913043	240.000000	320.000000
0	8.514000	13.913043	240.000000	320.000000
0	8.545000	13.913043	240.000000	320.000000
0	8.576000	13.913043	240.000000	320.000000
0	8.607000	13.913043	240.000000	320.000000
0	8.639000	13.913043	240.000000	320.000000
0	8.670000	13.913043	240.000000	320.000000
0	8.717000	13.913043	240.000000	320.000000
0	8.748000	13.913043	240.000000	320.000000
0	8.779000	13.913043	240.000000	320.000000
0	8.810000	13.913043	240.000000	320.000000
0	8.841000	13.913043	240.000000	320.000000
0	8.873000	13.913043	240.000000	320.000000
0	8.904000	13.913043	240.000000	320.000000
0	8.935000	13.913043	240.000000	320.000000
0	8.982000	13.913043	240.000000	320.000000
0	9.013000	13.913043	240.000000	320.000000
0	9.044000	13.913043	240.000000	320.000000
0	9.075000	13.913043	240.000000	320.000000
0	9.107000	13.913043	240.000000	320.000000
0	9.138000	13.913043	240.000000	320.000000
0	9.169000	13.913043	240.000000	320.000000
0	9.216000	13.913043	240.000000	320.000000
0	9.247000	13.913043	240.000000	320.000000
0	9.278000	13.913043	240.000000	320.000000
0	9.309000	13.913043	240.000000	320.000000
0	9.341000	13.913043	240.000000	320.000000
0	9.372000	13.913043	240.000000	320.000000
0	9.403000	13.913043	240.000000	320.000000
0	9.450000	13.913043	240.000000	320.000000
0	9.481000	13.913043	240.000000	320.000000
0	9.512000	13.913043	240.000000	320.000000
0	9.543000	13.913043	240.000000	320.000000
0	9.575000	13.913043	240.000000	320.000000
0	9.606000	13.913043	240.000000	320.000000
0	9.637000	13.913043	240.000000	320.000000
0	9.668000	13.913043	240.000000	320.000000
0	9.715000	13.913043	240.000000	320.000000
0	9.746000	13.913043	240.000000	320.000000
0	9.777000	13.913043	240.000000	320.000000
0	9.809000	13.913043	240.000000	320.000000
0	9.840000	13.913043	240.000000	320.000000
0	9.871000	13.913043	240.000000	320.000000
0	9.902000	13.913043	240.000000	320.000000
0	9.949000	13.913043	240.000000	320.000000
0	9.980000	13.913043	240.000000	320.000000
0	10.011000	13.913043	240.000000	320.000000
0	10.043000	13.913043	240.000000	320.000000
0	10.074000	13.913043	240.000000	320.000000
0	10.105000	13.913043	240.000000	320.000000
0	10.136000	13.913043	240.000000	320.000000
0	10.183000	13.913043	240.000000	320.000000
0	10.214000	13.913043	240.000000	320.000000
0	10.245000	13.913043	240.000000	320.000000
0	10.277000	13.913043	240.000000	320.000000
0	10.308000	13.913043	240.000000	320.000000
0	10.339000	13.913043	240.000000	320.000000
0	10.370000	13.913043	240.000000	320.000000
0	10.401000	13.913043	240.000000	320.000000
0	10.448000	13.913043	240.000000	320.000000
0	10.479000	13.913043	240.000000	320.000000
0	10.511000	13.913043	240.000000	320.000000
0	10.542000	13.913043	240.000000	320.000000
0	10.573000	13.913043	240.000000	320.000000
0	10.604000	13.913043	240.000000	320.000000
0	10.635000	13.913043	240.000000	320.000000
0	10.682000	13.913043	240.000000	320.000000
0	10.713000	13.913043	240.000000	320.000000
0	10.745000	13.913043	240.000000	320.000000
0	10.776000	13.913043	240.000000	320.000000
0	10.807000	13.913043	240.000000	320.000000
0	10.838000	13.913043	240.000000	320.000000
0	10.869000	13.913043	240.000000	320.000000
0	10.916000	13.913043	240.000000	320.000000
0	10.947000	13.913043	240.000000	320.000000
0	10.979000	13.913043	240.000000	320.000000
0	11.010000	13.913043	240.000000	320.000000
0	11.041000	13.913043	240.000000	320.000000
0	11.072000	13.913043	240.000000	320.000000
0	11.103000	13.913043	240.000000	320.000000
0	11.135000	13.913043	240.000000	320.000000
0	11.181000	13.913043	240.000000	320.000000
0	11.213000	13.913043	240.000000	320.000000
0	11.244000	13.913043	240.000000	320.000000
0	11.275000	13.913043	240.000000	320.000000
0	11.306000	13.913043	240.000000	320.000000
0	11.337000	13.913043	240.000000	320.000000
0	11.369000	13.913043	240.000000	320.000000
0	11.415000	13.913043	240.000000	320.000000
0	11.447000	13.913043	240.000000	320.000000
0	11.478000	13.913043	240.000000	320.000000
0	11.509000	13.913043	240.000000	320.000000
0	11.540000	13.913043	240.000000	320.000000
0	11.571000	13.913043	240.000000	320.000000
0	11.603000	13.913043	240.000000	320.000000
0	11.649000	13.913043	240.000000	320.000000
0	11.681000	13.913043	240.000000	320.000000
0	11.712000	13.913043	240.000000	320.000000
0	11.743000	13.913043	240.000000	320.000000
0	11.774000	13.913043	240.000000	320.000000
0	11.805000	13.913043	240.000000	320.000000
0	11.837000	13.913043	240.000000	320.000000
0	11.868000	13.913043	240.000000	320.000000
0	11.915000	13.913043	240.000000	320.000000
0	11.946000	13.913043	240.000000	320.000000
0	11.977000	13.913043	240.000000	320.000000
0	12.008000	13.913043	240.000000	320.000000
0	12.039000	13.913043	240.000000	320.000000
0	12.071000	13.913043	240.000000	320.000000
0	12.102000	13.913043	240.000000	320.000000
0	12.149000	13.913043	240.000000	320.000000
0	12.180000	13.913043	240.000000	320.000000
0	12.211000	13.913043	240.000000	320.000000
0	12.242000	13.913043	240.000000	320.000000
0	12.273000	13.913043	240.000000	320.000000
0	12.305000	13.913043	240.000000	320.000000
0	12.336000	13.913043	240.000000	320.000000
0	12.383000	13.913043	240.000000	320.000000
0	12.414000	13.913043	240.000000	320.000000
0	12.445000	13.913043	240.000000	320.000000
0	12.476000	13.913043	240.000000	320.000000
0	12.507000	13.913043	240.000000	320.000000
0	12.539000	13.913043	240.000000	320.000000
0	12.570000	13.913043	240.000000	320.000000
0	12.601000	13.913043	240.000000	320.000000
0	12.648000	13.913043	240.000000	320.000000
0	12.679000	13.913043	240.000000	320.000000
0	12.710000	13.913043	240.000000	320.000000
0	12.741000	13.913043	240.000000	320.000000
0	12.773000	13.913043	240.000000	320.000000
0	12.804000	13.913043	240.000000	320.000000
0	12.835000	13.913043	240.000000	320.000000
0	12.866000	13.913043	240.000000	320.000000
0	12.913000	13.913043	240.000000	320.000000
0	12.944000	13.913043	240.000000	320.000000
0	12.975000	13.913043	240.000000	320.000000
0	13.007000	13.913043	240.000000	320.000000
0	13.038000	13.913043	240.000000	320.000000
0	13.069000	13.913043	240.000000	320.000000
0	13.100000	13.913043	240.000000	320.000000
0	13.147000	13.913043	240.000000	320.000000
0	13.178000	13.913043	240.000000	320.000000
0	13.209000	13.913043	240.000000	320.000000
0	13.241000	13.913043	240.000000	320.000000
0	13.272000	13.913043	240.000000	320.000000
0	13.303000	13.913043	240.000000	320.000000
0	13.334000	13.913043	240.000000	320.000000
0	13.381000	13.913043	240.000000	320.000000
0	13.412000	13.913043	240.000000	320.000000
0	13.443000	13.913043	240.000000	320.000000
0	13.475000	13.913043	240.000000	320.000000
0	13.506000	13.913043	240.000000	320.000000
0	13.537000	13.913043	240.000000	320.000000
0	13.568000	13.913043	240.000000	320.000000
0	13.599000	13.913043	240.000000	320.000000
0	13.646000	13.913043	240.000000	320.000000
0	13.677000	13.913043	240.000000	320.000000
0	13.709000	13.913043	240.000000	320.000000
0	13.740000	13.913043	240.000000	320.000000
0	13.771000	13.913043	240.000000	320.000000
0	13.802000	13.913043	240.000000	320.000000
0	13.833000	13.913043	240.000000	320.000000
0	13.880000	13.913043	240.000000	320.000000
0	13.911000	13.913043	240.000000	320.000000
0	13.943000	13.913043	240.000000	320.000000
0	13.974000	13.913043	240.000000	320.000000
0	14.005000	13.913043	240.000000	320.000000
0	14.036000	13.913043	240.000000	320.000000
0	14.067000	13.913043	240.000000	320.000000
0	14.114000	13.913043	240.000000	320.000000
0	14.145000	13.913043	240.000000	320.000000
0	14.177000	13.913043	240.000000	320.000000
0	14.208000	13.913043	240.000000	320.000000
0	14.239000	13.913043	240.000000	320.000000
0	14.270000	13.913043	240.000000	320.000000
0	14.301000	13.913043	240.000000	320.000000
0	14.333000	13.913043	240.000000	320.000000
0	14.379000	13.913043	240.000000	320.000000
0	14.411000	13.913043	240.000000	320.000000
0	14.442000	13.913043	240.000000	320.000000
0	14.473000	13.913043	240.000000	320.000000
0	14.504000	13.913043	240.000000	320.000000
0	14.535000	13.913043	240.000000	320.000000
0	14.567000	13.913043	240.000000	320.000000
0	14.613000	13.913043	240.000000	320.000000
0	14.645000	13.913043	240.000000	320.000000
0	14.676000	13.913043	240.000000	320.000000
0	14.707000	13.913043	240.000000	320.000000
0	14.738000	13.913043	240.000000	320.000000
0	14.769000	13.913043	240.000000	320.000000
0	14.801000	13.913043	240.000000	320.000000
0	14.847000	13.913043	240.000000	320.000000
0	14.879000	13.913043	240.000000	320.000000
0	14.910000	13.913043	240.000000	320.000000
0	14.941000	13.913043	240.000000	320.000000
0	14.972000	13.913043	240.000000	320.000000
0	15.003000	13.913043	240.000000	320.000000
0	15.035000	13.913043	240.000000	320.000000
0	15.066000	13.913043	240.000000	320.000000
0	15.113000	13.913043	240.000000	320.000000
0	15.144000	13.913043	240.000000	320.000000
0	15.175000	13.913043	240.000000	320.000000
0	15.206000	13.913043	240.000000	320.000000
0	15.237000	13.913043	240.000000	320.000000
0	15.269000	13.913043	240.000000	320.000000
0	15.300000	13.913043	240.000000	320.000000
0	15.347000	13.913043	240.000000	320.000000
0	15.378000	13.913043	240.000000	320.000000
0	15.409000	13.913043	240.000000	320.000000
0	15.440000	13.913043	240.000000	320.000000
0	15.471000	13.913043	240.000000	320.000000
0	15.503000	13.913043	240.000000	320.000000
0	15.534000	13.913043	240.000000	320.000000
0	15.581000	13.913043	240.000000	320.000000
0	15.612000	13.913043	240.000000	320.000000
0	15.643000	13.913043	240.000000	320.000000
0	15.674000	13.913043	240.000000	320.000000
0	15.705000	13.913043	240.000000	320.000000
0	15.737000	13.913043	240.000000	320.000000
0	15.768000	13.913043	240.000000	320.000000
0	15.799000	13.913043	240.000000	320.000000
0	15.846000	13.913043	240.000000	320.000000
0	15.877000	13.913043	240.000000	320.000000
0	15.908000	13.913043	240.000000	320.000000
0	15.939000	13.913043	240.000000	320.000000
0	15.971000	13.913043	240.000000	320.000000
0	16.002000	13.913043	240.000000	320.000000
0	16.033000	13.913043	240.000000	320.000000
0	16.080000	13.913043	240.000000	320.000000
0	16.111000	13.913043	240.000000	320.000000
0	16.142000	13.913043	240.000000	320.000000
0	16.173000	13.913043	240.000000	320.000000
0	16.205000	13.913043	240.000000	320.000000
0	16.236000	13.913043	240.000000	320.000000
0	16.267000	13.913043	240.000000	320.000000
0	16.314000	13.913043	240.000000	320.000000
0	16.345000	13.913043	240.000000	320.000000
0	16.376000	13.913043	240.000000	320.000000
0	16.407000	13.913043	240.000000	320.000000
0	16.439000	13.913043	240.000000	320.000000
0	16.470000	13.913043	240.000000	320.000000
0	16.501000	13.913043	240.000000	320.000000
0	16.532000	13.913043	240.000000	320.000000
0	16.579000	13.913043	240.000000	320.000000
0	16.610000	13.913043	240.000000	320.000000
0	16.641000	13.913043	240.000000	320.000000
0	16.673000	13.913043	240.000000	320.000000
0	16.704000	13.913043	240.000000	320.000000
0	16.735000	13.913043	240.000000	320.000000
0	16.766000	13.913043	240.000000	320.000000
0	16.813000	13.913043	240.000000	320.000000
0	16.844000	13.913043	240.000000	320.000000
0	16.875000	13.913043	240.000000	320.000000
0	16.907000	13.913043	240.000000	320.000000
0	16.938000	13.913043	240.000000	320.000000
0	16.969000	13.913043	240.000000	320.000000
0	17.000000	13.913043	240.000000	320.000000
0	17.031000	13.913043	240.000000	320.000000
0	17.078000	13.913043	240.000000	320.000000
0	17.109000	13.913043	240.000000	320.000000
0	17.141000	13.913043	240.000000	320.000000
0	17.172000	13.913043	240.000000	320.000000
0	17.203000	13.913043	240.000000	320.000000
0	17.234000	13.913043	240.000000	320.000000
0	17.265000	13.913043	240.000000	320.000000
0	17.312000	13.913043	240.000000	320.000000
0	17.343000	13.913043	240.000000	320.000000
0	17.375000	13.913043	240.000000	320.000000
0	17.406000	13.913043	240.000000	320.000000
0	17.437000	13.913043	240.000000	320.000000
0	17.468000	13.913043	240.000000	320.000000
0	17.499000	13.913043	240.000000	320.000000
0	17.546000	13.913043	240.000000	320.000000
0	17.577000	13.913043	240.000000	320.000000
0	17.609000	13.913043	240.000000	320.000000
0	17.640000	13.913043	240.000000	320.000000
0	17.671000	13.913043	240.000000	320.000000
0	17.702000	13.913043	240.000000	320.000000
0	17.733000	13.913043	240.000000	320.000000
0	17.765000	13.913043	240.000000	320.000000
0	17.811000	13.913043	240.000000	320.000000
0	17.843000	13.913043	240.000000	320.000000
0	17.874000	13.913043	240.000000	320.000000
0	17.905000	13.913043	240.000000	320.000000
0	17.936000	13.913043	240.000000	320.000000
0	17.967000	13.913043	240.000000	320.000000
0	17.999000	13.913043	240.000000	320.000000
<\LEFT-PUPIL-DATA>
<RIGHT-PUPIL-ANALYSIS>
1
0	0	17	541	0	0	0.509000	17.518999	0.509000	15.983889	0.000000	0.000000	0.000000	0	1	1	1	1	0	0	0	0.000000	0.000000	0.000000	0.000000	0.000000	0.000000	0.000000	-1.000000	0.000000	0	1.053797	0.498752	0.872313	0.201127	8.067000	-0.102237	-2.154320	-1.000000	2.027605	1	1.053797	0.498752	0.872313	0.201127	8.067000	-1.822673	-2.154320	-1.000000	1.759187
<\RIGHT-PUPIL-ANALYSIS>
<LEFT-PUPIL-ANALYSIS>
1
0	0	17	542	0	0	0.509000	17.518999	0.509000	15.983889	0.000000	0.000000	0.000000	0	1	1	1	1	0	0	0	0.000000	0.000000	0.000000	0.000000	0.000000	0.000000	0.000000	-1.000000	0.000000	0	-0.034783	-0.034783	0.000950	0.000950	0.002000	0.000000	0.000000	-1.000000	0.000000	1	-0.034783	-0.034783	0.000950	0.000950	0.002000	-1000000.000000	-1000000.000000	-1.000000	0.000000
<\LEFT-PUPIL-ANALYSIS>
%%%%%%%%%
%%%%%%%%%
%%%%%%%%%
%%%	Measurement Tiime is: 2017-08-15 10:10:17
%%%	Subject ID is: c57-1mois-M3-1.2r
%%%	Note: 
%%%	RSS: Default Human Relative Spectral Sensitivity
%%%	Pupil Analysis:
%%%
%%%
%%%
%%%	Pulse Index:	0
%%%	Stimulus Session Index:	0
%%%	Right Pupil Stimulated
%%%	Light Metric is Photopic
%%%	Stimulus Start Time(sec):	0.51
%%%	Stimulus Duration(sec):	17.52
%%%	Stimulus Pulse Duration(sec):	0.51
%%%	Right Pulse:	15.98	(Red  )	-	0.00	(Red  )	[Lux ]
%%%	Left Pulse:	0.00	(Red  )	-	0.00	(Red  )	[Lux ]
%%%
%%%		RIGHT	LEFT	R.Pupil Mean	L.Pupil Mean	R.Stim Mean	R.Stim Mean
%%%	INPUT:	RAW DATA	RAW DATA
%%%	STATE:	ABNORMAL	ABNORMAL	ABNORMAL	ABNORMAL	ABNORMAL	ABNORMAL
%%%	MAX(mm):	0.00	0.00	0.00	0.00	0.00	0.00
%%%	MIN(mm):	0.00	0.00	0.00	0.00	0.00	0.00
%%%	DELTA(mm):						
%%%	CH(%):						
%%%	LAT(sec):	0.00	0.00	0.00	0.00	0.00	0.00
%%%	CV(mm/s):	0.00	0.00	0.00	0.00	0.00	0.00
%%%	MCV(mm/s):	0.00	0.00	0.00	0.00	0.00	0.00
%%%	DV(mm/s):	0.00	0.00	0.00	0.00	0.00	0.00
%%%%%%%%%
%%%%%%%%%
%%%%%%%%%
%%%	Right Pupil Profile (1st row -> 1 == valid tracking, 0 == invalid tracking; 2nd row -> time; 3rd row -> diameter (mm))
%%%	1	1	1	1	1	1	1	1	1	1	1	1	1	1	1	1	1	1	1	1	1	1	1	0	1	1	1	1	1	1	1	1	1	0	1	1	0	0	1	0	1	0	1	1	0	1	1	1	0	1	1	1	0	1	1	1	1	1	1	1	0	1	0	1	1	1	1	1	0	1	1	1	0	1	1	1	1	1	0	0	1	1	0	1	1	1	1	1	0	1	1	1	0	1	1	0	0	0	1	1	1	1	1	1	1	1	1	1	1	1	1	1	1	1	0	1	1	0	1	1	1	1	1	1	1	0	1	1	1	1	1	0	1	1	0	0	0	1	1	1	1	1	1	1	0	1	1	1	1	1	0	1	1	1	1	1	1	1	1	0	1	1	1	1	1	1	1	1	1	1	1	1	1	1	1	0	1	1	1	1	1	0	1	0	1	1	1	1	1	1	0	0	1	0	1	1	1	1	1	1	0	0	0	1	1	1	1	1	1	1	0	0	1	0	0	0	1	1	0	0	1	0	1	1	1	1	1	1	1	1	1	1	1	1	0	1	1	0	1	1	0	1	0	0	1	1	0	0	1	1	1	1	1	0	1	1	0	1	1	1	1	0	1	1	0	0	1	0	1	1	1	1	1	0	0	0	1	0	1	1	1	1	0	1	0	1	1	0	0	0	1	1	0	0	0	0	1	0	1	0	1	1	0	1	0	1	1	0	0	0	0	1	1	1	0	1	0	0	1	1	1	1	1	1	0	1	1	0	1	1	1	1	1	1	1	1	0	1	1	1	1	0	1	0	0	0	0	1	1	0	1	0	1	0	0	0	1	1	0	1	1	1	1	1	0	0	0	0	0	1	1	1	1	1	1	1	1	0	1	1	1	0	0	0	0	1	0	0	0	0	1	1	1	0	0	0	0	1	0	0	1	1	0	1	1	1	0	0	0	0	0	0	0	0	0	0	1	1	1	0	1	0	0	1	1	0	1	1	1	1	0	1	0	0	0	0	0	0	1	0	0	0	0	0	0	0	0	0	0	1	0	1	0	0	0	1	0	0	1	0	1	0	1	0	0	0	1	1	0	0	0	0	0	1	0	0	1	0	1	0	1	1	0	0	1	1	0	0	0	1	1	0	1	1	0	1	1	1	1	1	0	1	0	1	0	1	0	0	0	0	0	0	0	0	0	0	0	0	0	1	1	0	1	0	0	0	0	1	1	0	0	0	0	1	1	1	0	0	0	0	1	0
%%%	-0.051000	-0.020000	0.011000	0.043000	0.074000	0.105000	0.152000	0.183000	0.214000	0.245000	0.277000	0.308000	0.339000	0.370000	0.417000	0.448000	0.479000	0.511000	0.542000	0.573000	0.604000	0.651000	0.682000	0.713000	0.745000	0.776000	0.807000	0.838000	0.885000	0.916000	0.947000	0.979000	1.010000	1.041000	1.072000	1.103000	1.150000	1.181000	1.213000	1.244000	1.275000	1.306000	1.337000	1.384000	1.415000	1.447000	1.478000	1.509000	1.540000	1.571000	1.603000	1.649000	1.681000	1.712000	1.743000	1.774000	1.805000	1.837000	1.883000	1.915000	1.946000	1.977000	2.008000	2.039000	2.071000	2.117000	2.149000	2.180000	2.211000	2.242000	2.273000	2.305000	2.336000	2.383000	2.414000	2.445000	2.476000	2.507000	2.539000	2.570000	2.617000	2.648000	2.679000	2.710000	2.741000	2.773000	2.804000	2.851000	2.882000	2.913000	2.944000	2.975000	3.007000	3.038000	3.069000	3.116000	3.147000	3.178000	3.209000	3.241000	3.272000	3.303000	3.350000	3.381000	3.412000	3.443000	3.475000	3.506000	3.537000	3.568000	3.615000	3.646000	3.677000	3.709000	3.740000	3.771000	3.802000	3.849000	3.880000	3.911000	3.943000	3.974000	4.005000	4.036000	4.083000	4.114000	4.145000	4.177000	4.208000	4.239000	4.270000	4.301000	4.348000	4.379000	4.411000	4.442000	4.473000	4.504000	4.535000	4.582000	4.613000	4.645000	4.676000	4.707000	4.738000	4.769000	4.816000	4.847000	4.879000	4.910000	4.941000	4.972000	5.003000	5.035000	5.081000	5.113000	5.144000	5.175000	5.206000	5.237000	5.269000	5.315000	5.347000	5.378000	5.409000	5.440000	5.471000	5.503000	5.534000	5.581000	5.612000	5.643000	5.674000	5.705000	5.737000	5.768000	5.815000	5.846000	5.877000	5.908000	5.939000	5.971000	6.002000	6.049000	6.080000	6.111000	6.142000	6.173000	6.205000	6.236000	6.267000	6.314000	6.345000	6.376000	6.407000	6.439000	6.470000	6.501000	6.548000	6.579000	6.610000	6.641000	6.673000	6.704000	6.735000	6.782000	6.813000	6.844000	6.875000	6.907000	6.938000	6.969000	7.000000	7.047000	7.078000	7.109000	7.141000	7.172000	7.203000	7.234000	7.281000	7.312000	7.343000	7.375000	7.406000	7.437000	7.468000	7.515000	7.546000	7.577000	7.609000	7.640000	7.671000	7.702000	7.733000	7.780000	7.811000	7.843000	7.874000	7.905000	7.936000	7.967000	8.014000	8.045000	8.077000	8.108000	8.139000	8.170000	8.201000	8.248000	8.279000	8.311000	8.342000	8.373000	8.404000	8.435000	8.467000	8.513000	8.545000	8.576000	8.607000	8.638000	8.669000	8.701000	8.747000	8.779000	8.810000	8.841000	8.872000	8.903000	8.935000	8.966000	9.013000	9.044000	9.075000	9.106000	9.137000	9.169000	9.200000	9.247000	9.278000	9.309000	9.340000	9.371000	9.403000	9.434000	9.465000	9.512000	9.543000	9.574000	9.605000	9.637000	9.668000	9.699000	9.746000	9.777000	9.808000	9.839000	9.871000	9.902000	9.933000	9.980000	10.011000	10.042000	10.073000	10.105000	10.136000	10.167000	10.198000	10.245000	10.276000	10.307000	10.339000	10.370000	10.401000	10.432000	10.479000	10.510000	10.541000	10.573000	10.604000	10.635000	10.666000	10.713000	10.744000	10.775000	10.807000	10.838000	10.869000	10.900000	10.931000	10.978000	11.009000	11.041000	11.072000	11.103000	11.134000	11.165000	11.212000	11.243000	11.275000	11.306000	11.337000	11.368000	11.399000	11.446000	11.477000	11.509000	11.540000	11.571000	11.602000	11.633000	11.665000	11.711000	11.743000	11.774000	11.805000	11.836000	11.867000	11.899000	11.945000	11.977000	12.008000	12.039000	12.070000	12.101000	12.133000	12.179000	12.211000	12.242000	12.273000	12.304000	12.335000	12.367000	12.398000	12.445000	12.476000	12.507000	12.538000	12.569000	12.601000	12.632000	12.679000	12.710000	12.741000	12.772000	12.803000	12.835000	12.866000	12.913000	12.944000	12.975000	13.006000	13.037000	13.069000	13.100000	13.131000	13.178000	13.209000	13.240000	13.271000	13.303000	13.334000	13.365000	13.396000	13.443000	13.474000	13.505000	13.537000	13.568000	13.599000	13.630000	13.677000	13.708000	13.739000	13.771000	13.802000	13.833000	13.864000	13.911000	13.942000	13.973000	14.005000	14.036000	14.067000	14.098000	14.129000	14.176000	14.207000	14.239000	14.270000	14.301000	14.332000	14.363000	14.410000	14.441000	14.473000	14.504000	14.535000	14.566000	14.597000	14.644000	14.675000	14.707000	14.738000	14.769000	14.800000	14.831000	14.863000	14.909000	14.941000	14.972000	15.003000	15.034000	15.065000	15.097000	15.143000	15.175000	15.206000	15.237000	15.268000	15.299000	15.331000	15.377000	15.409000	15.440000	15.471000	15.502000	15.533000	15.565000	15.596000	15.643000	15.674000	15.705000	15.736000	15.767000	15.799000	15.830000	15.877000	15.908000	15.939000	15.970000	16.001000	16.033000	16.064000	16.111000	16.142000	16.173000	16.204000	16.235000	16.267000	16.298000	16.329000	16.376000	16.407000	16.438000	16.469000	16.501000	16.532000	16.563000	16.610000	16.641000	16.672000	16.703000	16.735000	16.766000	16.797000	16.844000	16.875000	16.906000	16.937000	16.969000	17.000000	17.031000	17.062000	17.109000	17.140000	17.171000	17.203000	17.234000	17.265000	17.296000	17.343000	17.374000	17.405000	17.437000	17.468000	17.499000	17.530000	17.561000	17.608000	17.639000	17.671000	17.702000	17.733000	17.764000	17.795000	17.842000	17.873000	17.905000	17.936000	17.967000
%%%	1.044058	1.042319	1.044058	1.058116	1.052754	1.072899	1.076667	1.113043	1.081015	1.067536	1.044058	1.061449	1.062029	1.077536	1.073333	1.048985	1.069710	1.053188	1.061160	1.004493	1.031449	1.026087	1.033768	0.834638	1.014638	1.008116	1.000145	0.975507	0.933188	0.940290	0.904348	0.869565	0.871159	0.798841	0.834783	0.834783	0.520145	0.808116	0.870580	0.556522	0.911449	0.695072	0.891015	0.834783	0.708116	0.973913	0.979710	0.978841	0.575072	0.972899	0.973913	0.979710	0.805942	0.912899	0.927536	0.927246	0.925072	0.953768	0.963623	0.877536	0.451449	0.939130	0.856522	0.904493	0.894058	0.941884	0.934203	0.938116	0.833188	0.927536	0.950725	0.939130	0.751014	0.970145	0.939710	0.957681	0.947971	0.968551	0.840725	0.892754	0.939130	0.964493	0.521594	0.927536	0.886957	0.954928	0.934203	0.964638	0.352899	0.950580	0.968406	0.951159	0.417391	0.973913	0.997246	0.440580	0.672319	0.400145	1.066667	1.007536	1.042464	1.047681	1.079420	1.049420	1.042754	1.044638	1.052754	1.062029	1.044493	1.048985	1.042754	1.029420	1.014638	1.001015	0.606522	1.005797	1.005362	1.020290	1.008696	0.991304	1.009420	1.014638	1.026232	1.044638	1.025362	0.475072	1.038986	1.027246	1.014638	1.044058	0.927536	0.646667	1.018116	1.008696	0.909275	0.898841	0.625942	0.991594	0.971159	1.003188	0.987536	0.976667	0.981015	0.907971	0.557246	0.894493	0.955362	0.973913	0.964638	0.957681	0.857102	0.987536	0.965362	0.992464	0.972319	0.939130	0.951159	1.007536	1.009420	0.939130	0.997101	0.877246	0.989710	0.988116	0.973333	0.985942	0.920725	0.975507	0.981449	0.962319	0.955507	0.970580	0.955362	0.941159	0.955507	0.834783	0.950580	0.952029	0.948985	0.933333	0.967971	0.836232	0.950580	0.347826	0.962319	0.942464	0.955507	0.954928	0.927536	0.888406	0.605507	0.685797	0.963188	0.847102	0.956522	0.950725	0.968985	0.965797	0.955362	0.965217	0.672464	0.759710	0.814058	0.982609	0.847971	0.876232	0.968116	0.885362	0.985507	0.969130	0.884928	0.887536	0.884928	0.620145	0.814638	0.539710	0.931594	0.955362	0.857681	0.834783	0.865797	0.417246	0.950725	0.652899	0.989710	1.008116	0.968406	1.038406	0.931594	1.039710	1.047681	0.997101	1.043333	0.991304	0.347826	0.969565	1.000725	0.883768	0.875362	0.973333	0.894493	0.857536	0.566812	0.866377	0.895072	0.868985	0.347826	0.612029	0.939130	0.979420	0.993623	0.951594	1.007681	0.692319	1.013623	1.060290	0.445362	1.042754	1.022319	1.016232	0.906232	0.886667	0.936812	0.982029	0.568841	0.459710	0.951159	0.834783	0.384058	0.377681	0.876812	0.865797	0.887681	0.561884	0.885362	0.854928	0.967536	0.912899	0.985507	0.990145	0.933768	0.862319	0.881159	0.866377	0.389710	0.883768	0.866377	0.884928	0.857536	0.590725	0.938551	0.956522	0.876812	0.377101	0.597246	0.869565	0.950580	0.549420	0.966812	0.347826	0.869565	0.961884	0.834783	0.973913	0.672754	0.856522	0.946667	0.834783	0.869565	0.414058	0.820290	0.956522	0.927101	0.950580	0.661885	0.918406	0.566232	0.614493	0.968985	0.951159	0.857102	0.943768	0.876812	0.969710	0.869565	0.971449	0.866377	0.870725	0.857102	0.968985	0.968406	0.849420	0.885362	0.955362	0.938551	0.854928	0.867681	0.933768	0.848406	0.903623	0.860870	0.856522	0.939130	0.411884	0.883768	0.852754	0.835507	0.937536	0.422899	0.890580	0.971159	0.621884	0.872319	0.544928	0.889855	0.869565	0.977536	0.985362	0.854928	0.970145	0.943768	0.903188	0.949130	0.931449	0.556522	0.621884	0.347826	0.610581	0.626087	0.962464	0.935072	0.959275	0.621884	0.966812	0.865797	0.920145	0.981594	0.438116	0.972319	0.915942	0.882609	0.566377	0.590145	0.853623	0.424928	0.953623	0.857102	0.835797	0.861449	0.849420	0.852754	0.633623	0.839710	0.579855	0.567971	0.801159	0.556522	0.920145	0.831594	0.588116	0.904928	0.938116	0.811594	0.848985	0.834783	0.846667	0.836957	0.568986	0.848985	0.586812	0.562174	0.801159	0.550870	0.834783	0.347826	0.671449	0.932029	0.882029	0.840725	0.565797	0.834638	0.801594	0.382609	0.846377	0.839710	0.556522	0.870580	0.866232	0.834783	0.370290	0.829275	0.852174	0.805507	0.574638	0.822899	1.267971	0.400000	0.366377	0.814058	0.347826	0.714203	0.814203	0.825507	0.347826	0.347826	0.608841	0.779855	0.818406	0.371159	0.800000	0.584203	0.566232	0.810290	0.605362	0.564203	0.579710	0.347826	0.540725	0.947246	0.531449	0.347826	0.555652	0.858116	0.635362	0.529275	0.388406	0.835362	0.511594	0.783768	0.565797	0.811594	0.836377	0.827101	0.577246	0.753623	0.603768	0.835797	0.589710	0.390290	0.574928	0.397246	0.566377	0.839130	0.445507	0.931159	0.840145	0.813768	0.836232	0.859275	0.950145	0.970290	0.898551	0.871014	0.874928	0.597246	0.853768	0.883768	0.814203	0.904348	0.875507	0.373768	0.596667	0.540725	0.836811	0.566377	0.874928	0.509855	0.611594	0.575507	0.525942	0.544493	0.805942	0.560290	0.606522	0.817391	0.347826	0.848841	0.742029	0.417391	0.884203	0.839710	0.551594	0.451015	0.577681	0.572319	0.561594	0.347826	0.417971	0.855942	0.707681	0.347826	0.423333	0.820145	0.800000	0.521739	0.869565	0.557101	1.303768	0.514058	0.370290	0.848841	0.521015
%%%	Left Pupil Profile (1st row -> 1 == valid tracking, 0 == invalid tracking; 2nd row -> time; 3rd row -> diameter (mm))
%%%	0	0	0	0	0	0	0	0	0	0	0	0	0	0	0	0	0	0	0	0	0	0	0	0	0	0	0	0	0	0	0	0	0	0	0	0	0	0	0	0	0	0	0	0	0	0	0	0	0	0	0	0	0	0	0	0	0	0	0	0	0	0	0	0	0	0	0	0	0	0	0	0	0	0	0	0	0	0	0	0	0	0	0	0	0	0	0	0	0	0	0	0	0	0	0	0	0	0	0	0	0	0	0	0	0	0	0	0	0	0	0	0	0	0	0	0	0	0	0	0	0	0	0	0	0	0	0	0	0	0	0	0	0	0	0	0	0	0	0	0	0	0	0	0	0	0	0	0	0	0	0	0	0	0	0	0	0	0	0	0	0	0	0	0	0	0	0	0	0	0	0	0	0	0	0	0	0	0	0	0	0	0	0	0	0	0	0	0	0	0	0	0	0	0	0	0	0	0	0	0	0	0	0	0	0	0	0	0	0	0	0	0	0	0	0	0	0	0	0	0	0	0	0	0	0	0	0	0	0	0	0	0	0	0	0	0	0	0	0	0	0	0	0	0	0	0	0	0	0	0	0	0	0	0	0	0	0	0	0	0	0	0	0	0	0	0	0	0	0	0	0	0	0	0	0	0	0	0	0	0	0	0	0	0	0	0	0	0	0	0	0	0	0	0	0	0	0	0	0	0	0	0	0	0	0	0	0	0	0	0	0	0	0	0	0	0	0	0	0	0	0	0	0	0	0	0	0	0	0	0	0	0	0	0	0	0	0	0	0	0	0	0	0	0	0	0	0	0	0	0	0	0	0	0	0	0	0	0	0	0	0	0	0	0	0	0	0	0	0	0	0	0	0	0	0	0	0	0	0	0	0	0	0	0	0	0	0	0	0	0	0	0	0	0	0	0	0	0	0	0	0	0	0	0	0	0	0	0	0	0	0	0	0	0	0	0	0	0	0	0	0	0	0	0	0	0	0	0	0	0	0	0	0	0	0	0	0	0	0	0	0	0	0	0	0	0	0	0	0	0	0	0	0	0	0	0	0	0	0	0	0	0	0	0	0	0	0	0	0	0	0	0	0	0	0	0	0	0	0	0	0	0	0	0	0	0	0	0	0	0	0	0	0	0	0	0	0	0	0	0	0	0	0	0	0	0	0	0	0	0	0	0	0	0	0	0	0	0	0	0	0	0	0	0	0	0	0	0	0	0	0	0	0	0	0	0	0	0	0	0	0	0	0
%%%	-0.051000	-0.019000	0.012000	0.043000	0.074000	0.121000	0.152000	0.183000	0.215000	0.246000	0.277000	0.308000	0.355000	0.386000	0.417000	0.449000	0.480000	0.511000	0.542000	0.573000	0.620000	0.651000	0.683000	0.714000	0.745000	0.776000	0.807000	0.854000	0.885000	0.917000	0.948000	0.979000	1.010000	1.041000	1.073000	1.119000	1.151000	1.182000	1.213000	1.244000	1.275000	1.307000	1.353000	1.385000	1.416000	1.447000	1.478000	1.509000	1.541000	1.587000	1.619000	1.650000	1.681000	1.712000	1.743000	1.775000	1.806000	1.853000	1.884000	1.915000	1.946000	1.977000	2.009000	2.040000	2.087000	2.118000	2.149000	2.180000	2.211000	2.243000	2.274000	2.321000	2.352000	2.383000	2.414000	2.445000	2.477000	2.508000	2.539000	2.586000	2.617000	2.648000	2.679000	2.711000	2.742000	2.773000	2.820000	2.851000	2.882000	2.913000	2.945000	2.976000	3.007000	3.054000	3.085000	3.116000	3.147000	3.179000	3.210000	3.241000	3.272000	3.319000	3.350000	3.381000	3.413000	3.444000	3.475000	3.506000	3.553000	3.584000	3.615000	3.647000	3.678000	3.709000	3.740000	3.787000	3.818000	3.849000	3.881000	3.912000	3.943000	3.974000	4.005000	4.052000	4.083000	4.115000	4.146000	4.177000	4.208000	4.239000	4.286000	4.317000	4.349000	4.380000	4.411000	4.442000	4.473000	4.520000	4.551000	4.583000	4.614000	4.645000	4.676000	4.707000	4.739000	4.785000	4.817000	4.848000	4.879000	4.910000	4.941000	4.973000	5.004000	5.051000	5.082000	5.113000	5.144000	5.175000	5.207000	5.238000	5.285000	5.316000	5.347000	5.378000	5.409000	5.441000	5.472000	5.519000	5.550000	5.581000	5.612000	5.643000	5.675000	5.706000	5.737000	5.784000	5.815000	5.846000	5.877000	5.909000	5.940000	5.971000	6.018000	6.049000	6.080000	6.111000	6.143000	6.174000	6.205000	6.252000	6.283000	6.314000	6.345000	6.377000	6.408000	6.439000	6.470000	6.517000	6.548000	6.579000	6.611000	6.642000	6.673000	6.704000	6.751000	6.782000	6.813000	6.845000	6.876000	6.907000	6.938000	6.985000	7.016000	7.047000	7.079000	7.110000	7.141000	7.172000	7.203000	7.250000	7.281000	7.313000	7.344000	7.375000	7.406000	7.437000	7.484000	7.515000	7.547000	7.578000	7.609000	7.640000	7.671000	7.718000	7.749000	7.781000	7.812000	7.843000	7.874000	7.905000	7.937000	7.983000	8.015000	8.046000	8.077000	8.108000	8.139000	8.171000	8.217000	8.249000	8.280000	8.311000	8.342000	8.373000	8.405000	8.451000	8.483000	8.514000	8.545000	8.576000	8.607000	8.639000	8.670000	8.717000	8.748000	8.779000	8.810000	8.841000	8.873000	8.904000	8.935000	8.982000	9.013000	9.044000	9.075000	9.107000	9.138000	9.169000	9.216000	9.247000	9.278000	9.309000	9.341000	9.372000	9.403000	9.450000	9.481000	9.512000	9.543000	9.575000	9.606000	9.637000	9.668000	9.715000	9.746000	9.777000	9.809000	9.840000	9.871000	9.902000	9.949000	9.980000	10.011000	10.043000	10.074000	10.105000	10.136000	10.183000	10.214000	10.245000	10.277000	10.308000	10.339000	10.370000	10.401000	10.448000	10.479000	10.511000	10.542000	10.573000	10.604000	10.635000	10.682000	10.713000	10.745000	10.776000	10.807000	10.838000	10.869000	10.916000	10.947000	10.979000	11.010000	11.041000	11.072000	11.103000	11.135000	11.181000	11.213000	11.244000	11.275000	11.306000	11.337000	11.369000	11.415000	11.447000	11.478000	11.509000	11.540000	11.571000	11.603000	11.649000	11.681000	11.712000	11.743000	11.774000	11.805000	11.837000	11.868000	11.915000	11.946000	11.977000	12.008000	12.039000	12.071000	12.102000	12.149000	12.180000	12.211000	12.242000	12.273000	12.305000	12.336000	12.383000	12.414000	12.445000	12.476000	12.507000	12.539000	12.570000	12.601000	12.648000	12.679000	12.710000	12.741000	12.773000	12.804000	12.835000	12.866000	12.913000	12.944000	12.975000	13.007000	13.038000	13.069000	13.100000	13.147000	13.178000	13.209000	13.241000	13.272000	13.303000	13.334000	13.381000	13.412000	13.443000	13.475000	13.506000	13.537000	13.568000	13.599000	13.646000	13.677000	13.709000	13.740000	13.771000	13.802000	13.833000	13.880000	13.911000	13.943000	13.974000	14.005000	14.036000	14.067000	14.114000	14.145000	14.177000	14.208000	14.239000	14.270000	14.301000	14.333000	14.379000	14.411000	14.442000	14.473000	14.504000	14.535000	14.567000	14.613000	14.645000	14.676000	14.707000	14.738000	14.769000	14.801000	14.847000	14.879000	14.910000	14.941000	14.972000	15.003000	15.035000	15.066000	15.113000	15.144000	15.175000	15.206000	15.237000	15.269000	15.300000	15.347000	15.378000	15.409000	15.440000	15.471000	15.503000	15.534000	15.581000	15.612000	15.643000	15.674000	15.705000	15.737000	15.768000	15.799000	15.846000	15.877000	15.908000	15.939000	15.971000	16.002000	16.033000	16.080000	16.111000	16.142000	16.173000	16.205000	16.236000	16.267000	16.314000	16.345000	16.376000	16.407000	16.439000	16.470000	16.501000	16.532000	16.579000	16.610000	16.641000	16.673000	16.704000	16.735000	16.766000	16.813000	16.844000	16.875000	16.907000	16.938000	16.969000	17.000000	17.031000	17.078000	17.109000	17.141000	17.172000	17.203000	17.234000	17.265000	17.312000	17.343000	17.375000	17.406000	17.437000	17.468000	17.499000	17.546000	17.577000	17.609000	17.640000	17.671000	17.702000	17.733000	17.765000	17.811000	17.843000	17.874000	17.905000	17.936000	17.967000	17.999000
%%%	13.913043	13.913043	13.913043	13.913043	13.913043	13.913043	13.913043	13.913043	13.913043	13.913043	13.913043	13.913043	13.913043	13.913043	13.913043	13.913043	13.913043	13.913043	13.913043	13.913043	13.913043	13.913043	13.913043	13.913043	13.913043	13.913043	13.913043	13.913043	13.913043	13.913043	13.913043	13.913043	13.913043	13.913043	13.913043	13.913043	13.913043	13.913043	13.913043	13.913043	13.913043	13.913043	13.913043	13.913043	13.913043	13.913043	13.913043	13.913043	13.913043	13.913043	13.913043	13.913043	13.913043	13.913043	13.913043	13.913043	13.913043	13.913043	13.913043	13.913043	13.913043	13.913043	13.913043	13.913043	13.913043	13.913043	13.913043	13.913043	13.913043	13.913043	13.913043	13.913043	13.913043	13.913043	13.913043	13.913043	13.913043	13.913043	13.913043	13.913043	13.913043	13.913043	13.913043	13.913043	13.913043	13.913043	13.913043	13.913043	13.913043	13.913043	13.913043	13.913043	13.913043	13.913043	13.913043	13.913043	13.913043	13.913043	13.913043	13.913043	13.913043	13.913043	13.913043	13.913043	13.913043	13.913043	13.913043	13.913043	13.913043	13.913043	13.913043	13.913043	13.913043	13.913043	13.913043	13.913043	13.913043	13.913043	13.913043	13.913043	13.913043	13.913043	13.913043	13.913043	13.913043	13.913043	13.913043	13.913043	13.913043	13.913043	13.913043	13.913043	13.913043	13.913043	13.913043	13.913043	13.913043	13.913043	13.913043	13.913043	13.913043	13.913043	13.913043	13.913043	13.913043	13.913043	13.913043	13.913043	13.913043	13.913043	13.913043	13.913043	13.913043	13.913043	13.913043	13.913043	13.913043	13.913043	13.913043	13.913043	13.913043	13.913043	13.913043	13.913043	13.913043	13.913043	13.913043	13.913043	13.913043	13.913043	13.913043	13.913043	13.913043	13.913043	13.913043	13.913043	13.913043	13.913043	13.913043	13.913043	13.913043	13.913043	13.913043	13.913043	13.913043	13.913043	13.913043	13.913043	13.913043	13.913043	13.913043	13.913043	13.913043	13.913043	13.913043	13.913043	13.913043	13.913043	13.913043	13.913043	13.913043	13.913043	13.913043	13.913043	13.913043	13.913043	13.913043	13.913043	13.913043	13.913043	13.913043	13.913043	13.913043	13.913043	13.913043	13.913043	13.913043	13.913043	13.913043	13.913043	13.913043	13.913043	13.913043	13.913043	13.913043	13.913043	13.913043	13.913043	13.913043	13.913043	13.913043	13.913043	13.913043	13.913043	13.913043	13.913043	13.913043	13.913043	13.913043	13.913043	13.913043	13.913043	13.913043	13.913043	13.913043	13.913043	13.913043	13.913043	13.913043	13.913043	13.913043	13.913043	13.913043	13.913043	13.913043	13.913043	13.913043	13.913043	13.913043	13.913043	13.913043	13.913043	13.913043	13.913043	13.913043	13.913043	13.913043	13.913043	13.913043	13.913043	13.913043	13.913043	13.913043	13.913043	13.913043	13.913043	13.913043	13.913043	13.913043	13.913043	13.913043	13.913043	13.913043	13.913043	13.913043	13.913043	13.913043	13.913043	13.913043	13.913043	13.913043	13.913043	13.913043	13.913043	13.913043	13.913043	13.913043	13.913043	13.913043	13.913043	13.913043	13.913043	13.913043	13.913043	13.913043	13.913043	13.913043	13.913043	13.913043	13.913043	13.913043	13.913043	13.913043	13.913043	13.913043	13.913043	13.913043	13.913043	13.913043	13.913043	13.913043	13.913043	13.913043	13.913043	13.913043	13.913043	13.913043	13.913043	13.913043	13.913043	13.913043	13.913043	13.913043	13.913043	13.913043	13.913043	13.913043	13.913043	13.913043	13.913043	13.913043	13.913043	13.913043	13.913043	13.913043	13.913043	13.913043	13.913043	13.913043	13.913043	13.913043	13.913043	13.913043	13.913043	13.913043	13.913043	13.913043	13.913043	13.913043	13.913043	13.913043	13.913043	13.913043	13.913043	13.913043	13.913043	13.913043	13.913043	13.913043	13.913043	13.913043	13.913043	13.913043	13.913043	13.913043	13.913043	13.913043	13.913043	13.913043	13.913043	13.913043	13.913043	13.913043	13.913043	13.913043	13.913043	13.913043	13.913043	13.913043	13.913043	13.913043	13.913043	13.913043	13.913043	13.913043	13.913043	13.913043	13.913043	13.913043	13.913043	13.913043	13.913043	13.913043	13.913043	13.913043	13.913043	13.913043	13.913043	13.913043	13.913043	13.913043	13.913043	13.913043	13.913043	13.913043	13.913043	13.913043	13.913043	13.913043	13.913043	13.913043	13.913043	13.913043	13.913043	13.913043	13.913043	13.913043	13.913043	13.913043	13.913043	13.913043	13.913043	13.913043	13.913043	13.913043	13.913043	13.913043	13.913043	13.913043	13.913043	13.913043	13.913043	13.913043	13.913043	13.913043	13.913043	13.913043	13.913043	13.913043	13.913043	13.913043	13.913043	13.913043	13.913043	13.913043	13.913043	13.913043	13.913043	13.913043	13.913043	13.913043	13.913043	13.913043	13.913043	13.913043	13.913043	13.913043	13.913043	13.913043	13.913043	13.913043	13.913043	13.913043	13.913043	13.913043	13.913043	13.913043	13.913043	13.913043	13.913043	13.913043	13.913043	13.913043	13.913043	13.913043	13.913043	13.913043	13.913043	13.913043	13.913043	13.913043	13.913043	13.913043	13.913043	13.913043	13.913043	13.913043	13.913043	13.913043	13.913043	13.913043	13.913043	13.913043	13.913043	13.913043	13.913043	13.913043	13.913043	13.913043	13.913043	13.913043	13.913043	13.913043	13.913043	13.913043	13.913043	13.913043	13.913043	13.913043	13.913043	13.913043	13.913043	13.913043	13.913043	13.913043	13.913043	13.913043	13.913043	13.913043	13.913043	13.913043	13.913043	13.913043	13.913043	13.913043	13.913043	13.913043	13.913043	13.913043	13.913043	13.913043	13.913043	13.913043
%%%	Pulse Index	Stimulus Section Index	Stimulus Section Start Index	Stimulus Section End Index	Pupil Stimulated: 0 = Right, 1 = Left, 2 = Both	Light Metric: 0 = Photopic, 1 = Scopotic, 2 = Radiometric	Stimulus Start Time	Stimulus Duration	Stimulus Pulse Duration	Right Pulse Max Level	Right Pulse Max Color (0123 = WRGB)	Right Pulse Min Level	Right Pulse Min Color (0123 = WRGB)	Left Pulse Max Level	Left Pulse Max Color (0123 = WRGB)	Left Pulse Min Level	Left Pulse Min Color (0123 = WRGB)	Right Data Input Type (0 == RAW DATA, 1 == FITTED DATA, 2 == M. OVERRIDED)	Right ANALYSIS STATE (0 == ABNORMAL, 1 == NORMAL)	Right MAX (mm) (EMPTY if INVALID)	Right MIN (mm) (EMPTY if INVALID)	Right DELTA (mm) (EMPTY if INVALID)	Right CH (%) (EMPTY if INVALID)	Right LAT (sec) (EMPTY if INVALID)	Right CV (mm/s) (EMPTY if INVALID)	Right MCV (mm/s) (EMPTY if INVALID)	Right DV (mm/s) (EMPTY if INVALID)	Left Data Input Type (0 == RAW DATA, 1 == FITTED DATA, 2 == M. OVERRIDED)	Left ANALYSIS STATE (0 == ABNORMAL, 1 == NORMAL)	Left MAX (mm) (EMPTY if INVALID)	Left MIN (mm) (EMPTY if INVALID)	Left DELTA (mm) (EMPTY if INVALID)	Left CH (%) (EMPTY if INVALID)	Left LAT (sec) (EMPTY if INVALID)	Left CV (mm/s) (EMPTY if INVALID)	Left MCV (mm/s) (EMPTY if INVALID)	Left DV (mm/s) (EMPTY if INVALID)
%%%	0	0	17	541	0	0	0.51	17.52	0.51	15.98	1	0.00	1	0.00	1	0.00	1	0	0	0.00	0.00			0.00	0.00	0.00	0.00	0	0	0.00	0.00			0.00	0.00	0.00	0.00
%%%%%%%%%
%%%%%%%%%
%%%%%%%%%
<\SESSION>
