<SESSION>
<VERSION>
2
<\VERSION>
<DATE>
2017-08-15 09:53:26
<\DATE>
<SUBJECT-ID>
c57-1mois-f4-4.5r
<\SUBJECT-ID>
<NOTE>

<\NOTE>
<MIN-MAX-PLOT>
0.100000 51880.761719
<\MIN-MAX-PLOT>
<STIMULUS-DEFINED>
Default
Default Human Relative Spectral Sensitivity
1	0
1	0.500000	0.500000	17.000000	1	1	4.500000	-100.000000	0.100000	-100.000000	0
<\STIMULUS-DEFINED>
<STIMULUS-GENERATED>
4
0	0	0.000000	1	0.000000	0.000000	1	0.000000	0.000000
0	1	0.509000	1	129.044220	31625.173828	1	0.000000	0.000000
0	4	1.018000	1	0.000000	0.000000	1	0.000000	0.000000
-1	5	18.027000	0	0.000000	0.000000	0	0.000000	0.000000
<\STIMULUS-GENERATED>
<RIGHT-PUPIL-DATA>
543	1
1	-0.050000	1.138551	292.562500	328.174988
1	-0.019000	1.121594	292.493713	328.043701
1	0.012000	1.146667	292.274994	327.649994
0	0.043000	2.327101	296.318756	333.693756
1	0.074000	1.144058	292.437500	327.437500
1	0.106000	1.146667	292.725006	327.149994
1	0.137000	1.164638	292.500000	326.250000
1	0.168000	1.113043	291.500000	326.000000
1	0.215000	1.123333	292.031250	326.593750
1	0.246000	1.168551	293.193756	326.118744
1	0.277000	1.171159	293.093750	327.093750
1	0.308000	1.180145	292.993713	327.031250
1	0.340000	1.159420	294.500000	327.000000
1	0.371000	1.183623	292.743744	327.256256
1	0.402000	1.182029	292.625000	327.625000
1	0.449000	1.207536	292.725006	326.975006
1	0.480000	1.194493	292.412506	326.412506
1	0.511000	1.166812	292.843750	326.218750
1	0.542000	1.165072	292.743744	326.181244
1	0.574000	1.149855	292.037506	326.962494
1	0.605000	1.174493	293.125000	326.375000
1	0.636000	1.205797	292.500000	325.000000
1	0.683000	1.159855	292.931244	326.556244
1	0.714000	1.117391	293.125000	326.875000
1	0.745000	1.152319	292.256256	327.431244
1	0.776000	1.120725	291.456268	327.568756
0	0.808000	0.987536	290.187500	325.312500
1	0.839000	1.008841	291.743744	326.006256
0	0.870000	0.831014	289.562439	323.987427
1	0.901000	0.983768	292.024994	327.100006
1	0.948000	0.897246	293.906250	326.156250
0	0.979000	0.806812	289.981262	325.981262
0	1.010000	0.811449	291.156250	325.281250
1	1.042000	0.833333	291.500000	326.500000
1	1.073000	0.877536	292.043762	326.956238
1	1.104000	0.804928	292.937500	326.812500
1	1.135000	0.779275	291.931244	327.681244
1	1.182000	0.764638	291.500000	327.750000
0	1.213000	0.695652	290.500000	327.000000
1	1.244000	0.695652	290.500000	327.000000
1	1.276000	0.695652	291.250000	328.250000
0	1.307000	1.309275	302.687500	322.187500
0	1.338000	0.583623	291.568756	326.118744
0	1.369000	0.642319	290.524994	328.024994
1	1.416000	0.646812	291.406219	327.056366
1	1.447000	0.635362	290.825012	327.125000
0	1.478000	0.611449	291.168762	326.606262
1	1.510000	0.672464	292.000000	326.500000
1	1.541000	0.600580	291.375000	327.375000
1	1.572000	0.634927	291.931152	327.918640
0	1.603000	0.347826	322.293732	323.681244
0	1.634000	0.550145	291.850006	326.649994
1	1.681000	0.607536	291.324982	328.462494
1	1.712000	0.618406	290.693756	328.381256
1	1.744000	0.573913	291.000000	327.500000
1	1.775000	0.616667	291.143738	327.706238
1	1.806000	0.591884	290.750000	327.375000
1	1.837000	0.566377	290.850006	326.850006
1	1.868000	0.573333	290.875000	327.625000
0	1.915000	0.566377	290.149994	327.850006
1	1.946000	0.579710	290.500000	327.000000
1	1.978000	0.572319	290.168762	328.156250
1	2.009000	0.578406	290.193756	329.356232
1	2.040000	0.618986	290.593750	329.593750
1	2.071000	0.601015	290.368744	329.631256
1	2.102000	0.568986	289.174988	329.812500
1	2.134000	0.561884	289.168793	329.006256
1	2.180000	0.348985	316.706329	316.993744
0	2.212000	0.504348	298.750000	314.000000
0	2.243000	0.533333	287.500000	330.000000
1	2.274000	0.573333	289.125000	328.187500
0	2.305000	0.495797	289.881256	326.181244
1	2.336000	0.588116	289.837494	328.837494
0	2.368000	0.567971	288.906250	327.906250
1	2.414000	0.596232	289.312500	329.312500
0	2.446000	0.347826	302.368713	307.531250
0	2.477000	1.079420	305.524994	326.975006
1	2.508000	0.636377	288.656250	329.468750
1	2.539000	0.634058	290.143738	331.093750
1	2.570000	0.621159	289.562500	331.625000
0	2.602000	0.568551	288.868744	328.818756
0	2.648000	0.591304	288.500000	329.000000
1	2.680000	0.608116	288.700012	330.575012
1	2.711000	0.578841	287.187500	330.687500
1	2.742000	0.620145	286.718750	327.718750
0	2.773000	0.602899	286.500000	329.000000
1	2.804000	0.627536	288.887512	328.362488
1	2.836000	0.609710	288.618744	328.506256
1	2.867000	0.620145	288.531250	329.406250
1	2.914000	0.652754	288.125000	329.875000
1	2.945000	0.636957	287.437500	329.437500
1	2.976000	0.614203	287.412506	330.199982
0	3.007000	0.347826	273.518738	308.018738
1	3.038000	0.615362	287.887482	328.537506
1	3.070000	0.642464	287.506256	328.118744
1	3.101000	0.650580	288.843750	328.706238
0	3.148000	0.618406	288.381256	327.618744
1	3.179000	0.653623	288.674988	329.112488
1	3.210000	0.648406	288.362488	329.000000
0	3.241000	0.649275	287.500000	330.000000
1	3.272000	0.655072	289.000000	329.000000
1	3.304000	0.672754	289.337494	329.662506
1	3.335000	0.654928	288.906250	329.156250
1	3.382000	0.603333	288.243683	329.631256
1	3.413000	0.664203	288.743744	329.506256
1	3.444000	0.613188	287.843719	328.231232
1	3.475000	0.653623	288.674988	328.825012
1	3.507000	0.679275	288.506256	328.793732
1	3.538000	0.660870	288.500000	329.000000
0	3.569000	0.556522	287.500000	326.000000
1	3.600000	0.688116	287.975006	328.962494
1	3.647000	0.670725	288.524994	328.350006
1	3.678000	0.695652	288.500000	329.000000
1	3.709000	0.651449	287.856262	328.956238
0	3.741000	1.113043	279.500000	318.000000
1	3.772000	0.646667	287.324982	329.662506
1	3.803000	0.662029	287.512482	329.725006
1	3.834000	0.649855	287.300018	330.100006
1	3.881000	0.681449	287.462494	330.199982
0	3.912000	0.556522	287.500000	330.000000
1	3.943000	0.672754	287.662506	329.837494
0	3.975000	0.531014	288.375000	328.375000
1	4.006000	0.663623	288.218750	330.281250
1	4.037000	0.672899	287.318756	329.306244
1	4.068000	0.695652	290.500000	329.000000
1	4.099000	0.686377	288.500000	329.049988
1	4.146000	0.672754	288.337494	330.350006
1	4.177000	0.662319	287.250000	330.812500
1	4.209000	0.659855	287.443756	331.131256
0	4.240000	0.615942	286.575012	330.537659
1	4.271000	0.672464	287.000000	331.500000
1	4.302000	0.637681	286.825012	330.825012
0	4.333000	1.130437	281.799530	319.200348
1	4.380000	0.686957	287.000000	330.000000
1	4.411000	0.681449	287.462494	330.537506
1	4.443000	0.652029	286.568787	330.331238
1	4.474000	0.683623	287.506256	331.493744
1	4.505000	0.671159	287.281250	331.656250
1	4.536000	0.654928	286.281250	331.843750
1	4.567000	0.651594	286.950012	332.625000
1	4.614000	0.666812	286.218750	332.718750
1	4.645000	0.685942	286.956207	333.506256
1	4.677000	0.695652	286.500000	333.000000
1	4.708000	0.691884	286.987488	333.937500
1	4.739000	0.690290	287.431244	333.993744
1	4.770000	0.672754	286.837494	333.337494
0	4.801000	0.654928	286.156250	333.093750
1	4.833000	0.684058	286.500000	332.000000
1	4.879000	0.690290	286.568756	332.568756
0	4.911000	0.659855	285.518768	332.543732
1	4.942000	0.699420	286.312500	333.187500
1	4.973000	0.690145	286.587494	333.587494
1	5.004000	0.670725	286.337494	334.287506
1	5.035000	0.673333	286.312500	334.674988
1	5.067000	0.692464	285.912506	334.037506
1	5.113000	0.657536	285.756256	333.543732
0	5.145000	0.618986	284.593750	333.093750
1	5.176000	0.684203	286.468750	333.481262
0	5.207000	0.649275	284.500000	331.000000
1	5.238000	0.670580	286.368744	333.631256
1	5.269000	0.695072	286.000000	333.375000
1	5.301000	0.682029	286.437500	333.562500
1	5.347000	0.683333	286.531250	333.131287
0	5.379000	0.631014	284.437500	333.062500
1	5.410000	0.698985	286.443756	333.306244
1	5.441000	0.707681	286.806244	333.818756
1	5.472000	0.713043	286.000000	334.000000
1	5.503000	0.704348	286.250000	334.000000
1	5.535000	0.706666	285.837524	334.212463
1	5.566000	0.689855	285.987488	333.549988
1	5.613000	0.717971	286.312500	333.187500
0	5.644000	0.347826	318.343750	332.018738
0	5.675000	0.347826	287.981262	310.481262
0	5.706000	0.347826	305.156250	314.831299
1	5.737000	0.707681	285.931244	334.806244
1	5.769000	0.713043	285.500000	334.000000
1	5.800000	0.695652	284.500000	333.000000
1	5.847000	0.695072	285.049988	334.375000
1	5.878000	0.672464	285.500000	334.000000
1	5.909000	0.698406	284.906250	335.031250
1	5.940000	0.690145	285.587494	335.412506
0	5.971000	0.649275	283.500000	334.000000
1	6.003000	0.695652	284.500000	333.000000
1	6.034000	0.690145	284.587494	334.587494
1	6.065000	0.690725	284.562500	334.924988
1	6.112000	0.672464	285.500000	334.000000
1	6.143000	0.690725	285.062500	335.000000
1	6.174000	0.683188	284.812500	335.174988
1	6.205000	0.672899	284.631256	334.631256
1	6.237000	0.695652	285.000000	335.500000
1	6.268000	0.711884	285.100006	335.899994
1	6.299000	0.648985	284.287506	335.662506
0	6.346000	0.649275	283.500000	334.000000
1	6.377000	0.694493	284.012482	336.350006
1	6.408000	0.690290	283.568756	336.431244
1	6.439000	0.666377	284.212494	336.774994
1	6.471000	0.686957	283.500000	335.500000
1	6.502000	0.672319	284.156250	336.406250
1	6.533000	0.670580	284.668732	336.631256
1	6.580000	0.642899	283.000000	336.000000
1	6.611000	0.695652	284.500000	337.000000
1	6.642000	0.699420	284.312500	335.687500
1	6.673000	0.667971	284.281250	335.343750
1	6.705000	0.690725	284.950012	335.562500
1	6.736000	0.672319	283.843750	335.343750
1	6.767000	0.649710	283.681244	335.018768
1	6.798000	0.734203	284.812500	335.437500
1	6.845000	0.716377	284.943756	335.118744
1	6.876000	0.703333	284.868744	334.243744
1	6.907000	0.707681	285.181244	333.818756
0	6.939000	0.351884	303.606384	368.968506
1	6.970000	0.687826	285.437531	332.987518
1	7.001000	0.705362	285.368744	333.181244
1	7.032000	0.742464	285.731232	333.318756
1	7.079000	0.742319	285.287506	333.337494
1	7.110000	0.692464	284.962494	332.912506
1	7.141000	0.718986	285.281250	333.343750
1	7.173000	0.716377	284.943756	334.118744
1	7.204000	0.716667	284.956238	334.043762
1	7.235000	0.705507	283.975006	333.962494
1	7.266000	0.690290	284.568756	334.431244
1	7.313000	0.707971	284.168732	334.843781
1	7.344000	0.703333	284.068756	334.756256
1	7.375000	0.683333	283.668762	333.918762
1	7.407000	0.729275	285.149994	334.475006
1	7.438000	0.742319	285.437500	334.699951
1	7.469000	0.708116	284.187500	335.187500
1	7.500000	0.684638	283.962494	335.524994
1	7.531000	0.742319	285.337494	335.662506
1	7.578000	0.703768	284.125000	335.875000
1	7.609000	0.744203	285.293762	336.343750
1	7.641000	0.724928	285.087494	335.912506
1	7.672000	0.725072	284.193756	336.306244
1	7.703000	0.715797	283.968750	336.968750
0	7.734000	0.649275	283.500000	334.000000
1	7.765000	0.731594	284.475006	336.475006
1	7.812000	0.690290	283.568756	336.431244
1	7.843000	0.757246	285.481262	336.518738
0	7.875000	1.288116	294.774994	327.225006
1	7.906000	0.779420	285.162506	336.912506
1	7.937000	0.744638	284.737518	336.762482
0	7.968000	0.707536	283.962494	337.162506
0	7.999000	0.742029	283.500000	334.000000
0	8.046000	0.711884	283.149994	337.100006
0	8.077000	0.742029	283.500000	334.000000
1	8.109000	0.742029	284.000000	336.500000
1	8.140000	0.730435	283.500000	336.000000
1	8.171000	0.707101	283.843750	336.168762
1	8.202000	0.749855	283.612488	336.362488
1	8.233000	0.713043	284.000000	336.000000
1	8.265000	0.760290	285.062500	336.562500
1	8.311000	0.724928	284.087494	335.912506
1	8.343000	0.755942	283.500000	335.625000
1	8.374000	0.672899	282.318756	336.318756
1	8.405000	0.730435	283.250000	336.250000
1	8.436000	0.811884	284.287506	337.287506
1	8.467000	0.748841	283.743744	336.618744
1	8.499000	0.743623	283.318756	336.681244
1	8.545000	0.742319	283.337494	337.162506
1	8.577000	0.744493	282.756256	337.306244
0	8.608000	0.726812	283.093750	337.356262
0	8.639000	0.735362	283.562500	336.812500
1	8.670000	0.786232	284.331238	337.956238
1	8.701000	0.811594	284.000000	337.500000
1	8.733000	0.735797	282.606232	337.181244
1	8.779000	0.761014	283.568756	337.568756
1	8.811000	0.746377	283.262512	337.262512
1	8.842000	0.713623	283.125000	337.250000
1	8.873000	0.708841	282.631256	336.818756
1	8.904000	0.683768	282.462524	336.512512
1	8.935000	0.760290	283.562500	337.937500
1	8.967000	0.718986	282.843750	337.031250
1	8.998000	0.743188	283.450012	337.337463
1	9.045000	0.736377	283.218750	337.168701
1	9.076000	0.695942	283.000000	335.700012
1	9.107000	0.698841	282.787506	336.287506
1	9.138000	0.787536	284.937500	336.937500
1	9.169000	0.801015	285.068756	336.006256
1	9.201000	0.796667	285.056244	335.881256
1	9.232000	0.744058	284.312500	335.562500
1	9.279000	0.714203	283.225006	335.725006
1	9.310000	0.822754	284.756256	336.431244
1	9.341000	0.724493	283.093750	336.093750
1	9.372000	0.751594	282.799988	335.562500
0	9.403000	0.760290	283.562500	335.437500
1	9.435000	0.771014	283.875000	334.625000
1	9.466000	0.864203	285.231293	335.806244
1	9.497000	0.857536	284.931244	335.681244
1	9.544000	0.838551	285.500000	334.937500
1	9.575000	0.846812	285.243744	335.068756
0	9.606000	0.794493	283.287506	334.037506
1	9.637000	0.765217	283.000000	334.500000
1	9.669000	0.866377	285.037506	335.787506
1	9.700000	0.866377	285.787506	335.212494
0	9.731000	0.753623	283.500000	334.000000
1	9.778000	0.869565	285.500000	334.000000
0	9.809000	0.831015	283.562500	334.562500
0	9.840000	0.742029	283.000000	334.500000
1	9.871000	0.755507	282.818756	333.381256
0	9.903000	0.800580	284.125000	333.125000
1	9.934000	0.759855	282.818756	333.443756
1	9.965000	0.874058	285.118744	334.568756
1	9.996000	0.752899	282.831238	333.581238
1	10.043000	0.855362	285.287506	335.662506
1	10.074000	0.845363	284.456299	335.181274
1	10.105000	0.816377	283.306305	335.868744
1	10.137000	0.765942	282.481262	336.018738
1	10.168000	0.866377	284.787476	336.837402
1	10.199000	0.835942	283.475006	335.587494
1	10.230000	0.860145	284.393738	336.968750
0	10.277000	0.724493	281.443695	334.943756
0	10.308000	0.698985	280.993744	334.993744
0	10.339000	0.781884	282.768738	336.231262
0	10.371000	0.741304	281.562500	336.312500
1	10.402000	0.848406	283.237488	338.562500
1	10.433000	0.744203	282.293762	337.293762
1	10.464000	0.874058	283.881256	338.881256
1	10.511000	0.817971	282.375000	339.187500
1	10.542000	0.834783	283.500000	338.000000
0	10.573000	0.760290	281.562500	338.562500
1	10.605000	0.821159	282.125000	338.375000
1	10.636000	0.869565	283.500000	339.000000
1	10.667000	0.698985	281.006256	338.006256
1	10.698000	0.800725	282.106262	338.031250
1	10.729000	0.784203	280.968750	337.606262
1	10.776000	0.742029	279.500000	338.000000
1	10.807000	0.829275	281.949982	338.662506
0	10.839000	0.783768	281.725006	338.725006
1	10.870000	0.794493	282.037506	339.574982
1	10.901000	0.764638	281.500000	339.500000
1	10.932000	0.804928	281.812500	339.187500
1	10.963000	0.790580	280.606323	339.056213
0	11.010000	0.818406	281.806244	340.193756
1	11.041000	0.797246	281.531250	338.968750
0	11.073000	0.721739	281.000000	339.000000
1	11.104000	0.814058	281.806244	338.306244
1	11.135000	0.815362	281.787506	338.287506
0	11.166000	0.760290	281.187500	337.562500
0	11.197000	0.824493	281.406250	338.406250
1	11.244000	0.904348	283.375000	338.625000
1	11.275000	0.885797	283.225006	339.024994
1	11.307000	0.842319	282.712494	338.524994
1	11.338000	0.770725	281.537506	337.350006
0	11.369000	0.805797	282.500000	338.000000
1	11.400000	0.918985	283.593750	339.593750
0	11.431000	0.738406	280.643738	337.768738
1	11.463000	0.874492	282.287262	339.087311
1	11.509000	0.746377	281.262512	337.262512
1	11.541000	0.921884	283.193756	339.368744
1	11.572000	0.916377	283.318756	338.568756
0	11.603000	0.814203	281.662506	336.712494
1	11.634000	0.926667	282.875000	337.687500
0	11.665000	0.792464	282.037506	336.024994
1	11.697000	0.936812	283.462494	337.475006
1	11.743000	0.950580	283.793762	336.781250
1	11.775000	0.872464	283.000000	336.750000
1	11.806000	0.840145	282.681244	336.556244
1	11.837000	0.884203	282.968750	338.018738
1	11.868000	0.928841	283.531250	338.593750
0	11.899000	0.820725	281.693756	337.193756
0	11.931000	0.796667	282.931244	336.943756
0	11.977000	0.854928	281.718750	337.718750
0	12.009000	0.800580	280.500000	337.125000
1	12.040000	0.941159	283.100006	339.287506
0	12.071000	1.101015	295.268829	333.306244
1	12.102000	0.926667	283.125000	338.437500
0	12.133000	0.884203	281.656250	337.343750
1	12.165000	0.974638	282.968750	339.018738
1	12.196000	0.966377	282.037506	338.575043
1	12.243000	0.995072	283.312500	339.312500
1	12.274000	0.947826	283.250000	340.250000
0	12.305000	0.884058	280.687500	338.937500
1	12.336000	1.011884	283.299957	340.437469
1	12.367000	0.990725	283.250000	340.237488
1	12.399000	1.021739	282.656250	339.593750
1	12.430000	1.062464	283.281250	339.281250
0	12.477000	0.969565	282.968750	338.406250
1	12.508000	1.020290	282.750000	339.750000
1	12.539000	1.078841	283.000000	340.000000
1	12.570000	1.029855	282.700012	339.562500
0	12.601000	0.927246	281.337494	338.837494
1	12.633000	1.068841	282.893738	340.106262
1	12.664000	1.061449	283.750000	339.750000
1	12.711000	1.079420	283.100006	340.024994
1	12.742000	1.072464	283.375000	340.625000
1	12.773000	1.084058	282.950012	340.500000
0	12.804000	0.840290	280.912506	336.662506
0	12.835000	0.876232	279.087524	339.162537
1	12.867000	1.105362	282.793732	341.243744
0	12.898000	0.972319	279.531250	340.093750
1	12.929000	1.113043	282.875000	340.625000
1	12.976000	1.079420	283.024994	340.024994
1	13.007000	1.117971	282.812500	341.437500
1	13.038000	1.113043	282.000000	342.500000
1	13.069000	1.120725	282.618744	341.118744
1	13.101000	1.115797	281.906250	341.531250
1	13.132000	1.132029	282.106262	341.793762
1	13.163000	1.096667	281.243744	341.756256
1	13.210000	1.079420	283.024994	341.975006
1	13.241000	1.127101	282.056244	342.056244
1	13.272000	1.140145	281.868744	342.618744
1	13.303000	1.098551	281.637512	342.862488
1	13.335000	1.118406	281.943756	342.931244
1	13.366000	1.147826	281.750000	343.250000
1	13.397000	1.131594	281.287506	343.225006
1	13.444000	1.131884	281.737488	343.299988
1	13.475000	1.113623	281.250000	343.500000
1	13.506000	1.127681	281.531250	343.656250
1	13.537000	1.133333	282.000000	343.000000
1	13.569000	1.125507	282.375000	343.000000
1	13.600000	1.113043	283.500000	342.000000
1	13.631000	1.138116	281.768829	343.868744
1	13.662000	1.149855	282.037506	343.712494
1	13.709000	1.142029	282.174988	345.174988
0	13.740000	0.927536	283.500000	342.000000
1	13.771000	1.113043	279.500000	346.000000
1	13.803000	1.147246	281.375000	345.750000
1	13.834000	1.123333	281.968719	345.881195
1	13.865000	1.133768	281.293732	345.743744
1	13.896000	1.135362	281.312500	345.437500
1	13.927000	1.135362	280.812500	345.750000
1	13.974000	1.131449	281.256256	345.693756
1	14.005000	1.118551	281.649994	345.462494
1	14.037000	1.124638	282.500000	345.000000
1	14.068000	1.112029	282.556244	344.268768
1	14.099000	1.118406	281.443756	345.556244
1	14.130000	1.127681	281.656250	345.656250
1	14.161000	1.113043	283.500000	346.000000
1	14.208000	1.135942	280.837494	346.087494
1	14.239000	1.132464	281.287506	345.787506
1	14.271000	1.137971	281.600006	344.600006
1	14.302000	1.108986	281.612488	344.237488
1	14.333000	1.117971	281.437500	344.062500
1	14.364000	1.129855	281.062500	344.750000
1	14.395000	1.113043	280.750000	345.250000
1	14.442000	1.116377	280.881256	345.881256
1	14.473000	1.105507	280.850006	345.850006
1	14.505000	1.142029	280.500000	345.500000
1	14.536000	1.135942	280.537506	344.837494
1	14.567000	1.138986	280.818756	344.368744
1	14.598000	1.138551	281.187500	343.575012
1	14.629000	1.124638	280.625000	342.875000
1	14.661000	1.130290	281.693756	342.506256
1	14.707000	1.150580	281.656250	342.031250
1	14.739000	1.144203	282.206177	341.606323
1	14.770000	1.136232	282.000000	341.500000
1	14.801000	1.117971	281.937500	341.937500
0	14.832000	0.852174	279.500000	338.500000
1	14.863000	1.137971	282.162506	342.199982
1	14.895000	1.142029	282.000000	342.000000
1	14.941000	1.133188	281.768738	342.481262
1	14.973000	1.123333	281.968719	342.031281
1	15.004000	1.162319	282.174988	342.125000
1	15.035000	1.133333	281.700012	342.737488
1	15.066000	1.140580	281.587524	342.237488
1	15.097000	1.159420	280.500000	343.000000
1	15.129000	1.162319	281.825012	342.825012
1	15.175000	1.172029	281.531250	342.593750
1	15.207000	1.159275	281.468750	341.906250
0	15.238000	0.886957	278.500000	338.500000
1	15.269000	1.200000	281.625000	341.875000
1	15.300000	1.175073	281.600006	341.600006
0	15.331000	1.391304	279.625000	336.125000
1	15.363000	1.200580	281.312500	342.200012
1	15.394000	1.207971	281.206299	341.931274
1	15.441000	1.182609	280.750000	341.750000
1	15.472000	1.228985	282.000000	341.500000
1	15.503000	1.159420	282.500000	341.000000
1	15.534000	1.217971	282.075012	341.487488
1	15.565000	1.219420	281.812531	341.512482
1	15.597000	1.159420	282.500000	341.000000
1	15.628000	1.198840	281.787506	341.649994
1	15.675000	1.208116	281.375000	341.250000
1	15.706000	1.205797	281.362488	341.250000
1	15.737000	1.223913	281.500000	341.437500
1	15.768000	1.231159	281.293762	342.093750
1	15.799000	1.211449	281.093750	341.906250
1	15.831000	1.217391	281.250000	342.750000
1	15.862000	1.238551	280.762512	343.424988
1	15.909000	1.211449	280.343750	342.906250
1	15.940000	1.227246	281.037506	342.524994
1	15.971000	1.225507	280.750000	343.125000
1	16.002000	1.211884	281.162506	343.087494
1	16.033000	1.239710	280.562500	343.812500
1	16.065000	1.205797	280.000000	343.500000
1	16.096000	1.237536	280.593750	344.406250
0	16.127000	1.131594	277.050018	336.324982
1	16.174000	1.207246	280.250000	344.375000
1	16.205000	1.229855	280.312500	344.937500
1	16.236000	1.233623	280.149994	345.225006
1	16.267000	1.238551	279.812500	346.187500
1	16.299000	1.248406	279.437500	346.437500
1	16.330000	1.237971	279.412506	347.212494
1	16.361000	1.248986	279.537506	346.350006
1	16.408000	1.242899	279.750000	346.437500
1	16.439000	1.233768	279.256256	346.493744
1	16.470000	1.242464	279.631256	346.443756
1	16.501000	1.240290	279.462494	346.587494
1	16.533000	1.237536	279.593750	346.406250
1	16.564000	1.238986	279.431244	346.568756
1	16.595000	1.216812	279.500000	346.500000
1	16.642000	1.239710	279.437500	346.562500
1	16.673000	1.239710	279.437500	346.625000
1	16.704000	1.248986	279.462494	346.787506
1	16.735000	1.216812	279.375000	347.125000
1	16.767000	1.211449	279.843750	347.343750
1	16.798000	1.232464	279.225006	347.524994
0	16.829000	0.917246	274.181244	342.743744
1	16.860000	1.224493	279.531250	346.718750
1	16.907000	1.229420	279.431244	347.068756
1	16.938000	1.217391	279.500000	347.000000
1	16.969000	1.243623	279.631256	346.631256
1	17.001000	1.220725	279.806244	346.943756
1	17.032000	1.243478	279.750000	346.750000
1	17.063000	1.229275	279.662506	347.087494
1	17.094000	1.203333	279.693756	346.056244
1	17.141000	1.238116	279.556244	346.431244
1	17.172000	1.235942	279.537506	346.649994
1	17.203000	1.220145	279.406250	347.031250
1	17.235000	1.234783	279.500000	346.500000
1	17.266000	1.205507	278.975006	346.774994
1	17.297000	1.220725	279.056244	346.806244
1	17.328000	1.201594	279.656250	346.218750
1	17.375000	1.211884	279.537506	346.087494
1	17.406000	1.182609	279.500000	346.000000
1	17.437000	1.234783	279.500000	345.500000
1	17.469000	1.205797	278.500000	345.000000
1	17.500000	1.237971	279.600006	345.212494
1	17.531000	1.222899	279.912506	345.537506
1	17.562000	1.205797	278.500000	345.000000
1	17.593000	1.233188	279.531250	345.843750
1	17.640000	1.212464	279.312500	346.062500
1	17.671000	1.248551	279.625000	346.375000
1	17.703000	1.220725	279.193756	346.806244
1	17.734000	1.205797	278.500000	345.000000
1	17.765000	1.220725	279.381256	346.056244
1	17.796000	1.211449	280.093750	345.343750
1	17.827000	1.206667	279.649994	345.725006
1	17.874000	1.217246	279.131256	345.743744
1	17.905000	1.223188	279.625000	345.375000
1	17.937000	1.229420	279.731232	345.268768
1	17.968000	1.211449	279.843750	345.656250
1	17.999000	1.222754	279.993744	344.756256
<\RIGHT-PUPIL-DATA>
<LEFT-PUPIL-DATA>
543	0
0	-0.066000	13.913043	240.000000	320.000000
0	-0.019000	13.913043	240.000000	320.000000
0	0.012000	13.913043	240.000000	320.000000
0	0.043000	13.913043	240.000000	320.000000
0	0.074000	13.913043	240.000000	320.000000
0	0.106000	13.913043	240.000000	320.000000
0	0.137000	13.913043	240.000000	320.000000
0	0.168000	13.913043	240.000000	320.000000
0	0.215000	13.913043	240.000000	320.000000
0	0.246000	13.913043	240.000000	320.000000
0	0.277000	13.913043	240.000000	320.000000
0	0.308000	13.913043	240.000000	320.000000
0	0.340000	13.913043	240.000000	320.000000
0	0.371000	13.913043	240.000000	320.000000
0	0.402000	13.913043	240.000000	320.000000
0	0.433000	13.913043	240.000000	320.000000
0	0.480000	13.913043	240.000000	320.000000
0	0.511000	13.913043	240.000000	320.000000
0	0.542000	13.913043	240.000000	320.000000
0	0.574000	13.913043	240.000000	320.000000
0	0.605000	13.913043	240.000000	320.000000
0	0.636000	13.913043	240.000000	320.000000
0	0.667000	13.913043	240.000000	320.000000
0	0.714000	13.913043	240.000000	320.000000
0	0.745000	13.913043	240.000000	320.000000
0	0.776000	13.913043	240.000000	320.000000
0	0.808000	13.913043	240.000000	320.000000
0	0.839000	13.913043	240.000000	320.000000
0	0.870000	13.913043	240.000000	320.000000
0	0.901000	13.913043	240.000000	320.000000
0	0.932000	13.913043	240.000000	320.000000
0	0.979000	13.913043	240.000000	320.000000
0	1.010000	13.913043	240.000000	320.000000
0	1.042000	13.913043	240.000000	320.000000
0	1.073000	13.913043	240.000000	320.000000
0	1.104000	13.913043	240.000000	320.000000
0	1.135000	13.913043	240.000000	320.000000
0	1.166000	13.913043	240.000000	320.000000
0	1.213000	13.913043	240.000000	320.000000
0	1.244000	13.913043	240.000000	320.000000
0	1.276000	13.913043	240.000000	320.000000
0	1.307000	13.913043	240.000000	320.000000
0	1.338000	13.913043	240.000000	320.000000
0	1.369000	13.913043	240.000000	320.000000
0	1.400000	13.913043	240.000000	320.000000
0	1.432000	13.913043	240.000000	320.000000
0	1.478000	13.913043	240.000000	320.000000
0	1.510000	13.913043	240.000000	320.000000
0	1.541000	13.913043	240.000000	320.000000
0	1.572000	13.913043	240.000000	320.000000
0	1.603000	13.913043	240.000000	320.000000
0	1.634000	13.913043	240.000000	320.000000
0	1.666000	13.913043	240.000000	320.000000
0	1.712000	13.913043	240.000000	320.000000
0	1.744000	13.913043	240.000000	320.000000
0	1.775000	13.913043	240.000000	320.000000
0	1.806000	13.913043	240.000000	320.000000
0	1.837000	13.913043	240.000000	320.000000
0	1.868000	13.913043	240.000000	320.000000
0	1.900000	13.913043	240.000000	320.000000
0	1.946000	13.913043	240.000000	320.000000
0	1.978000	13.913043	240.000000	320.000000
0	2.009000	13.913043	240.000000	320.000000
0	2.040000	13.913043	240.000000	320.000000
0	2.071000	13.913043	240.000000	320.000000
0	2.102000	13.913043	240.000000	320.000000
0	2.134000	13.913043	240.000000	320.000000
0	2.165000	13.913043	240.000000	320.000000
0	2.212000	13.913043	240.000000	320.000000
0	2.243000	13.913043	240.000000	320.000000
0	2.274000	13.913043	240.000000	320.000000
0	2.305000	13.913043	240.000000	320.000000
0	2.336000	13.913043	240.000000	320.000000
0	2.368000	13.913043	240.000000	320.000000
0	2.399000	13.913043	240.000000	320.000000
0	2.446000	13.913043	240.000000	320.000000
0	2.477000	13.913043	240.000000	320.000000
0	2.508000	13.913043	240.000000	320.000000
0	2.539000	13.913043	240.000000	320.000000
0	2.570000	13.913043	240.000000	320.000000
0	2.602000	13.913043	240.000000	320.000000
0	2.633000	13.913043	240.000000	320.000000
0	2.680000	13.913043	240.000000	320.000000
0	2.711000	13.913043	240.000000	320.000000
0	2.742000	13.913043	240.000000	320.000000
0	2.773000	13.913043	240.000000	320.000000
0	2.804000	13.913043	240.000000	320.000000
0	2.836000	13.913043	240.000000	320.000000
0	2.867000	13.913043	240.000000	320.000000
0	2.898000	13.913043	240.000000	320.000000
0	2.945000	13.913043	240.000000	320.000000
0	2.976000	13.913043	240.000000	320.000000
0	3.007000	13.913043	240.000000	320.000000
0	3.038000	13.913043	240.000000	320.000000
0	3.070000	13.913043	240.000000	320.000000
0	3.101000	13.913043	240.000000	320.000000
0	3.132000	13.913043	240.000000	320.000000
0	3.179000	13.913043	240.000000	320.000000
0	3.210000	13.913043	240.000000	320.000000
0	3.241000	13.913043	240.000000	320.000000
0	3.272000	13.913043	240.000000	320.000000
0	3.304000	13.913043	240.000000	320.000000
0	3.335000	13.913043	240.000000	320.000000
0	3.366000	13.913043	240.000000	320.000000
0	3.413000	13.913043	240.000000	320.000000
0	3.444000	13.913043	240.000000	320.000000
0	3.475000	13.913043	240.000000	320.000000
0	3.507000	13.913043	240.000000	320.000000
0	3.538000	13.913043	240.000000	320.000000
0	3.569000	13.913043	240.000000	320.000000
0	3.600000	13.913043	240.000000	320.000000
0	3.631000	13.913043	240.000000	320.000000
0	3.678000	13.913043	240.000000	320.000000
0	3.709000	13.913043	240.000000	320.000000
0	3.741000	13.913043	240.000000	320.000000
0	3.772000	13.913043	240.000000	320.000000
0	3.803000	13.913043	240.000000	320.000000
0	3.834000	13.913043	240.000000	320.000000
0	3.865000	13.913043	240.000000	320.000000
0	3.912000	13.913043	240.000000	320.000000
0	3.943000	13.913043	240.000000	320.000000
0	3.975000	13.913043	240.000000	320.000000
0	4.006000	13.913043	240.000000	320.000000
0	4.037000	13.913043	240.000000	320.000000
0	4.068000	13.913043	240.000000	320.000000
0	4.099000	13.913043	240.000000	320.000000
0	4.146000	13.913043	240.000000	320.000000
0	4.177000	13.913043	240.000000	320.000000
0	4.209000	13.913043	240.000000	320.000000
0	4.240000	13.913043	240.000000	320.000000
0	4.271000	13.913043	240.000000	320.000000
0	4.302000	13.913043	240.000000	320.000000
0	4.333000	13.913043	240.000000	320.000000
0	4.365000	13.913043	240.000000	320.000000
0	4.411000	13.913043	240.000000	320.000000
0	4.443000	13.913043	240.000000	320.000000
0	4.474000	13.913043	240.000000	320.000000
0	4.505000	13.913043	240.000000	320.000000
0	4.536000	13.913043	240.000000	320.000000
0	4.567000	13.913043	240.000000	320.000000
0	4.599000	13.913043	240.000000	320.000000
0	4.645000	13.913043	240.000000	320.000000
0	4.677000	13.913043	240.000000	320.000000
0	4.708000	13.913043	240.000000	320.000000
0	4.739000	13.913043	240.000000	320.000000
0	4.770000	13.913043	240.000000	320.000000
0	4.801000	13.913043	240.000000	320.000000
0	4.833000	13.913043	240.000000	320.000000
0	4.879000	13.913043	240.000000	320.000000
0	4.911000	13.913043	240.000000	320.000000
0	4.942000	13.913043	240.000000	320.000000
0	4.973000	13.913043	240.000000	320.000000
0	5.004000	13.913043	240.000000	320.000000
0	5.035000	13.913043	240.000000	320.000000
0	5.067000	13.913043	240.000000	320.000000
0	5.098000	13.913043	240.000000	320.000000
0	5.145000	13.913043	240.000000	320.000000
0	5.176000	13.913043	240.000000	320.000000
0	5.207000	13.913043	240.000000	320.000000
0	5.238000	13.913043	240.000000	320.000000
0	5.269000	13.913043	240.000000	320.000000
0	5.301000	13.913043	240.000000	320.000000
0	5.332000	13.913043	240.000000	320.000000
0	5.363000	13.913043	240.000000	320.000000
0	5.410000	13.913043	240.000000	320.000000
0	5.441000	13.913043	240.000000	320.000000
0	5.472000	13.913043	240.000000	320.000000
0	5.503000	13.913043	240.000000	320.000000
0	5.535000	13.913043	240.000000	320.000000
0	5.566000	13.913043	240.000000	320.000000
0	5.597000	13.913043	240.000000	320.000000
0	5.644000	13.913043	240.000000	320.000000
0	5.675000	13.913043	240.000000	320.000000
0	5.706000	13.913043	240.000000	320.000000
0	5.737000	13.913043	240.000000	320.000000
0	5.769000	13.913043	240.000000	320.000000
0	5.800000	13.913043	240.000000	320.000000
0	5.831000	13.913043	240.000000	320.000000
0	5.878000	13.913043	240.000000	320.000000
0	5.909000	13.913043	240.000000	320.000000
0	5.940000	13.913043	240.000000	320.000000
0	5.971000	13.913043	240.000000	320.000000
0	6.003000	13.913043	240.000000	320.000000
0	6.034000	13.913043	240.000000	320.000000
0	6.065000	13.913043	240.000000	320.000000
0	6.096000	13.913043	240.000000	320.000000
0	6.143000	13.913043	240.000000	320.000000
0	6.174000	13.913043	240.000000	320.000000
0	6.205000	13.913043	240.000000	320.000000
0	6.237000	13.913043	240.000000	320.000000
0	6.268000	13.913043	240.000000	320.000000
0	6.299000	13.913043	240.000000	320.000000
0	6.330000	13.913043	240.000000	320.000000
0	6.377000	13.913043	240.000000	320.000000
0	6.408000	13.913043	240.000000	320.000000
0	6.439000	13.913043	240.000000	320.000000
0	6.471000	13.913043	240.000000	320.000000
0	6.502000	13.913043	240.000000	320.000000
0	6.533000	13.913043	240.000000	320.000000
0	6.564000	13.913043	240.000000	320.000000
0	6.611000	13.913043	240.000000	320.000000
0	6.642000	13.913043	240.000000	320.000000
0	6.673000	13.913043	240.000000	320.000000
0	6.705000	13.913043	240.000000	320.000000
0	6.736000	13.913043	240.000000	320.000000
0	6.767000	13.913043	240.000000	320.000000
0	6.798000	13.913043	240.000000	320.000000
0	6.829000	13.913043	240.000000	320.000000
0	6.876000	13.913043	240.000000	320.000000
0	6.907000	13.913043	240.000000	320.000000
0	6.939000	13.913043	240.000000	320.000000
0	6.970000	13.913043	240.000000	320.000000
0	7.001000	13.913043	240.000000	320.000000
0	7.032000	13.913043	240.000000	320.000000
0	7.063000	13.913043	240.000000	320.000000
0	7.110000	13.913043	240.000000	320.000000
0	7.141000	13.913043	240.000000	320.000000
0	7.173000	13.913043	240.000000	320.000000
0	7.204000	13.913043	240.000000	320.000000
0	7.235000	13.913043	240.000000	320.000000
0	7.266000	13.913043	240.000000	320.000000
0	7.297000	13.913043	240.000000	320.000000
0	7.344000	13.913043	240.000000	320.000000
0	7.375000	13.913043	240.000000	320.000000
0	7.407000	13.913043	240.000000	320.000000
0	7.438000	13.913043	240.000000	320.000000
0	7.469000	13.913043	240.000000	320.000000
0	7.500000	13.913043	240.000000	320.000000
0	7.531000	13.913043	240.000000	320.000000
0	7.563000	13.913043	240.000000	320.000000
0	7.609000	13.913043	240.000000	320.000000
0	7.641000	13.913043	240.000000	320.000000
0	7.672000	13.913043	240.000000	320.000000
0	7.703000	13.913043	240.000000	320.000000
0	7.734000	13.913043	240.000000	320.000000
0	7.765000	13.913043	240.000000	320.000000
0	7.797000	13.913043	240.000000	320.000000
0	7.843000	13.913043	240.000000	320.000000
0	7.875000	13.913043	240.000000	320.000000
0	7.906000	13.913043	240.000000	320.000000
0	7.937000	13.913043	240.000000	320.000000
0	7.968000	13.913043	240.000000	320.000000
0	7.999000	13.913043	240.000000	320.000000
0	8.031000	13.913043	240.000000	320.000000
0	8.077000	13.913043	240.000000	320.000000
0	8.109000	13.913043	240.000000	320.000000
0	8.140000	13.913043	240.000000	320.000000
0	8.171000	13.913043	240.000000	320.000000
0	8.202000	13.913043	240.000000	320.000000
0	8.233000	13.913043	240.000000	320.000000
0	8.265000	13.913043	240.000000	320.000000
0	8.296000	13.913043	240.000000	320.000000
0	8.343000	13.913043	240.000000	320.000000
0	8.374000	13.913043	240.000000	320.000000
0	8.405000	13.913043	240.000000	320.000000
0	8.436000	13.913043	240.000000	320.000000
0	8.467000	13.913043	240.000000	320.000000
0	8.499000	13.913043	240.000000	320.000000
0	8.530000	13.913043	240.000000	320.000000
0	8.577000	13.913043	240.000000	320.000000
0	8.608000	13.913043	240.000000	320.000000
0	8.639000	13.913043	240.000000	320.000000
0	8.670000	13.913043	240.000000	320.000000
0	8.701000	13.913043	240.000000	320.000000
0	8.733000	13.913043	240.000000	320.000000
0	8.764000	13.913043	240.000000	320.000000
0	8.811000	13.913043	240.000000	320.000000
0	8.842000	13.913043	240.000000	320.000000
0	8.873000	13.913043	240.000000	320.000000
0	8.904000	13.913043	240.000000	320.000000
0	8.935000	13.913043	240.000000	320.000000
0	8.967000	13.913043	240.000000	320.000000
0	8.998000	13.913043	240.000000	320.000000
0	9.029000	13.913043	240.000000	320.000000
0	9.076000	13.913043	240.000000	320.000000
0	9.107000	13.913043	240.000000	320.000000
0	9.138000	13.913043	240.000000	320.000000
0	9.169000	13.913043	240.000000	320.000000
0	9.201000	13.913043	240.000000	320.000000
0	9.232000	13.913043	240.000000	320.000000
0	9.263000	13.913043	240.000000	320.000000
0	9.294000	13.913043	240.000000	320.000000
0	9.341000	13.913043	240.000000	320.000000
0	9.372000	13.913043	240.000000	320.000000
0	9.403000	13.913043	240.000000	320.000000
0	9.435000	13.913043	240.000000	320.000000
0	9.466000	13.913043	240.000000	320.000000
0	9.497000	13.913043	240.000000	320.000000
0	9.528000	13.913043	240.000000	320.000000
0	9.575000	13.913043	240.000000	320.000000
0	9.606000	13.913043	240.000000	320.000000
0	9.637000	13.913043	240.000000	320.000000
0	9.669000	13.913043	240.000000	320.000000
0	9.700000	13.913043	240.000000	320.000000
0	9.731000	13.913043	240.000000	320.000000
0	9.762000	13.913043	240.000000	320.000000
0	9.809000	13.913043	240.000000	320.000000
0	9.840000	13.913043	240.000000	320.000000
0	9.871000	13.913043	240.000000	320.000000
0	9.903000	13.913043	240.000000	320.000000
0	9.934000	13.913043	240.000000	320.000000
0	9.965000	13.913043	240.000000	320.000000
0	9.996000	13.913043	240.000000	320.000000
0	10.027000	13.913043	240.000000	320.000000
0	10.074000	13.913043	240.000000	320.000000
0	10.105000	13.913043	240.000000	320.000000
0	10.137000	13.913043	240.000000	320.000000
0	10.168000	13.913043	240.000000	320.000000
0	10.199000	13.913043	240.000000	320.000000
0	10.230000	13.913043	240.000000	320.000000
0	10.261000	13.913043	240.000000	320.000000
0	10.308000	13.913043	240.000000	320.000000
0	10.339000	13.913043	240.000000	320.000000
0	10.371000	13.913043	240.000000	320.000000
0	10.402000	13.913043	240.000000	320.000000
0	10.433000	13.913043	240.000000	320.000000
0	10.464000	13.913043	240.000000	320.000000
0	10.495000	13.913043	240.000000	320.000000
0	10.542000	13.913043	240.000000	320.000000
0	10.573000	13.913043	240.000000	320.000000
0	10.605000	13.913043	240.000000	320.000000
0	10.636000	13.913043	240.000000	320.000000
0	10.667000	13.913043	240.000000	320.000000
0	10.698000	13.913043	240.000000	320.000000
0	10.729000	13.913043	240.000000	320.000000
0	10.761000	13.913043	240.000000	320.000000
0	10.807000	13.913043	240.000000	320.000000
0	10.839000	13.913043	240.000000	320.000000
0	10.870000	13.913043	240.000000	320.000000
0	10.901000	13.913043	240.000000	320.000000
0	10.932000	13.913043	240.000000	320.000000
0	10.963000	13.913043	240.000000	320.000000
0	10.995000	13.913043	240.000000	320.000000
0	11.041000	13.913043	240.000000	320.000000
0	11.073000	13.913043	240.000000	320.000000
0	11.104000	13.913043	240.000000	320.000000
0	11.135000	13.913043	240.000000	320.000000
0	11.166000	13.913043	240.000000	320.000000
0	11.197000	13.913043	240.000000	320.000000
0	11.229000	13.913043	240.000000	320.000000
0	11.275000	13.913043	240.000000	320.000000
0	11.307000	13.913043	240.000000	320.000000
0	11.338000	13.913043	240.000000	320.000000
0	11.369000	13.913043	240.000000	320.000000
0	11.400000	13.913043	240.000000	320.000000
0	11.431000	13.913043	240.000000	320.000000
0	11.463000	13.913043	240.000000	320.000000
0	11.494000	13.913043	240.000000	320.000000
0	11.541000	13.913043	240.000000	320.000000
0	11.572000	13.913043	240.000000	320.000000
0	11.603000	13.913043	240.000000	320.000000
0	11.634000	13.913043	240.000000	320.000000
0	11.665000	13.913043	240.000000	320.000000
0	11.697000	13.913043	240.000000	320.000000
0	11.728000	13.913043	240.000000	320.000000
0	11.775000	13.913043	240.000000	320.000000
0	11.806000	13.913043	240.000000	320.000000
0	11.837000	13.913043	240.000000	320.000000
0	11.868000	13.913043	240.000000	320.000000
0	11.899000	13.913043	240.000000	320.000000
0	11.931000	13.913043	240.000000	320.000000
0	11.962000	13.913043	240.000000	320.000000
0	12.009000	13.913043	240.000000	320.000000
0	12.040000	13.913043	240.000000	320.000000
0	12.071000	13.913043	240.000000	320.000000
0	12.102000	13.913043	240.000000	320.000000
0	12.133000	13.913043	240.000000	320.000000
0	12.165000	13.913043	240.000000	320.000000
0	12.196000	13.913043	240.000000	320.000000
0	12.227000	13.913043	240.000000	320.000000
0	12.274000	13.913043	240.000000	320.000000
0	12.305000	13.913043	240.000000	320.000000
0	12.336000	13.913043	240.000000	320.000000
0	12.367000	13.913043	240.000000	320.000000
0	12.399000	13.913043	240.000000	320.000000
0	12.430000	13.913043	240.000000	320.000000
0	12.461000	13.913043	240.000000	320.000000
0	12.508000	13.913043	240.000000	320.000000
0	12.539000	13.913043	240.000000	320.000000
0	12.570000	13.913043	240.000000	320.000000
0	12.601000	13.913043	240.000000	320.000000
0	12.633000	13.913043	240.000000	320.000000
0	12.664000	13.913043	240.000000	320.000000
0	12.695000	13.913043	240.000000	320.000000
0	12.742000	13.913043	240.000000	320.000000
0	12.773000	13.913043	240.000000	320.000000
0	12.804000	13.913043	240.000000	320.000000
0	12.835000	13.913043	240.000000	320.000000
0	12.867000	13.913043	240.000000	320.000000
0	12.898000	13.913043	240.000000	320.000000
0	12.929000	13.913043	240.000000	320.000000
0	12.960000	13.913043	240.000000	320.000000
0	13.007000	13.913043	240.000000	320.000000
0	13.038000	13.913043	240.000000	320.000000
0	13.069000	13.913043	240.000000	320.000000
0	13.101000	13.913043	240.000000	320.000000
0	13.132000	13.913043	240.000000	320.000000
0	13.163000	13.913043	240.000000	320.000000
0	13.194000	13.913043	240.000000	320.000000
0	13.225000	13.913043	240.000000	320.000000
0	13.272000	13.913043	240.000000	320.000000
0	13.303000	13.913043	240.000000	320.000000
0	13.335000	13.913043	240.000000	320.000000
0	13.366000	13.913043	240.000000	320.000000
0	13.397000	13.913043	240.000000	320.000000
0	13.428000	13.913043	240.000000	320.000000
0	13.459000	13.913043	240.000000	320.000000
0	13.506000	13.913043	240.000000	320.000000
0	13.537000	13.913043	240.000000	320.000000
0	13.569000	13.913043	240.000000	320.000000
0	13.600000	13.913043	240.000000	320.000000
0	13.631000	13.913043	240.000000	320.000000
0	13.662000	13.913043	240.000000	320.000000
0	13.693000	13.913043	240.000000	320.000000
0	13.740000	13.913043	240.000000	320.000000
0	13.771000	13.913043	240.000000	320.000000
0	13.803000	13.913043	240.000000	320.000000
0	13.834000	13.913043	240.000000	320.000000
0	13.865000	13.913043	240.000000	320.000000
0	13.896000	13.913043	240.000000	320.000000
0	13.927000	13.913043	240.000000	320.000000
0	13.959000	13.913043	240.000000	320.000000
0	14.005000	13.913043	240.000000	320.000000
0	14.037000	13.913043	240.000000	320.000000
0	14.068000	13.913043	240.000000	320.000000
0	14.099000	13.913043	240.000000	320.000000
0	14.130000	13.913043	240.000000	320.000000
0	14.161000	13.913043	240.000000	320.000000
0	14.193000	13.913043	240.000000	320.000000
0	14.239000	13.913043	240.000000	320.000000
0	14.271000	13.913043	240.000000	320.000000
0	14.302000	13.913043	240.000000	320.000000
0	14.333000	13.913043	240.000000	320.000000
0	14.364000	13.913043	240.000000	320.000000
0	14.395000	13.913043	240.000000	320.000000
0	14.427000	13.913043	240.000000	320.000000
0	14.473000	13.913043	240.000000	320.000000
0	14.505000	13.913043	240.000000	320.000000
0	14.536000	13.913043	240.000000	320.000000
0	14.567000	13.913043	240.000000	320.000000
0	14.598000	13.913043	240.000000	320.000000
0	14.629000	13.913043	240.000000	320.000000
0	14.661000	13.913043	240.000000	320.000000
0	14.692000	13.913043	240.000000	320.000000
0	14.739000	13.913043	240.000000	320.000000
0	14.770000	13.913043	240.000000	320.000000
0	14.801000	13.913043	240.000000	320.000000
0	14.832000	13.913043	240.000000	320.000000
0	14.863000	13.913043	240.000000	320.000000
0	14.895000	13.913043	240.000000	320.000000
0	14.926000	13.913043	240.000000	320.000000
0	14.973000	13.913043	240.000000	320.000000
0	15.004000	13.913043	240.000000	320.000000
0	15.035000	13.913043	240.000000	320.000000
0	15.066000	13.913043	240.000000	320.000000
0	15.097000	13.913043	240.000000	320.000000
0	15.129000	13.913043	240.000000	320.000000
0	15.160000	13.913043	240.000000	320.000000
0	15.207000	13.913043	240.000000	320.000000
0	15.238000	13.913043	240.000000	320.000000
0	15.269000	13.913043	240.000000	320.000000
0	15.300000	13.913043	240.000000	320.000000
0	15.331000	13.913043	240.000000	320.000000
0	15.363000	13.913043	240.000000	320.000000
0	15.394000	13.913043	240.000000	320.000000
0	15.425000	13.913043	240.000000	320.000000
0	15.472000	13.913043	240.000000	320.000000
0	15.503000	13.913043	240.000000	320.000000
0	15.534000	13.913043	240.000000	320.000000
0	15.565000	13.913043	240.000000	320.000000
0	15.597000	13.913043	240.000000	320.000000
0	15.628000	13.913043	240.000000	320.000000
0	15.659000	13.913043	240.000000	320.000000
0	15.706000	13.913043	240.000000	320.000000
0	15.737000	13.913043	240.000000	320.000000
0	15.768000	13.913043	240.000000	320.000000
0	15.799000	13.913043	240.000000	320.000000
0	15.831000	13.913043	240.000000	320.000000
0	15.862000	13.913043	240.000000	320.000000
0	15.893000	13.913043	240.000000	320.000000
0	15.940000	13.913043	240.000000	320.000000
0	15.971000	13.913043	240.000000	320.000000
0	16.002000	13.913043	240.000000	320.000000
0	16.033000	13.913043	240.000000	320.000000
0	16.065000	13.913043	240.000000	320.000000
0	16.096000	13.913043	240.000000	320.000000
0	16.127000	13.913043	240.000000	320.000000
0	16.158000	13.913043	240.000000	320.000000
0	16.205000	13.913043	240.000000	320.000000
0	16.236000	13.913043	240.000000	320.000000
0	16.267000	13.913043	240.000000	320.000000
0	16.299000	13.913043	240.000000	320.000000
0	16.330000	13.913043	240.000000	320.000000
0	16.361000	13.913043	240.000000	320.000000
0	16.392000	13.913043	240.000000	320.000000
0	16.439000	13.913043	240.000000	320.000000
0	16.470000	13.913043	240.000000	320.000000
0	16.501000	13.913043	240.000000	320.000000
0	16.533000	13.913043	240.000000	320.000000
0	16.564000	13.913043	240.000000	320.000000
0	16.595000	13.913043	240.000000	320.000000
0	16.626000	13.913043	240.000000	320.000000
0	16.673000	13.913043	240.000000	320.000000
0	16.704000	13.913043	240.000000	320.000000
0	16.735000	13.913043	240.000000	320.000000
0	16.767000	13.913043	240.000000	320.000000
0	16.798000	13.913043	240.000000	320.000000
0	16.829000	13.913043	240.000000	320.000000
0	16.860000	13.913043	240.000000	320.000000
0	16.891000	13.913043	240.000000	320.000000
0	16.938000	13.913043	240.000000	320.000000
0	16.969000	13.913043	240.000000	320.000000
0	17.001000	13.913043	240.000000	320.000000
0	17.032000	13.913043	240.000000	320.000000
0	17.063000	13.913043	240.000000	320.000000
0	17.094000	13.913043	240.000000	320.000000
0	17.125000	13.913043	240.000000	320.000000
0	17.172000	13.913043	240.000000	320.000000
0	17.203000	13.913043	240.000000	320.000000
0	17.235000	13.913043	240.000000	320.000000
0	17.266000	13.913043	240.000000	320.000000
0	17.297000	13.913043	240.000000	320.000000
0	17.328000	13.913043	240.000000	320.000000
0	17.359000	13.913043	240.000000	320.000000
0	17.391000	13.913043	240.000000	320.000000
0	17.437000	13.913043	240.000000	320.000000
0	17.469000	13.913043	240.000000	320.000000
0	17.500000	13.913043	240.000000	320.000000
0	17.531000	13.913043	240.000000	320.000000
0	17.562000	13.913043	240.000000	320.000000
0	17.593000	13.913043	240.000000	320.000000
0	17.625000	13.913043	240.000000	320.000000
0	17.671000	13.913043	240.000000	320.000000
0	17.703000	13.913043	240.000000	320.000000
0	17.734000	13.913043	240.000000	320.000000
0	17.765000	13.913043	240.000000	320.000000
0	17.796000	13.913043	240.000000	320.000000
0	17.827000	13.913043	240.000000	320.000000
0	17.859000	13.913043	240.000000	320.000000
0	17.905000	13.913043	240.000000	320.000000
0	17.937000	13.913043	240.000000	320.000000
0	17.968000	13.913043	240.000000	320.000000
0	17.999000	13.913043	240.000000	320.000000
<\LEFT-PUPIL-DATA>
<RIGHT-PUPIL-ANALYSIS>
1
0	0	17	542	0	0	0.509000	17.518000	0.509000	31625.173828	0.000000	0.000000	0.000000	0	1	1	1	1	0	0	0	0.000000	0.000000	0.000000	0.000000	0.000000	0.000000	0.000000	-1.000000	0.000000	0	1.172406	0.569403	1.079826	0.254645	0.205000	-0.449667	-1.142001	-1.000000	0.059494	1	1.172406	0.569403	1.079826	0.254645	0.205000	-0.485045	-1.142000	-1.000000	0.055740
<\RIGHT-PUPIL-ANALYSIS>
<LEFT-PUPIL-ANALYSIS>
1
0	0	17	542	0	0	0.509000	17.518000	0.509000	31625.173828	0.000000	0.000000	0.000000	0	1	1	1	1	0	0	0	0.000000	0.000000	0.000000	0.000000	0.000000	0.000000	0.000000	-1.000000	0.000000	0	-0.034783	-0.034783	0.000950	0.000950	0.002000	0.000000	0.000000	-1.000000	0.000000	1	-0.034783	-0.034783	0.000950	0.000950	0.002000	-1000000.000000	-1000000.000000	-1.000000	0.000000
<\LEFT-PUPIL-ANALYSIS>
%%%%%%%%%
%%%%%%%%%
%%%%%%%%%
%%%	Measurement Tiime is: 2017-08-15 09:53:26
%%%	Subject ID is: c57-1mois-f4-4.5r
%%%	Note: 
%%%	RSS: Default Human Relative Spectral Sensitivity
%%%	Pupil Analysis:
%%%
%%%
%%%
%%%	Pulse Index:	0
%%%	Stimulus Session Index:	0
%%%	Right Pupil Stimulated
%%%	Light Metric is Photopic
%%%	Stimulus Start Time(sec):	0.51
%%%	Stimulus Duration(sec):	17.52
%%%	Stimulus Pulse Duration(sec):	0.51
%%%	Right Pulse:	31625.17	(Red  )	-	0.00	(Red  )	[Lux ]
%%%	Left Pulse:	0.00	(Red  )	-	0.00	(Red  )	[Lux ]
%%%
%%%		RIGHT	LEFT	R.Pupil Mean	L.Pupil Mean	R.Stim Mean	R.Stim Mean
%%%	INPUT:	RAW DATA	RAW DATA
%%%	STATE:	ABNORMAL	ABNORMAL	ABNORMAL	ABNORMAL	ABNORMAL	ABNORMAL
%%%	MAX(mm):	0.00	0.00	0.00	0.00	0.00	0.00
%%%	MIN(mm):	0.00	0.00	0.00	0.00	0.00	0.00
%%%	DELTA(mm):						
%%%	CH(%):						
%%%	LAT(sec):	0.00	0.00	0.00	0.00	0.00	0.00
%%%	CV(mm/s):	0.00	0.00	0.00	0.00	0.00	0.00
%%%	MCV(mm/s):	0.00	0.00	0.00	0.00	0.00	0.00
%%%	DV(mm/s):	0.00	0.00	0.00	0.00	0.00	0.00
%%%%%%%%%
%%%%%%%%%
%%%%%%%%%
%%%	Right Pupil Profile (1st row -> 1 == valid tracking, 0 == invalid tracking; 2nd row -> time; 3rd row -> diameter (mm))
%%%	1	1	1	0	1	1	1	1	1	1	1	1	1	1	1	1	1	1	1	1	1	1	1	1	1	1	0	1	0	1	1	0	0	1	1	1	1	1	0	1	1	0	0	0	1	1	0	1	1	1	0	0	1	1	1	1	1	1	1	0	1	1	1	1	1	1	1	1	0	0	1	0	1	0	1	0	0	1	1	1	0	0	1	1	1	0	1	1	1	1	1	1	0	1	1	1	0	1	1	0	1	1	1	1	1	1	1	1	1	0	1	1	1	1	0	1	1	1	1	0	1	0	1	1	1	1	1	1	1	0	1	1	0	1	1	1	1	1	1	1	1	1	1	1	1	1	0	1	1	0	1	1	1	1	1	1	0	1	0	1	1	1	1	0	1	1	1	1	1	1	1	0	0	0	1	1	1	1	1	1	1	0	1	1	1	1	1	1	1	1	1	1	0	1	1	1	1	1	1	1	1	1	1	1	1	1	1	1	1	1	0	1	1	1	1	1	1	1	1	1	1	1	1	1	1	1	1	1	1	1	1	1	1	1	0	1	1	1	0	1	1	0	0	0	0	1	1	1	1	1	1	1	1	1	1	1	1	1	1	1	0	0	1	1	1	1	1	1	1	1	1	1	1	1	1	1	1	1	1	1	1	1	1	1	0	1	1	1	1	1	0	1	1	1	0	1	0	0	1	0	1	1	1	1	1	1	1	1	1	1	0	0	0	0	1	1	1	1	1	0	1	1	1	1	1	1	1	0	1	1	1	1	0	1	0	1	1	0	0	1	1	1	1	0	1	0	1	1	1	1	0	1	0	1	1	1	1	1	1	0	0	0	0	1	0	1	0	1	1	1	1	0	1	1	1	1	0	1	1	1	0	1	1	1	1	1	0	0	1	0	1	1	1	1	1	1	1	1	1	1	1	1	1	1	1	1	1	1	1	1	1	1	1	1	0	1	1	1	1	1	1	1	1	1	1	1	1	1	1	1	1	1	1	1	1	1	1	1	1	1	1	1	1	1	1	1	1	0	1	1	1	1	1	1	1	1	1	1	1	0	1	1	0	1	1	1	1	1	1	1	1	1	1	1	1	1	1	1	1	1	1	1	1	1	1	1	0	1	1	1	1	1	1	1	1	1	1	1	1	1	1	1	1	1	1	1	1	0	1	1	1	1	1	1	1	1	1	1	1	1	1	1	1	1	1	1	1	1	1	1	1	1	1	1	1	1	1	1	1	1	1	1	1
%%%	-0.050000	-0.019000	0.012000	0.043000	0.074000	0.106000	0.137000	0.168000	0.215000	0.246000	0.277000	0.308000	0.340000	0.371000	0.402000	0.449000	0.480000	0.511000	0.542000	0.574000	0.605000	0.636000	0.683000	0.714000	0.745000	0.776000	0.808000	0.839000	0.870000	0.901000	0.948000	0.979000	1.010000	1.042000	1.073000	1.104000	1.135000	1.182000	1.213000	1.244000	1.276000	1.307000	1.338000	1.369000	1.416000	1.447000	1.478000	1.510000	1.541000	1.572000	1.603000	1.634000	1.681000	1.712000	1.744000	1.775000	1.806000	1.837000	1.868000	1.915000	1.946000	1.978000	2.009000	2.040000	2.071000	2.102000	2.134000	2.180000	2.212000	2.243000	2.274000	2.305000	2.336000	2.368000	2.414000	2.446000	2.477000	2.508000	2.539000	2.570000	2.602000	2.648000	2.680000	2.711000	2.742000	2.773000	2.804000	2.836000	2.867000	2.914000	2.945000	2.976000	3.007000	3.038000	3.070000	3.101000	3.148000	3.179000	3.210000	3.241000	3.272000	3.304000	3.335000	3.382000	3.413000	3.444000	3.475000	3.507000	3.538000	3.569000	3.600000	3.647000	3.678000	3.709000	3.741000	3.772000	3.803000	3.834000	3.881000	3.912000	3.943000	3.975000	4.006000	4.037000	4.068000	4.099000	4.146000	4.177000	4.209000	4.240000	4.271000	4.302000	4.333000	4.380000	4.411000	4.443000	4.474000	4.505000	4.536000	4.567000	4.614000	4.645000	4.677000	4.708000	4.739000	4.770000	4.801000	4.833000	4.879000	4.911000	4.942000	4.973000	5.004000	5.035000	5.067000	5.113000	5.145000	5.176000	5.207000	5.238000	5.269000	5.301000	5.347000	5.379000	5.410000	5.441000	5.472000	5.503000	5.535000	5.566000	5.613000	5.644000	5.675000	5.706000	5.737000	5.769000	5.800000	5.847000	5.878000	5.909000	5.940000	5.971000	6.003000	6.034000	6.065000	6.112000	6.143000	6.174000	6.205000	6.237000	6.268000	6.299000	6.346000	6.377000	6.408000	6.439000	6.471000	6.502000	6.533000	6.580000	6.611000	6.642000	6.673000	6.705000	6.736000	6.767000	6.798000	6.845000	6.876000	6.907000	6.939000	6.970000	7.001000	7.032000	7.079000	7.110000	7.141000	7.173000	7.204000	7.235000	7.266000	7.313000	7.344000	7.375000	7.407000	7.438000	7.469000	7.500000	7.531000	7.578000	7.609000	7.641000	7.672000	7.703000	7.734000	7.765000	7.812000	7.843000	7.875000	7.906000	7.937000	7.968000	7.999000	8.046000	8.077000	8.109000	8.140000	8.171000	8.202000	8.233000	8.265000	8.311000	8.343000	8.374000	8.405000	8.436000	8.467000	8.499000	8.545000	8.577000	8.608000	8.639000	8.670000	8.701000	8.733000	8.779000	8.811000	8.842000	8.873000	8.904000	8.935000	8.967000	8.998000	9.045000	9.076000	9.107000	9.138000	9.169000	9.201000	9.232000	9.279000	9.310000	9.341000	9.372000	9.403000	9.435000	9.466000	9.497000	9.544000	9.575000	9.606000	9.637000	9.669000	9.700000	9.731000	9.778000	9.809000	9.840000	9.871000	9.903000	9.934000	9.965000	9.996000	10.043000	10.074000	10.105000	10.137000	10.168000	10.199000	10.230000	10.277000	10.308000	10.339000	10.371000	10.402000	10.433000	10.464000	10.511000	10.542000	10.573000	10.605000	10.636000	10.667000	10.698000	10.729000	10.776000	10.807000	10.839000	10.870000	10.901000	10.932000	10.963000	11.010000	11.041000	11.073000	11.104000	11.135000	11.166000	11.197000	11.244000	11.275000	11.307000	11.338000	11.369000	11.400000	11.431000	11.463000	11.509000	11.541000	11.572000	11.603000	11.634000	11.665000	11.697000	11.743000	11.775000	11.806000	11.837000	11.868000	11.899000	11.931000	11.977000	12.009000	12.040000	12.071000	12.102000	12.133000	12.165000	12.196000	12.243000	12.274000	12.305000	12.336000	12.367000	12.399000	12.430000	12.477000	12.508000	12.539000	12.570000	12.601000	12.633000	12.664000	12.711000	12.742000	12.773000	12.804000	12.835000	12.867000	12.898000	12.929000	12.976000	13.007000	13.038000	13.069000	13.101000	13.132000	13.163000	13.210000	13.241000	13.272000	13.303000	13.335000	13.366000	13.397000	13.444000	13.475000	13.506000	13.537000	13.569000	13.600000	13.631000	13.662000	13.709000	13.740000	13.771000	13.803000	13.834000	13.865000	13.896000	13.927000	13.974000	14.005000	14.037000	14.068000	14.099000	14.130000	14.161000	14.208000	14.239000	14.271000	14.302000	14.333000	14.364000	14.395000	14.442000	14.473000	14.505000	14.536000	14.567000	14.598000	14.629000	14.661000	14.707000	14.739000	14.770000	14.801000	14.832000	14.863000	14.895000	14.941000	14.973000	15.004000	15.035000	15.066000	15.097000	15.129000	15.175000	15.207000	15.238000	15.269000	15.300000	15.331000	15.363000	15.394000	15.441000	15.472000	15.503000	15.534000	15.565000	15.597000	15.628000	15.675000	15.706000	15.737000	15.768000	15.799000	15.831000	15.862000	15.909000	15.940000	15.971000	16.002000	16.033000	16.065000	16.096000	16.127000	16.174000	16.205000	16.236000	16.267000	16.299000	16.330000	16.361000	16.408000	16.439000	16.470000	16.501000	16.533000	16.564000	16.595000	16.642000	16.673000	16.704000	16.735000	16.767000	16.798000	16.829000	16.860000	16.907000	16.938000	16.969000	17.001000	17.032000	17.063000	17.094000	17.141000	17.172000	17.203000	17.235000	17.266000	17.297000	17.328000	17.375000	17.406000	17.437000	17.469000	17.500000	17.531000	17.562000	17.593000	17.640000	17.671000	17.703000	17.734000	17.765000	17.796000	17.827000	17.874000	17.905000	17.937000	17.968000	17.999000
%%%	1.138551	1.121594	1.146667	2.327101	1.144058	1.146667	1.164638	1.113043	1.123333	1.168551	1.171159	1.180145	1.159420	1.183623	1.182029	1.207536	1.194493	1.166812	1.165072	1.149855	1.174493	1.205797	1.159855	1.117391	1.152319	1.120725	0.987536	1.008841	0.831014	0.983768	0.897246	0.806812	0.811449	0.833333	0.877536	0.804928	0.779275	0.764638	0.695652	0.695652	0.695652	1.309275	0.583623	0.642319	0.646812	0.635362	0.611449	0.672464	0.600580	0.634927	0.347826	0.550145	0.607536	0.618406	0.573913	0.616667	0.591884	0.566377	0.573333	0.566377	0.579710	0.572319	0.578406	0.618986	0.601015	0.568986	0.561884	0.348985	0.504348	0.533333	0.573333	0.495797	0.588116	0.567971	0.596232	0.347826	1.079420	0.636377	0.634058	0.621159	0.568551	0.591304	0.608116	0.578841	0.620145	0.602899	0.627536	0.609710	0.620145	0.652754	0.636957	0.614203	0.347826	0.615362	0.642464	0.650580	0.618406	0.653623	0.648406	0.649275	0.655072	0.672754	0.654928	0.603333	0.664203	0.613188	0.653623	0.679275	0.660870	0.556522	0.688116	0.670725	0.695652	0.651449	1.113043	0.646667	0.662029	0.649855	0.681449	0.556522	0.672754	0.531014	0.663623	0.672899	0.695652	0.686377	0.672754	0.662319	0.659855	0.615942	0.672464	0.637681	1.130437	0.686957	0.681449	0.652029	0.683623	0.671159	0.654928	0.651594	0.666812	0.685942	0.695652	0.691884	0.690290	0.672754	0.654928	0.684058	0.690290	0.659855	0.699420	0.690145	0.670725	0.673333	0.692464	0.657536	0.618986	0.684203	0.649275	0.670580	0.695072	0.682029	0.683333	0.631014	0.698985	0.707681	0.713043	0.704348	0.706666	0.689855	0.717971	0.347826	0.347826	0.347826	0.707681	0.713043	0.695652	0.695072	0.672464	0.698406	0.690145	0.649275	0.695652	0.690145	0.690725	0.672464	0.690725	0.683188	0.672899	0.695652	0.711884	0.648985	0.649275	0.694493	0.690290	0.666377	0.686957	0.672319	0.670580	0.642899	0.695652	0.699420	0.667971	0.690725	0.672319	0.649710	0.734203	0.716377	0.703333	0.707681	0.351884	0.687826	0.705362	0.742464	0.742319	0.692464	0.718986	0.716377	0.716667	0.705507	0.690290	0.707971	0.703333	0.683333	0.729275	0.742319	0.708116	0.684638	0.742319	0.703768	0.744203	0.724928	0.725072	0.715797	0.649275	0.731594	0.690290	0.757246	1.288116	0.779420	0.744638	0.707536	0.742029	0.711884	0.742029	0.742029	0.730435	0.707101	0.749855	0.713043	0.760290	0.724928	0.755942	0.672899	0.730435	0.811884	0.748841	0.743623	0.742319	0.744493	0.726812	0.735362	0.786232	0.811594	0.735797	0.761014	0.746377	0.713623	0.708841	0.683768	0.760290	0.718986	0.743188	0.736377	0.695942	0.698841	0.787536	0.801015	0.796667	0.744058	0.714203	0.822754	0.724493	0.751594	0.760290	0.771014	0.864203	0.857536	0.838551	0.846812	0.794493	0.765217	0.866377	0.866377	0.753623	0.869565	0.831015	0.742029	0.755507	0.800580	0.759855	0.874058	0.752899	0.855362	0.845363	0.816377	0.765942	0.866377	0.835942	0.860145	0.724493	0.698985	0.781884	0.741304	0.848406	0.744203	0.874058	0.817971	0.834783	0.760290	0.821159	0.869565	0.698985	0.800725	0.784203	0.742029	0.829275	0.783768	0.794493	0.764638	0.804928	0.790580	0.818406	0.797246	0.721739	0.814058	0.815362	0.760290	0.824493	0.904348	0.885797	0.842319	0.770725	0.805797	0.918985	0.738406	0.874492	0.746377	0.921884	0.916377	0.814203	0.926667	0.792464	0.936812	0.950580	0.872464	0.840145	0.884203	0.928841	0.820725	0.796667	0.854928	0.800580	0.941159	1.101015	0.926667	0.884203	0.974638	0.966377	0.995072	0.947826	0.884058	1.011884	0.990725	1.021739	1.062464	0.969565	1.020290	1.078841	1.029855	0.927246	1.068841	1.061449	1.079420	1.072464	1.084058	0.840290	0.876232	1.105362	0.972319	1.113043	1.079420	1.117971	1.113043	1.120725	1.115797	1.132029	1.096667	1.079420	1.127101	1.140145	1.098551	1.118406	1.147826	1.131594	1.131884	1.113623	1.127681	1.133333	1.125507	1.113043	1.138116	1.149855	1.142029	0.927536	1.113043	1.147246	1.123333	1.133768	1.135362	1.135362	1.131449	1.118551	1.124638	1.112029	1.118406	1.127681	1.113043	1.135942	1.132464	1.137971	1.108986	1.117971	1.129855	1.113043	1.116377	1.105507	1.142029	1.135942	1.138986	1.138551	1.124638	1.130290	1.150580	1.144203	1.136232	1.117971	0.852174	1.137971	1.142029	1.133188	1.123333	1.162319	1.133333	1.140580	1.159420	1.162319	1.172029	1.159275	0.886957	1.200000	1.175073	1.391304	1.200580	1.207971	1.182609	1.228985	1.159420	1.217971	1.219420	1.159420	1.198840	1.208116	1.205797	1.223913	1.231159	1.211449	1.217391	1.238551	1.211449	1.227246	1.225507	1.211884	1.239710	1.205797	1.237536	1.131594	1.207246	1.229855	1.233623	1.238551	1.248406	1.237971	1.248986	1.242899	1.233768	1.242464	1.240290	1.237536	1.238986	1.216812	1.239710	1.239710	1.248986	1.216812	1.211449	1.232464	0.917246	1.224493	1.229420	1.217391	1.243623	1.220725	1.243478	1.229275	1.203333	1.238116	1.235942	1.220145	1.234783	1.205507	1.220725	1.201594	1.211884	1.182609	1.234783	1.205797	1.237971	1.222899	1.205797	1.233188	1.212464	1.248551	1.220725	1.205797	1.220725	1.211449	1.206667	1.217246	1.223188	1.229420	1.211449	1.222754
%%%	Left Pupil Profile (1st row -> 1 == valid tracking, 0 == invalid tracking; 2nd row -> time; 3rd row -> diameter (mm))
%%%	0	0	0	0	0	0	0	0	0	0	0	0	0	0	0	0	0	0	0	0	0	0	0	0	0	0	0	0	0	0	0	0	0	0	0	0	0	0	0	0	0	0	0	0	0	0	0	0	0	0	0	0	0	0	0	0	0	0	0	0	0	0	0	0	0	0	0	0	0	0	0	0	0	0	0	0	0	0	0	0	0	0	0	0	0	0	0	0	0	0	0	0	0	0	0	0	0	0	0	0	0	0	0	0	0	0	0	0	0	0	0	0	0	0	0	0	0	0	0	0	0	0	0	0	0	0	0	0	0	0	0	0	0	0	0	0	0	0	0	0	0	0	0	0	0	0	0	0	0	0	0	0	0	0	0	0	0	0	0	0	0	0	0	0	0	0	0	0	0	0	0	0	0	0	0	0	0	0	0	0	0	0	0	0	0	0	0	0	0	0	0	0	0	0	0	0	0	0	0	0	0	0	0	0	0	0	0	0	0	0	0	0	0	0	0	0	0	0	0	0	0	0	0	0	0	0	0	0	0	0	0	0	0	0	0	0	0	0	0	0	0	0	0	0	0	0	0	0	0	0	0	0	0	0	0	0	0	0	0	0	0	0	0	0	0	0	0	0	0	0	0	0	0	0	0	0	0	0	0	0	0	0	0	0	0	0	0	0	0	0	0	0	0	0	0	0	0	0	0	0	0	0	0	0	0	0	0	0	0	0	0	0	0	0	0	0	0	0	0	0	0	0	0	0	0	0	0	0	0	0	0	0	0	0	0	0	0	0	0	0	0	0	0	0	0	0	0	0	0	0	0	0	0	0	0	0	0	0	0	0	0	0	0	0	0	0	0	0	0	0	0	0	0	0	0	0	0	0	0	0	0	0	0	0	0	0	0	0	0	0	0	0	0	0	0	0	0	0	0	0	0	0	0	0	0	0	0	0	0	0	0	0	0	0	0	0	0	0	0	0	0	0	0	0	0	0	0	0	0	0	0	0	0	0	0	0	0	0	0	0	0	0	0	0	0	0	0	0	0	0	0	0	0	0	0	0	0	0	0	0	0	0	0	0	0	0	0	0	0	0	0	0	0	0	0	0	0	0	0	0	0	0	0	0	0	0	0	0	0	0	0	0	0	0	0	0	0	0	0	0	0	0	0	0	0	0	0	0	0	0	0	0	0	0	0	0	0	0	0	0	0	0	0	0	0	0	0	0	0	0	0	0	0	0	0	0	0	0	0	0	0	0	0
%%%	-0.066000	-0.019000	0.012000	0.043000	0.074000	0.106000	0.137000	0.168000	0.215000	0.246000	0.277000	0.308000	0.340000	0.371000	0.402000	0.433000	0.480000	0.511000	0.542000	0.574000	0.605000	0.636000	0.667000	0.714000	0.745000	0.776000	0.808000	0.839000	0.870000	0.901000	0.932000	0.979000	1.010000	1.042000	1.073000	1.104000	1.135000	1.166000	1.213000	1.244000	1.276000	1.307000	1.338000	1.369000	1.400000	1.432000	1.478000	1.510000	1.541000	1.572000	1.603000	1.634000	1.666000	1.712000	1.744000	1.775000	1.806000	1.837000	1.868000	1.900000	1.946000	1.978000	2.009000	2.040000	2.071000	2.102000	2.134000	2.165000	2.212000	2.243000	2.274000	2.305000	2.336000	2.368000	2.399000	2.446000	2.477000	2.508000	2.539000	2.570000	2.602000	2.633000	2.680000	2.711000	2.742000	2.773000	2.804000	2.836000	2.867000	2.898000	2.945000	2.976000	3.007000	3.038000	3.070000	3.101000	3.132000	3.179000	3.210000	3.241000	3.272000	3.304000	3.335000	3.366000	3.413000	3.444000	3.475000	3.507000	3.538000	3.569000	3.600000	3.631000	3.678000	3.709000	3.741000	3.772000	3.803000	3.834000	3.865000	3.912000	3.943000	3.975000	4.006000	4.037000	4.068000	4.099000	4.146000	4.177000	4.209000	4.240000	4.271000	4.302000	4.333000	4.365000	4.411000	4.443000	4.474000	4.505000	4.536000	4.567000	4.599000	4.645000	4.677000	4.708000	4.739000	4.770000	4.801000	4.833000	4.879000	4.911000	4.942000	4.973000	5.004000	5.035000	5.067000	5.098000	5.145000	5.176000	5.207000	5.238000	5.269000	5.301000	5.332000	5.363000	5.410000	5.441000	5.472000	5.503000	5.535000	5.566000	5.597000	5.644000	5.675000	5.706000	5.737000	5.769000	5.800000	5.831000	5.878000	5.909000	5.940000	5.971000	6.003000	6.034000	6.065000	6.096000	6.143000	6.174000	6.205000	6.237000	6.268000	6.299000	6.330000	6.377000	6.408000	6.439000	6.471000	6.502000	6.533000	6.564000	6.611000	6.642000	6.673000	6.705000	6.736000	6.767000	6.798000	6.829000	6.876000	6.907000	6.939000	6.970000	7.001000	7.032000	7.063000	7.110000	7.141000	7.173000	7.204000	7.235000	7.266000	7.297000	7.344000	7.375000	7.407000	7.438000	7.469000	7.500000	7.531000	7.563000	7.609000	7.641000	7.672000	7.703000	7.734000	7.765000	7.797000	7.843000	7.875000	7.906000	7.937000	7.968000	7.999000	8.031000	8.077000	8.109000	8.140000	8.171000	8.202000	8.233000	8.265000	8.296000	8.343000	8.374000	8.405000	8.436000	8.467000	8.499000	8.530000	8.577000	8.608000	8.639000	8.670000	8.701000	8.733000	8.764000	8.811000	8.842000	8.873000	8.904000	8.935000	8.967000	8.998000	9.029000	9.076000	9.107000	9.138000	9.169000	9.201000	9.232000	9.263000	9.294000	9.341000	9.372000	9.403000	9.435000	9.466000	9.497000	9.528000	9.575000	9.606000	9.637000	9.669000	9.700000	9.731000	9.762000	9.809000	9.840000	9.871000	9.903000	9.934000	9.965000	9.996000	10.027000	10.074000	10.105000	10.137000	10.168000	10.199000	10.230000	10.261000	10.308000	10.339000	10.371000	10.402000	10.433000	10.464000	10.495000	10.542000	10.573000	10.605000	10.636000	10.667000	10.698000	10.729000	10.761000	10.807000	10.839000	10.870000	10.901000	10.932000	10.963000	10.995000	11.041000	11.073000	11.104000	11.135000	11.166000	11.197000	11.229000	11.275000	11.307000	11.338000	11.369000	11.400000	11.431000	11.463000	11.494000	11.541000	11.572000	11.603000	11.634000	11.665000	11.697000	11.728000	11.775000	11.806000	11.837000	11.868000	11.899000	11.931000	11.962000	12.009000	12.040000	12.071000	12.102000	12.133000	12.165000	12.196000	12.227000	12.274000	12.305000	12.336000	12.367000	12.399000	12.430000	12.461000	12.508000	12.539000	12.570000	12.601000	12.633000	12.664000	12.695000	12.742000	12.773000	12.804000	12.835000	12.867000	12.898000	12.929000	12.960000	13.007000	13.038000	13.069000	13.101000	13.132000	13.163000	13.194000	13.225000	13.272000	13.303000	13.335000	13.366000	13.397000	13.428000	13.459000	13.506000	13.537000	13.569000	13.600000	13.631000	13.662000	13.693000	13.740000	13.771000	13.803000	13.834000	13.865000	13.896000	13.927000	13.959000	14.005000	14.037000	14.068000	14.099000	14.130000	14.161000	14.193000	14.239000	14.271000	14.302000	14.333000	14.364000	14.395000	14.427000	14.473000	14.505000	14.536000	14.567000	14.598000	14.629000	14.661000	14.692000	14.739000	14.770000	14.801000	14.832000	14.863000	14.895000	14.926000	14.973000	15.004000	15.035000	15.066000	15.097000	15.129000	15.160000	15.207000	15.238000	15.269000	15.300000	15.331000	15.363000	15.394000	15.425000	15.472000	15.503000	15.534000	15.565000	15.597000	15.628000	15.659000	15.706000	15.737000	15.768000	15.799000	15.831000	15.862000	15.893000	15.940000	15.971000	16.002000	16.033000	16.065000	16.096000	16.127000	16.158000	16.205000	16.236000	16.267000	16.299000	16.330000	16.361000	16.392000	16.439000	16.470000	16.501000	16.533000	16.564000	16.595000	16.626000	16.673000	16.704000	16.735000	16.767000	16.798000	16.829000	16.860000	16.891000	16.938000	16.969000	17.001000	17.032000	17.063000	17.094000	17.125000	17.172000	17.203000	17.235000	17.266000	17.297000	17.328000	17.359000	17.391000	17.437000	17.469000	17.500000	17.531000	17.562000	17.593000	17.625000	17.671000	17.703000	17.734000	17.765000	17.796000	17.827000	17.859000	17.905000	17.937000	17.968000	17.999000
%%%	13.913043	13.913043	13.913043	13.913043	13.913043	13.913043	13.913043	13.913043	13.913043	13.913043	13.913043	13.913043	13.913043	13.913043	13.913043	13.913043	13.913043	13.913043	13.913043	13.913043	13.913043	13.913043	13.913043	13.913043	13.913043	13.913043	13.913043	13.913043	13.913043	13.913043	13.913043	13.913043	13.913043	13.913043	13.913043	13.913043	13.913043	13.913043	13.913043	13.913043	13.913043	13.913043	13.913043	13.913043	13.913043	13.913043	13.913043	13.913043	13.913043	13.913043	13.913043	13.913043	13.913043	13.913043	13.913043	13.913043	13.913043	13.913043	13.913043	13.913043	13.913043	13.913043	13.913043	13.913043	13.913043	13.913043	13.913043	13.913043	13.913043	13.913043	13.913043	13.913043	13.913043	13.913043	13.913043	13.913043	13.913043	13.913043	13.913043	13.913043	13.913043	13.913043	13.913043	13.913043	13.913043	13.913043	13.913043	13.913043	13.913043	13.913043	13.913043	13.913043	13.913043	13.913043	13.913043	13.913043	13.913043	13.913043	13.913043	13.913043	13.913043	13.913043	13.913043	13.913043	13.913043	13.913043	13.913043	13.913043	13.913043	13.913043	13.913043	13.913043	13.913043	13.913043	13.913043	13.913043	13.913043	13.913043	13.913043	13.913043	13.913043	13.913043	13.913043	13.913043	13.913043	13.913043	13.913043	13.913043	13.913043	13.913043	13.913043	13.913043	13.913043	13.913043	13.913043	13.913043	13.913043	13.913043	13.913043	13.913043	13.913043	13.913043	13.913043	13.913043	13.913043	13.913043	13.913043	13.913043	13.913043	13.913043	13.913043	13.913043	13.913043	13.913043	13.913043	13.913043	13.913043	13.913043	13.913043	13.913043	13.913043	13.913043	13.913043	13.913043	13.913043	13.913043	13.913043	13.913043	13.913043	13.913043	13.913043	13.913043	13.913043	13.913043	13.913043	13.913043	13.913043	13.913043	13.913043	13.913043	13.913043	13.913043	13.913043	13.913043	13.913043	13.913043	13.913043	13.913043	13.913043	13.913043	13.913043	13.913043	13.913043	13.913043	13.913043	13.913043	13.913043	13.913043	13.913043	13.913043	13.913043	13.913043	13.913043	13.913043	13.913043	13.913043	13.913043	13.913043	13.913043	13.913043	13.913043	13.913043	13.913043	13.913043	13.913043	13.913043	13.913043	13.913043	13.913043	13.913043	13.913043	13.913043	13.913043	13.913043	13.913043	13.913043	13.913043	13.913043	13.913043	13.913043	13.913043	13.913043	13.913043	13.913043	13.913043	13.913043	13.913043	13.913043	13.913043	13.913043	13.913043	13.913043	13.913043	13.913043	13.913043	13.913043	13.913043	13.913043	13.913043	13.913043	13.913043	13.913043	13.913043	13.913043	13.913043	13.913043	13.913043	13.913043	13.913043	13.913043	13.913043	13.913043	13.913043	13.913043	13.913043	13.913043	13.913043	13.913043	13.913043	13.913043	13.913043	13.913043	13.913043	13.913043	13.913043	13.913043	13.913043	13.913043	13.913043	13.913043	13.913043	13.913043	13.913043	13.913043	13.913043	13.913043	13.913043	13.913043	13.913043	13.913043	13.913043	13.913043	13.913043	13.913043	13.913043	13.913043	13.913043	13.913043	13.913043	13.913043	13.913043	13.913043	13.913043	13.913043	13.913043	13.913043	13.913043	13.913043	13.913043	13.913043	13.913043	13.913043	13.913043	13.913043	13.913043	13.913043	13.913043	13.913043	13.913043	13.913043	13.913043	13.913043	13.913043	13.913043	13.913043	13.913043	13.913043	13.913043	13.913043	13.913043	13.913043	13.913043	13.913043	13.913043	13.913043	13.913043	13.913043	13.913043	13.913043	13.913043	13.913043	13.913043	13.913043	13.913043	13.913043	13.913043	13.913043	13.913043	13.913043	13.913043	13.913043	13.913043	13.913043	13.913043	13.913043	13.913043	13.913043	13.913043	13.913043	13.913043	13.913043	13.913043	13.913043	13.913043	13.913043	13.913043	13.913043	13.913043	13.913043	13.913043	13.913043	13.913043	13.913043	13.913043	13.913043	13.913043	13.913043	13.913043	13.913043	13.913043	13.913043	13.913043	13.913043	13.913043	13.913043	13.913043	13.913043	13.913043	13.913043	13.913043	13.913043	13.913043	13.913043	13.913043	13.913043	13.913043	13.913043	13.913043	13.913043	13.913043	13.913043	13.913043	13.913043	13.913043	13.913043	13.913043	13.913043	13.913043	13.913043	13.913043	13.913043	13.913043	13.913043	13.913043	13.913043	13.913043	13.913043	13.913043	13.913043	13.913043	13.913043	13.913043	13.913043	13.913043	13.913043	13.913043	13.913043	13.913043	13.913043	13.913043	13.913043	13.913043	13.913043	13.913043	13.913043	13.913043	13.913043	13.913043	13.913043	13.913043	13.913043	13.913043	13.913043	13.913043	13.913043	13.913043	13.913043	13.913043	13.913043	13.913043	13.913043	13.913043	13.913043	13.913043	13.913043	13.913043	13.913043	13.913043	13.913043	13.913043	13.913043	13.913043	13.913043	13.913043	13.913043	13.913043	13.913043	13.913043	13.913043	13.913043	13.913043	13.913043	13.913043	13.913043	13.913043	13.913043	13.913043	13.913043	13.913043	13.913043	13.913043	13.913043	13.913043	13.913043	13.913043	13.913043	13.913043	13.913043	13.913043	13.913043	13.913043	13.913043	13.913043	13.913043	13.913043	13.913043	13.913043	13.913043	13.913043	13.913043	13.913043	13.913043	13.913043	13.913043	13.913043	13.913043	13.913043	13.913043	13.913043	13.913043	13.913043	13.913043	13.913043	13.913043	13.913043	13.913043	13.913043	13.913043	13.913043	13.913043	13.913043	13.913043	13.913043	13.913043	13.913043	13.913043	13.913043	13.913043	13.913043	13.913043	13.913043	13.913043	13.913043	13.913043	13.913043	13.913043	13.913043	13.913043	13.913043	13.913043	13.913043	13.913043	13.913043
%%%	Pulse Index	Stimulus Section Index	Stimulus Section Start Index	Stimulus Section End Index	Pupil Stimulated: 0 = Right, 1 = Left, 2 = Both	Light Metric: 0 = Photopic, 1 = Scopotic, 2 = Radiometric	Stimulus Start Time	Stimulus Duration	Stimulus Pulse Duration	Right Pulse Max Level	Right Pulse Max Color (0123 = WRGB)	Right Pulse Min Level	Right Pulse Min Color (0123 = WRGB)	Left Pulse Max Level	Left Pulse Max Color (0123 = WRGB)	Left Pulse Min Level	Left Pulse Min Color (0123 = WRGB)	Right Data Input Type (0 == RAW DATA, 1 == FITTED DATA, 2 == M. OVERRIDED)	Right ANALYSIS STATE (0 == ABNORMAL, 1 == NORMAL)	Right MAX (mm) (EMPTY if INVALID)	Right MIN (mm) (EMPTY if INVALID)	Right DELTA (mm) (EMPTY if INVALID)	Right CH (%) (EMPTY if INVALID)	Right LAT (sec) (EMPTY if INVALID)	Right CV (mm/s) (EMPTY if INVALID)	Right MCV (mm/s) (EMPTY if INVALID)	Right DV (mm/s) (EMPTY if INVALID)	Left Data Input Type (0 == RAW DATA, 1 == FITTED DATA, 2 == M. OVERRIDED)	Left ANALYSIS STATE (0 == ABNORMAL, 1 == NORMAL)	Left MAX (mm) (EMPTY if INVALID)	Left MIN (mm) (EMPTY if INVALID)	Left DELTA (mm) (EMPTY if INVALID)	Left CH (%) (EMPTY if INVALID)	Left LAT (sec) (EMPTY if INVALID)	Left CV (mm/s) (EMPTY if INVALID)	Left MCV (mm/s) (EMPTY if INVALID)	Left DV (mm/s) (EMPTY if INVALID)
%%%	0	0	17	542	0	0	0.51	17.52	0.51	31625.17	1	0.00	1	0.00	1	0.00	1	0	0	0.00	0.00			0.00	0.00	0.00	0.00	0	0	0.00	0.00			0.00	0.00	0.00	0.00
%%%%%%%%%
%%%%%%%%%
%%%%%%%%%
<\SESSION>
