<SESSION>
<VERSION>
2
<\VERSION>
<DATE>
2017-08-10 09:28:28
<\DATE>
<SUBJECT-ID>
c57-1mois-DA-F3-2r
<\SUBJECT-ID>
<NOTE>

<\NOTE>
<MIN-MAX-PLOT>
0.100000 51880.761719
<\MIN-MAX-PLOT>
<STIMULUS-DEFINED>
Default
Default Human Relative Spectral Sensitivity
1	0
1	0.500000	0.500000	17.000000	1	1	2.000000	-100.000000	0.100000	-100.000000	0
<\STIMULUS-DEFINED>
<STIMULUS-GENERATED>
4
0	0	0.000000	1	0.000000	0.000000	1	0.000000	0.000000
0	1	0.510000	1	0.406861	99.710426	1	0.000000	0.000000
0	4	1.019000	1	0.000000	0.000000	1	0.000000	0.000000
-1	5	18.028999	0	0.000000	0.000000	0	0.000000	0.000000
<\STIMULUS-GENERATED>
<RIGHT-PUPIL-DATA>
543	1
1	-0.066000	1.542029	317.000000	239.000000
1	-0.035000	1.538406	317.393738	239.393738
1	-0.003000	1.538986	317.631256	239.368744
1	0.028000	1.545507	317.274994	240.212494
1	0.075000	1.566232	316.493744	240.743744
0	0.106000	1.398986	317.918671	238.831207
1	0.137000	1.524638	316.825012	242.049988
1	0.168000	1.558116	316.643738	242.593750
1	0.199000	1.521159	317.875000	241.125000
1	0.231000	1.530435	317.500000	240.500000
1	0.262000	1.552754	317.562500	240.437500
1	0.309000	1.528116	317.975006	240.024994
1	0.340000	1.483188	317.674988	239.375000
1	0.371000	1.575507	317.843750	241.156250
1	0.402000	1.537971	317.662506	240.975006
1	0.433000	1.518986	317.406250	242.093750
1	0.465000	1.495797	316.493744	241.756256
1	0.496000	1.507536	317.037506	241.774994
1	0.527000	1.540290	317.350006	242.350006
1	0.574000	1.393768	316.131256	239.318756
1	0.605000	1.501594	317.343750	241.456238
1	0.636000	1.553333	317.462494	241.537506
1	0.667000	1.512464	317.625000	241.000000
1	0.699000	1.522899	317.899994	241.350006
1	0.730000	1.522319	317.075012	242.174988
1	0.761000	1.519710	316.937561	242.187561
1	0.792000	1.426667	317.487488	242.500000
1	0.839000	1.427681	316.518738	242.518738
1	0.870000	1.386377	317.187500	242.937500
1	0.901000	1.331594	317.100006	242.524994
1	0.933000	1.305362	317.756256	242.193756
1	0.964000	1.231449	317.556244	241.368744
1	0.995000	1.191884	318.562500	241.125000
1	1.026000	1.131884	317.531250	241.218750
1	1.073000	1.113623	317.500000	241.500000
0	1.104000	1.008116	319.000000	241.000000
1	1.135000	1.062464	316.281250	241.718750
0	1.167000	0.952754	319.187500	241.687500
1	1.198000	0.974638	319.018738	240.981262
1	1.229000	1.008841	317.006256	241.993744
1	1.260000	0.939710	318.500000	241.500000
0	1.307000	0.881159	317.312500	240.062500
0	1.338000	0.841884	318.856262	239.143738
0	1.369000	0.871014	318.124878	239.562439
1	1.401000	0.951159	317.806244	241.193756
0	1.432000	0.840725	317.656250	239.531250
1	1.463000	0.959855	317.318756	242.318756
1	1.494000	0.929855	316.562500	242.562500
1	1.525000	0.927681	315.531250	243.156250
0	1.572000	0.735362	318.187500	240.312500
0	1.603000	0.885362	317.968750	243.031250
1	1.635000	0.931594	317.399994	242.600006
1	1.666000	0.987536	316.312500	241.750000
0	1.697000	0.892898	317.093750	239.918762
1	1.728000	0.989710	317.218750	240.781250
1	1.759000	0.944928	316.500000	239.500000
1	1.806000	1.078261	317.000000	241.000000
1	1.837000	0.983768	319.225006	240.100006
1	1.869000	1.117971	317.437500	240.562500
1	1.900000	1.081015	316.968750	240.531250
1	1.931000	1.132754	316.725006	241.725006
1	1.962000	1.124058	316.975006	241.600006
1	1.993000	1.092319	317.118744	242.556244
1	2.040000	1.133768	315.881256	243.131256
1	2.071000	1.105507	315.725006	242.350006
1	2.103000	1.118551	316.537506	242.537506
1	2.134000	1.114057	317.456512	241.993744
1	2.165000	1.148986	317.662506	241.475006
1	2.196000	1.131014	317.500000	240.500000
1	2.227000	1.062029	319.600006	240.725006
1	2.259000	1.078261	317.500000	240.500000
1	2.305000	1.147971	316.943756	241.506256
1	2.337000	1.157246	316.593750	241.743713
1	2.368000	1.135797	317.556244	241.568756
1	2.399000	1.146667	317.574982	240.274994
1	2.430000	1.168986	318.237488	240.237488
1	2.461000	1.156667	318.656250	239.781250
1	2.493000	1.151160	319.443756	238.693756
1	2.539000	1.147826	320.000000	238.000000
1	2.571000	1.166667	319.762512	239.237488
1	2.602000	1.154928	319.406250	238.406250
1	2.633000	1.202754	319.718750	238.718750
1	2.664000	1.182609	319.375000	238.625000
1	2.695000	1.202754	318.968750	238.968750
1	2.727000	1.179855	319.018738	239.518738
1	2.773000	1.200000	319.000000	239.500000
1	2.805000	1.159420	319.750000	238.750000
1	2.836000	1.201449	319.987488	238.987488
1	2.867000	1.159855	320.068756	237.931244
1	2.898000	1.173768	320.581268	237.381256
1	2.929000	1.147826	320.500000	237.500000
1	2.961000	1.179710	320.500000	237.500000
1	2.992000	1.147826	320.500000	237.500000
1	3.039000	1.165942	320.268738	237.481262
1	3.070000	1.165072	320.243774	238.343750
1	3.101000	1.151014	319.337494	238.337494
1	3.132000	1.170580	319.606232	239.068756
1	3.163000	1.165362	319.506256	238.868744
1	3.195000	1.164058	320.475006	238.524994
1	3.226000	1.174058	320.118744	237.918732
1	3.273000	1.181014	320.406250	238.968750
1	3.304000	1.185362	320.531250	238.531250
1	3.335000	1.166667	321.625000	238.237488
1	3.366000	1.192899	320.843750	238.906250
1	3.397000	1.191884	321.125000	238.125000
1	3.429000	1.191884	320.875000	237.875000
1	3.460000	1.174493	320.375000	237.625000
1	3.507000	1.181014	319.968750	239.018738
1	3.538000	1.192899	319.856262	239.456238
1	3.569000	1.202029	319.962494	238.962494
1	3.600000	1.164058	320.524994	238.162506
1	3.631000	1.201594	320.331238	238.331238
1	3.663000	1.177246	320.631256	238.056244
1	3.694000	1.181014	320.968750	238.406250
1	3.725000	1.188406	321.000000	238.000000
1	3.772000	1.203188	320.712494	237.712494
1	3.803000	1.191884	320.875000	237.875000
1	3.834000	1.181449	320.475006	237.975006
1	3.865000	1.223333	320.406250	238.581238
1	3.897000	1.206812	320.243744	239.243744
1	3.928000	1.181449	320.024994	239.024994
1	3.959000	1.182609	320.500000	237.500000
1	4.006000	1.220725	320.943756	237.056244
1	4.037000	1.223188	321.000000	237.000000
1	4.068000	1.225507	321.000000	236.612488
1	4.099000	1.203333	321.256256	236.943756
1	4.131000	1.194203	322.500000	235.500000
1	4.162000	1.211884	321.087494	237.337494
1	4.193000	1.209855	320.774994	237.699982
1	4.240000	1.207536	320.225006	238.274994
1	4.271000	1.220145	320.218750	238.781250
1	4.302000	1.240580	320.500000	239.500000
1	4.333000	1.222754	319.006256	238.568756
1	4.365000	1.220580	319.412506	238.212494
1	4.396000	1.211449	320.156250	238.093750
1	4.427000	1.229275	319.287506	237.837494
1	4.458000	1.199855	319.056244	237.356232
1	4.505000	1.209275	319.750000	237.500000
1	4.536000	1.212464	319.062500	238.062500
1	4.567000	1.229855	318.562500	238.687500
1	4.599000	1.220145	318.218750	239.968750
1	4.630000	1.167971	317.781250	239.218750
1	4.661000	1.220145	317.781250	240.781250
1	4.692000	1.132754	318.274994	239.725006
1	4.723000	1.238551	317.562500	241.812500
1	4.770000	1.212464	317.562500	241.812500
1	4.801000	1.232029	317.593750	242.093750
1	4.833000	1.157971	317.887512	240.562500
1	4.864000	1.236812	317.600006	242.162506
1	4.895000	1.231159	317.293762	241.706238
1	4.926000	1.234783	318.000000	241.500000
1	4.957000	1.221159	317.437500	240.937500
1	5.004000	1.209275	318.700012	241.049988
1	5.035000	1.220725	318.056244	240.681244
1	5.067000	1.234783	317.875000	241.125000
1	5.098000	1.212464	316.812500	242.062500
1	5.129000	1.138551	317.625000	241.437500
1	5.160000	1.242319	316.350006	243.274994
1	5.191000	1.229855	316.500000	243.312500
1	5.238000	1.233768	317.131256	242.756256
1	5.269000	1.240290	317.399994	243.412506
1	5.301000	1.199420	317.750000	242.187500
1	5.332000	1.203333	317.256256	241.693756
1	5.363000	1.264203	317.818756	242.481232
1	5.394000	1.248986	317.537506	242.537506
1	5.425000	1.239710	317.625000	242.562500
1	5.457000	1.269420	317.193756	243.793732
0	5.503000	0.847971	320.806244	238.156403
1	5.535000	1.254058	315.968750	244.068726
1	5.566000	1.165362	317.493774	242.543762
1	5.597000	1.240145	316.743744	242.631256
1	5.628000	1.254928	318.031250	242.531250
1	5.659000	1.266667	319.000000	241.750000
1	5.691000	1.270145	319.250000	240.812500
1	5.737000	1.281014	319.968750	240.031250
1	5.769000	1.278841	320.250000	239.612488
1	5.800000	1.217391	320.500000	239.500000
1	5.831000	1.286377	320.937500	239.250000
1	5.862000	1.274638	320.937500	239.312500
1	5.893000	1.270145	320.250000	239.750000
1	5.925000	1.262319	319.562500	239.862488
1	5.971000	1.247826	320.000000	239.500000
1	6.003000	1.253333	319.975006	238.637482
1	6.034000	1.281014	321.018707	238.793732
1	6.065000	1.250580	320.718750	238.406250
1	6.096000	1.264638	320.937500	237.562500
1	6.127000	1.270145	321.250000	237.750000
1	6.159000	1.246812	321.681244	237.431244
1	6.190000	1.248986	321.537506	238.337494
1	6.237000	1.263043	320.856232	238.181244
1	6.268000	1.253768	320.718750	238.406250
1	6.299000	1.249420	320.531250	238.468750
1	6.330000	1.278841	321.062500	238.250000
1	6.361000	1.286812	321.006256	237.868744
1	6.393000	1.268986	321.875000	236.250000
1	6.424000	1.283623	323.006256	236.056244
1	6.471000	1.265942	322.731262	235.731262
1	6.502000	1.272754	323.324982	235.162506
1	6.533000	1.289710	323.568787	235.081299
1	6.564000	1.217391	323.500000	236.500000
1	6.595000	1.257246	322.956238	236.418762
1	6.627000	1.238551	322.187500	236.625000
1	6.658000	1.275942	322.149994	237.712494
1	6.705000	1.272319	322.331238	236.843750
1	6.736000	1.263768	323.500000	236.500000
1	6.767000	1.280724	323.218689	236.906128
1	6.798000	1.285797	323.437531	236.975006
1	6.829000	1.272899	322.943756	236.681244
0	6.861000	1.061449	325.250000	233.250000
1	6.892000	1.295797	323.631256	236.868744
1	6.923000	1.278840	323.212433	237.124908
1	6.970000	1.264638	322.562500	237.937500
1	7.001000	1.253768	322.406250	237.593750
1	7.032000	1.270290	322.781250	237.768738
1	7.063000	1.285942	323.006256	237.818756
1	7.095000	1.281159	323.625000	236.875000
1	7.126000	1.286957	324.000000	236.000000
1	7.157000	1.217391	324.500000	235.500000
1	7.204000	1.274058	324.693756	234.693756
1	7.235000	1.310145	323.500000	234.500000
1	7.266000	1.284203	325.031250	234.731262
1	7.298000	1.272464	324.250000	235.250000
1	7.329000	1.269710	323.868744	235.931244
1	7.360000	1.286957	324.000000	237.000000
1	7.391000	1.274927	324.256256	236.681244
1	7.438000	1.271159	324.268738	235.718750
1	7.469000	1.310145	323.500000	236.500000
1	7.500000	1.285797	325.024994	235.024994
1	7.532000	1.309855	324.837494	234.587494
1	7.563000	1.259855	324.793640	234.481079
1	7.594000	1.286957	324.750000	234.750000
1	7.625000	1.264203	325.068756	235.518768
1	7.656000	1.292029	323.893738	236.906250
1	7.703000	1.286377	321.875000	237.924988
1	7.734000	1.281884	321.456238	239.168762
1	7.766000	1.285797	321.024994	239.024994
1	7.797000	1.322899	321.524994	238.975006
1	7.828000	1.310290	321.843750	238.343750
1	7.859000	1.326667	321.500000	237.562500
1	7.890000	1.285362	321.018738	238.018738
1	7.937000	1.217391	320.500000	239.500000
1	7.968000	1.299855	318.843781	241.343719
1	8.000000	1.277246	317.881256	242.368744
1	8.031000	1.266667	317.200012	242.799988
1	8.062000	1.290145	316.149994	245.087494
1	8.093000	1.291159	316.068756	245.931244
1	8.124000	1.276812	316.299988	246.024963
1	8.171000	1.242319	315.649994	245.649994
1	8.202000	1.255362	316.462494	245.462494
1	8.234000	1.276812	317.125000	245.250000
1	8.265000	1.263768	317.500000	244.500000
1	8.296000	1.252174	316.500000	244.500000
1	8.327000	1.269130	317.606262	244.218750
1	8.358000	1.273768	318.181244	243.306244
1	8.390000	1.282899	317.800018	243.200043
1	8.436000	1.267246	317.725006	243.774994
1	8.468000	1.310145	317.500000	244.500000
1	8.499000	1.301160	317.324982	244.037506
1	8.530000	1.285797	317.024994	244.024994
1	8.561000	1.286957	317.250000	244.250000
1	8.592000	1.298551	316.500000	245.500000
1	8.624000	1.290435	317.274994	245.262482
1	8.670000	1.303768	317.750000	245.750000
1	8.702000	1.310145	317.500000	246.500000
1	8.733000	1.303188	317.225006	245.274994
1	8.764000	1.292029	317.456238	244.893738
1	8.795000	1.286957	317.250000	244.250000
1	8.826000	1.290579	317.931183	243.943756
1	8.858000	1.285797	318.024994	242.975006
1	8.889000	1.175073	321.100006	243.350006
1	8.936000	1.322319	318.625000	242.500000
1	8.967000	1.267971	318.768738	241.781250
1	8.998000	1.292899	319.718750	241.906250
1	9.029000	1.290580	319.937500	241.187500
1	9.060000	1.322899	319.912506	240.475006
1	9.092000	1.327681	320.531250	240.593750
1	9.123000	1.304928	320.250000	239.799988
1	9.170000	1.322319	319.562500	240.625000
1	9.201000	1.353333	319.574982	241.212494
1	9.232000	1.356522	319.500000	240.500000
1	9.263000	1.366667	319.049988	241.362488
1	9.294000	1.329855	318.562500	241.437500
1	9.326000	1.344638	319.337494	240.662506
1	9.357000	1.366377	320.024994	240.850006
1	9.404000	1.370725	319.962494	240.912506
1	9.435000	1.362754	319.968750	240.406250
1	9.466000	1.366377	319.975006	240.600006
1	9.497000	1.344058	320.687500	239.687500
1	9.528000	1.341884	320.343750	239.718750
1	9.560000	1.327681	320.531250	239.406250
1	9.591000	1.342899	320.625000	238.312500
1	9.622000	1.370145	321.125000	238.062500
1	9.669000	1.331884	321.487488	237.562500
1	9.700000	1.359275	320.918762	237.843750
1	9.731000	1.327246	320.587494	237.524994
1	9.762000	1.334058	321.181183	237.518707
1	9.794000	1.344058	320.687500	237.687500
1	9.825000	1.344058	320.312500	237.687500
1	9.856000	1.324493	321.031250	236.468750
1	9.903000	1.346232	321.281250	236.218750
1	9.934000	1.327101	321.556244	236.431244
1	9.965000	1.324927	321.537506	236.462494
1	9.996000	1.329855	322.437500	235.437500
1	10.028000	1.289710	322.093750	234.906250
1	10.059000	1.342899	321.362488	236.312500
1	10.090000	1.310145	321.000000	237.000000
1	10.137000	1.334783	320.593750	237.031250
1	10.168000	1.342899	321.312500	237.362488
1	10.199000	1.325652	320.481262	237.081238
1	10.230000	1.309855	321.287506	236.787506
1	10.262000	1.342319	321.649994	236.037506
1	10.293000	1.286377	321.062500	235.000000
1	10.324000	1.303623	322.625000	234.937500
1	10.355000	1.327681	322.531250	234.531250
1	10.402000	1.328985	322.512512	234.487488
1	10.433000	1.325073	322.493744	234.506256
1	10.464000	1.314058	321.756256	235.631256
1	10.496000	1.330435	321.500000	236.500000
1	10.527000	1.328986	321.462494	237.412506
1	10.558000	1.333333	321.625000	236.625000
1	10.589000	1.322319	321.500000	236.375000
1	10.636000	1.327536	321.500000	236.000000
1	10.667000	1.327246	322.412506	235.462494
1	10.698000	1.344058	322.312500	235.687500
1	10.730000	1.322754	321.943756	235.506256
1	10.761000	1.344638	321.662506	237.274994
1	10.792000	1.327681	320.531250	237.468750
1	10.823000	1.342899	320.362488	238.187500
1	10.854000	1.334203	320.387512	238.562500
1	10.901000	1.335942	320.537506	238.537506
1	10.932000	1.327681	320.843750	238.531250
1	10.964000	1.341884	320.706238	237.718750
1	10.995000	1.325507	320.375000	238.500000
1	11.026000	1.285942	320.993744	237.006256
1	11.057000	1.317971	320.937500	238.312500
1	11.088000	1.311884	321.100006	238.149994
1	11.135000	1.333188	320.593750	239.406250
1	11.166000	1.314493	320.262512	239.887512
1	11.198000	1.344928	319.750000	240.750000
1	11.229000	1.365072	319.968750	241.868713
1	11.260000	1.333768	319.568756	242.431183
1	11.291000	1.331014	319.500000	241.500000
1	11.322000	1.361014	320.056244	240.943756
1	11.369000	1.330435	319.562500	241.437500
1	11.400000	1.320145	320.531250	241.593750
1	11.432000	1.324493	320.468750	241.531250
1	11.463000	1.293333	320.149994	241.200043
1	11.494000	1.310145	320.000000	241.000000
1	11.525000	1.310145	319.500000	240.500000
1	11.556000	1.290290	320.118744	240.943756
1	11.588000	1.286957	320.500000	241.500000
1	11.634000	1.279420	318.975006	242.237518
1	11.666000	1.273188	318.693817	243.281281
1	11.697000	1.298551	318.500000	243.500000
1	11.728000	1.279420	319.274994	243.725006
1	11.759000	1.298551	319.500000	242.500000
1	11.790000	1.237536	318.406250	242.593750
1	11.822000	1.272754	318.762482	243.037506
1	11.868000	1.290290	319.081268	242.506256
1	11.900000	1.288986	319.899994	242.899994
1	11.931000	1.291159	320.068756	241.931244
1	11.962000	1.310145	321.500000	242.500000
1	11.993000	1.294058	319.156250	242.156250
1	12.024000	1.256667	319.931244	243.443756
1	12.056000	1.306232	318.843750	243.868774
1	12.102000	1.257246	319.581238	244.418762
1	12.134000	1.292464	319.087494	244.087494
1	12.165000	1.269710	319.356354	243.131256
1	12.196000	1.286957	319.250000	242.250000
1	12.227000	1.290725	319.437500	242.075012
1	12.258000	1.322899	319.475006	242.975006
1	12.290000	1.290725	320.062500	242.062500
1	12.321000	1.290290	320.068756	241.881256
1	12.368000	1.322319	320.437500	241.500000
1	12.399000	1.287971	321.118744	241.543732
1	12.430000	1.326667	321.487488	241.437500
1	12.461000	1.289855	321.062500	240.924988
1	12.492000	1.274058	320.306244	241.306244
1	12.524000	1.232464	320.524994	241.100006
1	12.555000	1.237536	320.218750	241.218750
1	12.602000	1.253188	320.743744	241.618744
1	12.633000	1.284203	321.018738	240.968750
1	12.664000	1.295652	321.500000	241.000000
1	12.695000	1.274927	321.631256	240.743744
1	12.726000	1.275073	321.324982	239.962494
1	12.758000	1.292754	322.000000	240.000000
1	12.789000	1.290145	322.087494	239.850006
1	12.820000	1.288986	321.100006	239.100006
1	12.867000	1.298551	320.750000	239.750000
1	12.898000	1.296377	321.106293	239.856293
1	12.929000	1.287971	320.943756	239.118744
1	12.960000	1.285797	321.024994	239.024994
1	12.992000	1.333623	321.412506	239.524994
1	13.023000	1.295797	321.131256	238.868744
1	13.054000	1.326812	320.918762	238.481262
1	13.101000	1.328986	321.537506	238.437531
1	13.132000	1.322899	322.012482	238.524994
1	13.163000	1.322899	321.350006	238.587494
1	13.194000	1.309710	321.306244	239.818756
1	13.226000	1.275797	320.031250	239.718750
1	13.257000	1.274493	319.987457	239.962494
1	13.288000	1.310145	319.500000	240.500000
1	13.335000	1.246087	320.312500	240.674988
1	13.366000	1.272754	320.287506	240.037506
1	13.397000	1.305942	320.268738	240.218750
1	13.428000	1.268261	320.193756	239.743744
1	13.460000	1.277536	320.143738	238.981262
1	13.491000	1.285942	320.993744	239.006256
1	13.522000	1.322319	321.500000	239.500000
1	13.553000	1.283188	321.000000	239.937500
1	13.600000	1.268551	320.756256	239.506256
1	13.631000	1.242899	319.125000	239.750000
1	13.662000	1.253333	319.600006	240.412506
1	13.694000	1.220145	318.968750	240.031250
1	13.725000	1.217391	320.500000	239.500000
1	13.756000	1.270725	319.787506	240.225006
1	13.787000	1.282609	320.031250	240.031250
1	13.834000	1.301449	319.312500	240.312500
1	13.865000	1.221159	321.812500	240.937500
1	13.896000	1.217391	319.500000	240.500000
0	13.928000	1.062029	320.274994	236.725006
1	13.959000	1.244058	319.812500	241.500000
1	13.990000	1.266667	319.000000	241.000000
1	14.021000	1.254928	319.031250	242.018738
1	14.068000	1.235362	318.250000	242.375000
1	14.099000	1.199420	318.375000	242.625000
1	14.130000	1.235362	317.750000	243.187500
1	14.162000	1.217246	318.118744	243.368744
1	14.193000	1.265942	317.268738	243.543762
1	14.224000	1.229275	316.912506	243.337494
1	14.255000	1.253333	317.024994	243.975006
1	14.286000	1.219420	317.499969	243.162506
1	14.333000	1.263768	316.000000	244.000000
1	14.364000	1.309855	316.162506	244.287506
1	14.396000	1.327681	316.531250	245.531250
1	14.427000	1.330145	315.537506	246.462494
1	14.458000	1.318406	314.431244	247.306244
1	14.489000	1.309855	313.837494	247.850006
1	14.520000	1.326667	313.437500	248.500000
1	14.567000	1.296377	313.106262	249.031250
1	14.598000	1.322899	312.975006	248.600006
1	14.630000	1.304928	313.237488	248.250000
1	14.661000	1.333333	313.000000	249.000000
1	14.692000	1.290290	313.068756	249.068756
1	14.723000	1.298551	312.750000	248.250000
1	14.754000	1.327246	313.487488	248.487488
1	14.801000	1.291015	313.037506	247.899994
1	14.832000	1.328406	313.512512	248.437500
1	14.864000	1.313623	313.625000	247.875000
1	14.895000	1.328406	313.899994	247.537506
1	14.926000	1.311449	313.968750	247.093750
1	14.957000	1.327536	313.593750	247.468750
1	14.988000	1.324927	312.649994	247.524994
1	15.020000	1.332464	312.587494	248.475006
1	15.066000	1.285797	312.024994	247.887482
1	15.098000	1.331449	312.431244	248.068756
1	15.129000	1.289710	313.106262	247.906250
1	15.160000	1.278841	313.812500	247.000000
1	15.191000	1.341884	313.718750	247.281250
1	15.222000	1.305072	314.268738	246.231262
1	15.254000	1.281304	315.006256	246.193756
1	15.300000	1.285797	315.024994	246.024994
1	15.332000	1.286812	314.543732	245.868744
1	15.363000	1.296812	315.225006	245.149994
1	15.394000	1.309710	314.818756	245.618744
1	15.425000	1.299855	315.943756	245.193756
1	15.456000	1.286957	315.250000	245.250000
0	15.488000	1.059855	317.781219	243.243744
1	15.534000	1.294638	315.131256	246.568756
1	15.566000	1.292319	314.031250	246.031250
0	15.597000	1.156667	315.368744	244.431244
1	15.628000	1.307246	314.187500	245.687500
1	15.659000	1.331449	314.618744	245.431244
1	15.690000	1.330145	315.474854	245.512512
1	15.722000	1.344638	315.662506	245.287506
1	15.753000	1.327681	315.468750	244.468750
1	15.800000	1.328261	315.481232	244.506256
1	15.831000	1.311449	315.968750	243.781250
1	15.862000	1.331014	316.500000	244.500000
1	15.893000	1.330435	316.562500	243.937500
1	15.924000	1.324927	316.487518	244.037506
1	15.956000	1.327246	316.912506	243.587494
1	15.987000	1.365797	317.000000	244.000000
1	16.034000	1.330435	316.531250	243.593750
1	16.065000	1.344493	316.318756	244.318756
1	16.096000	1.344058	315.687500	244.687500
1	16.127000	1.344058	315.687500	243.812500
1	16.158000	1.330145	316.412506	243.537506
1	16.190000	1.328841	316.543762	243.468750
1	16.221000	1.330725	316.562500	243.562500
1	16.268000	1.328985	316.512512	244.387512
1	16.299000	1.293333	316.149994	243.149994
1	16.330000	1.309855	316.837494	244.287506
1	16.361000	1.191884	318.125000	241.875000
1	16.392000	1.310290	316.843750	243.343750
1	16.424000	1.290145	317.100006	243.149994
1	16.455000	1.284203	317.031250	242.168762
1	16.486000	1.292464	317.912506	242.537506
0	16.533000	0.975072	317.975006	237.475006
1	16.564000	1.267246	316.225006	242.774994
1	16.595000	1.325073	316.068695	243.506256
1	16.626000	1.326667	316.062500	244.437500
1	16.658000	1.320290	316.037476	244.312500
1	16.689000	1.330290	316.118744	244.118744
1	16.720000	1.304348	316.125000	243.875000
1	16.751000	1.322899	316.462494	243.975006
1	16.798000	1.344058	316.312500	243.687500
1	16.829000	1.327246	316.587494	244.462494
1	16.860000	1.330725	316.562500	243.562500
0	16.892000	1.079420	317.574982	239.725006
1	16.923000	1.286957	316.625000	242.875000
1	16.954000	1.309710	316.181244	243.818756
1	16.985000	1.300580	316.250000	243.812500
1	17.032000	1.304928	316.250000	244.250000
1	17.063000	1.285797	314.975006	245.087494
1	17.094000	1.298986	314.193756	246.318756
1	17.126000	1.277246	314.118744	247.318756
1	17.157000	1.277246	313.668732	248.118744
1	17.188000	1.292754	313.125000	248.612488
1	17.219000	1.301449	313.062500	248.687500
1	17.266000	1.290580	313.581238	248.956238
1	17.297000	1.313623	313.375000	249.625000
1	17.328000	1.283188	313.187500	249.187500
1	17.360000	1.291159	313.081268	249.618744
1	17.391000	1.281594	313.381256	249.193756
1	17.422000	1.327246	313.462494	249.537506
1	17.453000	1.275362	313.500000	249.500000
1	17.484000	1.309275	313.812500	249.687500
1	17.531000	1.263768	315.500000	248.500000
1	17.562000	1.274058	313.693756	248.693756
1	17.594000	1.290725	313.062500	249.062500
1	17.625000	1.327246	313.487518	250.062408
1	17.656000	1.324493	313.518738	249.518738
1	17.687000	1.324493	313.468750	250.393677
1	17.718000	1.344493	313.318756	250.306244
1	17.765000	1.305942	312.843750	250.218750
1	17.796000	1.350725	314.000000	250.500000
1	17.828000	1.326667	313.437500	250.937500
1	17.859000	1.341884	312.293793	251.981232
1	17.890000	1.324638	312.562500	252.437500
1	17.921000	1.290145	311.912506	252.087494
1	17.952000	1.296377	311.393738	252.106262
1	17.999000	1.294058	311.031250	252.106262
<\RIGHT-PUPIL-DATA>
<LEFT-PUPIL-DATA>
543	0
0	-0.066000	13.913043	240.000000	320.000000
0	-0.035000	13.913043	240.000000	320.000000
0	-0.003000	13.913043	240.000000	320.000000
0	0.043000	13.913043	240.000000	320.000000
0	0.075000	13.913043	240.000000	320.000000
0	0.106000	13.913043	240.000000	320.000000
0	0.137000	13.913043	240.000000	320.000000
0	0.168000	13.913043	240.000000	320.000000
0	0.199000	13.913043	240.000000	320.000000
0	0.231000	13.913043	240.000000	320.000000
0	0.277000	13.913043	240.000000	320.000000
0	0.309000	13.913043	240.000000	320.000000
0	0.340000	13.913043	240.000000	320.000000
0	0.371000	13.913043	240.000000	320.000000
0	0.402000	13.913043	240.000000	320.000000
0	0.433000	13.913043	240.000000	320.000000
0	0.465000	13.913043	240.000000	320.000000
0	0.496000	13.913043	240.000000	320.000000
0	0.543000	13.913043	240.000000	320.000000
0	0.574000	13.913043	240.000000	320.000000
0	0.605000	13.913043	240.000000	320.000000
0	0.636000	13.913043	240.000000	320.000000
0	0.667000	13.913043	240.000000	320.000000
0	0.699000	13.913043	240.000000	320.000000
0	0.730000	13.913043	240.000000	320.000000
0	0.777000	13.913043	240.000000	320.000000
0	0.808000	13.913043	240.000000	320.000000
0	0.839000	13.913043	240.000000	320.000000
0	0.870000	13.913043	240.000000	320.000000
0	0.901000	13.913043	240.000000	320.000000
0	0.933000	13.913043	240.000000	320.000000
0	0.964000	13.913043	240.000000	320.000000
0	1.011000	13.913043	240.000000	320.000000
0	1.042000	13.913043	240.000000	320.000000
0	1.073000	13.913043	240.000000	320.000000
0	1.104000	13.913043	240.000000	320.000000
0	1.135000	13.913043	240.000000	320.000000
0	1.167000	13.913043	240.000000	320.000000
0	1.198000	13.913043	240.000000	320.000000
0	1.229000	13.913043	240.000000	320.000000
0	1.276000	13.913043	240.000000	320.000000
0	1.307000	13.913043	240.000000	320.000000
0	1.338000	13.913043	240.000000	320.000000
0	1.369000	13.913043	240.000000	320.000000
0	1.401000	13.913043	240.000000	320.000000
0	1.432000	13.913043	240.000000	320.000000
0	1.463000	13.913043	240.000000	320.000000
0	1.494000	13.913043	240.000000	320.000000
0	1.541000	13.913043	240.000000	320.000000
0	1.572000	13.913043	240.000000	320.000000
0	1.603000	13.913043	240.000000	320.000000
0	1.635000	13.913043	240.000000	320.000000
0	1.666000	13.913043	240.000000	320.000000
0	1.697000	13.913043	240.000000	320.000000
0	1.728000	13.913043	240.000000	320.000000
0	1.775000	13.913043	240.000000	320.000000
0	1.806000	13.913043	240.000000	320.000000
0	1.837000	13.913043	240.000000	320.000000
0	1.869000	13.913043	240.000000	320.000000
0	1.900000	13.913043	240.000000	320.000000
0	1.931000	13.913043	240.000000	320.000000
0	1.962000	13.913043	240.000000	320.000000
0	2.009000	13.913043	240.000000	320.000000
0	2.040000	13.913043	240.000000	320.000000
0	2.071000	13.913043	240.000000	320.000000
0	2.103000	13.913043	240.000000	320.000000
0	2.134000	13.913043	240.000000	320.000000
0	2.165000	13.913043	240.000000	320.000000
0	2.196000	13.913043	240.000000	320.000000
0	2.227000	13.913043	240.000000	320.000000
0	2.274000	13.913043	240.000000	320.000000
0	2.305000	13.913043	240.000000	320.000000
0	2.337000	13.913043	240.000000	320.000000
0	2.368000	13.913043	240.000000	320.000000
0	2.399000	13.913043	240.000000	320.000000
0	2.430000	13.913043	240.000000	320.000000
0	2.461000	13.913043	240.000000	320.000000
0	2.508000	13.913043	240.000000	320.000000
0	2.539000	13.913043	240.000000	320.000000
0	2.571000	13.913043	240.000000	320.000000
0	2.602000	13.913043	240.000000	320.000000
0	2.633000	13.913043	240.000000	320.000000
0	2.664000	13.913043	240.000000	320.000000
0	2.695000	13.913043	240.000000	320.000000
0	2.742000	13.913043	240.000000	320.000000
0	2.773000	13.913043	240.000000	320.000000
0	2.805000	13.913043	240.000000	320.000000
0	2.836000	13.913043	240.000000	320.000000
0	2.867000	13.913043	240.000000	320.000000
0	2.898000	13.913043	240.000000	320.000000
0	2.929000	13.913043	240.000000	320.000000
0	2.961000	13.913043	240.000000	320.000000
0	3.007000	13.913043	240.000000	320.000000
0	3.039000	13.913043	240.000000	320.000000
0	3.070000	13.913043	240.000000	320.000000
0	3.101000	13.913043	240.000000	320.000000
0	3.132000	13.913043	240.000000	320.000000
0	3.163000	13.913043	240.000000	320.000000
0	3.195000	13.913043	240.000000	320.000000
0	3.241000	13.913043	240.000000	320.000000
0	3.273000	13.913043	240.000000	320.000000
0	3.304000	13.913043	240.000000	320.000000
0	3.335000	13.913043	240.000000	320.000000
0	3.366000	13.913043	240.000000	320.000000
0	3.397000	13.913043	240.000000	320.000000
0	3.429000	13.913043	240.000000	320.000000
0	3.475000	13.913043	240.000000	320.000000
0	3.507000	13.913043	240.000000	320.000000
0	3.538000	13.913043	240.000000	320.000000
0	3.569000	13.913043	240.000000	320.000000
0	3.600000	13.913043	240.000000	320.000000
0	3.631000	13.913043	240.000000	320.000000
0	3.663000	13.913043	240.000000	320.000000
0	3.694000	13.913043	240.000000	320.000000
0	3.741000	13.913043	240.000000	320.000000
0	3.772000	13.913043	240.000000	320.000000
0	3.803000	13.913043	240.000000	320.000000
0	3.834000	13.913043	240.000000	320.000000
0	3.865000	13.913043	240.000000	320.000000
0	3.897000	13.913043	240.000000	320.000000
0	3.928000	13.913043	240.000000	320.000000
0	3.975000	13.913043	240.000000	320.000000
0	4.006000	13.913043	240.000000	320.000000
0	4.037000	13.913043	240.000000	320.000000
0	4.068000	13.913043	240.000000	320.000000
0	4.099000	13.913043	240.000000	320.000000
0	4.131000	13.913043	240.000000	320.000000
0	4.162000	13.913043	240.000000	320.000000
0	4.209000	13.913043	240.000000	320.000000
0	4.240000	13.913043	240.000000	320.000000
0	4.271000	13.913043	240.000000	320.000000
0	4.302000	13.913043	240.000000	320.000000
0	4.333000	13.913043	240.000000	320.000000
0	4.365000	13.913043	240.000000	320.000000
0	4.396000	13.913043	240.000000	320.000000
0	4.427000	13.913043	240.000000	320.000000
0	4.474000	13.913043	240.000000	320.000000
0	4.505000	13.913043	240.000000	320.000000
0	4.536000	13.913043	240.000000	320.000000
0	4.567000	13.913043	240.000000	320.000000
0	4.599000	13.913043	240.000000	320.000000
0	4.630000	13.913043	240.000000	320.000000
0	4.661000	13.913043	240.000000	320.000000
0	4.708000	13.913043	240.000000	320.000000
0	4.739000	13.913043	240.000000	320.000000
0	4.770000	13.913043	240.000000	320.000000
0	4.801000	13.913043	240.000000	320.000000
0	4.833000	13.913043	240.000000	320.000000
0	4.864000	13.913043	240.000000	320.000000
0	4.895000	13.913043	240.000000	320.000000
0	4.942000	13.913043	240.000000	320.000000
0	4.973000	13.913043	240.000000	320.000000
0	5.004000	13.913043	240.000000	320.000000
0	5.035000	13.913043	240.000000	320.000000
0	5.067000	13.913043	240.000000	320.000000
0	5.098000	13.913043	240.000000	320.000000
0	5.129000	13.913043	240.000000	320.000000
0	5.160000	13.913043	240.000000	320.000000
0	5.207000	13.913043	240.000000	320.000000
0	5.238000	13.913043	240.000000	320.000000
0	5.269000	13.913043	240.000000	320.000000
0	5.301000	13.913043	240.000000	320.000000
0	5.332000	13.913043	240.000000	320.000000
0	5.363000	13.913043	240.000000	320.000000
0	5.394000	13.913043	240.000000	320.000000
0	5.441000	13.913043	240.000000	320.000000
0	5.472000	13.913043	240.000000	320.000000
0	5.503000	13.913043	240.000000	320.000000
0	5.535000	13.913043	240.000000	320.000000
0	5.566000	13.913043	240.000000	320.000000
0	5.597000	13.913043	240.000000	320.000000
0	5.628000	13.913043	240.000000	320.000000
0	5.659000	13.913043	240.000000	320.000000
0	5.706000	13.913043	240.000000	320.000000
0	5.737000	13.913043	240.000000	320.000000
0	5.769000	13.913043	240.000000	320.000000
0	5.800000	13.913043	240.000000	320.000000
0	5.831000	13.913043	240.000000	320.000000
0	5.862000	13.913043	240.000000	320.000000
0	5.893000	13.913043	240.000000	320.000000
0	5.940000	13.913043	240.000000	320.000000
0	5.971000	13.913043	240.000000	320.000000
0	6.003000	13.913043	240.000000	320.000000
0	6.034000	13.913043	240.000000	320.000000
0	6.065000	13.913043	240.000000	320.000000
0	6.096000	13.913043	240.000000	320.000000
0	6.127000	13.913043	240.000000	320.000000
0	6.159000	13.913043	240.000000	320.000000
0	6.205000	13.913043	240.000000	320.000000
0	6.237000	13.913043	240.000000	320.000000
0	6.268000	13.913043	240.000000	320.000000
0	6.299000	13.913043	240.000000	320.000000
0	6.330000	13.913043	240.000000	320.000000
0	6.361000	13.913043	240.000000	320.000000
0	6.393000	13.913043	240.000000	320.000000
0	6.439000	13.913043	240.000000	320.000000
0	6.471000	13.913043	240.000000	320.000000
0	6.502000	13.913043	240.000000	320.000000
0	6.533000	13.913043	240.000000	320.000000
0	6.564000	13.913043	240.000000	320.000000
0	6.595000	13.913043	240.000000	320.000000
0	6.627000	13.913043	240.000000	320.000000
0	6.673000	13.913043	240.000000	320.000000
0	6.705000	13.913043	240.000000	320.000000
0	6.736000	13.913043	240.000000	320.000000
0	6.767000	13.913043	240.000000	320.000000
0	6.798000	13.913043	240.000000	320.000000
0	6.829000	13.913043	240.000000	320.000000
0	6.861000	13.913043	240.000000	320.000000
0	6.892000	13.913043	240.000000	320.000000
0	6.939000	13.913043	240.000000	320.000000
0	6.970000	13.913043	240.000000	320.000000
0	7.001000	13.913043	240.000000	320.000000
0	7.032000	13.913043	240.000000	320.000000
0	7.063000	13.913043	240.000000	320.000000
0	7.095000	13.913043	240.000000	320.000000
0	7.126000	13.913043	240.000000	320.000000
0	7.173000	13.913043	240.000000	320.000000
0	7.204000	13.913043	240.000000	320.000000
0	7.235000	13.913043	240.000000	320.000000
0	7.266000	13.913043	240.000000	320.000000
0	7.298000	13.913043	240.000000	320.000000
0	7.329000	13.913043	240.000000	320.000000
0	7.360000	13.913043	240.000000	320.000000
0	7.407000	13.913043	240.000000	320.000000
0	7.438000	13.913043	240.000000	320.000000
0	7.469000	13.913043	240.000000	320.000000
0	7.500000	13.913043	240.000000	320.000000
0	7.532000	13.913043	240.000000	320.000000
0	7.563000	13.913043	240.000000	320.000000
0	7.594000	13.913043	240.000000	320.000000
0	7.625000	13.913043	240.000000	320.000000
0	7.672000	13.913043	240.000000	320.000000
0	7.703000	13.913043	240.000000	320.000000
0	7.734000	13.913043	240.000000	320.000000
0	7.766000	13.913043	240.000000	320.000000
0	7.797000	13.913043	240.000000	320.000000
0	7.828000	13.913043	240.000000	320.000000
0	7.859000	13.913043	240.000000	320.000000
0	7.906000	13.913043	240.000000	320.000000
0	7.937000	13.913043	240.000000	320.000000
0	7.968000	13.913043	240.000000	320.000000
0	8.000000	13.913043	240.000000	320.000000
0	8.031000	13.913043	240.000000	320.000000
0	8.062000	13.913043	240.000000	320.000000
0	8.093000	13.913043	240.000000	320.000000
0	8.140000	13.913043	240.000000	320.000000
0	8.171000	13.913043	240.000000	320.000000
0	8.202000	13.913043	240.000000	320.000000
0	8.234000	13.913043	240.000000	320.000000
0	8.265000	13.913043	240.000000	320.000000
0	8.296000	13.913043	240.000000	320.000000
0	8.327000	13.913043	240.000000	320.000000
0	8.358000	13.913043	240.000000	320.000000
0	8.405000	13.913043	240.000000	320.000000
0	8.436000	13.913043	240.000000	320.000000
0	8.468000	13.913043	240.000000	320.000000
0	8.499000	13.913043	240.000000	320.000000
0	8.530000	13.913043	240.000000	320.000000
0	8.561000	13.913043	240.000000	320.000000
0	8.592000	13.913043	240.000000	320.000000
0	8.639000	13.913043	240.000000	320.000000
0	8.670000	13.913043	240.000000	320.000000
0	8.702000	13.913043	240.000000	320.000000
0	8.733000	13.913043	240.000000	320.000000
0	8.764000	13.913043	240.000000	320.000000
0	8.795000	13.913043	240.000000	320.000000
0	8.826000	13.913043	240.000000	320.000000
0	8.873000	13.913043	240.000000	320.000000
0	8.904000	13.913043	240.000000	320.000000
0	8.936000	13.913043	240.000000	320.000000
0	8.967000	13.913043	240.000000	320.000000
0	8.998000	13.913043	240.000000	320.000000
0	9.029000	13.913043	240.000000	320.000000
0	9.060000	13.913043	240.000000	320.000000
0	9.092000	13.913043	240.000000	320.000000
0	9.138000	13.913043	240.000000	320.000000
0	9.170000	13.913043	240.000000	320.000000
0	9.201000	13.913043	240.000000	320.000000
0	9.232000	13.913043	240.000000	320.000000
0	9.263000	13.913043	240.000000	320.000000
0	9.294000	13.913043	240.000000	320.000000
0	9.326000	13.913043	240.000000	320.000000
0	9.372000	13.913043	240.000000	320.000000
0	9.404000	13.913043	240.000000	320.000000
0	9.435000	13.913043	240.000000	320.000000
0	9.466000	13.913043	240.000000	320.000000
0	9.497000	13.913043	240.000000	320.000000
0	9.528000	13.913043	240.000000	320.000000
0	9.560000	13.913043	240.000000	320.000000
0	9.591000	13.913043	240.000000	320.000000
0	9.638000	13.913043	240.000000	320.000000
0	9.669000	13.913043	240.000000	320.000000
0	9.700000	13.913043	240.000000	320.000000
0	9.731000	13.913043	240.000000	320.000000
0	9.762000	13.913043	240.000000	320.000000
0	9.794000	13.913043	240.000000	320.000000
0	9.825000	13.913043	240.000000	320.000000
0	9.872000	13.913043	240.000000	320.000000
0	9.903000	13.913043	240.000000	320.000000
0	9.934000	13.913043	240.000000	320.000000
0	9.965000	13.913043	240.000000	320.000000
0	9.996000	13.913043	240.000000	320.000000
0	10.028000	13.913043	240.000000	320.000000
0	10.059000	13.913043	240.000000	320.000000
0	10.106000	13.913043	240.000000	320.000000
0	10.137000	13.913043	240.000000	320.000000
0	10.168000	13.913043	240.000000	320.000000
0	10.199000	13.913043	240.000000	320.000000
0	10.230000	13.913043	240.000000	320.000000
0	10.262000	13.913043	240.000000	320.000000
0	10.293000	13.913043	240.000000	320.000000
0	10.324000	13.913043	240.000000	320.000000
0	10.371000	13.913043	240.000000	320.000000
0	10.402000	13.913043	240.000000	320.000000
0	10.433000	13.913043	240.000000	320.000000
0	10.464000	13.913043	240.000000	320.000000
0	10.496000	13.913043	240.000000	320.000000
0	10.527000	13.913043	240.000000	320.000000
0	10.558000	13.913043	240.000000	320.000000
0	10.605000	13.913043	240.000000	320.000000
0	10.636000	13.913043	240.000000	320.000000
0	10.667000	13.913043	240.000000	320.000000
0	10.698000	13.913043	240.000000	320.000000
0	10.730000	13.913043	240.000000	320.000000
0	10.761000	13.913043	240.000000	320.000000
0	10.792000	13.913043	240.000000	320.000000
0	10.839000	13.913043	240.000000	320.000000
0	10.870000	13.913043	240.000000	320.000000
0	10.901000	13.913043	240.000000	320.000000
0	10.932000	13.913043	240.000000	320.000000
0	10.964000	13.913043	240.000000	320.000000
0	10.995000	13.913043	240.000000	320.000000
0	11.026000	13.913043	240.000000	320.000000
0	11.057000	13.913043	240.000000	320.000000
0	11.104000	13.913043	240.000000	320.000000
0	11.135000	13.913043	240.000000	320.000000
0	11.166000	13.913043	240.000000	320.000000
0	11.198000	13.913043	240.000000	320.000000
0	11.229000	13.913043	240.000000	320.000000
0	11.260000	13.913043	240.000000	320.000000
0	11.291000	13.913043	240.000000	320.000000
0	11.338000	13.913043	240.000000	320.000000
0	11.369000	13.913043	240.000000	320.000000
0	11.400000	13.913043	240.000000	320.000000
0	11.432000	13.913043	240.000000	320.000000
0	11.463000	13.913043	240.000000	320.000000
0	11.494000	13.913043	240.000000	320.000000
0	11.525000	13.913043	240.000000	320.000000
0	11.556000	13.913043	240.000000	320.000000
0	11.603000	13.913043	240.000000	320.000000
0	11.634000	13.913043	240.000000	320.000000
0	11.666000	13.913043	240.000000	320.000000
0	11.697000	13.913043	240.000000	320.000000
0	11.728000	13.913043	240.000000	320.000000
0	11.759000	13.913043	240.000000	320.000000
0	11.790000	13.913043	240.000000	320.000000
0	11.837000	13.913043	240.000000	320.000000
0	11.868000	13.913043	240.000000	320.000000
0	11.900000	13.913043	240.000000	320.000000
0	11.931000	13.913043	240.000000	320.000000
0	11.962000	13.913043	240.000000	320.000000
0	11.993000	13.913043	240.000000	320.000000
0	12.024000	13.913043	240.000000	320.000000
0	12.071000	13.913043	240.000000	320.000000
0	12.102000	13.913043	240.000000	320.000000
0	12.134000	13.913043	240.000000	320.000000
0	12.165000	13.913043	240.000000	320.000000
0	12.196000	13.913043	240.000000	320.000000
0	12.227000	13.913043	240.000000	320.000000
0	12.258000	13.913043	240.000000	320.000000
0	12.290000	13.913043	240.000000	320.000000
0	12.336000	13.913043	240.000000	320.000000
0	12.368000	13.913043	240.000000	320.000000
0	12.399000	13.913043	240.000000	320.000000
0	12.430000	13.913043	240.000000	320.000000
0	12.461000	13.913043	240.000000	320.000000
0	12.492000	13.913043	240.000000	320.000000
0	12.524000	13.913043	240.000000	320.000000
0	12.570000	13.913043	240.000000	320.000000
0	12.602000	13.913043	240.000000	320.000000
0	12.633000	13.913043	240.000000	320.000000
0	12.664000	13.913043	240.000000	320.000000
0	12.695000	13.913043	240.000000	320.000000
0	12.726000	13.913043	240.000000	320.000000
0	12.758000	13.913043	240.000000	320.000000
0	12.804000	13.913043	240.000000	320.000000
0	12.836000	13.913043	240.000000	320.000000
0	12.867000	13.913043	240.000000	320.000000
0	12.898000	13.913043	240.000000	320.000000
0	12.929000	13.913043	240.000000	320.000000
0	12.960000	13.913043	240.000000	320.000000
0	12.992000	13.913043	240.000000	320.000000
0	13.023000	13.913043	240.000000	320.000000
0	13.070000	13.913043	240.000000	320.000000
0	13.101000	13.913043	240.000000	320.000000
0	13.132000	13.913043	240.000000	320.000000
0	13.163000	13.913043	240.000000	320.000000
0	13.194000	13.913043	240.000000	320.000000
0	13.226000	13.913043	240.000000	320.000000
0	13.257000	13.913043	240.000000	320.000000
0	13.304000	13.913043	240.000000	320.000000
0	13.335000	13.913043	240.000000	320.000000
0	13.366000	13.913043	240.000000	320.000000
0	13.397000	13.913043	240.000000	320.000000
0	13.428000	13.913043	240.000000	320.000000
0	13.460000	13.913043	240.000000	320.000000
0	13.491000	13.913043	240.000000	320.000000
0	13.522000	13.913043	240.000000	320.000000
0	13.569000	13.913043	240.000000	320.000000
0	13.600000	13.913043	240.000000	320.000000
0	13.631000	13.913043	240.000000	320.000000
0	13.662000	13.913043	240.000000	320.000000
0	13.694000	13.913043	240.000000	320.000000
0	13.725000	13.913043	240.000000	320.000000
0	13.756000	13.913043	240.000000	320.000000
0	13.803000	13.913043	240.000000	320.000000
0	13.834000	13.913043	240.000000	320.000000
0	13.865000	13.913043	240.000000	320.000000
0	13.896000	13.913043	240.000000	320.000000
0	13.928000	13.913043	240.000000	320.000000
0	13.959000	13.913043	240.000000	320.000000
0	13.990000	13.913043	240.000000	320.000000
0	14.037000	13.913043	240.000000	320.000000
0	14.068000	13.913043	240.000000	320.000000
0	14.099000	13.913043	240.000000	320.000000
0	14.130000	13.913043	240.000000	320.000000
0	14.162000	13.913043	240.000000	320.000000
0	14.193000	13.913043	240.000000	320.000000
0	14.224000	13.913043	240.000000	320.000000
0	14.255000	13.913043	240.000000	320.000000
0	14.302000	13.913043	240.000000	320.000000
0	14.333000	13.913043	240.000000	320.000000
0	14.364000	13.913043	240.000000	320.000000
0	14.396000	13.913043	240.000000	320.000000
0	14.427000	13.913043	240.000000	320.000000
0	14.458000	13.913043	240.000000	320.000000
0	14.489000	13.913043	240.000000	320.000000
0	14.536000	13.913043	240.000000	320.000000
0	14.567000	13.913043	240.000000	320.000000
0	14.598000	13.913043	240.000000	320.000000
0	14.630000	13.913043	240.000000	320.000000
0	14.661000	13.913043	240.000000	320.000000
0	14.692000	13.913043	240.000000	320.000000
0	14.723000	13.913043	240.000000	320.000000
0	14.770000	13.913043	240.000000	320.000000
0	14.801000	13.913043	240.000000	320.000000
0	14.832000	13.913043	240.000000	320.000000
0	14.864000	13.913043	240.000000	320.000000
0	14.895000	13.913043	240.000000	320.000000
0	14.926000	13.913043	240.000000	320.000000
0	14.957000	13.913043	240.000000	320.000000
0	14.988000	13.913043	240.000000	320.000000
0	15.035000	13.913043	240.000000	320.000000
0	15.066000	13.913043	240.000000	320.000000
0	15.098000	13.913043	240.000000	320.000000
0	15.129000	13.913043	240.000000	320.000000
0	15.160000	13.913043	240.000000	320.000000
0	15.191000	13.913043	240.000000	320.000000
0	15.222000	13.913043	240.000000	320.000000
0	15.269000	13.913043	240.000000	320.000000
0	15.300000	13.913043	240.000000	320.000000
0	15.332000	13.913043	240.000000	320.000000
0	15.363000	13.913043	240.000000	320.000000
0	15.394000	13.913043	240.000000	320.000000
0	15.425000	13.913043	240.000000	320.000000
0	15.456000	13.913043	240.000000	320.000000
0	15.503000	13.913043	240.000000	320.000000
0	15.534000	13.913043	240.000000	320.000000
0	15.566000	13.913043	240.000000	320.000000
0	15.597000	13.913043	240.000000	320.000000
0	15.628000	13.913043	240.000000	320.000000
0	15.659000	13.913043	240.000000	320.000000
0	15.690000	13.913043	240.000000	320.000000
0	15.722000	13.913043	240.000000	320.000000
0	15.768000	13.913043	240.000000	320.000000
0	15.800000	13.913043	240.000000	320.000000
0	15.831000	13.913043	240.000000	320.000000
0	15.862000	13.913043	240.000000	320.000000
0	15.893000	13.913043	240.000000	320.000000
0	15.924000	13.913043	240.000000	320.000000
0	15.956000	13.913043	240.000000	320.000000
0	16.002000	13.913043	240.000000	320.000000
0	16.034000	13.913043	240.000000	320.000000
0	16.065000	13.913043	240.000000	320.000000
0	16.096000	13.913043	240.000000	320.000000
0	16.127000	13.913043	240.000000	320.000000
0	16.158000	13.913043	240.000000	320.000000
0	16.190000	13.913043	240.000000	320.000000
0	16.221000	13.913043	240.000000	320.000000
0	16.268000	13.913043	240.000000	320.000000
0	16.299000	13.913043	240.000000	320.000000
0	16.330000	13.913043	240.000000	320.000000
0	16.361000	13.913043	240.000000	320.000000
0	16.392000	13.913043	240.000000	320.000000
0	16.424000	13.913043	240.000000	320.000000
0	16.455000	13.913043	240.000000	320.000000
0	16.502000	13.913043	240.000000	320.000000
0	16.533000	13.913043	240.000000	320.000000
0	16.564000	13.913043	240.000000	320.000000
0	16.595000	13.913043	240.000000	320.000000
0	16.626000	13.913043	240.000000	320.000000
0	16.658000	13.913043	240.000000	320.000000
0	16.689000	13.913043	240.000000	320.000000
0	16.736000	13.913043	240.000000	320.000000
0	16.767000	13.913043	240.000000	320.000000
0	16.798000	13.913043	240.000000	320.000000
0	16.829000	13.913043	240.000000	320.000000
0	16.860000	13.913043	240.000000	320.000000
0	16.892000	13.913043	240.000000	320.000000
0	16.923000	13.913043	240.000000	320.000000
0	16.954000	13.913043	240.000000	320.000000
0	17.001000	13.913043	240.000000	320.000000
0	17.032000	13.913043	240.000000	320.000000
0	17.063000	13.913043	240.000000	320.000000
0	17.094000	13.913043	240.000000	320.000000
0	17.126000	13.913043	240.000000	320.000000
0	17.157000	13.913043	240.000000	320.000000
0	17.188000	13.913043	240.000000	320.000000
0	17.235000	13.913043	240.000000	320.000000
0	17.266000	13.913043	240.000000	320.000000
0	17.297000	13.913043	240.000000	320.000000
0	17.328000	13.913043	240.000000	320.000000
0	17.360000	13.913043	240.000000	320.000000
0	17.391000	13.913043	240.000000	320.000000
0	17.422000	13.913043	240.000000	320.000000
0	17.453000	13.913043	240.000000	320.000000
0	17.500000	13.913043	240.000000	320.000000
0	17.531000	13.913043	240.000000	320.000000
0	17.562000	13.913043	240.000000	320.000000
0	17.594000	13.913043	240.000000	320.000000
0	17.625000	13.913043	240.000000	320.000000
0	17.656000	13.913043	240.000000	320.000000
0	17.687000	13.913043	240.000000	320.000000
0	17.734000	13.913043	240.000000	320.000000
0	17.765000	13.913043	240.000000	320.000000
0	17.796000	13.913043	240.000000	320.000000
0	17.828000	13.913043	240.000000	320.000000
0	17.859000	13.913043	240.000000	320.000000
0	17.890000	13.913043	240.000000	320.000000
0	17.921000	13.913043	240.000000	320.000000
0	17.968000	13.913043	240.000000	320.000000
0	17.999000	13.913043	240.000000	320.000000
<\LEFT-PUPIL-DATA>
<RIGHT-PUPIL-ANALYSIS>
1
0	0	18	542	0	0	0.510000	17.518999	0.509000	99.710426	0.000000	0.000000	0.000000	0	1	1	1	1	0	0	0	0.000000	0.000000	0.000000	0.000000	0.000000	0.000000	0.000000	-1.000000	0.000000	1	1.526145	0.933939	1.829440	0.685063	0.251000	-0.678357	-1.641891	-1.000000	0.234766	1	1.526145	0.933939	1.829440	0.685063	0.251000	-0.673741	-1.641891	-1.000000	0.229809
<\RIGHT-PUPIL-ANALYSIS>
<LEFT-PUPIL-ANALYSIS>
1
0	0	18	542	0	0	0.510000	17.518999	0.509000	99.710426	0.000000	0.000000	0.000000	0	1	1	1	1	0	0	0	0.000000	0.000000	0.000000	0.000000	0.000000	0.000000	0.000000	-1.000000	0.000000	0	-0.034783	-0.034783	0.000950	0.000950	0.033000	0.000000	0.000000	-1.000000	0.000000	1	-0.034783	-0.034783	0.000950	0.000950	0.033000	-1000000.000000	-1000000.000000	-1.000000	0.000000
<\LEFT-PUPIL-ANALYSIS>
%%%%%%%%%
%%%%%%%%%
%%%%%%%%%
%%%	Measurement Tiime is: 2017-08-10 09:28:28
%%%	Subject ID is: c57-1mois-DA-F3-2r
%%%	Note: 
%%%	RSS: Default Human Relative Spectral Sensitivity
%%%	Pupil Analysis:
%%%
%%%
%%%
%%%	Pulse Index:	0
%%%	Stimulus Session Index:	0
%%%	Right Pupil Stimulated
%%%	Light Metric is Photopic
%%%	Stimulus Start Time(sec):	0.51
%%%	Stimulus Duration(sec):	17.52
%%%	Stimulus Pulse Duration(sec):	0.51
%%%	Right Pulse:	99.71	(Red  )	-	0.00	(Red  )	[Lux ]
%%%	Left Pulse:	0.00	(Red  )	-	0.00	(Red  )	[Lux ]
%%%
%%%		RIGHT	LEFT	R.Pupil Mean	L.Pupil Mean	R.Stim Mean	R.Stim Mean
%%%	INPUT:	RAW DATA	RAW DATA
%%%	STATE:	ABNORMAL	ABNORMAL	ABNORMAL	ABNORMAL	ABNORMAL	ABNORMAL
%%%	MAX(mm):	0.00	0.00	0.00	0.00	0.00	0.00
%%%	MIN(mm):	0.00	0.00	0.00	0.00	0.00	0.00
%%%	DELTA(mm):						
%%%	CH(%):						
%%%	LAT(sec):	0.00	0.00	0.00	0.00	0.00	0.00
%%%	CV(mm/s):	0.00	0.00	0.00	0.00	0.00	0.00
%%%	MCV(mm/s):	0.00	0.00	0.00	0.00	0.00	0.00
%%%	DV(mm/s):	0.00	0.00	0.00	0.00	0.00	0.00
%%%%%%%%%
%%%%%%%%%
%%%%%%%%%
%%%	Right Pupil Profile (1st row -> 1 == valid tracking, 0 == invalid tracking; 2nd row -> time; 3rd row -> diameter (mm))
%%%	1	1	1	1	1	0	1	1	1	1	1	1	1	1	1	1	1	1	1	1	1	1	1	1	1	1	1	1	1	1	1	1	1	1	1	0	1	0	1	1	1	0	0	0	1	0	1	1	1	0	0	1	1	0	1	1	1	1	1	1	1	1	1	1	1	1	1	1	1	1	1	1	1	1	1	1	1	1	1	1	1	1	1	1	1	1	1	1	1	1	1	1	1	1	1	1	1	1	1	1	1	1	1	1	1	1	1	1	1	1	1	1	1	1	1	1	1	1	1	1	1	1	1	1	1	1	1	1	1	1	1	1	1	1	1	1	1	1	1	1	1	1	1	1	1	1	1	1	1	1	1	1	1	1	1	1	1	1	1	1	1	1	1	1	1	1	1	0	1	1	1	1	1	1	1	1	1	1	1	1	1	1	1	1	1	1	1	1	1	1	1	1	1	1	1	1	1	1	1	1	1	1	1	1	1	1	1	1	0	1	1	1	1	1	1	1	1	1	1	1	1	1	1	1	1	1	1	1	1	1	1	1	1	1	1	1	1	1	1	1	1	1	1	1	1	1	1	1	1	1	1	1	1	1	1	1	1	1	1	1	1	1	1	1	1	1	1	1	1	1	1	1	1	1	1	1	1	1	1	1	1	1	1	1	1	1	1	1	1	1	1	1	1	1	1	1	1	1	1	1	1	1	1	1	1	1	1	1	1	1	1	1	1	1	1	1	1	1	1	1	1	1	1	1	1	1	1	1	1	1	1	1	1	1	1	1	1	1	1	1	1	1	1	1	1	1	1	1	1	1	1	1	1	1	1	1	1	1	1	1	1	1	1	1	1	1	1	1	1	1	1	1	1	1	1	1	1	1	1	1	1	1	1	1	1	1	1	1	1	1	1	1	1	1	1	1	1	1	1	1	1	1	1	1	1	1	1	1	1	1	1	1	1	1	1	1	1	1	1	1	0	1	1	1	1	1	1	1	1	1	1	1	1	1	1	1	1	1	1	1	1	1	1	1	1	1	1	1	1	1	1	1	1	1	1	1	1	1	1	1	1	1	1	1	1	1	1	0	1	1	0	1	1	1	1	1	1	1	1	1	1	1	1	1	1	1	1	1	1	1	1	1	1	1	1	1	1	1	0	1	1	1	1	1	1	1	1	1	1	0	1	1	1	1	1	1	1	1	1	1	1	1	1	1	1	1	1	1	1	1	1	1	1	1	1	1	1	1	1	1	1	1	1
%%%	-0.066000	-0.035000	-0.003000	0.028000	0.075000	0.106000	0.137000	0.168000	0.199000	0.231000	0.262000	0.309000	0.340000	0.371000	0.402000	0.433000	0.465000	0.496000	0.527000	0.574000	0.605000	0.636000	0.667000	0.699000	0.730000	0.761000	0.792000	0.839000	0.870000	0.901000	0.933000	0.964000	0.995000	1.026000	1.073000	1.104000	1.135000	1.167000	1.198000	1.229000	1.260000	1.307000	1.338000	1.369000	1.401000	1.432000	1.463000	1.494000	1.525000	1.572000	1.603000	1.635000	1.666000	1.697000	1.728000	1.759000	1.806000	1.837000	1.869000	1.900000	1.931000	1.962000	1.993000	2.040000	2.071000	2.103000	2.134000	2.165000	2.196000	2.227000	2.259000	2.305000	2.337000	2.368000	2.399000	2.430000	2.461000	2.493000	2.539000	2.571000	2.602000	2.633000	2.664000	2.695000	2.727000	2.773000	2.805000	2.836000	2.867000	2.898000	2.929000	2.961000	2.992000	3.039000	3.070000	3.101000	3.132000	3.163000	3.195000	3.226000	3.273000	3.304000	3.335000	3.366000	3.397000	3.429000	3.460000	3.507000	3.538000	3.569000	3.600000	3.631000	3.663000	3.694000	3.725000	3.772000	3.803000	3.834000	3.865000	3.897000	3.928000	3.959000	4.006000	4.037000	4.068000	4.099000	4.131000	4.162000	4.193000	4.240000	4.271000	4.302000	4.333000	4.365000	4.396000	4.427000	4.458000	4.505000	4.536000	4.567000	4.599000	4.630000	4.661000	4.692000	4.723000	4.770000	4.801000	4.833000	4.864000	4.895000	4.926000	4.957000	5.004000	5.035000	5.067000	5.098000	5.129000	5.160000	5.191000	5.238000	5.269000	5.301000	5.332000	5.363000	5.394000	5.425000	5.457000	5.503000	5.535000	5.566000	5.597000	5.628000	5.659000	5.691000	5.737000	5.769000	5.800000	5.831000	5.862000	5.893000	5.925000	5.971000	6.003000	6.034000	6.065000	6.096000	6.127000	6.159000	6.190000	6.237000	6.268000	6.299000	6.330000	6.361000	6.393000	6.424000	6.471000	6.502000	6.533000	6.564000	6.595000	6.627000	6.658000	6.705000	6.736000	6.767000	6.798000	6.829000	6.861000	6.892000	6.923000	6.970000	7.001000	7.032000	7.063000	7.095000	7.126000	7.157000	7.204000	7.235000	7.266000	7.298000	7.329000	7.360000	7.391000	7.438000	7.469000	7.500000	7.532000	7.563000	7.594000	7.625000	7.656000	7.703000	7.734000	7.766000	7.797000	7.828000	7.859000	7.890000	7.937000	7.968000	8.000000	8.031000	8.062000	8.093000	8.124000	8.171000	8.202000	8.234000	8.265000	8.296000	8.327000	8.358000	8.390000	8.436000	8.468000	8.499000	8.530000	8.561000	8.592000	8.624000	8.670000	8.702000	8.733000	8.764000	8.795000	8.826000	8.858000	8.889000	8.936000	8.967000	8.998000	9.029000	9.060000	9.092000	9.123000	9.170000	9.201000	9.232000	9.263000	9.294000	9.326000	9.357000	9.404000	9.435000	9.466000	9.497000	9.528000	9.560000	9.591000	9.622000	9.669000	9.700000	9.731000	9.762000	9.794000	9.825000	9.856000	9.903000	9.934000	9.965000	9.996000	10.028000	10.059000	10.090000	10.137000	10.168000	10.199000	10.230000	10.262000	10.293000	10.324000	10.355000	10.402000	10.433000	10.464000	10.496000	10.527000	10.558000	10.589000	10.636000	10.667000	10.698000	10.730000	10.761000	10.792000	10.823000	10.854000	10.901000	10.932000	10.964000	10.995000	11.026000	11.057000	11.088000	11.135000	11.166000	11.198000	11.229000	11.260000	11.291000	11.322000	11.369000	11.400000	11.432000	11.463000	11.494000	11.525000	11.556000	11.588000	11.634000	11.666000	11.697000	11.728000	11.759000	11.790000	11.822000	11.868000	11.900000	11.931000	11.962000	11.993000	12.024000	12.056000	12.102000	12.134000	12.165000	12.196000	12.227000	12.258000	12.290000	12.321000	12.368000	12.399000	12.430000	12.461000	12.492000	12.524000	12.555000	12.602000	12.633000	12.664000	12.695000	12.726000	12.758000	12.789000	12.820000	12.867000	12.898000	12.929000	12.960000	12.992000	13.023000	13.054000	13.101000	13.132000	13.163000	13.194000	13.226000	13.257000	13.288000	13.335000	13.366000	13.397000	13.428000	13.460000	13.491000	13.522000	13.553000	13.600000	13.631000	13.662000	13.694000	13.725000	13.756000	13.787000	13.834000	13.865000	13.896000	13.928000	13.959000	13.990000	14.021000	14.068000	14.099000	14.130000	14.162000	14.193000	14.224000	14.255000	14.286000	14.333000	14.364000	14.396000	14.427000	14.458000	14.489000	14.520000	14.567000	14.598000	14.630000	14.661000	14.692000	14.723000	14.754000	14.801000	14.832000	14.864000	14.895000	14.926000	14.957000	14.988000	15.020000	15.066000	15.098000	15.129000	15.160000	15.191000	15.222000	15.254000	15.300000	15.332000	15.363000	15.394000	15.425000	15.456000	15.488000	15.534000	15.566000	15.597000	15.628000	15.659000	15.690000	15.722000	15.753000	15.800000	15.831000	15.862000	15.893000	15.924000	15.956000	15.987000	16.034000	16.065000	16.096000	16.127000	16.158000	16.190000	16.221000	16.268000	16.299000	16.330000	16.361000	16.392000	16.424000	16.455000	16.486000	16.533000	16.564000	16.595000	16.626000	16.658000	16.689000	16.720000	16.751000	16.798000	16.829000	16.860000	16.892000	16.923000	16.954000	16.985000	17.032000	17.063000	17.094000	17.126000	17.157000	17.188000	17.219000	17.266000	17.297000	17.328000	17.360000	17.391000	17.422000	17.453000	17.484000	17.531000	17.562000	17.594000	17.625000	17.656000	17.687000	17.718000	17.765000	17.796000	17.828000	17.859000	17.890000	17.921000	17.952000	17.999000
%%%	1.542029	1.538406	1.538986	1.545507	1.566232	1.398986	1.524638	1.558116	1.521159	1.530435	1.552754	1.528116	1.483188	1.575507	1.537971	1.518986	1.495797	1.507536	1.540290	1.393768	1.501594	1.553333	1.512464	1.522899	1.522319	1.519710	1.426667	1.427681	1.386377	1.331594	1.305362	1.231449	1.191884	1.131884	1.113623	1.008116	1.062464	0.952754	0.974638	1.008841	0.939710	0.881159	0.841884	0.871014	0.951159	0.840725	0.959855	0.929855	0.927681	0.735362	0.885362	0.931594	0.987536	0.892898	0.989710	0.944928	1.078261	0.983768	1.117971	1.081015	1.132754	1.124058	1.092319	1.133768	1.105507	1.118551	1.114057	1.148986	1.131014	1.062029	1.078261	1.147971	1.157246	1.135797	1.146667	1.168986	1.156667	1.151160	1.147826	1.166667	1.154928	1.202754	1.182609	1.202754	1.179855	1.200000	1.159420	1.201449	1.159855	1.173768	1.147826	1.179710	1.147826	1.165942	1.165072	1.151014	1.170580	1.165362	1.164058	1.174058	1.181014	1.185362	1.166667	1.192899	1.191884	1.191884	1.174493	1.181014	1.192899	1.202029	1.164058	1.201594	1.177246	1.181014	1.188406	1.203188	1.191884	1.181449	1.223333	1.206812	1.181449	1.182609	1.220725	1.223188	1.225507	1.203333	1.194203	1.211884	1.209855	1.207536	1.220145	1.240580	1.222754	1.220580	1.211449	1.229275	1.199855	1.209275	1.212464	1.229855	1.220145	1.167971	1.220145	1.132754	1.238551	1.212464	1.232029	1.157971	1.236812	1.231159	1.234783	1.221159	1.209275	1.220725	1.234783	1.212464	1.138551	1.242319	1.229855	1.233768	1.240290	1.199420	1.203333	1.264203	1.248986	1.239710	1.269420	0.847971	1.254058	1.165362	1.240145	1.254928	1.266667	1.270145	1.281014	1.278841	1.217391	1.286377	1.274638	1.270145	1.262319	1.247826	1.253333	1.281014	1.250580	1.264638	1.270145	1.246812	1.248986	1.263043	1.253768	1.249420	1.278841	1.286812	1.268986	1.283623	1.265942	1.272754	1.289710	1.217391	1.257246	1.238551	1.275942	1.272319	1.263768	1.280724	1.285797	1.272899	1.061449	1.295797	1.278840	1.264638	1.253768	1.270290	1.285942	1.281159	1.286957	1.217391	1.274058	1.310145	1.284203	1.272464	1.269710	1.286957	1.274927	1.271159	1.310145	1.285797	1.309855	1.259855	1.286957	1.264203	1.292029	1.286377	1.281884	1.285797	1.322899	1.310290	1.326667	1.285362	1.217391	1.299855	1.277246	1.266667	1.290145	1.291159	1.276812	1.242319	1.255362	1.276812	1.263768	1.252174	1.269130	1.273768	1.282899	1.267246	1.310145	1.301160	1.285797	1.286957	1.298551	1.290435	1.303768	1.310145	1.303188	1.292029	1.286957	1.290579	1.285797	1.175073	1.322319	1.267971	1.292899	1.290580	1.322899	1.327681	1.304928	1.322319	1.353333	1.356522	1.366667	1.329855	1.344638	1.366377	1.370725	1.362754	1.366377	1.344058	1.341884	1.327681	1.342899	1.370145	1.331884	1.359275	1.327246	1.334058	1.344058	1.344058	1.324493	1.346232	1.327101	1.324927	1.329855	1.289710	1.342899	1.310145	1.334783	1.342899	1.325652	1.309855	1.342319	1.286377	1.303623	1.327681	1.328985	1.325073	1.314058	1.330435	1.328986	1.333333	1.322319	1.327536	1.327246	1.344058	1.322754	1.344638	1.327681	1.342899	1.334203	1.335942	1.327681	1.341884	1.325507	1.285942	1.317971	1.311884	1.333188	1.314493	1.344928	1.365072	1.333768	1.331014	1.361014	1.330435	1.320145	1.324493	1.293333	1.310145	1.310145	1.290290	1.286957	1.279420	1.273188	1.298551	1.279420	1.298551	1.237536	1.272754	1.290290	1.288986	1.291159	1.310145	1.294058	1.256667	1.306232	1.257246	1.292464	1.269710	1.286957	1.290725	1.322899	1.290725	1.290290	1.322319	1.287971	1.326667	1.289855	1.274058	1.232464	1.237536	1.253188	1.284203	1.295652	1.274927	1.275073	1.292754	1.290145	1.288986	1.298551	1.296377	1.287971	1.285797	1.333623	1.295797	1.326812	1.328986	1.322899	1.322899	1.309710	1.275797	1.274493	1.310145	1.246087	1.272754	1.305942	1.268261	1.277536	1.285942	1.322319	1.283188	1.268551	1.242899	1.253333	1.220145	1.217391	1.270725	1.282609	1.301449	1.221159	1.217391	1.062029	1.244058	1.266667	1.254928	1.235362	1.199420	1.235362	1.217246	1.265942	1.229275	1.253333	1.219420	1.263768	1.309855	1.327681	1.330145	1.318406	1.309855	1.326667	1.296377	1.322899	1.304928	1.333333	1.290290	1.298551	1.327246	1.291015	1.328406	1.313623	1.328406	1.311449	1.327536	1.324927	1.332464	1.285797	1.331449	1.289710	1.278841	1.341884	1.305072	1.281304	1.285797	1.286812	1.296812	1.309710	1.299855	1.286957	1.059855	1.294638	1.292319	1.156667	1.307246	1.331449	1.330145	1.344638	1.327681	1.328261	1.311449	1.331014	1.330435	1.324927	1.327246	1.365797	1.330435	1.344493	1.344058	1.344058	1.330145	1.328841	1.330725	1.328985	1.293333	1.309855	1.191884	1.310290	1.290145	1.284203	1.292464	0.975072	1.267246	1.325073	1.326667	1.320290	1.330290	1.304348	1.322899	1.344058	1.327246	1.330725	1.079420	1.286957	1.309710	1.300580	1.304928	1.285797	1.298986	1.277246	1.277246	1.292754	1.301449	1.290580	1.313623	1.283188	1.291159	1.281594	1.327246	1.275362	1.309275	1.263768	1.274058	1.290725	1.327246	1.324493	1.324493	1.344493	1.305942	1.350725	1.326667	1.341884	1.324638	1.290145	1.296377	1.294058
%%%	Left Pupil Profile (1st row -> 1 == valid tracking, 0 == invalid tracking; 2nd row -> time; 3rd row -> diameter (mm))
%%%	0	0	0	0	0	0	0	0	0	0	0	0	0	0	0	0	0	0	0	0	0	0	0	0	0	0	0	0	0	0	0	0	0	0	0	0	0	0	0	0	0	0	0	0	0	0	0	0	0	0	0	0	0	0	0	0	0	0	0	0	0	0	0	0	0	0	0	0	0	0	0	0	0	0	0	0	0	0	0	0	0	0	0	0	0	0	0	0	0	0	0	0	0	0	0	0	0	0	0	0	0	0	0	0	0	0	0	0	0	0	0	0	0	0	0	0	0	0	0	0	0	0	0	0	0	0	0	0	0	0	0	0	0	0	0	0	0	0	0	0	0	0	0	0	0	0	0	0	0	0	0	0	0	0	0	0	0	0	0	0	0	0	0	0	0	0	0	0	0	0	0	0	0	0	0	0	0	0	0	0	0	0	0	0	0	0	0	0	0	0	0	0	0	0	0	0	0	0	0	0	0	0	0	0	0	0	0	0	0	0	0	0	0	0	0	0	0	0	0	0	0	0	0	0	0	0	0	0	0	0	0	0	0	0	0	0	0	0	0	0	0	0	0	0	0	0	0	0	0	0	0	0	0	0	0	0	0	0	0	0	0	0	0	0	0	0	0	0	0	0	0	0	0	0	0	0	0	0	0	0	0	0	0	0	0	0	0	0	0	0	0	0	0	0	0	0	0	0	0	0	0	0	0	0	0	0	0	0	0	0	0	0	0	0	0	0	0	0	0	0	0	0	0	0	0	0	0	0	0	0	0	0	0	0	0	0	0	0	0	0	0	0	0	0	0	0	0	0	0	0	0	0	0	0	0	0	0	0	0	0	0	0	0	0	0	0	0	0	0	0	0	0	0	0	0	0	0	0	0	0	0	0	0	0	0	0	0	0	0	0	0	0	0	0	0	0	0	0	0	0	0	0	0	0	0	0	0	0	0	0	0	0	0	0	0	0	0	0	0	0	0	0	0	0	0	0	0	0	0	0	0	0	0	0	0	0	0	0	0	0	0	0	0	0	0	0	0	0	0	0	0	0	0	0	0	0	0	0	0	0	0	0	0	0	0	0	0	0	0	0	0	0	0	0	0	0	0	0	0	0	0	0	0	0	0	0	0	0	0	0	0	0	0	0	0	0	0	0	0	0	0	0	0	0	0	0	0	0	0	0	0	0	0	0	0	0	0	0	0	0	0	0	0	0	0	0	0	0	0	0	0	0	0	0	0	0	0	0	0	0	0	0	0
%%%	-0.066000	-0.035000	-0.003000	0.043000	0.075000	0.106000	0.137000	0.168000	0.199000	0.231000	0.277000	0.309000	0.340000	0.371000	0.402000	0.433000	0.465000	0.496000	0.543000	0.574000	0.605000	0.636000	0.667000	0.699000	0.730000	0.777000	0.808000	0.839000	0.870000	0.901000	0.933000	0.964000	1.011000	1.042000	1.073000	1.104000	1.135000	1.167000	1.198000	1.229000	1.276000	1.307000	1.338000	1.369000	1.401000	1.432000	1.463000	1.494000	1.541000	1.572000	1.603000	1.635000	1.666000	1.697000	1.728000	1.775000	1.806000	1.837000	1.869000	1.900000	1.931000	1.962000	2.009000	2.040000	2.071000	2.103000	2.134000	2.165000	2.196000	2.227000	2.274000	2.305000	2.337000	2.368000	2.399000	2.430000	2.461000	2.508000	2.539000	2.571000	2.602000	2.633000	2.664000	2.695000	2.742000	2.773000	2.805000	2.836000	2.867000	2.898000	2.929000	2.961000	3.007000	3.039000	3.070000	3.101000	3.132000	3.163000	3.195000	3.241000	3.273000	3.304000	3.335000	3.366000	3.397000	3.429000	3.475000	3.507000	3.538000	3.569000	3.600000	3.631000	3.663000	3.694000	3.741000	3.772000	3.803000	3.834000	3.865000	3.897000	3.928000	3.975000	4.006000	4.037000	4.068000	4.099000	4.131000	4.162000	4.209000	4.240000	4.271000	4.302000	4.333000	4.365000	4.396000	4.427000	4.474000	4.505000	4.536000	4.567000	4.599000	4.630000	4.661000	4.708000	4.739000	4.770000	4.801000	4.833000	4.864000	4.895000	4.942000	4.973000	5.004000	5.035000	5.067000	5.098000	5.129000	5.160000	5.207000	5.238000	5.269000	5.301000	5.332000	5.363000	5.394000	5.441000	5.472000	5.503000	5.535000	5.566000	5.597000	5.628000	5.659000	5.706000	5.737000	5.769000	5.800000	5.831000	5.862000	5.893000	5.940000	5.971000	6.003000	6.034000	6.065000	6.096000	6.127000	6.159000	6.205000	6.237000	6.268000	6.299000	6.330000	6.361000	6.393000	6.439000	6.471000	6.502000	6.533000	6.564000	6.595000	6.627000	6.673000	6.705000	6.736000	6.767000	6.798000	6.829000	6.861000	6.892000	6.939000	6.970000	7.001000	7.032000	7.063000	7.095000	7.126000	7.173000	7.204000	7.235000	7.266000	7.298000	7.329000	7.360000	7.407000	7.438000	7.469000	7.500000	7.532000	7.563000	7.594000	7.625000	7.672000	7.703000	7.734000	7.766000	7.797000	7.828000	7.859000	7.906000	7.937000	7.968000	8.000000	8.031000	8.062000	8.093000	8.140000	8.171000	8.202000	8.234000	8.265000	8.296000	8.327000	8.358000	8.405000	8.436000	8.468000	8.499000	8.530000	8.561000	8.592000	8.639000	8.670000	8.702000	8.733000	8.764000	8.795000	8.826000	8.873000	8.904000	8.936000	8.967000	8.998000	9.029000	9.060000	9.092000	9.138000	9.170000	9.201000	9.232000	9.263000	9.294000	9.326000	9.372000	9.404000	9.435000	9.466000	9.497000	9.528000	9.560000	9.591000	9.638000	9.669000	9.700000	9.731000	9.762000	9.794000	9.825000	9.872000	9.903000	9.934000	9.965000	9.996000	10.028000	10.059000	10.106000	10.137000	10.168000	10.199000	10.230000	10.262000	10.293000	10.324000	10.371000	10.402000	10.433000	10.464000	10.496000	10.527000	10.558000	10.605000	10.636000	10.667000	10.698000	10.730000	10.761000	10.792000	10.839000	10.870000	10.901000	10.932000	10.964000	10.995000	11.026000	11.057000	11.104000	11.135000	11.166000	11.198000	11.229000	11.260000	11.291000	11.338000	11.369000	11.400000	11.432000	11.463000	11.494000	11.525000	11.556000	11.603000	11.634000	11.666000	11.697000	11.728000	11.759000	11.790000	11.837000	11.868000	11.900000	11.931000	11.962000	11.993000	12.024000	12.071000	12.102000	12.134000	12.165000	12.196000	12.227000	12.258000	12.290000	12.336000	12.368000	12.399000	12.430000	12.461000	12.492000	12.524000	12.570000	12.602000	12.633000	12.664000	12.695000	12.726000	12.758000	12.804000	12.836000	12.867000	12.898000	12.929000	12.960000	12.992000	13.023000	13.070000	13.101000	13.132000	13.163000	13.194000	13.226000	13.257000	13.304000	13.335000	13.366000	13.397000	13.428000	13.460000	13.491000	13.522000	13.569000	13.600000	13.631000	13.662000	13.694000	13.725000	13.756000	13.803000	13.834000	13.865000	13.896000	13.928000	13.959000	13.990000	14.037000	14.068000	14.099000	14.130000	14.162000	14.193000	14.224000	14.255000	14.302000	14.333000	14.364000	14.396000	14.427000	14.458000	14.489000	14.536000	14.567000	14.598000	14.630000	14.661000	14.692000	14.723000	14.770000	14.801000	14.832000	14.864000	14.895000	14.926000	14.957000	14.988000	15.035000	15.066000	15.098000	15.129000	15.160000	15.191000	15.222000	15.269000	15.300000	15.332000	15.363000	15.394000	15.425000	15.456000	15.503000	15.534000	15.566000	15.597000	15.628000	15.659000	15.690000	15.722000	15.768000	15.800000	15.831000	15.862000	15.893000	15.924000	15.956000	16.002000	16.034000	16.065000	16.096000	16.127000	16.158000	16.190000	16.221000	16.268000	16.299000	16.330000	16.361000	16.392000	16.424000	16.455000	16.502000	16.533000	16.564000	16.595000	16.626000	16.658000	16.689000	16.736000	16.767000	16.798000	16.829000	16.860000	16.892000	16.923000	16.954000	17.001000	17.032000	17.063000	17.094000	17.126000	17.157000	17.188000	17.235000	17.266000	17.297000	17.328000	17.360000	17.391000	17.422000	17.453000	17.500000	17.531000	17.562000	17.594000	17.625000	17.656000	17.687000	17.734000	17.765000	17.796000	17.828000	17.859000	17.890000	17.921000	17.968000	17.999000
%%%	13.913043	13.913043	13.913043	13.913043	13.913043	13.913043	13.913043	13.913043	13.913043	13.913043	13.913043	13.913043	13.913043	13.913043	13.913043	13.913043	13.913043	13.913043	13.913043	13.913043	13.913043	13.913043	13.913043	13.913043	13.913043	13.913043	13.913043	13.913043	13.913043	13.913043	13.913043	13.913043	13.913043	13.913043	13.913043	13.913043	13.913043	13.913043	13.913043	13.913043	13.913043	13.913043	13.913043	13.913043	13.913043	13.913043	13.913043	13.913043	13.913043	13.913043	13.913043	13.913043	13.913043	13.913043	13.913043	13.913043	13.913043	13.913043	13.913043	13.913043	13.913043	13.913043	13.913043	13.913043	13.913043	13.913043	13.913043	13.913043	13.913043	13.913043	13.913043	13.913043	13.913043	13.913043	13.913043	13.913043	13.913043	13.913043	13.913043	13.913043	13.913043	13.913043	13.913043	13.913043	13.913043	13.913043	13.913043	13.913043	13.913043	13.913043	13.913043	13.913043	13.913043	13.913043	13.913043	13.913043	13.913043	13.913043	13.913043	13.913043	13.913043	13.913043	13.913043	13.913043	13.913043	13.913043	13.913043	13.913043	13.913043	13.913043	13.913043	13.913043	13.913043	13.913043	13.913043	13.913043	13.913043	13.913043	13.913043	13.913043	13.913043	13.913043	13.913043	13.913043	13.913043	13.913043	13.913043	13.913043	13.913043	13.913043	13.913043	13.913043	13.913043	13.913043	13.913043	13.913043	13.913043	13.913043	13.913043	13.913043	13.913043	13.913043	13.913043	13.913043	13.913043	13.913043	13.913043	13.913043	13.913043	13.913043	13.913043	13.913043	13.913043	13.913043	13.913043	13.913043	13.913043	13.913043	13.913043	13.913043	13.913043	13.913043	13.913043	13.913043	13.913043	13.913043	13.913043	13.913043	13.913043	13.913043	13.913043	13.913043	13.913043	13.913043	13.913043	13.913043	13.913043	13.913043	13.913043	13.913043	13.913043	13.913043	13.913043	13.913043	13.913043	13.913043	13.913043	13.913043	13.913043	13.913043	13.913043	13.913043	13.913043	13.913043	13.913043	13.913043	13.913043	13.913043	13.913043	13.913043	13.913043	13.913043	13.913043	13.913043	13.913043	13.913043	13.913043	13.913043	13.913043	13.913043	13.913043	13.913043	13.913043	13.913043	13.913043	13.913043	13.913043	13.913043	13.913043	13.913043	13.913043	13.913043	13.913043	13.913043	13.913043	13.913043	13.913043	13.913043	13.913043	13.913043	13.913043	13.913043	13.913043	13.913043	13.913043	13.913043	13.913043	13.913043	13.913043	13.913043	13.913043	13.913043	13.913043	13.913043	13.913043	13.913043	13.913043	13.913043	13.913043	13.913043	13.913043	13.913043	13.913043	13.913043	13.913043	13.913043	13.913043	13.913043	13.913043	13.913043	13.913043	13.913043	13.913043	13.913043	13.913043	13.913043	13.913043	13.913043	13.913043	13.913043	13.913043	13.913043	13.913043	13.913043	13.913043	13.913043	13.913043	13.913043	13.913043	13.913043	13.913043	13.913043	13.913043	13.913043	13.913043	13.913043	13.913043	13.913043	13.913043	13.913043	13.913043	13.913043	13.913043	13.913043	13.913043	13.913043	13.913043	13.913043	13.913043	13.913043	13.913043	13.913043	13.913043	13.913043	13.913043	13.913043	13.913043	13.913043	13.913043	13.913043	13.913043	13.913043	13.913043	13.913043	13.913043	13.913043	13.913043	13.913043	13.913043	13.913043	13.913043	13.913043	13.913043	13.913043	13.913043	13.913043	13.913043	13.913043	13.913043	13.913043	13.913043	13.913043	13.913043	13.913043	13.913043	13.913043	13.913043	13.913043	13.913043	13.913043	13.913043	13.913043	13.913043	13.913043	13.913043	13.913043	13.913043	13.913043	13.913043	13.913043	13.913043	13.913043	13.913043	13.913043	13.913043	13.913043	13.913043	13.913043	13.913043	13.913043	13.913043	13.913043	13.913043	13.913043	13.913043	13.913043	13.913043	13.913043	13.913043	13.913043	13.913043	13.913043	13.913043	13.913043	13.913043	13.913043	13.913043	13.913043	13.913043	13.913043	13.913043	13.913043	13.913043	13.913043	13.913043	13.913043	13.913043	13.913043	13.913043	13.913043	13.913043	13.913043	13.913043	13.913043	13.913043	13.913043	13.913043	13.913043	13.913043	13.913043	13.913043	13.913043	13.913043	13.913043	13.913043	13.913043	13.913043	13.913043	13.913043	13.913043	13.913043	13.913043	13.913043	13.913043	13.913043	13.913043	13.913043	13.913043	13.913043	13.913043	13.913043	13.913043	13.913043	13.913043	13.913043	13.913043	13.913043	13.913043	13.913043	13.913043	13.913043	13.913043	13.913043	13.913043	13.913043	13.913043	13.913043	13.913043	13.913043	13.913043	13.913043	13.913043	13.913043	13.913043	13.913043	13.913043	13.913043	13.913043	13.913043	13.913043	13.913043	13.913043	13.913043	13.913043	13.913043	13.913043	13.913043	13.913043	13.913043	13.913043	13.913043	13.913043	13.913043	13.913043	13.913043	13.913043	13.913043	13.913043	13.913043	13.913043	13.913043	13.913043	13.913043	13.913043	13.913043	13.913043	13.913043	13.913043	13.913043	13.913043	13.913043	13.913043	13.913043	13.913043	13.913043	13.913043	13.913043	13.913043	13.913043	13.913043	13.913043	13.913043	13.913043	13.913043	13.913043	13.913043	13.913043	13.913043	13.913043	13.913043	13.913043	13.913043	13.913043	13.913043	13.913043	13.913043	13.913043	13.913043	13.913043	13.913043	13.913043	13.913043	13.913043	13.913043	13.913043	13.913043	13.913043	13.913043	13.913043	13.913043	13.913043	13.913043	13.913043	13.913043	13.913043	13.913043	13.913043	13.913043	13.913043	13.913043	13.913043	13.913043	13.913043	13.913043	13.913043	13.913043	13.913043	13.913043	13.913043	13.913043	13.913043	13.913043	13.913043
%%%	Pulse Index	Stimulus Section Index	Stimulus Section Start Index	Stimulus Section End Index	Pupil Stimulated: 0 = Right, 1 = Left, 2 = Both	Light Metric: 0 = Photopic, 1 = Scopotic, 2 = Radiometric	Stimulus Start Time	Stimulus Duration	Stimulus Pulse Duration	Right Pulse Max Level	Right Pulse Max Color (0123 = WRGB)	Right Pulse Min Level	Right Pulse Min Color (0123 = WRGB)	Left Pulse Max Level	Left Pulse Max Color (0123 = WRGB)	Left Pulse Min Level	Left Pulse Min Color (0123 = WRGB)	Right Data Input Type (0 == RAW DATA, 1 == FITTED DATA, 2 == M. OVERRIDED)	Right ANALYSIS STATE (0 == ABNORMAL, 1 == NORMAL)	Right MAX (mm) (EMPTY if INVALID)	Right MIN (mm) (EMPTY if INVALID)	Right DELTA (mm) (EMPTY if INVALID)	Right CH (%) (EMPTY if INVALID)	Right LAT (sec) (EMPTY if INVALID)	Right CV (mm/s) (EMPTY if INVALID)	Right MCV (mm/s) (EMPTY if INVALID)	Right DV (mm/s) (EMPTY if INVALID)	Left Data Input Type (0 == RAW DATA, 1 == FITTED DATA, 2 == M. OVERRIDED)	Left ANALYSIS STATE (0 == ABNORMAL, 1 == NORMAL)	Left MAX (mm) (EMPTY if INVALID)	Left MIN (mm) (EMPTY if INVALID)	Left DELTA (mm) (EMPTY if INVALID)	Left CH (%) (EMPTY if INVALID)	Left LAT (sec) (EMPTY if INVALID)	Left CV (mm/s) (EMPTY if INVALID)	Left MCV (mm/s) (EMPTY if INVALID)	Left DV (mm/s) (EMPTY if INVALID)
%%%	0	0	18	542	0	0	0.51	17.52	0.51	99.71	1	0.00	1	0.00	1	0.00	1	0	0	0.00	0.00			0.00	0.00	0.00	0.00	0	0	0.00	0.00			0.00	0.00	0.00	0.00
%%%%%%%%%
%%%%%%%%%
%%%%%%%%%
<\SESSION>
