<SESSION>
<VERSION>
2
<\VERSION>
<DATE>
2017-08-10 09:02:45
<\DATE>
<SUBJECT-ID>
c57-1mois-DA-F1-4.5r
<\SUBJECT-ID>
<NOTE>

<\NOTE>
<MIN-MAX-PLOT>
0.100000 51880.761719
<\MIN-MAX-PLOT>
<STIMULUS-DEFINED>
Default
Default Human Relative Spectral Sensitivity
1	0
1	0.500000	0.500000	17.000000	1	1	4.500000	-100.000000	0.100000	-100.000000	0
<\STIMULUS-DEFINED>
<STIMULUS-GENERATED>
4
0	0	0.000000	1	0.000000	0.000000	1	0.000000	0.000000
0	1	0.509000	1	129.044220	31625.173828	1	0.000000	0.000000
0	4	1.019000	1	0.000000	0.000000	1	0.000000	0.000000
-1	5	18.028000	0	0.000000	0.000000	0	0.000000	0.000000
<\STIMULUS-GENERATED>
<RIGHT-PUPIL-DATA>
543	1
1	-0.067000	1.171015	289.000000	186.500000
1	-0.036000	1.167971	289.206238	186.218750
1	-0.005000	1.138116	287.868744	185.243744
1	0.042000	1.129710	289.231262	186.518738
1	0.073000	1.147826	287.000000	186.500000
1	0.104000	1.160435	288.006256	187.293671
1	0.135000	1.167826	286.237488	186.637512
1	0.167000	1.181159	286.687500	186.049988
1	0.198000	1.147826	287.000000	186.500000
1	0.229000	1.167971	288.218750	186.781250
1	0.276000	1.147826	287.000000	186.500000
1	0.307000	1.150145	287.325012	187.000000
1	0.338000	1.147826	287.000000	186.500000
1	0.369000	1.136232	287.000000	186.500000
1	0.401000	1.147826	287.000000	186.500000
1	0.432000	1.167971	286.781250	187.218750
1	0.463000	1.190290	287.493744	187.493744
1	0.510000	1.159420	288.000000	186.500000
1	0.541000	1.159710	288.337494	186.337494
1	0.572000	1.150725	288.250000	187.000000
1	0.603000	1.159420	288.000000	186.500000
1	0.635000	1.147826	287.000000	186.500000
1	0.666000	1.147826	287.000000	186.500000
1	0.697000	1.168116	288.237488	186.799988
1	0.728000	1.131449	289.256256	186.293732
1	0.775000	1.146232	290.343750	185.718750
1	0.806000	1.104928	289.875000	185.375000
1	0.837000	1.079275	290.993744	185.993744
1	0.869000	1.044638	291.074982	185.975006
1	0.900000	1.052899	290.893738	185.893738
1	0.931000	0.998986	290.568726	185.881287
1	0.962000	0.985362	290.281250	186.156250
1	1.009000	0.951159	291.181244	186.193756
1	1.040000	0.910725	290.949982	184.649994
1	1.071000	0.869710	291.068756	184.543732
1	1.103000	0.869565	291.000000	186.500000
1	1.134000	0.892754	291.000000	184.500000
1	1.165000	0.831160	291.456207	185.656097
1	1.196000	0.869565	291.000000	186.500000
1	1.243000	0.765797	290.000000	185.250000
1	1.274000	0.792464	290.037506	185.024994
1	1.305000	0.764058	290.399994	184.774994
1	1.337000	0.753623	291.000000	184.500000
1	1.368000	0.748406	291.375000	184.375000
1	1.399000	0.776812	291.000000	182.500000
1	1.430000	0.722319	290.937500	184.000000
1	1.461000	0.776812	291.000000	186.500000
1	1.508000	0.742319	290.287506	185.337494
1	1.539000	0.734783	289.500000	184.875000
1	1.571000	0.776812	291.000000	186.500000
1	1.602000	0.717971	290.049988	186.000000
1	1.633000	0.733623	291.462494	184.412506
1	1.664000	0.684058	290.500000	185.000000
1	1.695000	0.722899	290.975006	185.975006
1	1.742000	0.696232	290.000000	186.000000
1	1.773000	0.730435	290.000000	185.500000
1	1.805000	0.678986	290.250000	185.500000
1	1.836000	0.696812	289.975006	186.337494
1	1.867000	0.681594	290.968781	185.443756
1	1.898000	0.689710	291.593750	185.093750
1	1.929000	0.668551	291.418732	185.256256
1	1.976000	0.707101	291.843750	184.843750
1	2.007000	0.698406	292.718750	184.718750
1	2.039000	0.698985	291.693756	185.006256
1	2.070000	0.703188	291.399994	184.850006
1	2.101000	0.703188	291.774994	184.850006
0	2.132000	1.171015	293.000000	172.500000
1	2.163000	0.715797	292.031250	184.031250
1	2.195000	0.703188	291.850006	182.774994
1	2.241000	0.737536	292.793793	183.631317
1	2.273000	0.742029	292.000000	184.500000
1	2.304000	0.709855	291.837494	183.837494
1	2.335000	0.734928	291.493744	184.431244
1	2.366000	0.725507	290.937500	184.187500
1	2.397000	0.713043	291.000000	184.000000
0	2.429000	0.776812	291.000000	182.500000
1	2.475000	0.776812	291.000000	182.500000
1	2.507000	0.776812	291.000000	182.500000
1	2.538000	0.776812	291.000000	182.500000
0	2.569000	0.776812	291.000000	182.500000
0	2.600000	0.684058	291.000000	186.500000
1	2.631000	0.730435	292.000000	183.500000
1	2.663000	0.745072	290.706238	183.331238
1	2.694000	0.748985	291.262482	183.399994
1	2.741000	0.730435	291.500000	183.000000
1	2.772000	0.753623	291.500000	183.000000
1	2.803000	0.776812	291.000000	182.500000
1	2.834000	0.776812	291.000000	182.500000
1	2.865000	0.751015	292.350006	183.412506
1	2.897000	0.742898	291.687500	183.312500
1	2.928000	0.759855	291.431244	182.556244
1	2.975000	0.742898	290.687500	182.312500
1	3.006000	0.742029	291.250000	182.750000
1	3.037000	0.751015	291.612640	182.824982
1	3.068000	0.766232	292.043732	183.056183
1	3.099000	0.759855	292.556244	182.568756
1	3.131000	0.776667	291.518768	183.093719
1	3.162000	0.739710	291.625000	182.625000
1	3.209000	0.741884	290.356262	183.331238
1	3.240000	0.759420	290.924988	183.112488
1	3.271000	0.772029	290.143707	182.856232
1	3.302000	0.761159	290.600006	182.550018
1	3.333000	0.779420	291.162506	181.787506
1	3.365000	0.761594	291.543762	181.543762
1	3.396000	0.755942	291.500000	182.125000
1	3.427000	0.771884	291.162567	181.874969
1	3.474000	0.775072	291.149994	181.874969
1	3.505000	0.770725	290.662506	181.962494
1	3.536000	0.777681	290.237488	182.137512
1	3.567000	0.749710	290.418762	182.431213
1	3.599000	0.748406	290.750000	181.375000
1	3.630000	0.792898	291.156250	181.031250
1	3.661000	0.759710	291.412506	181.462494
1	3.708000	0.778841	291.187500	181.799988
1	3.739000	0.759275	291.468750	181.406250
1	3.770000	0.759710	290.587494	181.587494
1	3.801000	0.761594	290.456238	182.281250
1	3.833000	0.765797	289.750000	181.000000
1	3.864000	0.776812	290.500000	182.000000
1	3.895000	0.786232	289.956238	180.781250
1	3.926000	0.788551	291.093750	181.643738
1	3.973000	0.764638	291.000000	181.250000
1	4.004000	0.814058	290.693756	181.681244
1	4.035000	0.788406	290.950012	181.987488
1	4.067000	0.764638	290.000000	181.625000
1	4.098000	0.770725	290.037506	181.662506
1	4.129000	0.771594	289.087494	182.087494
1	4.160000	0.796812	289.962494	182.037506
1	4.207000	0.791884	289.375000	182.000000
0	4.238000	1.100725	293.668762	177.331238
1	4.269000	0.796812	289.962494	182.287506
1	4.301000	0.777681	289.125000	182.000000
1	4.332000	0.788406	289.000000	182.500000
1	4.363000	0.782029	288.750000	182.862488
1	4.394000	0.795652	287.987518	181.987518
1	4.441000	0.800580	288.500000	182.000000
1	4.472000	0.796812	289.037506	181.574982
1	4.503000	0.776377	289.368774	180.781311
1	4.535000	0.792898	289.031250	181.631226
1	4.566000	0.800000	289.000000	180.500000
1	4.597000	0.764058	289.475006	181.649994
1	4.628000	0.782609	289.312500	181.687500
1	4.659000	0.782029	288.750000	182.375000
1	4.706000	0.757246	288.193756	181.893707
1	4.737000	0.745507	288.324982	181.225006
0	4.769000	0.776812	287.000000	178.500000
0	4.800000	0.886377	291.000000	179.000000
1	4.831000	0.779855	287.831238	180.906250
1	4.862000	0.801015	288.881256	181.543732
1	4.893000	0.823188	288.000000	181.500000
1	4.940000	0.799275	288.018738	181.981262
1	4.971000	0.800000	287.875000	181.375000
1	5.003000	0.800580	287.500000	182.000000
1	5.034000	0.799420	287.500000	181.062500
1	5.065000	0.760290	288.924988	180.562500
1	5.096000	0.823188	290.000000	181.500000
1	5.127000	0.776812	288.000000	181.500000
1	5.174000	0.792464	289.350006	181.850006
1	5.205000	0.800000	289.000000	180.500000
1	5.237000	0.800580	288.500000	181.875000
0	5.268000	0.998986	290.656311	179.668396
1	5.299000	0.783768	287.475006	181.725006
1	5.330000	0.800000	287.000000	180.500000
1	5.361000	0.816232	288.225006	181.662506
1	5.393000	0.809855	288.600006	181.774994
1	5.439000	0.796812	288.962494	181.037506
1	5.471000	0.800000	289.000000	180.500000
0	5.502000	0.998841	292.100006	176.899994
1	5.533000	0.827246	288.524994	180.912506
0	5.564000	1.147826	291.000000	174.500000
1	5.595000	0.790145	288.975006	180.649933
1	5.627000	0.798985	289.068756	179.443756
1	5.673000	0.811594	290.000000	180.500000
1	5.705000	0.800000	290.500000	180.000000
1	5.736000	0.794638	289.993744	179.881256
1	5.767000	0.792464	291.149994	179.962494
1	5.798000	0.816377	290.868744	179.318756
1	5.829000	0.814638	290.718750	179.706238
1	5.861000	0.795942	289.962494	179.550018
1	5.907000	0.798985	289.543732	179.443756
1	5.939000	0.839710	291.312500	178.937500
1	5.970000	0.813623	290.687500	178.312500
1	6.001000	0.804928	291.187500	179.200012
1	6.032000	0.800000	291.000000	178.500000
1	6.063000	0.787536	290.937500	178.687500
1	6.095000	0.821159	290.237488	179.812500
1	6.126000	0.791449	289.993744	179.756256
0	6.173000	0.776812	287.000000	178.500000
1	6.204000	0.800000	289.000000	180.500000
1	6.235000	0.813623	289.687500	180.312500
1	6.266000	0.839855	290.081238	179.418762
1	6.297000	0.800000	291.000000	178.500000
1	6.329000	0.785797	289.675018	178.662506
1	6.360000	0.848406	290.437500	178.812500
1	6.407000	0.832029	290.531250	179.531250
1	6.438000	0.818406	289.193756	180.056244
1	6.469000	0.839275	288.556244	179.443756
1	6.500000	0.855072	288.125000	179.737488
1	6.531000	0.800000	287.875000	179.625000
0	6.563000	1.144203	292.581238	175.143738
1	6.594000	0.869565	287.000000	178.500000
1	6.641000	0.857681	288.912506	179.912506
1	6.672000	0.866377	288.962494	180.787506
1	6.703000	0.855507	289.881256	179.881256
1	6.734000	0.824928	289.537506	180.100006
1	6.765000	0.846377	289.000000	180.500000
1	6.797000	0.860725	289.056244	180.368744
1	6.828000	0.866377	288.787506	180.537506
1	6.859000	0.857681	289.087494	180.699982
1	6.906000	0.882754	288.706268	179.268768
1	6.937000	0.892754	289.000000	178.500000
1	6.968000	0.875942	290.100006	179.600006
1	6.999000	0.869565	291.000000	178.500000
1	7.031000	0.885507	290.000000	179.500000
1	7.062000	0.834783	290.000000	180.500000
0	7.093000	1.117971	292.562500	176.062500
1	7.140000	0.851594	289.187500	180.687500
0	7.171000	0.869565	291.000000	178.500000
1	7.202000	0.835942	289.074982	179.975006
1	7.233000	0.869565	291.000000	178.500000
0	7.265000	1.117971	293.437500	175.437500
1	7.296000	0.881159	290.000000	180.500000
1	7.327000	0.892754	291.000000	180.500000
1	7.374000	0.869565	291.000000	178.500000
1	7.405000	0.869565	291.000000	178.500000
1	7.436000	0.864203	290.193756	180.568756
1	7.467000	0.866232	288.943756	180.481232
1	7.499000	0.868551	289.543732	180.181244
1	7.530000	0.869565	291.000000	178.500000
1	7.561000	0.869565	290.000000	179.500000
1	7.592000	0.869565	291.000000	178.500000
1	7.639000	0.875507	290.581238	180.156250
1	7.670000	0.835362	289.875000	180.000000
1	7.701000	0.881159	289.000000	180.500000
1	7.733000	0.885362	288.756287	181.243713
1	7.764000	0.876232	288.637482	180.162506
0	7.795000	1.147826	291.000000	174.500000
1	7.826000	0.870290	289.518738	180.518738
1	7.857000	0.878116	289.618744	179.618744
0	7.904000	1.061884	292.256256	177.256256
1	7.935000	0.895507	290.431244	180.556244
1	7.967000	0.892754	289.000000	180.500000
0	7.998000	1.072464	291.500000	175.500000
1	8.029000	0.878406	289.668732	181.368744
1	8.060000	0.870580	288.543732	181.443756
0	8.091000	1.055507	291.431244	178.681244
1	8.138000	0.876812	288.862488	182.137512
1	8.169000	0.882029	289.225098	181.312500
1	8.201000	0.862029	289.975006	181.712494
1	8.232000	0.894638	290.568726	181.381226
1	8.263000	0.874928	290.068756	181.181244
0	8.294000	1.075942	293.462494	178.600006
1	8.325000	0.866232	290.056244	181.481232
1	8.372000	0.849420	289.781250	181.781250
1	8.403000	0.846377	289.000000	182.500000
1	8.435000	0.863768	289.612488	182.000000
1	8.466000	0.850580	289.831238	181.831238
1	8.497000	0.846377	291.000000	180.500000
1	8.528000	0.852754	290.437500	181.875000
1	8.559000	0.869565	291.000000	182.500000
1	8.591000	0.870580	290.543732	181.131256
1	8.637000	0.869565	290.000000	181.500000
1	8.669000	0.865797	289.187500	181.812500
1	8.700000	0.898985	290.106232	181.881256
0	8.731000	1.024493	290.781250	179.218750
1	8.762000	0.920145	289.268738	181.768738
1	8.793000	0.916812	289.862488	181.737488
1	8.825000	0.930435	290.437500	180.937500
1	8.871000	0.944928	289.424988	181.799988
1	8.903000	1.200000	293.000000	177.500000
1	8.934000	1.205797	293.625000	177.625000
1	8.965000	0.902029	288.524994	181.475006
1	8.996000	1.211449	292.406250	176.906250
1	9.027000	0.937536	289.031250	182.031250
1	9.059000	0.922464	288.768738	182.218750
1	9.105000	0.898985	288.543793	182.481232
1	9.137000	0.894058	288.593750	182.431213
1	9.168000	0.931594	289.399994	181.912506
1	9.199000	0.929855	289.450012	181.575012
1	9.230000	0.883623	289.306244	181.693756
1	9.261000	0.903188	288.975006	181.975006
1	9.293000	0.910145	289.000000	182.000000
1	9.324000	0.939710	289.437500	181.500000
1	9.371000	0.891884	288.437500	181.562500
1	9.402000	0.869710	288.543732	181.068756
0	9.433000	1.147826	291.000000	174.500000
0	9.464000	1.084203	291.281250	176.031250
1	9.495000	1.202754	293.218750	176.031250
0	9.527000	1.155797	292.643738	176.643738
1	9.558000	0.926667	290.875000	180.562500
1	9.605000	1.149275	292.762512	176.987488
1	9.636000	0.926667	290.062500	181.437500
1	9.667000	0.895652	289.750000	180.750000
0	9.698000	1.157101	292.625000	177.625000
1	9.729000	0.921594	289.243683	180.756195
1	9.761000	0.959855	290.318756	180.231232
1	9.792000	0.970725	291.050018	179.912506
1	9.839000	0.901449	290.750000	180.250000
1	9.870000	0.916232	290.787506	180.412506
1	9.901000	1.192464	294.149994	177.462494
1	9.932000	0.955942	290.750000	181.299988
1	9.963000	0.894638	290.131256	181.131256
1	9.995000	1.141449	292.100006	176.399994
1	10.026000	0.898985	290.318756	181.681244
1	10.057000	0.921014	290.268738	181.643738
1	10.104000	0.924928	290.287506	180.462494
1	10.135000	0.929855	291.437500	180.625000
1	10.166000	0.939130	291.000000	180.500000
0	10.197000	1.146232	293.468750	176.343750
1	10.229000	0.916377	290.681244	180.693756
1	10.260000	0.920580	290.262482	180.774994
1	10.291000	0.908841	289.931244	180.618744
0	10.338000	1.187971	292.431244	175.068756
1	10.369000	0.904348	290.000000	180.500000
0	10.400000	1.146232	295.281250	176.281250
1	10.431000	0.920145	291.268738	180.468750
1	10.463000	0.875507	291.093750	180.906250
1	10.494000	0.913043	291.250000	179.750000
1	10.525000	0.915942	291.750000	179.750000
1	10.572000	0.885507	290.737488	180.262512
1	10.603000	0.883768	290.662506	181.037506
1	10.634000	0.884203	290.718750	181.281250
1	10.665000	0.886377	291.000000	180.312500
1	10.697000	0.911449	291.093750	180.656250
1	10.728000	0.869565	291.000000	182.500000
1	10.759000	0.929855	291.875000	179.562500
1	10.790000	1.191449	294.431244	175.881256
1	10.837000	0.924638	291.500000	180.000000
1	10.868000	0.905507	291.774994	179.975006
0	10.899000	1.043333	293.493744	178.506256
1	10.931000	0.881159	290.000000	179.500000
1	10.962000	0.910145	290.500000	180.000000
1	10.993000	0.920580	291.225006	179.774994
0	11.024000	1.194203	292.000000	173.500000
1	11.071000	0.964058	291.600006	179.387482
0	11.102000	1.255072	289.500000	169.500000
1	11.133000	0.915942	292.000000	177.500000
0	11.165000	1.188406	294.375000	174.375000
1	11.196000	0.922319	290.625000	179.250000
1	11.227000	0.926087	290.625000	178.875000
1	11.258000	0.927681	290.343750	179.331238
1	11.305000	0.939420	290.312500	179.487488
1	11.336000	0.929855	290.424988	179.887512
0	11.367000	1.081015	293.218689	177.981262
1	11.399000	0.955507	291.056244	179.293793
1	11.430000	0.951159	290.818756	180.193756
1	11.461000	0.914203	291.100006	180.887482
1	11.492000	1.042898	291.875000	179.000000
1	11.523000	0.916232	290.337494	180.662506
0	11.570000	1.159855	293.068756	176.443756
1	11.601000	0.972754	290.975006	179.774994
1	11.633000	0.956522	290.062500	180.687500
1	11.664000	0.954348	290.750000	180.250000
1	11.695000	1.187536	293.562500	176.812500
1	11.726000	1.137971	293.600006	176.200043
1	11.757000	1.014203	293.287506	178.662506
0	11.804000	1.039276	292.431274	178.081238
1	11.835000	0.891884	289.862579	180.137543
1	11.867000	0.887101	290.243744	180.793732
1	11.898000	0.927101	290.306244	181.556244
1	11.929000	0.954928	289.781250	180.281250
1	11.960000	0.920580	290.225006	179.725006
1	11.991000	0.915797	290.718750	179.718750
0	12.023000	0.980725	292.043732	178.393768
1	12.069000	1.182609	294.000000	176.500000
1	12.101000	0.981449	291.649994	178.350006
1	12.132000	0.962319	291.250000	178.750000
1	12.163000	0.921159	290.375000	178.750000
1	12.194000	0.951159	290.806244	180.181244
1	12.225000	0.951159	289.806244	178.818756
1	12.257000	0.950580	289.843750	179.218750
0	12.303000	1.079710	291.549988	178.000000
1	12.335000	0.933333	290.500000	179.500000
1	12.366000	0.954928	291.093750	179.281250
1	12.397000	0.940290	291.475006	179.524994
1	12.428000	0.963188	291.350006	179.012482
1	12.459000	0.927246	290.699982	179.137543
0	12.491000	1.192319	292.118744	174.556244
1	12.522000	0.981305	290.218933	178.906067
0	12.569000	1.159275	292.906250	177.093750
1	12.600000	0.962319	290.875000	179.625000
0	12.631000	1.188116	292.537506	174.037506
1	12.662000	1.003188	290.475006	178.999969
1	12.693000	0.972754	291.524994	180.012482
1	12.725000	0.954928	291.281250	179.281250
1	12.756000	0.976667	292.031250	179.093750
0	12.803000	1.203188	294.287506	176.287506
0	12.834000	1.121739	293.500000	177.000000
0	12.865000	1.240580	294.000000	173.500000
1	12.896000	0.968985	290.562500	178.437500
1	12.927000	1.074928	292.931244	177.506256
1	12.959000	0.962319	292.250000	178.250000
1	12.990000	0.947971	291.631256	178.368744
0	13.037000	1.061449	293.250000	176.750000
0	13.068000	1.295652	292.250000	170.000000
0	13.099000	1.166377	294.725006	174.837494
1	13.130000	0.955507	292.743744	178.243744
1	13.161000	0.973188	292.018738	178.768738
1	13.193000	0.992029	292.768738	178.768738
0	13.224000	1.165217	294.187500	175.437500
1	13.255000	0.946667	291.837494	178.149994
1	13.302000	0.954928	292.268738	178.281250
1	13.333000	0.951159	291.681244	177.818756
1	13.364000	0.972319	292.968964	177.468719
1	13.395000	0.997101	292.750000	177.250000
1	13.427000	0.990725	292.312500	176.750000
1	13.458000	1.008696	292.000000	177.500000
1	13.489000	0.992464	292.225006	178.725006
1	13.536000	0.988551	292.818726	178.268738
1	13.567000	0.973913	292.000000	177.500000
1	13.598000	0.973913	292.000000	177.500000
1	13.629000	1.026667	292.250000	177.250000
1	13.661000	1.237681	294.750000	173.750000
0	13.692000	1.055072	295.000000	174.500000
1	13.723000	0.997101	293.000000	176.500000
0	13.770000	1.321594	290.031250	166.493774
0	13.801000	1.165942	294.481262	173.156250
1	13.832000	1.016812	292.375000	176.125000
0	13.863000	1.185362	294.531250	172.468750
1	13.895000	0.955797	291.768738	175.768738
1	13.926000	0.986232	292.206238	175.081238
0	13.957000	1.177101	295.374969	173.337494
1	13.988000	0.988116	292.725006	175.725006
1	14.035000	0.984638	293.662506	175.899994
0	14.066000	1.221159	295.187500	171.187500
1	14.097000	1.158551	295.087494	171.912506
0	14.129000	1.149855	293.962494	170.962494
0	14.160000	1.223333	295.406250	172.218750
0	14.191000	1.109855	293.787506	172.212494
1	14.222000	0.990290	292.243744	175.718781
1	14.269000	1.212464	295.062500	172.062500
0	14.300000	1.165072	294.743744	172.181244
1	14.331000	0.970290	292.956238	176.043762
1	14.363000	0.978841	292.687500	175.187500
0	14.394000	1.231449	295.881256	172.868744
0	14.425000	1.221159	296.062500	173.187500
1	14.456000	0.989710	292.268738	177.768738
1	14.503000	1.007536	292.475006	177.537506
1	14.534000	0.973913	292.000000	177.500000
1	14.565000	0.972899	291.493744	178.506256
1	14.597000	0.957536	291.256256	177.793732
0	14.628000	1.265942	295.543762	174.156250
0	14.659000	1.165362	295.181244	174.506256
1	14.690000	0.963623	293.406250	178.843750
0	14.721000	1.146812	294.006256	175.256256
0	14.768000	1.240580	295.000000	174.500000
1	14.799000	0.973913	293.000000	179.500000
0	14.831000	0.962319	295.000000	178.500000
1	14.862000	1.041884	292.468750	178.968750
1	14.893000	1.008696	292.000000	179.500000
1	14.924000	0.992900	292.244019	179.768311
0	14.955000	1.194203	294.500000	176.000000
1	15.002000	0.986812	293.181244	178.743744
1	15.033000	0.998841	293.600006	177.899994
1	15.065000	1.324927	294.537506	171.412506
1	15.096000	1.034203	294.500000	178.924988
1	15.127000	1.024928	294.212494	179.225006
1	15.158000	1.009420	292.518738	178.981262
0	15.189000	1.100725	293.668762	175.831238
0	15.236000	1.292754	294.612488	172.825012
1	15.267000	0.948985	292.774994	178.649994
1	15.299000	0.996812	293.587494	177.850006
1	15.330000	0.985362	292.831238	177.718750
1	15.361000	0.982898	293.349945	177.962494
1	15.392000	1.007681	292.506256	178.131256
1	15.423000	0.939130	293.000000	178.500000
0	15.455000	1.078841	294.000000	178.000000
1	15.501000	1.024928	292.225006	179.262482
1	15.533000	0.957536	291.743744	179.193756
1	15.564000	1.016812	292.362488	178.687500
0	15.595000	1.114638	293.843750	177.531250
1	15.626000	0.974493	292.062500	179.062500
1	15.657000	0.940290	291.475006	179.475006
1	15.689000	0.981884	292.143738	179.143738
1	15.735000	1.191304	294.593750	177.343750
1	15.767000	0.955507	291.743744	179.693756
1	15.798000	0.957536	293.243744	180.256256
0	15.829000	1.151594	294.187500	177.312500
1	15.860000	1.192754	294.562531	176.862518
1	15.891000	1.211449	294.093750	177.093750
0	15.923000	1.165217	294.500000	177.500000
1	15.954000	0.933623	292.962494	181.287506
1	16.001000	1.187536	295.062500	177.500000
1	16.032000	0.985507	292.500000	181.000000
0	16.063000	1.203188	294.287506	174.712494
1	16.094000	1.096232	293.250000	178.250000
0	16.125000	0.962319	291.000000	182.500000
0	16.157000	1.104928	293.750000	178.112488
0	16.188000	1.202319	294.225006	176.774994
0	16.235000	1.240580	295.000000	174.500000
1	16.266000	0.973913	291.750000	180.250000
1	16.297000	1.002319	293.500000	180.599976
1	16.328000	1.165797	294.750000	177.125000
1	16.359000	0.973333	293.000000	180.500000
1	16.391000	1.020725	293.306244	180.681244
1	16.422000	0.988551	292.268738	180.818726
0	16.469000	1.159855	294.931244	179.068756
1	16.500000	1.194203	294.375000	177.125000
1	16.531000	0.957246	291.268738	180.281250
1	16.562000	1.200725	294.656250	177.168762
1	16.593000	0.978841	292.812500	180.062500
1	16.625000	0.959275	292.906250	180.343750
0	16.656000	1.229855	295.500000	176.562500
1	16.687000	1.198986	294.631256	177.368744
0	16.734000	1.177681	294.375000	177.625000
0	16.765000	1.147826	295.000000	174.500000
0	16.796000	1.062029	293.225006	179.274994
0	16.827000	1.228841	294.093750	177.093750
0	16.859000	1.229275	293.087494	175.662506
1	16.890000	1.220580	294.037506	177.212494
1	16.921000	1.034783	291.750000	178.750000
1	16.968000	1.008696	292.000000	179.500000
1	16.999000	1.007102	291.531250	179.518738
0	17.030000	0.957681	291.725006	179.725006
1	17.061000	0.975217	292.031219	180.043732
1	17.093000	1.147246	294.250000	178.250000
1	17.124000	0.975072	291.462494	180.975006
1	17.155000	1.009855	291.475006	180.462494
1	17.202000	1.240580	294.000000	173.500000
1	17.233000	0.962319	291.000000	182.500000
0	17.264000	1.191304	294.312500	175.437500
1	17.295000	1.263188	295.462494	176.274994
1	17.327000	0.978406	293.131256	180.993744
0	17.358000	1.147826	291.000000	174.500000
1	17.389000	1.008116	292.275055	180.762482
1	17.420000	0.962319	291.750000	181.750000
1	17.467000	0.985362	292.831238	181.906250
0	17.498000	1.173188	294.393738	179.893738
1	17.529000	0.955362	291.725006	181.274994
0	17.561000	1.224349	295.112213	177.362213
1	17.592000	0.996812	293.162506	182.412506
0	17.623000	0.952029	292.343750	182.156250
1	17.654000	0.973913	291.750000	182.250000
0	17.701000	0.951594	291.812500	182.674988
1	17.732000	1.040145	292.006256	183.568756
1	17.763000	0.950000	292.187500	183.500000
1	17.795000	1.041884	291.906250	182.968750
1	17.826000	1.055072	291.000000	182.500000
0	17.857000	1.177246	293.318756	180.181244
1	17.888000	0.978116	290.181244	182.818756
1	17.935000	1.220145	292.968750	180.781250
1	17.966000	0.925362	290.331238	183.531250
1	17.997000	1.144058	292.762512	182.887512
<\RIGHT-PUPIL-DATA>
<LEFT-PUPIL-DATA>
542	0
0	-0.068000	13.913043	240.000000	320.000000
0	-0.037000	13.913043	240.000000	320.000000
0	0.010000	13.913043	240.000000	320.000000
0	0.041000	13.913043	240.000000	320.000000
0	0.073000	13.913043	240.000000	320.000000
0	0.104000	13.913043	240.000000	320.000000
0	0.135000	13.913043	240.000000	320.000000
0	0.166000	13.913043	240.000000	320.000000
0	0.197000	13.913043	240.000000	320.000000
0	0.244000	13.913043	240.000000	320.000000
0	0.275000	13.913043	240.000000	320.000000
0	0.307000	13.913043	240.000000	320.000000
0	0.338000	13.913043	240.000000	320.000000
0	0.369000	13.913043	240.000000	320.000000
0	0.400000	13.913043	240.000000	320.000000
0	0.431000	13.913043	240.000000	320.000000
0	0.478000	13.913043	240.000000	320.000000
0	0.509000	13.913043	240.000000	320.000000
0	0.541000	13.913043	240.000000	320.000000
0	0.572000	13.913043	240.000000	320.000000
0	0.603000	13.913043	240.000000	320.000000
0	0.634000	13.913043	240.000000	320.000000
0	0.665000	13.913043	240.000000	320.000000
0	0.697000	13.913043	240.000000	320.000000
0	0.743000	13.913043	240.000000	320.000000
0	0.775000	13.913043	240.000000	320.000000
0	0.806000	13.913043	240.000000	320.000000
0	0.837000	13.913043	240.000000	320.000000
0	0.868000	13.913043	240.000000	320.000000
0	0.899000	13.913043	240.000000	320.000000
0	0.931000	13.913043	240.000000	320.000000
0	0.977000	13.913043	240.000000	320.000000
0	1.009000	13.913043	240.000000	320.000000
0	1.040000	13.913043	240.000000	320.000000
0	1.071000	13.913043	240.000000	320.000000
0	1.102000	13.913043	240.000000	320.000000
0	1.133000	13.913043	240.000000	320.000000
0	1.165000	13.913043	240.000000	320.000000
0	1.211000	13.913043	240.000000	320.000000
0	1.243000	13.913043	240.000000	320.000000
0	1.274000	13.913043	240.000000	320.000000
0	1.305000	13.913043	240.000000	320.000000
0	1.336000	13.913043	240.000000	320.000000
0	1.367000	13.913043	240.000000	320.000000
0	1.399000	13.913043	240.000000	320.000000
0	1.430000	13.913043	240.000000	320.000000
0	1.477000	13.913043	240.000000	320.000000
0	1.508000	13.913043	240.000000	320.000000
0	1.539000	13.913043	240.000000	320.000000
0	1.570000	13.913043	240.000000	320.000000
0	1.601000	13.913043	240.000000	320.000000
0	1.633000	13.913043	240.000000	320.000000
0	1.664000	13.913043	240.000000	320.000000
0	1.695000	13.913043	240.000000	320.000000
0	1.742000	13.913043	240.000000	320.000000
0	1.773000	13.913043	240.000000	320.000000
0	1.804000	13.913043	240.000000	320.000000
0	1.835000	13.913043	240.000000	320.000000
0	1.867000	13.913043	240.000000	320.000000
0	1.898000	13.913043	240.000000	320.000000
0	1.929000	13.913043	240.000000	320.000000
0	1.976000	13.913043	240.000000	320.000000
0	2.007000	13.913043	240.000000	320.000000
0	2.038000	13.913043	240.000000	320.000000
0	2.069000	13.913043	240.000000	320.000000
0	2.101000	13.913043	240.000000	320.000000
0	2.132000	13.913043	240.000000	320.000000
0	2.163000	13.913043	240.000000	320.000000
0	2.210000	13.913043	240.000000	320.000000
0	2.241000	13.913043	240.000000	320.000000
0	2.272000	13.913043	240.000000	320.000000
0	2.303000	13.913043	240.000000	320.000000
0	2.335000	13.913043	240.000000	320.000000
0	2.366000	13.913043	240.000000	320.000000
0	2.397000	13.913043	240.000000	320.000000
0	2.428000	13.913043	240.000000	320.000000
0	2.475000	13.913043	240.000000	320.000000
0	2.506000	13.913043	240.000000	320.000000
0	2.537000	13.913043	240.000000	320.000000
0	2.569000	13.913043	240.000000	320.000000
0	2.600000	13.913043	240.000000	320.000000
0	2.631000	13.913043	240.000000	320.000000
0	2.662000	13.913043	240.000000	320.000000
0	2.709000	13.913043	240.000000	320.000000
0	2.740000	13.913043	240.000000	320.000000
0	2.771000	13.913043	240.000000	320.000000
0	2.803000	13.913043	240.000000	320.000000
0	2.834000	13.913043	240.000000	320.000000
0	2.865000	13.913043	240.000000	320.000000
0	2.896000	13.913043	240.000000	320.000000
0	2.943000	13.913043	240.000000	320.000000
0	2.974000	13.913043	240.000000	320.000000
0	3.005000	13.913043	240.000000	320.000000
0	3.037000	13.913043	240.000000	320.000000
0	3.068000	13.913043	240.000000	320.000000
0	3.099000	13.913043	240.000000	320.000000
0	3.130000	13.913043	240.000000	320.000000
0	3.161000	13.913043	240.000000	320.000000
0	3.208000	13.913043	240.000000	320.000000
0	3.239000	13.913043	240.000000	320.000000
0	3.271000	13.913043	240.000000	320.000000
0	3.302000	13.913043	240.000000	320.000000
0	3.333000	13.913043	240.000000	320.000000
0	3.364000	13.913043	240.000000	320.000000
0	3.395000	13.913043	240.000000	320.000000
0	3.442000	13.913043	240.000000	320.000000
0	3.473000	13.913043	240.000000	320.000000
0	3.505000	13.913043	240.000000	320.000000
0	3.536000	13.913043	240.000000	320.000000
0	3.567000	13.913043	240.000000	320.000000
0	3.598000	13.913043	240.000000	320.000000
0	3.629000	13.913043	240.000000	320.000000
0	3.676000	13.913043	240.000000	320.000000
0	3.707000	13.913043	240.000000	320.000000
0	3.739000	13.913043	240.000000	320.000000
0	3.770000	13.913043	240.000000	320.000000
0	3.801000	13.913043	240.000000	320.000000
0	3.832000	13.913043	240.000000	320.000000
0	3.863000	13.913043	240.000000	320.000000
0	3.895000	13.913043	240.000000	320.000000
0	3.941000	13.913043	240.000000	320.000000
0	3.973000	13.913043	240.000000	320.000000
0	4.004000	13.913043	240.000000	320.000000
0	4.035000	13.913043	240.000000	320.000000
0	4.066000	13.913043	240.000000	320.000000
0	4.097000	13.913043	240.000000	320.000000
0	4.129000	13.913043	240.000000	320.000000
0	4.175000	13.913043	240.000000	320.000000
0	4.207000	13.913043	240.000000	320.000000
0	4.238000	13.913043	240.000000	320.000000
0	4.269000	13.913043	240.000000	320.000000
0	4.300000	13.913043	240.000000	320.000000
0	4.331000	13.913043	240.000000	320.000000
0	4.363000	13.913043	240.000000	320.000000
0	4.409000	13.913043	240.000000	320.000000
0	4.441000	13.913043	240.000000	320.000000
0	4.472000	13.913043	240.000000	320.000000
0	4.503000	13.913043	240.000000	320.000000
0	4.534000	13.913043	240.000000	320.000000
0	4.565000	13.913043	240.000000	320.000000
0	4.597000	13.913043	240.000000	320.000000
0	4.628000	13.913043	240.000000	320.000000
0	4.675000	13.913043	240.000000	320.000000
0	4.706000	13.913043	240.000000	320.000000
0	4.737000	13.913043	240.000000	320.000000
0	4.768000	13.913043	240.000000	320.000000
0	4.799000	13.913043	240.000000	320.000000
0	4.831000	13.913043	240.000000	320.000000
0	4.862000	13.913043	240.000000	320.000000
0	4.909000	13.913043	240.000000	320.000000
0	4.940000	13.913043	240.000000	320.000000
0	4.971000	13.913043	240.000000	320.000000
0	5.002000	13.913043	240.000000	320.000000
0	5.033000	13.913043	240.000000	320.000000
0	5.065000	13.913043	240.000000	320.000000
0	5.096000	13.913043	240.000000	320.000000
0	5.143000	13.913043	240.000000	320.000000
0	5.174000	13.913043	240.000000	320.000000
0	5.205000	13.913043	240.000000	320.000000
0	5.236000	13.913043	240.000000	320.000000
0	5.267000	13.913043	240.000000	320.000000
0	5.299000	13.913043	240.000000	320.000000
0	5.330000	13.913043	240.000000	320.000000
0	5.361000	13.913043	240.000000	320.000000
0	5.408000	13.913043	240.000000	320.000000
0	5.439000	13.913043	240.000000	320.000000
0	5.470000	13.913043	240.000000	320.000000
0	5.501000	13.913043	240.000000	320.000000
0	5.533000	13.913043	240.000000	320.000000
0	5.564000	13.913043	240.000000	320.000000
0	5.595000	13.913043	240.000000	320.000000
0	5.626000	13.913043	240.000000	320.000000
0	5.673000	13.913043	240.000000	320.000000
0	5.704000	13.913043	240.000000	320.000000
0	5.735000	13.913043	240.000000	320.000000
0	5.767000	13.913043	240.000000	320.000000
0	5.798000	13.913043	240.000000	320.000000
0	5.829000	13.913043	240.000000	320.000000
0	5.860000	13.913043	240.000000	320.000000
0	5.907000	13.913043	240.000000	320.000000
0	5.938000	13.913043	240.000000	320.000000
0	5.969000	13.913043	240.000000	320.000000
0	6.001000	13.913043	240.000000	320.000000
0	6.032000	13.913043	240.000000	320.000000
0	6.063000	13.913043	240.000000	320.000000
0	6.094000	13.913043	240.000000	320.000000
0	6.141000	13.913043	240.000000	320.000000
0	6.172000	13.913043	240.000000	320.000000
0	6.203000	13.913043	240.000000	320.000000
0	6.235000	13.913043	240.000000	320.000000
0	6.266000	13.913043	240.000000	320.000000
0	6.297000	13.913043	240.000000	320.000000
0	6.328000	13.913043	240.000000	320.000000
0	6.359000	13.913043	240.000000	320.000000
0	6.406000	13.913043	240.000000	320.000000
0	6.437000	13.913043	240.000000	320.000000
0	6.469000	13.913043	240.000000	320.000000
0	6.500000	13.913043	240.000000	320.000000
0	6.531000	13.913043	240.000000	320.000000
0	6.562000	13.913043	240.000000	320.000000
0	6.593000	13.913043	240.000000	320.000000
0	6.640000	13.913043	240.000000	320.000000
0	6.671000	13.913043	240.000000	320.000000
0	6.703000	13.913043	240.000000	320.000000
0	6.734000	13.913043	240.000000	320.000000
0	6.765000	13.913043	240.000000	320.000000
0	6.796000	13.913043	240.000000	320.000000
0	6.827000	13.913043	240.000000	320.000000
0	6.874000	13.913043	240.000000	320.000000
0	6.905000	13.913043	240.000000	320.000000
0	6.937000	13.913043	240.000000	320.000000
0	6.968000	13.913043	240.000000	320.000000
0	6.999000	13.913043	240.000000	320.000000
0	7.030000	13.913043	240.000000	320.000000
0	7.061000	13.913043	240.000000	320.000000
0	7.093000	13.913043	240.000000	320.000000
0	7.139000	13.913043	240.000000	320.000000
0	7.171000	13.913043	240.000000	320.000000
0	7.202000	13.913043	240.000000	320.000000
0	7.233000	13.913043	240.000000	320.000000
0	7.264000	13.913043	240.000000	320.000000
0	7.295000	13.913043	240.000000	320.000000
0	7.327000	13.913043	240.000000	320.000000
0	7.373000	13.913043	240.000000	320.000000
0	7.405000	13.913043	240.000000	320.000000
0	7.436000	13.913043	240.000000	320.000000
0	7.467000	13.913043	240.000000	320.000000
0	7.498000	13.913043	240.000000	320.000000
0	7.529000	13.913043	240.000000	320.000000
0	7.561000	13.913043	240.000000	320.000000
0	7.607000	13.913043	240.000000	320.000000
0	7.639000	13.913043	240.000000	320.000000
0	7.670000	13.913043	240.000000	320.000000
0	7.701000	13.913043	240.000000	320.000000
0	7.732000	13.913043	240.000000	320.000000
0	7.763000	13.913043	240.000000	320.000000
0	7.795000	13.913043	240.000000	320.000000
0	7.826000	13.913043	240.000000	320.000000
0	7.873000	13.913043	240.000000	320.000000
0	7.904000	13.913043	240.000000	320.000000
0	7.935000	13.913043	240.000000	320.000000
0	7.966000	13.913043	240.000000	320.000000
0	7.997000	13.913043	240.000000	320.000000
0	8.029000	13.913043	240.000000	320.000000
0	8.060000	13.913043	240.000000	320.000000
0	8.107000	13.913043	240.000000	320.000000
0	8.138000	13.913043	240.000000	320.000000
0	8.169000	13.913043	240.000000	320.000000
0	8.200000	13.913043	240.000000	320.000000
0	8.231000	13.913043	240.000000	320.000000
0	8.263000	13.913043	240.000000	320.000000
0	8.294000	13.913043	240.000000	320.000000
0	8.341000	13.913043	240.000000	320.000000
0	8.372000	13.913043	240.000000	320.000000
0	8.403000	13.913043	240.000000	320.000000
0	8.434000	13.913043	240.000000	320.000000
0	8.465000	13.913043	240.000000	320.000000
0	8.497000	13.913043	240.000000	320.000000
0	8.528000	13.913043	240.000000	320.000000
0	8.559000	13.913043	240.000000	320.000000
0	8.606000	13.913043	240.000000	320.000000
0	8.637000	13.913043	240.000000	320.000000
0	8.668000	13.913043	240.000000	320.000000
0	8.699000	13.913043	240.000000	320.000000
0	8.731000	13.913043	240.000000	320.000000
0	8.762000	13.913043	240.000000	320.000000
0	8.793000	13.913043	240.000000	320.000000
0	8.840000	13.913043	240.000000	320.000000
0	8.871000	13.913043	240.000000	320.000000
0	8.902000	13.913043	240.000000	320.000000
0	8.933000	13.913043	240.000000	320.000000
0	8.965000	13.913043	240.000000	320.000000
0	8.996000	13.913043	240.000000	320.000000
0	9.027000	13.913043	240.000000	320.000000
0	9.074000	13.913043	240.000000	320.000000
0	9.105000	13.913043	240.000000	320.000000
0	9.136000	13.913043	240.000000	320.000000
0	9.167000	13.913043	240.000000	320.000000
0	9.199000	13.913043	240.000000	320.000000
0	9.230000	13.913043	240.000000	320.000000
0	9.261000	13.913043	240.000000	320.000000
0	9.292000	13.913043	240.000000	320.000000
0	9.339000	13.913043	240.000000	320.000000
0	9.370000	13.913043	240.000000	320.000000
0	9.401000	13.913043	240.000000	320.000000
0	9.433000	13.913043	240.000000	320.000000
0	9.464000	13.913043	240.000000	320.000000
0	9.495000	13.913043	240.000000	320.000000
0	9.526000	13.913043	240.000000	320.000000
0	9.557000	13.913043	240.000000	320.000000
0	9.604000	13.913043	240.000000	320.000000
0	9.635000	13.913043	240.000000	320.000000
0	9.667000	13.913043	240.000000	320.000000
0	9.698000	13.913043	240.000000	320.000000
0	9.729000	13.913043	240.000000	320.000000
0	9.760000	13.913043	240.000000	320.000000
0	9.791000	13.913043	240.000000	320.000000
0	9.838000	13.913043	240.000000	320.000000
0	9.869000	13.913043	240.000000	320.000000
0	9.901000	13.913043	240.000000	320.000000
0	9.932000	13.913043	240.000000	320.000000
0	9.963000	13.913043	240.000000	320.000000
0	9.994000	13.913043	240.000000	320.000000
0	10.025000	13.913043	240.000000	320.000000
0	10.072000	13.913043	240.000000	320.000000
0	10.103000	13.913043	240.000000	320.000000
0	10.135000	13.913043	240.000000	320.000000
0	10.166000	13.913043	240.000000	320.000000
0	10.197000	13.913043	240.000000	320.000000
0	10.228000	13.913043	240.000000	320.000000
0	10.259000	13.913043	240.000000	320.000000
0	10.291000	13.913043	240.000000	320.000000
0	10.337000	13.913043	240.000000	320.000000
0	10.369000	13.913043	240.000000	320.000000
0	10.400000	13.913043	240.000000	320.000000
0	10.431000	13.913043	240.000000	320.000000
0	10.462000	13.913043	240.000000	320.000000
0	10.493000	13.913043	240.000000	320.000000
0	10.525000	13.913043	240.000000	320.000000
0	10.571000	13.913043	240.000000	320.000000
0	10.603000	13.913043	240.000000	320.000000
0	10.634000	13.913043	240.000000	320.000000
0	10.665000	13.913043	240.000000	320.000000
0	10.696000	13.913043	240.000000	320.000000
0	10.727000	13.913043	240.000000	320.000000
0	10.759000	13.913043	240.000000	320.000000
0	10.805000	13.913043	240.000000	320.000000
0	10.837000	13.913043	240.000000	320.000000
0	10.868000	13.913043	240.000000	320.000000
0	10.899000	13.913043	240.000000	320.000000
0	10.930000	13.913043	240.000000	320.000000
0	10.961000	13.913043	240.000000	320.000000
0	10.993000	13.913043	240.000000	320.000000
0	11.024000	13.913043	240.000000	320.000000
0	11.071000	13.913043	240.000000	320.000000
0	11.102000	13.913043	240.000000	320.000000
0	11.133000	13.913043	240.000000	320.000000
0	11.164000	13.913043	240.000000	320.000000
0	11.195000	13.913043	240.000000	320.000000
0	11.227000	13.913043	240.000000	320.000000
0	11.258000	13.913043	240.000000	320.000000
0	11.305000	13.913043	240.000000	320.000000
0	11.336000	13.913043	240.000000	320.000000
0	11.367000	13.913043	240.000000	320.000000
0	11.398000	13.913043	240.000000	320.000000
0	11.429000	13.913043	240.000000	320.000000
0	11.461000	13.913043	240.000000	320.000000
0	11.492000	13.913043	240.000000	320.000000
0	11.539000	13.913043	240.000000	320.000000
0	11.570000	13.913043	240.000000	320.000000
0	11.601000	13.913043	240.000000	320.000000
0	11.632000	13.913043	240.000000	320.000000
0	11.663000	13.913043	240.000000	320.000000
0	11.695000	13.913043	240.000000	320.000000
0	11.726000	13.913043	240.000000	320.000000
0	11.757000	13.913043	240.000000	320.000000
0	11.804000	13.913043	240.000000	320.000000
0	11.835000	13.913043	240.000000	320.000000
0	11.866000	13.913043	240.000000	320.000000
0	11.897000	13.913043	240.000000	320.000000
0	11.929000	13.913043	240.000000	320.000000
0	11.960000	13.913043	240.000000	320.000000
0	11.991000	13.913043	240.000000	320.000000
0	12.038000	13.913043	240.000000	320.000000
0	12.069000	13.913043	240.000000	320.000000
0	12.100000	13.913043	240.000000	320.000000
0	12.131000	13.913043	240.000000	320.000000
0	12.163000	13.913043	240.000000	320.000000
0	12.194000	13.913043	240.000000	320.000000
0	12.225000	13.913043	240.000000	320.000000
0	12.272000	13.913043	240.000000	320.000000
0	12.303000	13.913043	240.000000	320.000000
0	12.334000	13.913043	240.000000	320.000000
0	12.365000	13.913043	240.000000	320.000000
0	12.397000	13.913043	240.000000	320.000000
0	12.428000	13.913043	240.000000	320.000000
0	12.459000	13.913043	240.000000	320.000000
0	12.490000	13.913043	240.000000	320.000000
0	12.537000	13.913043	240.000000	320.000000
0	12.568000	13.913043	240.000000	320.000000
0	12.599000	13.913043	240.000000	320.000000
0	12.631000	13.913043	240.000000	320.000000
0	12.662000	13.913043	240.000000	320.000000
0	12.693000	13.913043	240.000000	320.000000
0	12.724000	13.913043	240.000000	320.000000
0	12.771000	13.913043	240.000000	320.000000
0	12.802000	13.913043	240.000000	320.000000
0	12.833000	13.913043	240.000000	320.000000
0	12.865000	13.913043	240.000000	320.000000
0	12.896000	13.913043	240.000000	320.000000
0	12.927000	13.913043	240.000000	320.000000
0	12.958000	13.913043	240.000000	320.000000
0	13.005000	13.913043	240.000000	320.000000
0	13.036000	13.913043	240.000000	320.000000
0	13.067000	13.913043	240.000000	320.000000
0	13.099000	13.913043	240.000000	320.000000
0	13.130000	13.913043	240.000000	320.000000
0	13.161000	13.913043	240.000000	320.000000
0	13.192000	13.913043	240.000000	320.000000
0	13.223000	13.913043	240.000000	320.000000
0	13.270000	13.913043	240.000000	320.000000
0	13.301000	13.913043	240.000000	320.000000
0	13.333000	13.913043	240.000000	320.000000
0	13.364000	13.913043	240.000000	320.000000
0	13.395000	13.913043	240.000000	320.000000
0	13.426000	13.913043	240.000000	320.000000
0	13.457000	13.913043	240.000000	320.000000
0	13.504000	13.913043	240.000000	320.000000
0	13.535000	13.913043	240.000000	320.000000
0	13.567000	13.913043	240.000000	320.000000
0	13.598000	13.913043	240.000000	320.000000
0	13.629000	13.913043	240.000000	320.000000
0	13.660000	13.913043	240.000000	320.000000
0	13.691000	13.913043	240.000000	320.000000
0	13.723000	13.913043	240.000000	320.000000
0	13.769000	13.913043	240.000000	320.000000
0	13.801000	13.913043	240.000000	320.000000
0	13.832000	13.913043	240.000000	320.000000
0	13.863000	13.913043	240.000000	320.000000
0	13.894000	13.913043	240.000000	320.000000
0	13.925000	13.913043	240.000000	320.000000
0	13.957000	13.913043	240.000000	320.000000
0	14.003000	13.913043	240.000000	320.000000
0	14.035000	13.913043	240.000000	320.000000
0	14.066000	13.913043	240.000000	320.000000
0	14.097000	13.913043	240.000000	320.000000
0	14.128000	13.913043	240.000000	320.000000
0	14.159000	13.913043	240.000000	320.000000
0	14.191000	13.913043	240.000000	320.000000
0	14.237000	13.913043	240.000000	320.000000
0	14.269000	13.913043	240.000000	320.000000
0	14.300000	13.913043	240.000000	320.000000
0	14.331000	13.913043	240.000000	320.000000
0	14.362000	13.913043	240.000000	320.000000
0	14.393000	13.913043	240.000000	320.000000
0	14.425000	13.913043	240.000000	320.000000
0	14.456000	13.913043	240.000000	320.000000
0	14.503000	13.913043	240.000000	320.000000
0	14.534000	13.913043	240.000000	320.000000
0	14.565000	13.913043	240.000000	320.000000
0	14.596000	13.913043	240.000000	320.000000
0	14.627000	13.913043	240.000000	320.000000
0	14.659000	13.913043	240.000000	320.000000
0	14.690000	13.913043	240.000000	320.000000
0	14.737000	13.913043	240.000000	320.000000
0	14.768000	13.913043	240.000000	320.000000
0	14.799000	13.913043	240.000000	320.000000
0	14.830000	13.913043	240.000000	320.000000
0	14.861000	13.913043	240.000000	320.000000
0	14.893000	13.913043	240.000000	320.000000
0	14.924000	13.913043	240.000000	320.000000
0	14.971000	13.913043	240.000000	320.000000
0	15.002000	13.913043	240.000000	320.000000
0	15.033000	13.913043	240.000000	320.000000
0	15.064000	13.913043	240.000000	320.000000
0	15.095000	13.913043	240.000000	320.000000
0	15.127000	13.913043	240.000000	320.000000
0	15.158000	13.913043	240.000000	320.000000
0	15.189000	13.913043	240.000000	320.000000
0	15.236000	13.913043	240.000000	320.000000
0	15.267000	13.913043	240.000000	320.000000
0	15.298000	13.913043	240.000000	320.000000
0	15.329000	13.913043	240.000000	320.000000
0	15.361000	13.913043	240.000000	320.000000
0	15.392000	13.913043	240.000000	320.000000
0	15.423000	13.913043	240.000000	320.000000
0	15.470000	13.913043	240.000000	320.000000
0	15.501000	13.913043	240.000000	320.000000
0	15.532000	13.913043	240.000000	320.000000
0	15.563000	13.913043	240.000000	320.000000
0	15.595000	13.913043	240.000000	320.000000
0	15.626000	13.913043	240.000000	320.000000
0	15.657000	13.913043	240.000000	320.000000
0	15.688000	13.913043	240.000000	320.000000
0	15.735000	13.913043	240.000000	320.000000
0	15.766000	13.913043	240.000000	320.000000
0	15.797000	13.913043	240.000000	320.000000
0	15.829000	13.913043	240.000000	320.000000
0	15.860000	13.913043	240.000000	320.000000
0	15.891000	13.913043	240.000000	320.000000
0	15.922000	13.913043	240.000000	320.000000
0	15.969000	13.913043	240.000000	320.000000
0	16.000000	13.913043	240.000000	320.000000
0	16.031000	13.913043	240.000000	320.000000
0	16.063000	13.913043	240.000000	320.000000
0	16.094000	13.913043	240.000000	320.000000
0	16.125000	13.913043	240.000000	320.000000
0	16.156000	13.913043	240.000000	320.000000
0	16.203000	13.913043	240.000000	320.000000
0	16.234000	13.913043	240.000000	320.000000
0	16.265000	13.913043	240.000000	320.000000
0	16.297000	13.913043	240.000000	320.000000
0	16.328000	13.913043	240.000000	320.000000
0	16.359000	13.913043	240.000000	320.000000
0	16.390000	13.913043	240.000000	320.000000
0	16.421000	13.913043	240.000000	320.000000
0	16.468000	13.913043	240.000000	320.000000
0	16.499000	13.913043	240.000000	320.000000
0	16.531000	13.913043	240.000000	320.000000
0	16.562000	13.913043	240.000000	320.000000
0	16.593000	13.913043	240.000000	320.000000
0	16.624000	13.913043	240.000000	320.000000
0	16.655000	13.913043	240.000000	320.000000
0	16.702000	13.913043	240.000000	320.000000
0	16.733000	13.913043	240.000000	320.000000
0	16.765000	13.913043	240.000000	320.000000
0	16.796000	13.913043	240.000000	320.000000
0	16.827000	13.913043	240.000000	320.000000
0	16.858000	13.913043	240.000000	320.000000
0	16.889000	13.913043	240.000000	320.000000
0	16.936000	13.913043	240.000000	320.000000
0	16.967000	13.913043	240.000000	320.000000
0	16.999000	13.913043	240.000000	320.000000
0	17.030000	13.913043	240.000000	320.000000
0	17.061000	13.913043	240.000000	320.000000
0	17.092000	13.913043	240.000000	320.000000
0	17.123000	13.913043	240.000000	320.000000
0	17.155000	13.913043	240.000000	320.000000
0	17.201000	13.913043	240.000000	320.000000
0	17.233000	13.913043	240.000000	320.000000
0	17.264000	13.913043	240.000000	320.000000
0	17.295000	13.913043	240.000000	320.000000
0	17.326000	13.913043	240.000000	320.000000
0	17.357000	13.913043	240.000000	320.000000
0	17.389000	13.913043	240.000000	320.000000
0	17.435000	13.913043	240.000000	320.000000
0	17.467000	13.913043	240.000000	320.000000
0	17.498000	13.913043	240.000000	320.000000
0	17.529000	13.913043	240.000000	320.000000
0	17.560000	13.913043	240.000000	320.000000
0	17.591000	13.913043	240.000000	320.000000
0	17.623000	13.913043	240.000000	320.000000
0	17.654000	13.913043	240.000000	320.000000
0	17.701000	13.913043	240.000000	320.000000
0	17.732000	13.913043	240.000000	320.000000
0	17.763000	13.913043	240.000000	320.000000
0	17.794000	13.913043	240.000000	320.000000
0	17.825000	13.913043	240.000000	320.000000
0	17.857000	13.913043	240.000000	320.000000
0	17.888000	13.913043	240.000000	320.000000
0	17.935000	13.913043	240.000000	320.000000
0	17.966000	13.913043	240.000000	320.000000
<\LEFT-PUPIL-DATA>
<RIGHT-PUPIL-ANALYSIS>
1
0	0	17	542	0	0	0.509000	17.518999	0.510000	31625.173828	0.000000	0.000000	0.000000	0	1	1	1	1	0	0	0	0.000000	0.000000	0.000000	0.000000	0.000000	0.000000	0.000000	-1.000000	0.000000	0	1.157739	0.683130	1.052725	0.366592	0.219000	-0.349748	-0.920289	-1.000000	0.047371	1	1.157739	0.683130	1.052725	0.366592	0.219000	-0.400956	-0.920288	-1.000000	0.038438
<\RIGHT-PUPIL-ANALYSIS>
<LEFT-PUPIL-ANALYSIS>
1
0	0	17	541	0	0	0.509000	17.518999	0.510000	31625.173828	0.000000	0.000000	0.000000	0	1	1	1	1	0	0	0	0.000000	0.000000	0.000000	0.000000	0.000000	0.000000	0.000000	-1.000000	0.000000	0	-0.034783	-0.034783	0.000950	0.000950	0.000000	0.000000	0.000000	-1.000000	0.000000	1	-0.034783	-0.034783	0.000950	0.000950	0.000000	-1000000.000000	-1000000.000000	-1.000000	0.000000
<\LEFT-PUPIL-ANALYSIS>
%%%%%%%%%
%%%%%%%%%
%%%%%%%%%
%%%	Measurement Tiime is: 2017-08-10 09:02:45
%%%	Subject ID is: c57-1mois-DA-F1-4.5r
%%%	Note: 
%%%	RSS: Default Human Relative Spectral Sensitivity
%%%	Pupil Analysis:
%%%
%%%
%%%
%%%	Pulse Index:	0
%%%	Stimulus Session Index:	0
%%%	Right Pupil Stimulated
%%%	Light Metric is Photopic
%%%	Stimulus Start Time(sec):	0.51
%%%	Stimulus Duration(sec):	17.52
%%%	Stimulus Pulse Duration(sec):	0.51
%%%	Right Pulse:	31625.17	(Red  )	-	0.00	(Red  )	[Lux ]
%%%	Left Pulse:	0.00	(Red  )	-	0.00	(Red  )	[Lux ]
%%%
%%%		RIGHT	LEFT	R.Pupil Mean	L.Pupil Mean	R.Stim Mean	R.Stim Mean
%%%	INPUT:	RAW DATA	RAW DATA
%%%	STATE:	ABNORMAL	ABNORMAL	ABNORMAL	ABNORMAL	ABNORMAL	ABNORMAL
%%%	MAX(mm):	0.00	0.00	0.00	0.00	0.00	0.00
%%%	MIN(mm):	0.00	0.00	0.00	0.00	0.00	0.00
%%%	DELTA(mm):						
%%%	CH(%):						
%%%	LAT(sec):	0.00	0.00	0.00	0.00	0.00	0.00
%%%	CV(mm/s):	0.00	0.00	0.00	0.00	0.00	0.00
%%%	MCV(mm/s):	0.00	0.00	0.00	0.00	0.00	0.00
%%%	DV(mm/s):	0.00	0.00	0.00	0.00	0.00	0.00
%%%%%%%%%
%%%%%%%%%
%%%%%%%%%
%%%	Right Pupil Profile (1st row -> 1 == valid tracking, 0 == invalid tracking; 2nd row -> time; 3rd row -> diameter (mm))
%%%	1	1	1	1	1	1	1	1	1	1	1	1	1	1	1	1	1	1	1	1	1	1	1	1	1	1	1	1	1	1	1	1	1	1	1	1	1	1	1	1	1	1	1	1	1	1	1	1	1	1	1	1	1	1	1	1	1	1	1	1	1	1	1	1	1	1	0	1	1	1	1	1	1	1	1	0	1	1	1	0	0	1	1	1	1	1	1	1	1	1	1	1	1	1	1	1	1	1	1	1	1	1	1	1	1	1	1	1	1	1	1	1	1	1	1	1	1	1	1	1	1	1	1	1	1	1	1	1	1	0	1	1	1	1	1	1	1	1	1	1	1	1	1	1	1	0	0	1	1	1	1	1	1	1	1	1	1	1	1	1	0	1	1	1	1	1	1	0	1	0	1	1	1	1	1	1	1	1	1	1	1	1	1	1	1	1	1	0	1	1	1	1	1	1	1	1	1	1	1	0	1	1	1	1	1	1	1	1	1	1	1	1	1	1	1	0	1	0	1	1	0	1	1	1	1	1	1	1	1	1	1	1	1	1	1	1	0	1	1	0	1	1	0	1	1	0	1	1	1	1	1	0	1	1	1	1	1	1	1	1	1	1	1	1	0	1	1	1	1	1	1	1	1	1	1	1	1	1	1	1	1	1	1	1	1	0	0	1	0	1	1	1	1	0	1	1	1	1	1	1	1	1	1	1	1	1	1	1	0	1	1	1	0	1	0	1	1	1	1	1	1	1	1	1	1	1	1	1	1	0	1	1	1	0	1	0	1	0	1	1	1	1	1	0	1	1	1	1	1	0	1	1	1	1	1	1	0	1	1	1	1	1	1	0	1	1	1	1	1	1	1	0	1	1	1	1	1	0	1	0	1	0	1	1	1	1	0	0	0	1	1	1	1	0	0	0	1	1	1	0	1	1	1	1	1	1	1	1	1	1	1	1	1	0	1	0	0	1	0	1	1	0	1	1	0	1	0	0	0	1	1	0	1	1	0	0	1	1	1	1	1	0	0	1	0	0	1	0	1	1	1	0	1	1	1	1	1	1	0	0	1	1	1	1	1	1	0	1	1	1	0	1	1	1	1	1	1	0	1	1	0	1	1	1	0	1	0	0	0	0	1	1	1	1	1	1	0	1	1	1	1	1	0	1	0	0	0	0	0	1	1	1	1	0	1	1	1	1	1	1	0	1	1	0	1	1	1	0	1	0	1	0	1	0	1	1	1	1	0	1	1	1	1
%%%	-0.067000	-0.036000	-0.005000	0.042000	0.073000	0.104000	0.135000	0.167000	0.198000	0.229000	0.276000	0.307000	0.338000	0.369000	0.401000	0.432000	0.463000	0.510000	0.541000	0.572000	0.603000	0.635000	0.666000	0.697000	0.728000	0.775000	0.806000	0.837000	0.869000	0.900000	0.931000	0.962000	1.009000	1.040000	1.071000	1.103000	1.134000	1.165000	1.196000	1.243000	1.274000	1.305000	1.337000	1.368000	1.399000	1.430000	1.461000	1.508000	1.539000	1.571000	1.602000	1.633000	1.664000	1.695000	1.742000	1.773000	1.805000	1.836000	1.867000	1.898000	1.929000	1.976000	2.007000	2.039000	2.070000	2.101000	2.132000	2.163000	2.195000	2.241000	2.273000	2.304000	2.335000	2.366000	2.397000	2.429000	2.475000	2.507000	2.538000	2.569000	2.600000	2.631000	2.663000	2.694000	2.741000	2.772000	2.803000	2.834000	2.865000	2.897000	2.928000	2.975000	3.006000	3.037000	3.068000	3.099000	3.131000	3.162000	3.209000	3.240000	3.271000	3.302000	3.333000	3.365000	3.396000	3.427000	3.474000	3.505000	3.536000	3.567000	3.599000	3.630000	3.661000	3.708000	3.739000	3.770000	3.801000	3.833000	3.864000	3.895000	3.926000	3.973000	4.004000	4.035000	4.067000	4.098000	4.129000	4.160000	4.207000	4.238000	4.269000	4.301000	4.332000	4.363000	4.394000	4.441000	4.472000	4.503000	4.535000	4.566000	4.597000	4.628000	4.659000	4.706000	4.737000	4.769000	4.800000	4.831000	4.862000	4.893000	4.940000	4.971000	5.003000	5.034000	5.065000	5.096000	5.127000	5.174000	5.205000	5.237000	5.268000	5.299000	5.330000	5.361000	5.393000	5.439000	5.471000	5.502000	5.533000	5.564000	5.595000	5.627000	5.673000	5.705000	5.736000	5.767000	5.798000	5.829000	5.861000	5.907000	5.939000	5.970000	6.001000	6.032000	6.063000	6.095000	6.126000	6.173000	6.204000	6.235000	6.266000	6.297000	6.329000	6.360000	6.407000	6.438000	6.469000	6.500000	6.531000	6.563000	6.594000	6.641000	6.672000	6.703000	6.734000	6.765000	6.797000	6.828000	6.859000	6.906000	6.937000	6.968000	6.999000	7.031000	7.062000	7.093000	7.140000	7.171000	7.202000	7.233000	7.265000	7.296000	7.327000	7.374000	7.405000	7.436000	7.467000	7.499000	7.530000	7.561000	7.592000	7.639000	7.670000	7.701000	7.733000	7.764000	7.795000	7.826000	7.857000	7.904000	7.935000	7.967000	7.998000	8.029000	8.060000	8.091000	8.138000	8.169000	8.201000	8.232000	8.263000	8.294000	8.325000	8.372000	8.403000	8.435000	8.466000	8.497000	8.528000	8.559000	8.591000	8.637000	8.669000	8.700000	8.731000	8.762000	8.793000	8.825000	8.871000	8.903000	8.934000	8.965000	8.996000	9.027000	9.059000	9.105000	9.137000	9.168000	9.199000	9.230000	9.261000	9.293000	9.324000	9.371000	9.402000	9.433000	9.464000	9.495000	9.527000	9.558000	9.605000	9.636000	9.667000	9.698000	9.729000	9.761000	9.792000	9.839000	9.870000	9.901000	9.932000	9.963000	9.995000	10.026000	10.057000	10.104000	10.135000	10.166000	10.197000	10.229000	10.260000	10.291000	10.338000	10.369000	10.400000	10.431000	10.463000	10.494000	10.525000	10.572000	10.603000	10.634000	10.665000	10.697000	10.728000	10.759000	10.790000	10.837000	10.868000	10.899000	10.931000	10.962000	10.993000	11.024000	11.071000	11.102000	11.133000	11.165000	11.196000	11.227000	11.258000	11.305000	11.336000	11.367000	11.399000	11.430000	11.461000	11.492000	11.523000	11.570000	11.601000	11.633000	11.664000	11.695000	11.726000	11.757000	11.804000	11.835000	11.867000	11.898000	11.929000	11.960000	11.991000	12.023000	12.069000	12.101000	12.132000	12.163000	12.194000	12.225000	12.257000	12.303000	12.335000	12.366000	12.397000	12.428000	12.459000	12.491000	12.522000	12.569000	12.600000	12.631000	12.662000	12.693000	12.725000	12.756000	12.803000	12.834000	12.865000	12.896000	12.927000	12.959000	12.990000	13.037000	13.068000	13.099000	13.130000	13.161000	13.193000	13.224000	13.255000	13.302000	13.333000	13.364000	13.395000	13.427000	13.458000	13.489000	13.536000	13.567000	13.598000	13.629000	13.661000	13.692000	13.723000	13.770000	13.801000	13.832000	13.863000	13.895000	13.926000	13.957000	13.988000	14.035000	14.066000	14.097000	14.129000	14.160000	14.191000	14.222000	14.269000	14.300000	14.331000	14.363000	14.394000	14.425000	14.456000	14.503000	14.534000	14.565000	14.597000	14.628000	14.659000	14.690000	14.721000	14.768000	14.799000	14.831000	14.862000	14.893000	14.924000	14.955000	15.002000	15.033000	15.065000	15.096000	15.127000	15.158000	15.189000	15.236000	15.267000	15.299000	15.330000	15.361000	15.392000	15.423000	15.455000	15.501000	15.533000	15.564000	15.595000	15.626000	15.657000	15.689000	15.735000	15.767000	15.798000	15.829000	15.860000	15.891000	15.923000	15.954000	16.001000	16.032000	16.063000	16.094000	16.125000	16.157000	16.188000	16.235000	16.266000	16.297000	16.328000	16.359000	16.391000	16.422000	16.469000	16.500000	16.531000	16.562000	16.593000	16.625000	16.656000	16.687000	16.734000	16.765000	16.796000	16.827000	16.859000	16.890000	16.921000	16.968000	16.999000	17.030000	17.061000	17.093000	17.124000	17.155000	17.202000	17.233000	17.264000	17.295000	17.327000	17.358000	17.389000	17.420000	17.467000	17.498000	17.529000	17.561000	17.592000	17.623000	17.654000	17.701000	17.732000	17.763000	17.795000	17.826000	17.857000	17.888000	17.935000	17.966000	17.997000
%%%	1.171015	1.167971	1.138116	1.129710	1.147826	1.160435	1.167826	1.181159	1.147826	1.167971	1.147826	1.150145	1.147826	1.136232	1.147826	1.167971	1.190290	1.159420	1.159710	1.150725	1.159420	1.147826	1.147826	1.168116	1.131449	1.146232	1.104928	1.079275	1.044638	1.052899	0.998986	0.985362	0.951159	0.910725	0.869710	0.869565	0.892754	0.831160	0.869565	0.765797	0.792464	0.764058	0.753623	0.748406	0.776812	0.722319	0.776812	0.742319	0.734783	0.776812	0.717971	0.733623	0.684058	0.722899	0.696232	0.730435	0.678986	0.696812	0.681594	0.689710	0.668551	0.707101	0.698406	0.698985	0.703188	0.703188	1.171015	0.715797	0.703188	0.737536	0.742029	0.709855	0.734928	0.725507	0.713043	0.776812	0.776812	0.776812	0.776812	0.776812	0.684058	0.730435	0.745072	0.748985	0.730435	0.753623	0.776812	0.776812	0.751015	0.742898	0.759855	0.742898	0.742029	0.751015	0.766232	0.759855	0.776667	0.739710	0.741884	0.759420	0.772029	0.761159	0.779420	0.761594	0.755942	0.771884	0.775072	0.770725	0.777681	0.749710	0.748406	0.792898	0.759710	0.778841	0.759275	0.759710	0.761594	0.765797	0.776812	0.786232	0.788551	0.764638	0.814058	0.788406	0.764638	0.770725	0.771594	0.796812	0.791884	1.100725	0.796812	0.777681	0.788406	0.782029	0.795652	0.800580	0.796812	0.776377	0.792898	0.800000	0.764058	0.782609	0.782029	0.757246	0.745507	0.776812	0.886377	0.779855	0.801015	0.823188	0.799275	0.800000	0.800580	0.799420	0.760290	0.823188	0.776812	0.792464	0.800000	0.800580	0.998986	0.783768	0.800000	0.816232	0.809855	0.796812	0.800000	0.998841	0.827246	1.147826	0.790145	0.798985	0.811594	0.800000	0.794638	0.792464	0.816377	0.814638	0.795942	0.798985	0.839710	0.813623	0.804928	0.800000	0.787536	0.821159	0.791449	0.776812	0.800000	0.813623	0.839855	0.800000	0.785797	0.848406	0.832029	0.818406	0.839275	0.855072	0.800000	1.144203	0.869565	0.857681	0.866377	0.855507	0.824928	0.846377	0.860725	0.866377	0.857681	0.882754	0.892754	0.875942	0.869565	0.885507	0.834783	1.117971	0.851594	0.869565	0.835942	0.869565	1.117971	0.881159	0.892754	0.869565	0.869565	0.864203	0.866232	0.868551	0.869565	0.869565	0.869565	0.875507	0.835362	0.881159	0.885362	0.876232	1.147826	0.870290	0.878116	1.061884	0.895507	0.892754	1.072464	0.878406	0.870580	1.055507	0.876812	0.882029	0.862029	0.894638	0.874928	1.075942	0.866232	0.849420	0.846377	0.863768	0.850580	0.846377	0.852754	0.869565	0.870580	0.869565	0.865797	0.898985	1.024493	0.920145	0.916812	0.930435	0.944928	1.200000	1.205797	0.902029	1.211449	0.937536	0.922464	0.898985	0.894058	0.931594	0.929855	0.883623	0.903188	0.910145	0.939710	0.891884	0.869710	1.147826	1.084203	1.202754	1.155797	0.926667	1.149275	0.926667	0.895652	1.157101	0.921594	0.959855	0.970725	0.901449	0.916232	1.192464	0.955942	0.894638	1.141449	0.898985	0.921014	0.924928	0.929855	0.939130	1.146232	0.916377	0.920580	0.908841	1.187971	0.904348	1.146232	0.920145	0.875507	0.913043	0.915942	0.885507	0.883768	0.884203	0.886377	0.911449	0.869565	0.929855	1.191449	0.924638	0.905507	1.043333	0.881159	0.910145	0.920580	1.194203	0.964058	1.255072	0.915942	1.188406	0.922319	0.926087	0.927681	0.939420	0.929855	1.081015	0.955507	0.951159	0.914203	1.042898	0.916232	1.159855	0.972754	0.956522	0.954348	1.187536	1.137971	1.014203	1.039276	0.891884	0.887101	0.927101	0.954928	0.920580	0.915797	0.980725	1.182609	0.981449	0.962319	0.921159	0.951159	0.951159	0.950580	1.079710	0.933333	0.954928	0.940290	0.963188	0.927246	1.192319	0.981305	1.159275	0.962319	1.188116	1.003188	0.972754	0.954928	0.976667	1.203188	1.121739	1.240580	0.968985	1.074928	0.962319	0.947971	1.061449	1.295652	1.166377	0.955507	0.973188	0.992029	1.165217	0.946667	0.954928	0.951159	0.972319	0.997101	0.990725	1.008696	0.992464	0.988551	0.973913	0.973913	1.026667	1.237681	1.055072	0.997101	1.321594	1.165942	1.016812	1.185362	0.955797	0.986232	1.177101	0.988116	0.984638	1.221159	1.158551	1.149855	1.223333	1.109855	0.990290	1.212464	1.165072	0.970290	0.978841	1.231449	1.221159	0.989710	1.007536	0.973913	0.972899	0.957536	1.265942	1.165362	0.963623	1.146812	1.240580	0.973913	0.962319	1.041884	1.008696	0.992900	1.194203	0.986812	0.998841	1.324927	1.034203	1.024928	1.009420	1.100725	1.292754	0.948985	0.996812	0.985362	0.982898	1.007681	0.939130	1.078841	1.024928	0.957536	1.016812	1.114638	0.974493	0.940290	0.981884	1.191304	0.955507	0.957536	1.151594	1.192754	1.211449	1.165217	0.933623	1.187536	0.985507	1.203188	1.096232	0.962319	1.104928	1.202319	1.240580	0.973913	1.002319	1.165797	0.973333	1.020725	0.988551	1.159855	1.194203	0.957246	1.200725	0.978841	0.959275	1.229855	1.198986	1.177681	1.147826	1.062029	1.228841	1.229275	1.220580	1.034783	1.008696	1.007102	0.957681	0.975217	1.147246	0.975072	1.009855	1.240580	0.962319	1.191304	1.263188	0.978406	1.147826	1.008116	0.962319	0.985362	1.173188	0.955362	1.224349	0.996812	0.952029	0.973913	0.951594	1.040145	0.950000	1.041884	1.055072	1.177246	0.978116	1.220145	0.925362	1.144058
%%%	Left Pupil Profile (1st row -> 1 == valid tracking, 0 == invalid tracking; 2nd row -> time; 3rd row -> diameter (mm))
%%%	0	0	0	0	0	0	0	0	0	0	0	0	0	0	0	0	0	0	0	0	0	0	0	0	0	0	0	0	0	0	0	0	0	0	0	0	0	0	0	0	0	0	0	0	0	0	0	0	0	0	0	0	0	0	0	0	0	0	0	0	0	0	0	0	0	0	0	0	0	0	0	0	0	0	0	0	0	0	0	0	0	0	0	0	0	0	0	0	0	0	0	0	0	0	0	0	0	0	0	0	0	0	0	0	0	0	0	0	0	0	0	0	0	0	0	0	0	0	0	0	0	0	0	0	0	0	0	0	0	0	0	0	0	0	0	0	0	0	0	0	0	0	0	0	0	0	0	0	0	0	0	0	0	0	0	0	0	0	0	0	0	0	0	0	0	0	0	0	0	0	0	0	0	0	0	0	0	0	0	0	0	0	0	0	0	0	0	0	0	0	0	0	0	0	0	0	0	0	0	0	0	0	0	0	0	0	0	0	0	0	0	0	0	0	0	0	0	0	0	0	0	0	0	0	0	0	0	0	0	0	0	0	0	0	0	0	0	0	0	0	0	0	0	0	0	0	0	0	0	0	0	0	0	0	0	0	0	0	0	0	0	0	0	0	0	0	0	0	0	0	0	0	0	0	0	0	0	0	0	0	0	0	0	0	0	0	0	0	0	0	0	0	0	0	0	0	0	0	0	0	0	0	0	0	0	0	0	0	0	0	0	0	0	0	0	0	0	0	0	0	0	0	0	0	0	0	0	0	0	0	0	0	0	0	0	0	0	0	0	0	0	0	0	0	0	0	0	0	0	0	0	0	0	0	0	0	0	0	0	0	0	0	0	0	0	0	0	0	0	0	0	0	0	0	0	0	0	0	0	0	0	0	0	0	0	0	0	0	0	0	0	0	0	0	0	0	0	0	0	0	0	0	0	0	0	0	0	0	0	0	0	0	0	0	0	0	0	0	0	0	0	0	0	0	0	0	0	0	0	0	0	0	0	0	0	0	0	0	0	0	0	0	0	0	0	0	0	0	0	0	0	0	0	0	0	0	0	0	0	0	0	0	0	0	0	0	0	0	0	0	0	0	0	0	0	0	0	0	0	0	0	0	0	0	0	0	0	0	0	0	0	0	0	0	0	0	0	0	0	0	0	0	0	0	0	0	0	0	0	0	0	0	0	0	0	0	0	0	0	0	0	0	0	0	0	0	0	0	0	0	0	0	0	0	0	0	0	0	0	0	0	0
%%%	-0.068000	-0.037000	0.010000	0.041000	0.073000	0.104000	0.135000	0.166000	0.197000	0.244000	0.275000	0.307000	0.338000	0.369000	0.400000	0.431000	0.478000	0.509000	0.541000	0.572000	0.603000	0.634000	0.665000	0.697000	0.743000	0.775000	0.806000	0.837000	0.868000	0.899000	0.931000	0.977000	1.009000	1.040000	1.071000	1.102000	1.133000	1.165000	1.211000	1.243000	1.274000	1.305000	1.336000	1.367000	1.399000	1.430000	1.477000	1.508000	1.539000	1.570000	1.601000	1.633000	1.664000	1.695000	1.742000	1.773000	1.804000	1.835000	1.867000	1.898000	1.929000	1.976000	2.007000	2.038000	2.069000	2.101000	2.132000	2.163000	2.210000	2.241000	2.272000	2.303000	2.335000	2.366000	2.397000	2.428000	2.475000	2.506000	2.537000	2.569000	2.600000	2.631000	2.662000	2.709000	2.740000	2.771000	2.803000	2.834000	2.865000	2.896000	2.943000	2.974000	3.005000	3.037000	3.068000	3.099000	3.130000	3.161000	3.208000	3.239000	3.271000	3.302000	3.333000	3.364000	3.395000	3.442000	3.473000	3.505000	3.536000	3.567000	3.598000	3.629000	3.676000	3.707000	3.739000	3.770000	3.801000	3.832000	3.863000	3.895000	3.941000	3.973000	4.004000	4.035000	4.066000	4.097000	4.129000	4.175000	4.207000	4.238000	4.269000	4.300000	4.331000	4.363000	4.409000	4.441000	4.472000	4.503000	4.534000	4.565000	4.597000	4.628000	4.675000	4.706000	4.737000	4.768000	4.799000	4.831000	4.862000	4.909000	4.940000	4.971000	5.002000	5.033000	5.065000	5.096000	5.143000	5.174000	5.205000	5.236000	5.267000	5.299000	5.330000	5.361000	5.408000	5.439000	5.470000	5.501000	5.533000	5.564000	5.595000	5.626000	5.673000	5.704000	5.735000	5.767000	5.798000	5.829000	5.860000	5.907000	5.938000	5.969000	6.001000	6.032000	6.063000	6.094000	6.141000	6.172000	6.203000	6.235000	6.266000	6.297000	6.328000	6.359000	6.406000	6.437000	6.469000	6.500000	6.531000	6.562000	6.593000	6.640000	6.671000	6.703000	6.734000	6.765000	6.796000	6.827000	6.874000	6.905000	6.937000	6.968000	6.999000	7.030000	7.061000	7.093000	7.139000	7.171000	7.202000	7.233000	7.264000	7.295000	7.327000	7.373000	7.405000	7.436000	7.467000	7.498000	7.529000	7.561000	7.607000	7.639000	7.670000	7.701000	7.732000	7.763000	7.795000	7.826000	7.873000	7.904000	7.935000	7.966000	7.997000	8.029000	8.060000	8.107000	8.138000	8.169000	8.200000	8.231000	8.263000	8.294000	8.341000	8.372000	8.403000	8.434000	8.465000	8.497000	8.528000	8.559000	8.606000	8.637000	8.668000	8.699000	8.731000	8.762000	8.793000	8.840000	8.871000	8.902000	8.933000	8.965000	8.996000	9.027000	9.074000	9.105000	9.136000	9.167000	9.199000	9.230000	9.261000	9.292000	9.339000	9.370000	9.401000	9.433000	9.464000	9.495000	9.526000	9.557000	9.604000	9.635000	9.667000	9.698000	9.729000	9.760000	9.791000	9.838000	9.869000	9.901000	9.932000	9.963000	9.994000	10.025000	10.072000	10.103000	10.135000	10.166000	10.197000	10.228000	10.259000	10.291000	10.337000	10.369000	10.400000	10.431000	10.462000	10.493000	10.525000	10.571000	10.603000	10.634000	10.665000	10.696000	10.727000	10.759000	10.805000	10.837000	10.868000	10.899000	10.930000	10.961000	10.993000	11.024000	11.071000	11.102000	11.133000	11.164000	11.195000	11.227000	11.258000	11.305000	11.336000	11.367000	11.398000	11.429000	11.461000	11.492000	11.539000	11.570000	11.601000	11.632000	11.663000	11.695000	11.726000	11.757000	11.804000	11.835000	11.866000	11.897000	11.929000	11.960000	11.991000	12.038000	12.069000	12.100000	12.131000	12.163000	12.194000	12.225000	12.272000	12.303000	12.334000	12.365000	12.397000	12.428000	12.459000	12.490000	12.537000	12.568000	12.599000	12.631000	12.662000	12.693000	12.724000	12.771000	12.802000	12.833000	12.865000	12.896000	12.927000	12.958000	13.005000	13.036000	13.067000	13.099000	13.130000	13.161000	13.192000	13.223000	13.270000	13.301000	13.333000	13.364000	13.395000	13.426000	13.457000	13.504000	13.535000	13.567000	13.598000	13.629000	13.660000	13.691000	13.723000	13.769000	13.801000	13.832000	13.863000	13.894000	13.925000	13.957000	14.003000	14.035000	14.066000	14.097000	14.128000	14.159000	14.191000	14.237000	14.269000	14.300000	14.331000	14.362000	14.393000	14.425000	14.456000	14.503000	14.534000	14.565000	14.596000	14.627000	14.659000	14.690000	14.737000	14.768000	14.799000	14.830000	14.861000	14.893000	14.924000	14.971000	15.002000	15.033000	15.064000	15.095000	15.127000	15.158000	15.189000	15.236000	15.267000	15.298000	15.329000	15.361000	15.392000	15.423000	15.470000	15.501000	15.532000	15.563000	15.595000	15.626000	15.657000	15.688000	15.735000	15.766000	15.797000	15.829000	15.860000	15.891000	15.922000	15.969000	16.000000	16.031000	16.063000	16.094000	16.125000	16.156000	16.203000	16.234000	16.265000	16.297000	16.328000	16.359000	16.390000	16.421000	16.468000	16.499000	16.531000	16.562000	16.593000	16.624000	16.655000	16.702000	16.733000	16.765000	16.796000	16.827000	16.858000	16.889000	16.936000	16.967000	16.999000	17.030000	17.061000	17.092000	17.123000	17.155000	17.201000	17.233000	17.264000	17.295000	17.326000	17.357000	17.389000	17.435000	17.467000	17.498000	17.529000	17.560000	17.591000	17.623000	17.654000	17.701000	17.732000	17.763000	17.794000	17.825000	17.857000	17.888000	17.935000	17.966000
%%%	13.913043	13.913043	13.913043	13.913043	13.913043	13.913043	13.913043	13.913043	13.913043	13.913043	13.913043	13.913043	13.913043	13.913043	13.913043	13.913043	13.913043	13.913043	13.913043	13.913043	13.913043	13.913043	13.913043	13.913043	13.913043	13.913043	13.913043	13.913043	13.913043	13.913043	13.913043	13.913043	13.913043	13.913043	13.913043	13.913043	13.913043	13.913043	13.913043	13.913043	13.913043	13.913043	13.913043	13.913043	13.913043	13.913043	13.913043	13.913043	13.913043	13.913043	13.913043	13.913043	13.913043	13.913043	13.913043	13.913043	13.913043	13.913043	13.913043	13.913043	13.913043	13.913043	13.913043	13.913043	13.913043	13.913043	13.913043	13.913043	13.913043	13.913043	13.913043	13.913043	13.913043	13.913043	13.913043	13.913043	13.913043	13.913043	13.913043	13.913043	13.913043	13.913043	13.913043	13.913043	13.913043	13.913043	13.913043	13.913043	13.913043	13.913043	13.913043	13.913043	13.913043	13.913043	13.913043	13.913043	13.913043	13.913043	13.913043	13.913043	13.913043	13.913043	13.913043	13.913043	13.913043	13.913043	13.913043	13.913043	13.913043	13.913043	13.913043	13.913043	13.913043	13.913043	13.913043	13.913043	13.913043	13.913043	13.913043	13.913043	13.913043	13.913043	13.913043	13.913043	13.913043	13.913043	13.913043	13.913043	13.913043	13.913043	13.913043	13.913043	13.913043	13.913043	13.913043	13.913043	13.913043	13.913043	13.913043	13.913043	13.913043	13.913043	13.913043	13.913043	13.913043	13.913043	13.913043	13.913043	13.913043	13.913043	13.913043	13.913043	13.913043	13.913043	13.913043	13.913043	13.913043	13.913043	13.913043	13.913043	13.913043	13.913043	13.913043	13.913043	13.913043	13.913043	13.913043	13.913043	13.913043	13.913043	13.913043	13.913043	13.913043	13.913043	13.913043	13.913043	13.913043	13.913043	13.913043	13.913043	13.913043	13.913043	13.913043	13.913043	13.913043	13.913043	13.913043	13.913043	13.913043	13.913043	13.913043	13.913043	13.913043	13.913043	13.913043	13.913043	13.913043	13.913043	13.913043	13.913043	13.913043	13.913043	13.913043	13.913043	13.913043	13.913043	13.913043	13.913043	13.913043	13.913043	13.913043	13.913043	13.913043	13.913043	13.913043	13.913043	13.913043	13.913043	13.913043	13.913043	13.913043	13.913043	13.913043	13.913043	13.913043	13.913043	13.913043	13.913043	13.913043	13.913043	13.913043	13.913043	13.913043	13.913043	13.913043	13.913043	13.913043	13.913043	13.913043	13.913043	13.913043	13.913043	13.913043	13.913043	13.913043	13.913043	13.913043	13.913043	13.913043	13.913043	13.913043	13.913043	13.913043	13.913043	13.913043	13.913043	13.913043	13.913043	13.913043	13.913043	13.913043	13.913043	13.913043	13.913043	13.913043	13.913043	13.913043	13.913043	13.913043	13.913043	13.913043	13.913043	13.913043	13.913043	13.913043	13.913043	13.913043	13.913043	13.913043	13.913043	13.913043	13.913043	13.913043	13.913043	13.913043	13.913043	13.913043	13.913043	13.913043	13.913043	13.913043	13.913043	13.913043	13.913043	13.913043	13.913043	13.913043	13.913043	13.913043	13.913043	13.913043	13.913043	13.913043	13.913043	13.913043	13.913043	13.913043	13.913043	13.913043	13.913043	13.913043	13.913043	13.913043	13.913043	13.913043	13.913043	13.913043	13.913043	13.913043	13.913043	13.913043	13.913043	13.913043	13.913043	13.913043	13.913043	13.913043	13.913043	13.913043	13.913043	13.913043	13.913043	13.913043	13.913043	13.913043	13.913043	13.913043	13.913043	13.913043	13.913043	13.913043	13.913043	13.913043	13.913043	13.913043	13.913043	13.913043	13.913043	13.913043	13.913043	13.913043	13.913043	13.913043	13.913043	13.913043	13.913043	13.913043	13.913043	13.913043	13.913043	13.913043	13.913043	13.913043	13.913043	13.913043	13.913043	13.913043	13.913043	13.913043	13.913043	13.913043	13.913043	13.913043	13.913043	13.913043	13.913043	13.913043	13.913043	13.913043	13.913043	13.913043	13.913043	13.913043	13.913043	13.913043	13.913043	13.913043	13.913043	13.913043	13.913043	13.913043	13.913043	13.913043	13.913043	13.913043	13.913043	13.913043	13.913043	13.913043	13.913043	13.913043	13.913043	13.913043	13.913043	13.913043	13.913043	13.913043	13.913043	13.913043	13.913043	13.913043	13.913043	13.913043	13.913043	13.913043	13.913043	13.913043	13.913043	13.913043	13.913043	13.913043	13.913043	13.913043	13.913043	13.913043	13.913043	13.913043	13.913043	13.913043	13.913043	13.913043	13.913043	13.913043	13.913043	13.913043	13.913043	13.913043	13.913043	13.913043	13.913043	13.913043	13.913043	13.913043	13.913043	13.913043	13.913043	13.913043	13.913043	13.913043	13.913043	13.913043	13.913043	13.913043	13.913043	13.913043	13.913043	13.913043	13.913043	13.913043	13.913043	13.913043	13.913043	13.913043	13.913043	13.913043	13.913043	13.913043	13.913043	13.913043	13.913043	13.913043	13.913043	13.913043	13.913043	13.913043	13.913043	13.913043	13.913043	13.913043	13.913043	13.913043	13.913043	13.913043	13.913043	13.913043	13.913043	13.913043	13.913043	13.913043	13.913043	13.913043	13.913043	13.913043	13.913043	13.913043	13.913043	13.913043	13.913043	13.913043	13.913043	13.913043	13.913043	13.913043	13.913043	13.913043	13.913043	13.913043	13.913043	13.913043	13.913043	13.913043	13.913043	13.913043	13.913043	13.913043	13.913043	13.913043	13.913043	13.913043	13.913043	13.913043	13.913043	13.913043	13.913043	13.913043	13.913043	13.913043	13.913043	13.913043	13.913043	13.913043	13.913043	13.913043	13.913043	13.913043	13.913043	13.913043	13.913043	13.913043	13.913043	13.913043	13.913043
%%%	Pulse Index	Stimulus Section Index	Stimulus Section Start Index	Stimulus Section End Index	Pupil Stimulated: 0 = Right, 1 = Left, 2 = Both	Light Metric: 0 = Photopic, 1 = Scopotic, 2 = Radiometric	Stimulus Start Time	Stimulus Duration	Stimulus Pulse Duration	Right Pulse Max Level	Right Pulse Max Color (0123 = WRGB)	Right Pulse Min Level	Right Pulse Min Color (0123 = WRGB)	Left Pulse Max Level	Left Pulse Max Color (0123 = WRGB)	Left Pulse Min Level	Left Pulse Min Color (0123 = WRGB)	Right Data Input Type (0 == RAW DATA, 1 == FITTED DATA, 2 == M. OVERRIDED)	Right ANALYSIS STATE (0 == ABNORMAL, 1 == NORMAL)	Right MAX (mm) (EMPTY if INVALID)	Right MIN (mm) (EMPTY if INVALID)	Right DELTA (mm) (EMPTY if INVALID)	Right CH (%) (EMPTY if INVALID)	Right LAT (sec) (EMPTY if INVALID)	Right CV (mm/s) (EMPTY if INVALID)	Right MCV (mm/s) (EMPTY if INVALID)	Right DV (mm/s) (EMPTY if INVALID)	Left Data Input Type (0 == RAW DATA, 1 == FITTED DATA, 2 == M. OVERRIDED)	Left ANALYSIS STATE (0 == ABNORMAL, 1 == NORMAL)	Left MAX (mm) (EMPTY if INVALID)	Left MIN (mm) (EMPTY if INVALID)	Left DELTA (mm) (EMPTY if INVALID)	Left CH (%) (EMPTY if INVALID)	Left LAT (sec) (EMPTY if INVALID)	Left CV (mm/s) (EMPTY if INVALID)	Left MCV (mm/s) (EMPTY if INVALID)	Left DV (mm/s) (EMPTY if INVALID)
%%%	0	0	17	542	0	0	0.51	17.52	0.51	31625.17	1	0.00	1	0.00	1	0.00	1	0	0	0.00	0.00			0.00	0.00	0.00	0.00	0	0	0.00	0.00			0.00	0.00	0.00	0.00
%%%%%%%%%
%%%%%%%%%
%%%%%%%%%
<\SESSION>
