<SESSION>
<VERSION>
2
<\VERSION>
<DATE>
2017-08-10 08:58:11
<\DATE>
<SUBJECT-ID>
c57-1mois-DA-F1-1.2r
<\SUBJECT-ID>
<NOTE>

<\NOTE>
<MIN-MAX-PLOT>
0.100000 51880.761719
<\MIN-MAX-PLOT>
<STIMULUS-DEFINED>
Default
Default Human Relative Spectral Sensitivity
1	0
1	0.500000	0.500000	17.000000	1	1	1.200000	-100.000000	0.100000	-100.000000	0
<\STIMULUS-DEFINED>
<STIMULUS-GENERATED>
4
0	0	0.000000	1	0.000000	0.000000	1	0.000000	0.000000
0	1	0.510000	1	0.065221	15.983889	1	0.000000	0.000000
0	4	1.019000	1	0.000000	0.000000	1	0.000000	0.000000
-1	5	18.028000	0	0.000000	0.000000	0	0.000000	0.000000
<\STIMULUS-GENERATED>
<RIGHT-PUPIL-DATA>
543	1
1	-0.051000	0.833333	294.562439	427.562439
1	-0.020000	0.853188	294.306244	423.743744
0	0.012000	0.857971	298.000000	421.000000
1	0.043000	0.870580	294.131256	423.543732
1	0.074000	0.865797	293.549988	423.812500
1	0.105000	0.842464	293.543732	426.068756
1	0.136000	0.895072	293.399994	423.600006
1	0.183000	0.857971	294.500000	420.500000
1	0.214000	0.904348	293.500000	421.500000
1	0.246000	0.871594	292.899994	424.762421
1	0.277000	0.865797	293.062500	423.750000
1	0.308000	0.885797	291.850006	420.975006
1	0.339000	0.867391	291.937500	422.187500
1	0.370000	0.866232	290.193756	420.056244
1	0.402000	0.898406	290.531250	420.906250
1	0.448000	0.921014	291.531128	423.218689
1	0.480000	0.904348	289.000000	420.000000
1	0.511000	0.870580	289.131256	419.868744
1	0.542000	0.894493	290.149994	423.350006
1	0.573000	0.950725	290.000000	425.000000
1	0.604000	0.894493	290.424988	423.549988
1	0.636000	0.838551	291.437500	422.562500
1	0.682000	0.892754	291.250000	421.250000
1	0.714000	0.875362	290.000000	421.000000
1	0.745000	0.855797	290.793762	425.206238
1	0.776000	0.871449	291.118744	422.743744
1	0.807000	0.886812	289.743744	421.681244
1	0.838000	0.834783	290.000000	423.000000
1	0.870000	0.869565	290.250000	423.750000
1	0.916000	0.833768	290.506256	425.618744
1	0.948000	0.811884	289.662506	423.712494
1	0.979000	0.857971	291.000000	422.000000
1	1.010000	0.836377	290.406250	423.406250
1	1.041000	0.820725	290.193756	423.806244
1	1.072000	0.857971	291.000000	426.000000
1	1.104000	0.813623	290.687500	423.737488
1	1.135000	0.783188	290.299988	422.899963
1	1.182000	0.813623	290.687500	423.687500
1	1.213000	0.796812	291.037506	425.962494
1	1.244000	0.814203	291.712494	424.712494
0	1.275000	0.765217	290.000000	425.000000
1	1.306000	0.814638	290.718750	423.718750
1	1.338000	0.857971	289.000000	422.000000
1	1.369000	0.765217	290.000000	425.000000
1	1.416000	0.770725	290.662506	425.837494
1	1.447000	0.857971	291.000000	424.000000
1	1.478000	0.799275	289.768738	423.093750
1	1.509000	0.765217	290.000000	425.000000
1	1.540000	0.800000	289.000000	425.000000
1	1.572000	0.765217	290.000000	425.000000
1	1.603000	0.775072	290.100006	423.100006
0	1.650000	0.765217	294.000000	425.000000
0	1.681000	0.749275	294.412506	425.337494
1	1.712000	0.762754	294.506256	427.493744
0	1.743000	0.771594	294.850006	426.712494
0	1.774000	0.765217	298.000000	425.000000
1	1.806000	0.763768	297.500000	423.875000
1	1.837000	0.774058	298.118744	424.881256
0	1.868000	0.703623	299.143738	430.218750
1	1.915000	0.761014	303.431244	428.431244
1	1.946000	0.846377	303.000000	426.000000
1	1.977000	0.811594	303.000000	430.000000
1	2.008000	0.776812	301.250000	431.250000
1	2.040000	0.748406	301.625000	431.375000
1	2.071000	0.813623	302.312500	431.687500
1	2.102000	0.764058	301.524994	429.225006
0	2.149000	0.596667	299.381256	428.431244
0	2.180000	0.765217	302.000000	433.000000
0	2.211000	0.814203	302.712494	431.274994
1	2.242000	0.748406	302.387512	429.750000
1	2.274000	0.805362	302.818756	426.181244
1	2.305000	0.829855	302.512451	427.512451
1	2.336000	0.744493	301.693756	432.306244
1	2.383000	0.834783	302.000000	431.000000
1	2.414000	0.788406	301.500000	428.500000
1	2.445000	0.817971	302.250000	428.187500
0	2.476000	0.765217	301.750000	429.250000
0	2.508000	0.347826	323.993744	450.818756
1	2.539000	0.779420	303.212494	430.787506
1	2.570000	0.759420	302.000000	431.500000
1	2.601000	0.797826	302.068848	429.956177
1	2.648000	0.776812	302.312500	430.937500
1	2.679000	0.765217	306.000000	433.000000
1	2.710000	0.753333	306.662506	430.649994
1	2.742000	0.805362	311.068756	431.193756
1	2.773000	0.800000	313.125000	429.875000
1	2.804000	0.800000	313.000000	425.000000
1	2.835000	0.783768	315.274994	428.725006
1	2.882000	0.755362	318.524994	427.725006
1	2.913000	0.773768	320.131256	422.368744
0	2.944000	0.347826	285.518738	443.018738
1	2.976000	0.765217	322.000000	425.000000
1	3.007000	0.764058	321.012482	429.350006
0	3.038000	0.347826	209.331909	489.668091
1	3.069000	0.777536	323.831238	425.206238
1	3.100000	0.760290	320.562500	424.437500
1	3.147000	0.778841	319.812500	427.812500
0	3.178000	0.786232	316.981262	426.518738
1	3.210000	0.799420	314.000000	425.250000
1	3.241000	0.818985	310.831238	423.168762
1	3.272000	0.781884	306.893738	416.893738
1	3.303000	0.829275	302.537445	415.512543
1	3.334000	0.801159	298.975006	416.475006
1	3.381000	0.765217	298.000000	417.000000
1	3.412000	0.755507	295.506256	415.368744
1	3.444000	0.792898	294.156250	412.968750
1	3.475000	0.752029	291.368744	413.806244
1	3.506000	0.815942	287.762512	411.262512
0	3.537000	0.748551	285.643738	415.231262
0	3.568000	0.774059	283.831360	411.781128
0	3.615000	0.801159	279.475006	408.975006
1	3.646000	0.759710	274.412506	405.949982
1	3.678000	0.829275	269.462494	406.524994
0	3.709000	0.814203	265.850006	407.712494
0	3.740000	0.811594	264.075012	410.075012
0	3.771000	0.783188	262.750000	408.299988
0	3.802000	0.742029	262.000000	409.000000
0	3.834000	0.801159	260.975006	410.899994
1	3.880000	0.814638	259.331238	409.718750
0	3.912000	0.784203	260.768738	412.768738
0	3.943000	1.755655	262.724457	430.662445
0	3.974000	0.801159	259.475006	411.475006
0	4.005000	0.765217	258.000000	413.000000
0	4.036000	0.835942	261.399994	414.975006
1	4.068000	0.759710	260.537506	416.087494
1	4.114000	0.755942	260.500000	416.500000
0	4.146000	0.791884	260.875000	414.375000
1	4.177000	0.734203	261.187500	414.812500
0	4.208000	0.800000	262.000000	415.000000
1	4.239000	0.765217	263.500000	418.500000
0	4.270000	0.785073	263.906250	417.281250
0	4.302000	0.796667	263.056244	417.943756
1	4.348000	0.414203	286.462494	436.462494
0	4.380000	0.765217	262.000000	417.000000
1	4.411000	0.848406	263.799988	417.187500
0	4.442000	0.486957	287.500000	441.500000
0	4.473000	0.586232	286.793762	443.043762
0	4.504000	0.778841	264.812500	418.187500
0	4.536000	0.370580	281.318756	435.318756
1	4.567000	0.736232	265.737396	421.499725
0	4.614000	0.768985	267.187500	423.062500
1	4.645000	0.783188	265.750000	425.000000
1	4.676000	0.792464	266.024994	420.149994
1	4.707000	0.759855	266.506256	420.556244
0	4.738000	0.789855	266.674988	422.012512
1	4.770000	0.814203	267.287506	423.899994
1	4.801000	0.786667	267.975006	423.375031
1	4.848000	0.823188	266.000000	421.000000
1	4.879000	0.765942	267.606262	420.468750
1	4.910000	0.787536	267.987488	421.362488
0	4.941000	0.776667	267.668762	421.781250
0	4.972000	0.752899	292.418762	454.581238
0	5.004000	0.763478	268.137512	420.500000
1	5.035000	0.744493	268.693756	420.806244
1	5.082000	0.788116	270.337494	424.662506
1	5.113000	0.801594	271.031250	424.906250
1	5.144000	0.794058	270.781250	422.093750
1	5.175000	0.781884	269.231262	421.768738
1	5.206000	0.765217	270.000000	421.000000
1	5.238000	0.755942	270.375000	421.562500
1	5.269000	0.811594	271.250000	422.250000
1	5.300000	0.788406	271.500000	424.500000
1	5.347000	0.812464	272.262512	423.262512
1	5.378000	0.792464	270.975006	422.250031
0	5.409000	0.765217	270.000000	425.000000
0	5.440000	0.755507	271.618744	425.381256
1	5.472000	0.759275	272.543762	426.456238
0	5.503000	0.797246	273.906250	426.456238
1	5.534000	0.783768	271.274994	422.225006
1	5.581000	0.748551	273.643738	423.643738
0	5.612000	0.775072	273.350006	426.850006
1	5.643000	0.768551	273.981232	427.568756
1	5.674000	0.742319	272.337494	425.662506
1	5.706000	0.794203	273.875000	426.125000
0	5.737000	0.358116	298.968750	448.431274
1	5.768000	0.759855	273.556244	425.693756
1	5.799000	0.765217	274.000000	429.000000
1	5.846000	0.765217	275.000000	428.000000
1	5.877000	0.757246	274.518738	428.518738
1	5.908000	0.786667	276.975006	427.699982
1	5.940000	0.747246	278.299988	427.375000
1	5.971000	0.765217	278.000000	429.000000
1	6.002000	0.765217	278.000000	429.000000
1	6.033000	0.807681	278.193756	428.193756
1	6.080000	0.764203	277.506256	428.943756
1	6.111000	0.753623	276.000000	429.000000
1	6.142000	0.764058	277.524994	431.975006
1	6.174000	0.765217	278.000000	433.000000
1	6.205000	0.794493	277.962494	433.037506
1	6.236000	0.765217	278.000000	433.000000
0	6.267000	0.765217	278.000000	433.000000
0	6.314000	0.347826	291.993744	448.493744
1	6.345000	0.749855	276.637512	432.612488
1	6.376000	0.725072	278.006256	431.418732
1	6.408000	0.787536	277.937500	429.437500
1	6.439000	0.723333	278.031250	429.968750
1	6.470000	0.764058	278.774994	430.524994
1	6.501000	0.742029	278.750000	432.750000
0	6.532000	0.372899	295.143768	452.318756
1	6.579000	0.746377	279.262512	429.262512
1	6.610000	0.749420	278.593750	429.718750
0	6.642000	0.762899	279.925018	430.524994
1	6.673000	0.792609	280.281281	432.018768
1	6.704000	0.759710	280.587494	432.537506
1	6.735000	0.758841	279.837494	431.462494
1	6.766000	0.796812	280.962494	430.912506
1	6.813000	0.796232	280.937500	431.062500
1	6.844000	0.800000	281.750000	433.250000
1	6.876000	0.755942	281.375000	432.500000
1	6.907000	0.788406	281.750000	431.250000
1	6.938000	0.750290	281.593689	430.393738
1	6.969000	0.785797	281.975006	431.337494
1	7.000000	0.791159	281.043640	433.968445
0	7.032000	0.738551	280.187500	433.250000
1	7.078000	0.742029	282.000000	433.000000
1	7.110000	0.765217	282.000000	433.000000
1	7.141000	0.773188	281.231262	433.143738
1	7.172000	0.765797	280.000000	433.000000
1	7.203000	0.742464	280.768646	435.731232
1	7.234000	0.814638	281.718750	438.706238
1	7.266000	0.764638	281.500000	435.375000
1	7.312000	0.788406	282.000000	435.000000
1	7.344000	0.788406	282.000000	433.000000
1	7.375000	0.788840	283.018738	435.956238
1	7.406000	0.773333	282.375000	435.125000
1	7.437000	0.792464	281.975006	431.149994
1	7.468000	0.765217	283.000000	432.000000
1	7.500000	0.779420	281.824982	431.787506
1	7.546000	0.799275	282.031250	432.518738
1	7.578000	0.779710	282.737488	432.075012
1	7.609000	0.825507	281.875000	430.625000
1	7.640000	0.783768	281.725006	429.725006
1	7.671000	0.782029	281.750000	429.862488
1	7.702000	0.811594	281.000000	432.000000
1	7.734000	0.774058	281.868744	431.631256
1	7.765000	0.792319	282.056244	430.993744
1	7.812000	0.835942	282.975006	430.225006
1	7.843000	0.787536	283.687500	431.312500
1	7.874000	0.827536	286.487488	432.099976
1	7.905000	0.840145	286.506256	433.681244
1	7.936000	0.834203	289.000000	434.000000
1	7.968000	0.834783	288.750000	430.750000
1	7.999000	0.853333	290.149994	433.662506
1	8.046000	0.815797	290.656250	432.718750
0	8.077000	0.811594	289.000000	434.000000
1	8.108000	0.811014	289.100006	434.699982
1	8.139000	0.811594	287.125000	431.375000
1	8.170000	0.865797	287.812500	429.025024
1	8.202000	0.836377	286.593750	427.406250
1	8.233000	0.800000	288.000000	430.000000
1	8.280000	0.857681	288.837494	430.337494
1	8.311000	0.794638	288.056244	428.806244
1	8.342000	0.823333	287.781250	428.593750
1	8.373000	0.791884	288.062500	427.937500
1	8.404000	0.835942	289.399994	430.524994
1	8.436000	0.833768	289.043732	430.443756
1	8.467000	0.835942	288.024994	430.975006
1	8.498000	0.836377	290.131226	430.018738
1	8.545000	0.834783	290.000000	429.000000
1	8.576000	0.881015	289.281250	429.968750
1	8.607000	0.812464	290.737488	431.262512
1	8.638000	0.814638	289.718750	430.281250
1	8.670000	0.829855	290.924988	430.687500
1	8.701000	0.814638	291.281250	431.281250
1	8.732000	0.792319	291.006256	430.131256
1	8.779000	0.796232	291.937500	433.549988
1	8.810000	0.821159	291.187500	433.812500
1	8.841000	0.835797	290.381256	431.506256
1	8.872000	0.844203	288.281281	431.693817
1	8.904000	0.826087	288.000000	432.250000
0	8.935000	0.347826	300.531372	453.418640
1	8.966000	0.814203	287.712494	430.287506
1	9.013000	0.808696	287.250000	431.500000
0	9.044000	0.759855	287.931244	427.443756
1	9.075000	0.814638	289.718750	428.718750
0	9.106000	0.779420	291.787506	428.087494
1	9.138000	0.813623	288.312500	430.312500
1	9.169000	0.820725	289.193756	429.806244
1	9.200000	0.814203	289.712494	427.862457
1	9.231000	0.817536	289.243744	426.793732
0	9.278000	0.797246	290.531250	429.968750
1	9.309000	0.818551	290.649994	431.837494
1	9.340000	0.841884	289.143738	432.518738
1	9.372000	0.814638	289.281250	432.281250
1	9.403000	0.801594	288.906250	430.093750
0	9.434000	0.765217	290.000000	429.000000
0	9.465000	0.745797	292.274994	429.287506
1	9.512000	0.796957	292.131470	431.918762
0	9.543000	0.744493	293.256256	428.306244
1	9.574000	0.778841	294.250000	426.937500
1	9.606000	0.782464	294.243744	428.256256
1	9.637000	0.831015	294.437500	429.562500
1	9.668000	0.814058	293.256256	431.731232
1	9.699000	0.810145	293.125000	433.375000
1	9.746000	0.742029	292.750000	429.250000
1	9.777000	0.779420	293.712494	429.787506
1	9.808000	0.773188	293.543762	431.768738
1	9.840000	0.810290	293.093750	431.643738
0	9.871000	0.801159	294.024994	430.024994
1	9.902000	0.814638	293.331238	430.718750
1	9.933000	0.775797	293.843750	429.906250
1	9.964000	0.779710	293.737488	429.862488
1	10.011000	0.756812	294.662506	432.524994
0	10.042000	0.937101	307.962494	444.524994
0	10.074000	0.695652	295.750000	431.750000
0	10.105000	0.687536	314.450012	469.450012
1	10.136000	0.786812	296.068756	434.631256
1	10.167000	0.777101	294.899994	432.287506
0	10.198000	0.729275	296.149994	432.225006
1	10.245000	0.788116	300.087494	434.212494
0	10.276000	0.789710	301.843750	430.968750
0	10.308000	0.765217	306.000000	433.000000
0	10.339000	0.901594	314.281250	447.518738
0	10.370000	0.765217	314.000000	445.000000
1	10.401000	0.873188	311.518799	446.093750
1	10.432000	0.869565	310.000000	443.000000
1	10.479000	0.855797	309.656250	442.331238
1	10.510000	0.833768	309.618744	440.981171
0	10.542000	0.805507	307.287506	442.162506
0	10.573000	0.765217	306.000000	441.000000
0	10.604000	0.823188	306.000000	439.000000
1	10.635000	0.808116	305.375000	439.187500
1	10.666000	0.809710	306.118744	440.118744
1	10.698000	0.788116	304.662506	439.087494
1	10.744000	0.773188	303.106262	439.143738
1	10.776000	0.809275	306.362488	440.250000
0	10.807000	0.800000	306.000000	438.000000
0	10.838000	0.823333	305.593750	438.343750
0	10.869000	0.758696	307.556244	438.568756
0	10.900000	0.765217	307.000000	440.000000
1	10.932000	0.773188	305.768768	440.356232
0	10.963000	0.811594	307.000000	438.000000
1	11.010000	0.805507	307.337494	437.162506
1	11.041000	0.801159	307.024994	439.024994
1	11.072000	0.801594	306.031250	440.518738
1	11.103000	0.836377	306.531250	439.593750
1	11.134000	0.809710	306.243744	439.243744
1	11.166000	0.742319	309.662506	439.337494
1	11.197000	0.760290	308.437500	438.437500
1	11.244000	0.707101	301.156250	439.793762
1	11.275000	0.707101	296.156250	437.843750
0	11.306000	0.765217	290.000000	425.000000
0	11.337000	0.695652	286.000000	415.000000
0	11.368000	0.672899	285.181244	413.681244
1	11.400000	0.742754	286.418762	417.656250
0	11.431000	0.678841	286.237488	410.562500
0	11.478000	0.709420	285.206238	411.793762
1	11.509000	0.741159	285.649994	416.287506
0	11.540000	0.677101	286.149994	416.475006
0	11.571000	0.681594	286.443756	418.806244
0	11.602000	0.778841	286.187500	422.812500
0	11.634000	0.668406	287.274994	420.350006
0	11.665000	0.695507	287.756256	420.993744
0	11.696000	0.765217	286.000000	421.000000
0	11.743000	0.732029	288.843750	424.468750
1	11.774000	0.840725	286.531250	427.531250
1	11.805000	0.848841	286.606232	427.806244
0	11.836000	0.804928	287.187500	427.187500
0	11.868000	0.637101	289.837494	425.850006
1	11.899000	0.815362	287.712494	426.337494
1	11.930000	0.848841	288.193756	429.193756
1	11.977000	0.858985	287.681244	430.706207
1	12.008000	0.843188	289.275024	432.124939
1	12.039000	0.822319	289.437500	430.062500
1	12.070000	0.846377	288.000000	429.000000
1	12.102000	0.850580	289.156250	429.656250
1	12.133000	0.832029	288.281250	431.531250
0	12.164000	0.800000	287.750000	431.750000
1	12.211000	0.852319	287.868744	431.706268
1	12.242000	0.811594	289.000000	430.000000
1	12.273000	0.813623	289.737488	429.262512
0	12.304000	0.743623	290.681244	428.318756
1	12.336000	0.814058	289.693756	430.693756
1	12.367000	0.859855	288.181244	430.318756
1	12.398000	0.857536	288.068756	432.318756
1	12.429000	0.831015	288.437500	433.562500
1	12.476000	0.823188	289.000000	432.000000
1	12.507000	0.811594	288.250000	431.250000
1	12.538000	0.835507	288.018738	431.481262
1	12.570000	0.805362	287.818756	434.181244
1	12.601000	0.857681	286.837494	434.162506
1	12.632000	0.801159	288.024994	434.475006
1	12.663000	0.820580	287.587524	432.787476
1	12.710000	0.812464	287.737488	434.737488
1	12.741000	0.836377	286.531250	434.593750
1	12.772000	0.827681	287.718750	434.468750
1	12.804000	0.821884	287.181244	435.568756
1	12.835000	0.823188	287.125000	436.125000
1	12.866000	0.848985	287.212494	433.787506
0	12.897000	0.765217	286.000000	433.000000
1	12.944000	0.840725	289.531250	436.656250
1	12.975000	0.848985	288.537506	435.787506
1	13.006000	0.823188	288.750000	435.750000
1	13.038000	0.800000	289.000000	435.000000
1	13.069000	0.821159	287.812500	438.187500
1	13.100000	0.827971	287.093750	438.493774
0	13.131000	0.811884	288.662506	441.287506
1	13.162000	0.778116	289.193756	443.806244
1	13.209000	0.796667	287.943756	442.556244
1	13.240000	0.794638	288.606232	440.931244
1	13.272000	0.800725	288.868713	443.268738
1	13.303000	0.794203	288.000000	443.000000
1	13.334000	0.810870	288.062500	445.187500
0	13.365000	0.783188	287.750000	443.750000
1	13.396000	0.760290	289.562500	444.562500
1	13.443000	0.759420	290.000000	444.500000
1	13.474000	0.814203	289.712494	444.287506
1	13.506000	0.781594	290.118744	447.056244
1	13.537000	0.745797	289.712494	447.287506
1	13.568000	0.752319	290.556244	447.368744
1	13.599000	0.796667	290.506256	446.056244
1	13.630000	0.742898	291.687500	447.312500
1	13.677000	0.800000	292.000000	447.000000
1	13.708000	0.783188	291.737488	448.750000
1	13.740000	0.789710	291.706238	449.156250
1	13.771000	0.795072	291.125000	446.062500
1	13.802000	0.765217	291.000000	446.000000
0	13.833000	0.347826	251.881287	453.118713
1	13.864000	0.811594	289.125000	447.875000
1	13.896000	0.749420	290.218750	449.331238
1	13.942000	0.762319	289.500000	448.000000
1	13.974000	0.788551	290.393738	446.918762
1	14.005000	0.815942	289.737488	448.312500
1	14.036000	0.764058	289.524994	447.649994
1	14.067000	0.775072	290.274994	449.462494
1	14.098000	0.794058	289.531250	450.906250
1	14.130000	0.738116	290.743744	448.818817
1	14.176000	0.795072	290.125000	448.062500
1	14.208000	0.778406	290.181274	447.918762
1	14.239000	0.787971	291.056244	449.756256
1	14.270000	0.796812	290.962494	448.912506
1	14.301000	0.793768	291.943787	451.306274
0	14.332000	0.591449	295.493744	447.493744
1	14.364000	0.801594	291.906250	449.156250
1	14.410000	0.797246	290.968750	448.156250
1	14.442000	0.764058	290.475006	449.649994
1	14.473000	0.778116	288.806244	448.181244
1	14.504000	0.746377	289.137512	445.262512
1	14.535000	0.742029	290.000000	445.000000
1	14.566000	0.727681	290.218750	447.031250
1	14.598000	0.744638	290.712494	447.537506
0	14.629000	0.570725	293.787506	445.212494
1	14.676000	0.765217	290.750000	448.750000
1	14.707000	0.718406	290.681244	446.818756
1	14.738000	0.778841	290.187500	446.687500
1	14.769000	0.764058	290.475006	447.649994
1	14.800000	0.766232	289.943756	448.793610
1	14.832000	0.834783	290.000000	449.000000
1	14.863000	0.748985	290.350006	449.225006
1	14.894000	0.760290	291.062500	447.562500
1	14.941000	0.765217	290.000000	449.000000
1	14.972000	0.773188	291.231262	451.143738
1	15.003000	0.755072	290.968750	451.406250
1	15.034000	0.783188	292.750000	452.875000
1	15.066000	0.744638	293.274994	451.300018
1	15.097000	0.779855	293.168732	449.418732
0	15.128000	0.774638	293.843781	447.606232
1	15.175000	0.792464	293.850006	451.637482
1	15.206000	0.724928	295.337433	449.062469
1	15.237000	0.791304	295.062500	448.312500
1	15.269000	0.805797	296.500000	452.000000
1	15.300000	0.788406	298.000000	453.000000
1	15.331000	0.776812	296.750000	452.250000
1	15.362000	0.753623	298.000000	452.000000
1	15.409000	0.742029	300.000000	449.000000
1	15.440000	0.764058	298.975006	447.524994
1	15.471000	0.801159	299.975006	450.024994
1	15.503000	0.747101	299.631256	451.368744
1	15.534000	0.767681	302.506256	454.606232
1	15.565000	0.788406	302.250000	453.750000
1	15.596000	0.773913	302.437500	452.187500
1	15.627000	0.747246	301.299988	452.612488
1	15.674000	0.771594	300.149994	452.712494
1	15.705000	0.742898	299.312500	455.687500
1	15.737000	0.738551	298.250000	453.375000
1	15.768000	0.744638	297.350067	451.662506
1	15.799000	0.764058	298.475006	455.225006
1	15.830000	0.753623	298.000000	454.000000
1	15.861000	0.750580	299.343750	454.656250
1	15.908000	0.696377	302.656250	452.956238
0	15.939000	0.743623	309.318756	453.681244
0	15.971000	0.741449	316.299988	461.799988
0	16.002000	0.742029	320.000000	463.000000
0	16.033000	0.759420	317.000000	466.500000
1	16.064000	0.755362	316.475006	468.524994
0	16.095000	0.744058	312.362488	467.299988
1	16.142000	0.727971	311.068665	465.056152
1	16.173000	0.753623	311.000000	464.000000
1	16.205000	0.831159	310.081238	463.418762
1	16.236000	0.756667	309.568756	465.693756
1	16.267000	0.733623	309.787506	464.149994
1	16.298000	0.791304	309.000000	462.250000
1	16.329000	0.765217	310.000000	465.000000
1	16.361000	0.743623	307.681244	463.318756
1	16.407000	0.782609	307.500000	464.500000
1	16.439000	0.751159	307.681244	465.756256
1	16.470000	0.803623	308.018738	465.968750
0	16.501000	0.800000	307.750000	465.250000
1	16.532000	0.811449	308.843750	465.331238
1	16.563000	0.789565	308.674988	468.262512
1	16.595000	0.727681	310.031250	470.031250
0	16.641000	0.782609	310.000000	469.500000
1	16.673000	0.765217	310.000000	469.000000
1	16.704000	0.796812	310.087494	468.962494
1	16.735000	0.800000	310.000000	471.000000
1	16.766000	0.764638	309.500000	471.000000
1	16.797000	0.775362	309.899994	470.649994
1	16.829000	0.800000	310.125000	471.125000
1	16.875000	0.777101	311.412506	471.287506
1	16.907000	0.768551	309.981232	471.506256
1	16.938000	0.770145	308.312500	474.562500
1	16.969000	0.800000	309.000000	474.000000
1	17.000000	0.811594	307.924988	474.075012
1	17.031000	0.814058	307.306244	474.256256
1	17.063000	0.768116	308.500000	474.000000
0	17.094000	0.755362	308.475006	472.524994
1	17.141000	0.797246	307.218750	472.968750
1	17.172000	0.811594	307.875000	474.375000
1	17.203000	0.828986	307.500000	476.000000
1	17.234000	0.805072	308.981079	474.781311
1	17.265000	0.809855	306.387482	474.225006
1	17.297000	0.801159	306.975006	475.975006
1	17.328000	0.794928	307.581238	475.456238
0	17.375000	0.788551	307.593750	475.343750
1	17.406000	0.765217	307.000000	478.000000
0	17.437000	0.782609	307.500000	474.500000
1	17.468000	0.804928	305.187500	475.187500
1	17.499000	0.777101	305.175018	475.712494
1	17.531000	0.742319	305.662506	477.337494
1	17.562000	0.795072	305.937500	477.312500
0	17.609000	0.765217	306.000000	477.000000
0	17.640000	0.742898	306.312500	475.312500
1	17.671000	0.745797	304.712494	476.287506
0	17.702000	0.726812	300.543762	475.643738
1	17.733000	0.794927	300.968719	484.056244
1	17.765000	0.765217	302.000000	485.000000
0	17.796000	0.730435	316.000000	477.000000
0	17.827000	0.778841	323.937500	478.812500
1	17.874000	0.347826	305.531372	491.468628
0	17.905000	0.347826	290.181335	494.218811
0	17.936000	0.347826	181.331909	501.000000
0	17.967000	0.347826	181.331909	501.000000
0	17.999000	0.347826	181.331909	501.000000
<\RIGHT-PUPIL-DATA>
<LEFT-PUPIL-DATA>
542	0
0	-0.051000	13.913043	240.000000	320.000000
0	-0.020000	13.913043	240.000000	320.000000
0	0.011000	13.913043	240.000000	320.000000
0	0.042000	13.913043	240.000000	320.000000
0	0.074000	13.913043	240.000000	320.000000
0	0.120000	13.913043	240.000000	320.000000
0	0.152000	13.913043	240.000000	320.000000
0	0.183000	13.913043	240.000000	320.000000
0	0.214000	13.913043	240.000000	320.000000
0	0.245000	13.913043	240.000000	320.000000
0	0.276000	13.913043	240.000000	320.000000
0	0.308000	13.913043	240.000000	320.000000
0	0.354000	13.913043	240.000000	320.000000
0	0.386000	13.913043	240.000000	320.000000
0	0.417000	13.913043	240.000000	320.000000
0	0.448000	13.913043	240.000000	320.000000
0	0.479000	13.913043	240.000000	320.000000
0	0.510000	13.913043	240.000000	320.000000
0	0.542000	13.913043	240.000000	320.000000
0	0.573000	13.913043	240.000000	320.000000
0	0.620000	13.913043	240.000000	320.000000
0	0.651000	13.913043	240.000000	320.000000
0	0.682000	13.913043	240.000000	320.000000
0	0.713000	13.913043	240.000000	320.000000
0	0.744000	13.913043	240.000000	320.000000
0	0.776000	13.913043	240.000000	320.000000
0	0.807000	13.913043	240.000000	320.000000
0	0.854000	13.913043	240.000000	320.000000
0	0.885000	13.913043	240.000000	320.000000
0	0.916000	13.913043	240.000000	320.000000
0	0.947000	13.913043	240.000000	320.000000
0	0.978000	13.913043	240.000000	320.000000
0	1.010000	13.913043	240.000000	320.000000
0	1.041000	13.913043	240.000000	320.000000
0	1.088000	13.913043	240.000000	320.000000
0	1.119000	13.913043	240.000000	320.000000
0	1.150000	13.913043	240.000000	320.000000
0	1.181000	13.913043	240.000000	320.000000
0	1.212000	13.913043	240.000000	320.000000
0	1.244000	13.913043	240.000000	320.000000
0	1.275000	13.913043	240.000000	320.000000
0	1.306000	13.913043	240.000000	320.000000
0	1.353000	13.913043	240.000000	320.000000
0	1.384000	13.913043	240.000000	320.000000
0	1.415000	13.913043	240.000000	320.000000
0	1.446000	13.913043	240.000000	320.000000
0	1.478000	13.913043	240.000000	320.000000
0	1.509000	13.913043	240.000000	320.000000
0	1.540000	13.913043	240.000000	320.000000
0	1.587000	13.913043	240.000000	320.000000
0	1.618000	13.913043	240.000000	320.000000
0	1.649000	13.913043	240.000000	320.000000
0	1.680000	13.913043	240.000000	320.000000
0	1.712000	13.913043	240.000000	320.000000
0	1.743000	13.913043	240.000000	320.000000
0	1.774000	13.913043	240.000000	320.000000
0	1.821000	13.913043	240.000000	320.000000
0	1.852000	13.913043	240.000000	320.000000
0	1.883000	13.913043	240.000000	320.000000
0	1.914000	13.913043	240.000000	320.000000
0	1.946000	13.913043	240.000000	320.000000
0	1.977000	13.913043	240.000000	320.000000
0	2.008000	13.913043	240.000000	320.000000
0	2.039000	13.913043	240.000000	320.000000
0	2.086000	13.913043	240.000000	320.000000
0	2.117000	13.913043	240.000000	320.000000
0	2.148000	13.913043	240.000000	320.000000
0	2.180000	13.913043	240.000000	320.000000
0	2.211000	13.913043	240.000000	320.000000
0	2.242000	13.913043	240.000000	320.000000
0	2.273000	13.913043	240.000000	320.000000
0	2.320000	13.913043	240.000000	320.000000
0	2.351000	13.913043	240.000000	320.000000
0	2.382000	13.913043	240.000000	320.000000
0	2.414000	13.913043	240.000000	320.000000
0	2.445000	13.913043	240.000000	320.000000
0	2.476000	13.913043	240.000000	320.000000
0	2.507000	13.913043	240.000000	320.000000
0	2.538000	13.913043	240.000000	320.000000
0	2.585000	13.913043	240.000000	320.000000
0	2.616000	13.913043	240.000000	320.000000
0	2.648000	13.913043	240.000000	320.000000
0	2.679000	13.913043	240.000000	320.000000
0	2.710000	13.913043	240.000000	320.000000
0	2.741000	13.913043	240.000000	320.000000
0	2.772000	13.913043	240.000000	320.000000
0	2.819000	13.913043	240.000000	320.000000
0	2.850000	13.913043	240.000000	320.000000
0	2.882000	13.913043	240.000000	320.000000
0	2.913000	13.913043	240.000000	320.000000
0	2.944000	13.913043	240.000000	320.000000
0	2.975000	13.913043	240.000000	320.000000
0	3.006000	13.913043	240.000000	320.000000
0	3.038000	13.913043	240.000000	320.000000
0	3.084000	13.913043	240.000000	320.000000
0	3.116000	13.913043	240.000000	320.000000
0	3.147000	13.913043	240.000000	320.000000
0	3.178000	13.913043	240.000000	320.000000
0	3.209000	13.913043	240.000000	320.000000
0	3.240000	13.913043	240.000000	320.000000
0	3.272000	13.913043	240.000000	320.000000
0	3.318000	13.913043	240.000000	320.000000
0	3.350000	13.913043	240.000000	320.000000
0	3.381000	13.913043	240.000000	320.000000
0	3.412000	13.913043	240.000000	320.000000
0	3.443000	13.913043	240.000000	320.000000
0	3.474000	13.913043	240.000000	320.000000
0	3.506000	13.913043	240.000000	320.000000
0	3.552000	13.913043	240.000000	320.000000
0	3.584000	13.913043	240.000000	320.000000
0	3.615000	13.913043	240.000000	320.000000
0	3.646000	13.913043	240.000000	320.000000
0	3.677000	13.913043	240.000000	320.000000
0	3.708000	13.913043	240.000000	320.000000
0	3.740000	13.913043	240.000000	320.000000
0	3.771000	13.913043	240.000000	320.000000
0	3.818000	13.913043	240.000000	320.000000
0	3.849000	13.913043	240.000000	320.000000
0	3.880000	13.913043	240.000000	320.000000
0	3.911000	13.913043	240.000000	320.000000
0	3.942000	13.913043	240.000000	320.000000
0	3.974000	13.913043	240.000000	320.000000
0	4.005000	13.913043	240.000000	320.000000
0	4.052000	13.913043	240.000000	320.000000
0	4.083000	13.913043	240.000000	320.000000
0	4.114000	13.913043	240.000000	320.000000
0	4.145000	13.913043	240.000000	320.000000
0	4.176000	13.913043	240.000000	320.000000
0	4.208000	13.913043	240.000000	320.000000
0	4.239000	13.913043	240.000000	320.000000
0	4.286000	13.913043	240.000000	320.000000
0	4.317000	13.913043	240.000000	320.000000
0	4.348000	13.913043	240.000000	320.000000
0	4.379000	13.913043	240.000000	320.000000
0	4.410000	13.913043	240.000000	320.000000
0	4.442000	13.913043	240.000000	320.000000
0	4.473000	13.913043	240.000000	320.000000
0	4.504000	13.913043	240.000000	320.000000
0	4.551000	13.913043	240.000000	320.000000
0	4.582000	13.913043	240.000000	320.000000
0	4.613000	13.913043	240.000000	320.000000
0	4.644000	13.913043	240.000000	320.000000
0	4.676000	13.913043	240.000000	320.000000
0	4.707000	13.913043	240.000000	320.000000
0	4.738000	13.913043	240.000000	320.000000
0	4.785000	13.913043	240.000000	320.000000
0	4.816000	13.913043	240.000000	320.000000
0	4.847000	13.913043	240.000000	320.000000
0	4.878000	13.913043	240.000000	320.000000
0	4.910000	13.913043	240.000000	320.000000
0	4.941000	13.913043	240.000000	320.000000
0	4.972000	13.913043	240.000000	320.000000
0	5.019000	13.913043	240.000000	320.000000
0	5.050000	13.913043	240.000000	320.000000
0	5.081000	13.913043	240.000000	320.000000
0	5.112000	13.913043	240.000000	320.000000
0	5.144000	13.913043	240.000000	320.000000
0	5.175000	13.913043	240.000000	320.000000
0	5.206000	13.913043	240.000000	320.000000
0	5.237000	13.913043	240.000000	320.000000
0	5.284000	13.913043	240.000000	320.000000
0	5.315000	13.913043	240.000000	320.000000
0	5.346000	13.913043	240.000000	320.000000
0	5.378000	13.913043	240.000000	320.000000
0	5.409000	13.913043	240.000000	320.000000
0	5.440000	13.913043	240.000000	320.000000
0	5.471000	13.913043	240.000000	320.000000
0	5.518000	13.913043	240.000000	320.000000
0	5.549000	13.913043	240.000000	320.000000
0	5.580000	13.913043	240.000000	320.000000
0	5.612000	13.913043	240.000000	320.000000
0	5.643000	13.913043	240.000000	320.000000
0	5.674000	13.913043	240.000000	320.000000
0	5.705000	13.913043	240.000000	320.000000
0	5.752000	13.913043	240.000000	320.000000
0	5.783000	13.913043	240.000000	320.000000
0	5.814000	13.913043	240.000000	320.000000
0	5.846000	13.913043	240.000000	320.000000
0	5.877000	13.913043	240.000000	320.000000
0	5.908000	13.913043	240.000000	320.000000
0	5.939000	13.913043	240.000000	320.000000
0	5.970000	13.913043	240.000000	320.000000
0	6.017000	13.913043	240.000000	320.000000
0	6.048000	13.913043	240.000000	320.000000
0	6.080000	13.913043	240.000000	320.000000
0	6.111000	13.913043	240.000000	320.000000
0	6.142000	13.913043	240.000000	320.000000
0	6.173000	13.913043	240.000000	320.000000
0	6.204000	13.913043	240.000000	320.000000
0	6.251000	13.913043	240.000000	320.000000
0	6.282000	13.913043	240.000000	320.000000
0	6.314000	13.913043	240.000000	320.000000
0	6.345000	13.913043	240.000000	320.000000
0	6.376000	13.913043	240.000000	320.000000
0	6.407000	13.913043	240.000000	320.000000
0	6.438000	13.913043	240.000000	320.000000
0	6.470000	13.913043	240.000000	320.000000
0	6.516000	13.913043	240.000000	320.000000
0	6.548000	13.913043	240.000000	320.000000
0	6.579000	13.913043	240.000000	320.000000
0	6.610000	13.913043	240.000000	320.000000
0	6.641000	13.913043	240.000000	320.000000
0	6.672000	13.913043	240.000000	320.000000
0	6.704000	13.913043	240.000000	320.000000
0	6.750000	13.913043	240.000000	320.000000
0	6.782000	13.913043	240.000000	320.000000
0	6.813000	13.913043	240.000000	320.000000
0	6.844000	13.913043	240.000000	320.000000
0	6.875000	13.913043	240.000000	320.000000
0	6.906000	13.913043	240.000000	320.000000
0	6.938000	13.913043	240.000000	320.000000
0	6.969000	13.913043	240.000000	320.000000
0	7.016000	13.913043	240.000000	320.000000
0	7.047000	13.913043	240.000000	320.000000
0	7.078000	13.913043	240.000000	320.000000
0	7.109000	13.913043	240.000000	320.000000
0	7.140000	13.913043	240.000000	320.000000
0	7.172000	13.913043	240.000000	320.000000
0	7.203000	13.913043	240.000000	320.000000
0	7.250000	13.913043	240.000000	320.000000
0	7.281000	13.913043	240.000000	320.000000
0	7.312000	13.913043	240.000000	320.000000
0	7.343000	13.913043	240.000000	320.000000
0	7.374000	13.913043	240.000000	320.000000
0	7.406000	13.913043	240.000000	320.000000
0	7.437000	13.913043	240.000000	320.000000
0	7.484000	13.913043	240.000000	320.000000
0	7.515000	13.913043	240.000000	320.000000
0	7.546000	13.913043	240.000000	320.000000
0	7.577000	13.913043	240.000000	320.000000
0	7.608000	13.913043	240.000000	320.000000
0	7.640000	13.913043	240.000000	320.000000
0	7.671000	13.913043	240.000000	320.000000
0	7.702000	13.913043	240.000000	320.000000
0	7.749000	13.913043	240.000000	320.000000
0	7.780000	13.913043	240.000000	320.000000
0	7.811000	13.913043	240.000000	320.000000
0	7.842000	13.913043	240.000000	320.000000
0	7.874000	13.913043	240.000000	320.000000
0	7.905000	13.913043	240.000000	320.000000
0	7.936000	13.913043	240.000000	320.000000
0	7.983000	13.913043	240.000000	320.000000
0	8.014000	13.913043	240.000000	320.000000
0	8.045000	13.913043	240.000000	320.000000
0	8.076000	13.913043	240.000000	320.000000
0	8.108000	13.913043	240.000000	320.000000
0	8.139000	13.913043	240.000000	320.000000
0	8.170000	13.913043	240.000000	320.000000
0	8.217000	13.913043	240.000000	320.000000
0	8.248000	13.913043	240.000000	320.000000
0	8.279000	13.913043	240.000000	320.000000
0	8.310000	13.913043	240.000000	320.000000
0	8.342000	13.913043	240.000000	320.000000
0	8.373000	13.913043	240.000000	320.000000
0	8.404000	13.913043	240.000000	320.000000
0	8.435000	13.913043	240.000000	320.000000
0	8.482000	13.913043	240.000000	320.000000
0	8.513000	13.913043	240.000000	320.000000
0	8.544000	13.913043	240.000000	320.000000
0	8.576000	13.913043	240.000000	320.000000
0	8.607000	13.913043	240.000000	320.000000
0	8.638000	13.913043	240.000000	320.000000
0	8.669000	13.913043	240.000000	320.000000
0	8.716000	13.913043	240.000000	320.000000
0	8.747000	13.913043	240.000000	320.000000
0	8.778000	13.913043	240.000000	320.000000
0	8.810000	13.913043	240.000000	320.000000
0	8.841000	13.913043	240.000000	320.000000
0	8.872000	13.913043	240.000000	320.000000
0	8.903000	13.913043	240.000000	320.000000
0	8.950000	13.913043	240.000000	320.000000
0	8.981000	13.913043	240.000000	320.000000
0	9.012000	13.913043	240.000000	320.000000
0	9.044000	13.913043	240.000000	320.000000
0	9.075000	13.913043	240.000000	320.000000
0	9.106000	13.913043	240.000000	320.000000
0	9.137000	13.913043	240.000000	320.000000
0	9.168000	13.913043	240.000000	320.000000
0	9.215000	13.913043	240.000000	320.000000
0	9.246000	13.913043	240.000000	320.000000
0	9.278000	13.913043	240.000000	320.000000
0	9.309000	13.913043	240.000000	320.000000
0	9.340000	13.913043	240.000000	320.000000
0	9.371000	13.913043	240.000000	320.000000
0	9.402000	13.913043	240.000000	320.000000
0	9.449000	13.913043	240.000000	320.000000
0	9.480000	13.913043	240.000000	320.000000
0	9.512000	13.913043	240.000000	320.000000
0	9.543000	13.913043	240.000000	320.000000
0	9.574000	13.913043	240.000000	320.000000
0	9.605000	13.913043	240.000000	320.000000
0	9.636000	13.913043	240.000000	320.000000
0	9.683000	13.913043	240.000000	320.000000
0	9.714000	13.913043	240.000000	320.000000
0	9.746000	13.913043	240.000000	320.000000
0	9.777000	13.913043	240.000000	320.000000
0	9.808000	13.913043	240.000000	320.000000
0	9.839000	13.913043	240.000000	320.000000
0	9.870000	13.913043	240.000000	320.000000
0	9.902000	13.913043	240.000000	320.000000
0	9.948000	13.913043	240.000000	320.000000
0	9.980000	13.913043	240.000000	320.000000
0	10.011000	13.913043	240.000000	320.000000
0	10.042000	13.913043	240.000000	320.000000
0	10.073000	13.913043	240.000000	320.000000
0	10.104000	13.913043	240.000000	320.000000
0	10.136000	13.913043	240.000000	320.000000
0	10.182000	13.913043	240.000000	320.000000
0	10.214000	13.913043	240.000000	320.000000
0	10.245000	13.913043	240.000000	320.000000
0	10.276000	13.913043	240.000000	320.000000
0	10.307000	13.913043	240.000000	320.000000
0	10.338000	13.913043	240.000000	320.000000
0	10.370000	13.913043	240.000000	320.000000
0	10.401000	13.913043	240.000000	320.000000
0	10.448000	13.913043	240.000000	320.000000
0	10.479000	13.913043	240.000000	320.000000
0	10.510000	13.913043	240.000000	320.000000
0	10.541000	13.913043	240.000000	320.000000
0	10.572000	13.913043	240.000000	320.000000
0	10.604000	13.913043	240.000000	320.000000
0	10.635000	13.913043	240.000000	320.000000
0	10.682000	13.913043	240.000000	320.000000
0	10.713000	13.913043	240.000000	320.000000
0	10.744000	13.913043	240.000000	320.000000
0	10.775000	13.913043	240.000000	320.000000
0	10.806000	13.913043	240.000000	320.000000
0	10.838000	13.913043	240.000000	320.000000
0	10.869000	13.913043	240.000000	320.000000
0	10.916000	13.913043	240.000000	320.000000
0	10.947000	13.913043	240.000000	320.000000
0	10.978000	13.913043	240.000000	320.000000
0	11.009000	13.913043	240.000000	320.000000
0	11.040000	13.913043	240.000000	320.000000
0	11.072000	13.913043	240.000000	320.000000
0	11.103000	13.913043	240.000000	320.000000
0	11.134000	13.913043	240.000000	320.000000
0	11.181000	13.913043	240.000000	320.000000
0	11.212000	13.913043	240.000000	320.000000
0	11.243000	13.913043	240.000000	320.000000
0	11.274000	13.913043	240.000000	320.000000
0	11.306000	13.913043	240.000000	320.000000
0	11.337000	13.913043	240.000000	320.000000
0	11.368000	13.913043	240.000000	320.000000
0	11.415000	13.913043	240.000000	320.000000
0	11.446000	13.913043	240.000000	320.000000
0	11.477000	13.913043	240.000000	320.000000
0	11.508000	13.913043	240.000000	320.000000
0	11.540000	13.913043	240.000000	320.000000
0	11.571000	13.913043	240.000000	320.000000
0	11.602000	13.913043	240.000000	320.000000
0	11.649000	13.913043	240.000000	320.000000
0	11.680000	13.913043	240.000000	320.000000
0	11.711000	13.913043	240.000000	320.000000
0	11.742000	13.913043	240.000000	320.000000
0	11.774000	13.913043	240.000000	320.000000
0	11.805000	13.913043	240.000000	320.000000
0	11.836000	13.913043	240.000000	320.000000
0	11.867000	13.913043	240.000000	320.000000
0	11.914000	13.913043	240.000000	320.000000
0	11.945000	13.913043	240.000000	320.000000
0	11.976000	13.913043	240.000000	320.000000
0	12.008000	13.913043	240.000000	320.000000
0	12.039000	13.913043	240.000000	320.000000
0	12.070000	13.913043	240.000000	320.000000
0	12.101000	13.913043	240.000000	320.000000
0	12.148000	13.913043	240.000000	320.000000
0	12.179000	13.913043	240.000000	320.000000
0	12.210000	13.913043	240.000000	320.000000
0	12.242000	13.913043	240.000000	320.000000
0	12.273000	13.913043	240.000000	320.000000
0	12.304000	13.913043	240.000000	320.000000
0	12.335000	13.913043	240.000000	320.000000
0	12.382000	13.913043	240.000000	320.000000
0	12.413000	13.913043	240.000000	320.000000
0	12.444000	13.913043	240.000000	320.000000
0	12.476000	13.913043	240.000000	320.000000
0	12.507000	13.913043	240.000000	320.000000
0	12.538000	13.913043	240.000000	320.000000
0	12.569000	13.913043	240.000000	320.000000
0	12.600000	13.913043	240.000000	320.000000
0	12.647000	13.913043	240.000000	320.000000
0	12.678000	13.913043	240.000000	320.000000
0	12.710000	13.913043	240.000000	320.000000
0	12.741000	13.913043	240.000000	320.000000
0	12.772000	13.913043	240.000000	320.000000
0	12.803000	13.913043	240.000000	320.000000
0	12.834000	13.913043	240.000000	320.000000
0	12.881000	13.913043	240.000000	320.000000
0	12.912000	13.913043	240.000000	320.000000
0	12.944000	13.913043	240.000000	320.000000
0	12.975000	13.913043	240.000000	320.000000
0	13.006000	13.913043	240.000000	320.000000
0	13.037000	13.913043	240.000000	320.000000
0	13.068000	13.913043	240.000000	320.000000
0	13.100000	13.913043	240.000000	320.000000
0	13.146000	13.913043	240.000000	320.000000
0	13.178000	13.913043	240.000000	320.000000
0	13.209000	13.913043	240.000000	320.000000
0	13.240000	13.913043	240.000000	320.000000
0	13.271000	13.913043	240.000000	320.000000
0	13.302000	13.913043	240.000000	320.000000
0	13.334000	13.913043	240.000000	320.000000
0	13.380000	13.913043	240.000000	320.000000
0	13.412000	13.913043	240.000000	320.000000
0	13.443000	13.913043	240.000000	320.000000
0	13.474000	13.913043	240.000000	320.000000
0	13.505000	13.913043	240.000000	320.000000
0	13.536000	13.913043	240.000000	320.000000
0	13.568000	13.913043	240.000000	320.000000
0	13.614000	13.913043	240.000000	320.000000
0	13.646000	13.913043	240.000000	320.000000
0	13.677000	13.913043	240.000000	320.000000
0	13.708000	13.913043	240.000000	320.000000
0	13.739000	13.913043	240.000000	320.000000
0	13.770000	13.913043	240.000000	320.000000
0	13.802000	13.913043	240.000000	320.000000
0	13.833000	13.913043	240.000000	320.000000
0	13.880000	13.913043	240.000000	320.000000
0	13.911000	13.913043	240.000000	320.000000
0	13.942000	13.913043	240.000000	320.000000
0	13.973000	13.913043	240.000000	320.000000
0	14.004000	13.913043	240.000000	320.000000
0	14.036000	13.913043	240.000000	320.000000
0	14.067000	13.913043	240.000000	320.000000
0	14.114000	13.913043	240.000000	320.000000
0	14.145000	13.913043	240.000000	320.000000
0	14.176000	13.913043	240.000000	320.000000
0	14.207000	13.913043	240.000000	320.000000
0	14.238000	13.913043	240.000000	320.000000
0	14.270000	13.913043	240.000000	320.000000
0	14.301000	13.913043	240.000000	320.000000
0	14.332000	13.913043	240.000000	320.000000
0	14.379000	13.913043	240.000000	320.000000
0	14.410000	13.913043	240.000000	320.000000
0	14.441000	13.913043	240.000000	320.000000
0	14.472000	13.913043	240.000000	320.000000
0	14.504000	13.913043	240.000000	320.000000
0	14.535000	13.913043	240.000000	320.000000
0	14.566000	13.913043	240.000000	320.000000
0	14.613000	13.913043	240.000000	320.000000
0	14.644000	13.913043	240.000000	320.000000
0	14.675000	13.913043	240.000000	320.000000
0	14.706000	13.913043	240.000000	320.000000
0	14.738000	13.913043	240.000000	320.000000
0	14.769000	13.913043	240.000000	320.000000
0	14.800000	13.913043	240.000000	320.000000
0	14.847000	13.913043	240.000000	320.000000
0	14.878000	13.913043	240.000000	320.000000
0	14.909000	13.913043	240.000000	320.000000
0	14.940000	13.913043	240.000000	320.000000
0	14.972000	13.913043	240.000000	320.000000
0	15.003000	13.913043	240.000000	320.000000
0	15.034000	13.913043	240.000000	320.000000
0	15.065000	13.913043	240.000000	320.000000
0	15.112000	13.913043	240.000000	320.000000
0	15.143000	13.913043	240.000000	320.000000
0	15.175000	13.913043	240.000000	320.000000
0	15.206000	13.913043	240.000000	320.000000
0	15.237000	13.913043	240.000000	320.000000
0	15.268000	13.913043	240.000000	320.000000
0	15.299000	13.913043	240.000000	320.000000
0	15.346000	13.913043	240.000000	320.000000
0	15.377000	13.913043	240.000000	320.000000
0	15.409000	13.913043	240.000000	320.000000
0	15.440000	13.913043	240.000000	320.000000
0	15.471000	13.913043	240.000000	320.000000
0	15.502000	13.913043	240.000000	320.000000
0	15.533000	13.913043	240.000000	320.000000
0	15.580000	13.913043	240.000000	320.000000
0	15.611000	13.913043	240.000000	320.000000
0	15.643000	13.913043	240.000000	320.000000
0	15.674000	13.913043	240.000000	320.000000
0	15.705000	13.913043	240.000000	320.000000
0	15.736000	13.913043	240.000000	320.000000
0	15.767000	13.913043	240.000000	320.000000
0	15.799000	13.913043	240.000000	320.000000
0	15.845000	13.913043	240.000000	320.000000
0	15.877000	13.913043	240.000000	320.000000
0	15.908000	13.913043	240.000000	320.000000
0	15.939000	13.913043	240.000000	320.000000
0	15.970000	13.913043	240.000000	320.000000
0	16.001000	13.913043	240.000000	320.000000
0	16.033000	13.913043	240.000000	320.000000
0	16.079000	13.913043	240.000000	320.000000
0	16.111000	13.913043	240.000000	320.000000
0	16.142000	13.913043	240.000000	320.000000
0	16.173000	13.913043	240.000000	320.000000
0	16.204000	13.913043	240.000000	320.000000
0	16.235000	13.913043	240.000000	320.000000
0	16.267000	13.913043	240.000000	320.000000
0	16.313000	13.913043	240.000000	320.000000
0	16.345000	13.913043	240.000000	320.000000
0	16.376000	13.913043	240.000000	320.000000
0	16.407000	13.913043	240.000000	320.000000
0	16.438000	13.913043	240.000000	320.000000
0	16.469000	13.913043	240.000000	320.000000
0	16.501000	13.913043	240.000000	320.000000
0	16.532000	13.913043	240.000000	320.000000
0	16.579000	13.913043	240.000000	320.000000
0	16.610000	13.913043	240.000000	320.000000
0	16.641000	13.913043	240.000000	320.000000
0	16.672000	13.913043	240.000000	320.000000
0	16.703000	13.913043	240.000000	320.000000
0	16.735000	13.913043	240.000000	320.000000
0	16.766000	13.913043	240.000000	320.000000
0	16.813000	13.913043	240.000000	320.000000
0	16.844000	13.913043	240.000000	320.000000
0	16.875000	13.913043	240.000000	320.000000
0	16.906000	13.913043	240.000000	320.000000
0	16.937000	13.913043	240.000000	320.000000
0	16.969000	13.913043	240.000000	320.000000
0	17.000000	13.913043	240.000000	320.000000
0	17.047000	13.913043	240.000000	320.000000
0	17.078000	13.913043	240.000000	320.000000
0	17.109000	13.913043	240.000000	320.000000
0	17.140000	13.913043	240.000000	320.000000
0	17.171000	13.913043	240.000000	320.000000
0	17.203000	13.913043	240.000000	320.000000
0	17.234000	13.913043	240.000000	320.000000
0	17.265000	13.913043	240.000000	320.000000
0	17.312000	13.913043	240.000000	320.000000
0	17.343000	13.913043	240.000000	320.000000
0	17.374000	13.913043	240.000000	320.000000
0	17.405000	13.913043	240.000000	320.000000
0	17.437000	13.913043	240.000000	320.000000
0	17.468000	13.913043	240.000000	320.000000
0	17.499000	13.913043	240.000000	320.000000
0	17.546000	13.913043	240.000000	320.000000
0	17.577000	13.913043	240.000000	320.000000
0	17.608000	13.913043	240.000000	320.000000
0	17.639000	13.913043	240.000000	320.000000
0	17.671000	13.913043	240.000000	320.000000
0	17.702000	13.913043	240.000000	320.000000
0	17.733000	13.913043	240.000000	320.000000
0	17.780000	13.913043	240.000000	320.000000
0	17.811000	13.913043	240.000000	320.000000
0	17.842000	13.913043	240.000000	320.000000
0	17.873000	13.913043	240.000000	320.000000
0	17.905000	13.913043	240.000000	320.000000
0	17.936000	13.913043	240.000000	320.000000
0	17.967000	13.913043	240.000000	320.000000
<\LEFT-PUPIL-DATA>
<RIGHT-PUPIL-ANALYSIS>
1
0	0	17	542	0	0	0.510000	17.518000	0.509000	15.983889	0.000000	0.000000	0.000000	0	1	1	1	1	0	0	0	0.000000	0.000000	0.000000	0.000000	0.000000	0.000000	0.000000	-1.000000	0.000000	0	0.896174	0.719912	0.631449	0.407115	10.561999	-0.016375	-0.792731	-1.000000	0.208426	1	0.896174	0.719912	0.631449	0.407115	10.561999	-0.382590	-0.792732	-1.000000	0.206773
<\RIGHT-PUPIL-ANALYSIS>
<LEFT-PUPIL-ANALYSIS>
1
0	0	17	541	0	0	0.510000	17.518000	0.509000	15.983889	0.000000	0.000000	0.000000	0	1	1	1	1	0	0	0	0.000000	0.000000	0.000000	0.000000	0.000000	0.000000	0.000000	-1.000000	0.000000	0	-0.034783	-0.034783	0.000950	0.000950	0.000000	0.000000	0.000000	-1.000000	0.000000	1	-0.034783	-0.034783	0.000950	0.000950	0.000000	-1000000.000000	-1000000.000000	-1.000000	0.000000
<\LEFT-PUPIL-ANALYSIS>
%%%%%%%%%
%%%%%%%%%
%%%%%%%%%
%%%	Measurement Tiime is: 2017-08-10 08:58:11
%%%	Subject ID is: c57-1mois-DA-F1-1.2r
%%%	Note: 
%%%	RSS: Default Human Relative Spectral Sensitivity
%%%	Pupil Analysis:
%%%
%%%
%%%
%%%	Pulse Index:	0
%%%	Stimulus Session Index:	0
%%%	Right Pupil Stimulated
%%%	Light Metric is Photopic
%%%	Stimulus Start Time(sec):	0.51
%%%	Stimulus Duration(sec):	17.52
%%%	Stimulus Pulse Duration(sec):	0.51
%%%	Right Pulse:	15.98	(Red  )	-	0.00	(Red  )	[Lux ]
%%%	Left Pulse:	0.00	(Red  )	-	0.00	(Red  )	[Lux ]
%%%
%%%		RIGHT	LEFT	R.Pupil Mean	L.Pupil Mean	R.Stim Mean	R.Stim Mean
%%%	INPUT:	RAW DATA	RAW DATA
%%%	STATE:	ABNORMAL	ABNORMAL	ABNORMAL	ABNORMAL	ABNORMAL	ABNORMAL
%%%	MAX(mm):	0.00	0.00	0.00	0.00	0.00	0.00
%%%	MIN(mm):	0.00	0.00	0.00	0.00	0.00	0.00
%%%	DELTA(mm):						
%%%	CH(%):						
%%%	LAT(sec):	0.00	0.00	0.00	0.00	0.00	0.00
%%%	CV(mm/s):	0.00	0.00	0.00	0.00	0.00	0.00
%%%	MCV(mm/s):	0.00	0.00	0.00	0.00	0.00	0.00
%%%	DV(mm/s):	0.00	0.00	0.00	0.00	0.00	0.00
%%%%%%%%%
%%%%%%%%%
%%%%%%%%%
%%%	Right Pupil Profile (1st row -> 1 == valid tracking, 0 == invalid tracking; 2nd row -> time; 3rd row -> diameter (mm))
%%%	1	1	0	1	1	1	1	1	1	1	1	1	1	1	1	1	1	1	1	1	1	1	1	1	1	1	1	1	1	1	1	1	1	1	1	1	1	1	1	1	0	1	1	1	1	1	1	1	1	1	1	0	0	1	0	0	1	1	0	1	1	1	1	1	1	1	0	0	0	1	1	1	1	1	1	1	0	0	1	1	1	1	1	1	1	1	1	1	1	1	0	1	1	0	1	1	1	0	1	1	1	1	1	1	1	1	1	1	0	0	0	1	1	0	0	0	0	0	1	0	0	0	0	0	1	1	0	1	0	1	0	0	1	0	1	0	0	0	0	1	0	1	1	1	0	1	1	1	1	1	0	0	0	1	1	1	1	1	1	1	1	1	1	1	0	0	1	0	1	1	0	1	1	1	0	1	1	1	1	1	1	1	1	1	1	1	1	1	1	1	0	0	1	1	1	1	1	1	0	1	1	0	1	1	1	1	1	1	1	1	1	1	1	0	1	1	1	1	1	1	1	1	1	1	1	1	1	1	1	1	1	1	1	1	1	1	1	1	1	1	1	1	1	1	0	1	1	1	1	1	1	1	1	1	1	1	1	1	1	1	1	1	1	1	1	1	1	1	1	1	0	1	1	0	1	0	1	1	1	1	0	1	1	1	1	0	0	1	0	1	1	1	1	1	1	1	1	1	0	1	1	1	1	0	0	0	1	1	0	1	0	0	0	0	1	1	1	1	0	0	0	1	1	1	1	1	0	0	0	0	1	0	1	1	1	1	1	1	1	1	1	0	0	0	1	0	0	1	0	0	0	0	0	0	0	1	1	0	0	1	1	1	1	1	1	1	1	0	1	1	1	0	1	1	1	1	1	1	1	1	1	1	1	1	1	1	1	1	1	0	1	1	1	1	1	1	0	1	1	1	1	1	1	0	1	1	1	1	1	1	1	1	1	1	1	1	1	0	1	1	1	1	1	1	1	1	1	1	1	1	1	1	0	1	1	1	1	1	1	1	1	0	1	1	1	1	1	1	1	1	1	1	1	1	1	1	0	1	1	1	1	1	1	1	1	1	1	1	1	1	1	1	1	1	1	1	1	1	1	1	0	0	0	0	1	0	1	1	1	1	1	1	1	1	1	1	1	0	1	1	1	0	1	1	1	1	1	1	1	1	1	1	1	1	1	0	1	1	1	1	1	1	1	0	1	0	1	1	1	1	0	0	1	0	1	1	0	0	1	0	0	0	0
%%%	-0.051000	-0.020000	0.012000	0.043000	0.074000	0.105000	0.136000	0.183000	0.214000	0.246000	0.277000	0.308000	0.339000	0.370000	0.402000	0.448000	0.480000	0.511000	0.542000	0.573000	0.604000	0.636000	0.682000	0.714000	0.745000	0.776000	0.807000	0.838000	0.870000	0.916000	0.948000	0.979000	1.010000	1.041000	1.072000	1.104000	1.135000	1.182000	1.213000	1.244000	1.275000	1.306000	1.338000	1.369000	1.416000	1.447000	1.478000	1.509000	1.540000	1.572000	1.603000	1.650000	1.681000	1.712000	1.743000	1.774000	1.806000	1.837000	1.868000	1.915000	1.946000	1.977000	2.008000	2.040000	2.071000	2.102000	2.149000	2.180000	2.211000	2.242000	2.274000	2.305000	2.336000	2.383000	2.414000	2.445000	2.476000	2.508000	2.539000	2.570000	2.601000	2.648000	2.679000	2.710000	2.742000	2.773000	2.804000	2.835000	2.882000	2.913000	2.944000	2.976000	3.007000	3.038000	3.069000	3.100000	3.147000	3.178000	3.210000	3.241000	3.272000	3.303000	3.334000	3.381000	3.412000	3.444000	3.475000	3.506000	3.537000	3.568000	3.615000	3.646000	3.678000	3.709000	3.740000	3.771000	3.802000	3.834000	3.880000	3.912000	3.943000	3.974000	4.005000	4.036000	4.068000	4.114000	4.146000	4.177000	4.208000	4.239000	4.270000	4.302000	4.348000	4.380000	4.411000	4.442000	4.473000	4.504000	4.536000	4.567000	4.614000	4.645000	4.676000	4.707000	4.738000	4.770000	4.801000	4.848000	4.879000	4.910000	4.941000	4.972000	5.004000	5.035000	5.082000	5.113000	5.144000	5.175000	5.206000	5.238000	5.269000	5.300000	5.347000	5.378000	5.409000	5.440000	5.472000	5.503000	5.534000	5.581000	5.612000	5.643000	5.674000	5.706000	5.737000	5.768000	5.799000	5.846000	5.877000	5.908000	5.940000	5.971000	6.002000	6.033000	6.080000	6.111000	6.142000	6.174000	6.205000	6.236000	6.267000	6.314000	6.345000	6.376000	6.408000	6.439000	6.470000	6.501000	6.532000	6.579000	6.610000	6.642000	6.673000	6.704000	6.735000	6.766000	6.813000	6.844000	6.876000	6.907000	6.938000	6.969000	7.000000	7.032000	7.078000	7.110000	7.141000	7.172000	7.203000	7.234000	7.266000	7.312000	7.344000	7.375000	7.406000	7.437000	7.468000	7.500000	7.546000	7.578000	7.609000	7.640000	7.671000	7.702000	7.734000	7.765000	7.812000	7.843000	7.874000	7.905000	7.936000	7.968000	7.999000	8.046000	8.077000	8.108000	8.139000	8.170000	8.202000	8.233000	8.280000	8.311000	8.342000	8.373000	8.404000	8.436000	8.467000	8.498000	8.545000	8.576000	8.607000	8.638000	8.670000	8.701000	8.732000	8.779000	8.810000	8.841000	8.872000	8.904000	8.935000	8.966000	9.013000	9.044000	9.075000	9.106000	9.138000	9.169000	9.200000	9.231000	9.278000	9.309000	9.340000	9.372000	9.403000	9.434000	9.465000	9.512000	9.543000	9.574000	9.606000	9.637000	9.668000	9.699000	9.746000	9.777000	9.808000	9.840000	9.871000	9.902000	9.933000	9.964000	10.011000	10.042000	10.074000	10.105000	10.136000	10.167000	10.198000	10.245000	10.276000	10.308000	10.339000	10.370000	10.401000	10.432000	10.479000	10.510000	10.542000	10.573000	10.604000	10.635000	10.666000	10.698000	10.744000	10.776000	10.807000	10.838000	10.869000	10.900000	10.932000	10.963000	11.010000	11.041000	11.072000	11.103000	11.134000	11.166000	11.197000	11.244000	11.275000	11.306000	11.337000	11.368000	11.400000	11.431000	11.478000	11.509000	11.540000	11.571000	11.602000	11.634000	11.665000	11.696000	11.743000	11.774000	11.805000	11.836000	11.868000	11.899000	11.930000	11.977000	12.008000	12.039000	12.070000	12.102000	12.133000	12.164000	12.211000	12.242000	12.273000	12.304000	12.336000	12.367000	12.398000	12.429000	12.476000	12.507000	12.538000	12.570000	12.601000	12.632000	12.663000	12.710000	12.741000	12.772000	12.804000	12.835000	12.866000	12.897000	12.944000	12.975000	13.006000	13.038000	13.069000	13.100000	13.131000	13.162000	13.209000	13.240000	13.272000	13.303000	13.334000	13.365000	13.396000	13.443000	13.474000	13.506000	13.537000	13.568000	13.599000	13.630000	13.677000	13.708000	13.740000	13.771000	13.802000	13.833000	13.864000	13.896000	13.942000	13.974000	14.005000	14.036000	14.067000	14.098000	14.130000	14.176000	14.208000	14.239000	14.270000	14.301000	14.332000	14.364000	14.410000	14.442000	14.473000	14.504000	14.535000	14.566000	14.598000	14.629000	14.676000	14.707000	14.738000	14.769000	14.800000	14.832000	14.863000	14.894000	14.941000	14.972000	15.003000	15.034000	15.066000	15.097000	15.128000	15.175000	15.206000	15.237000	15.269000	15.300000	15.331000	15.362000	15.409000	15.440000	15.471000	15.503000	15.534000	15.565000	15.596000	15.627000	15.674000	15.705000	15.737000	15.768000	15.799000	15.830000	15.861000	15.908000	15.939000	15.971000	16.002000	16.033000	16.064000	16.095000	16.142000	16.173000	16.205000	16.236000	16.267000	16.298000	16.329000	16.361000	16.407000	16.439000	16.470000	16.501000	16.532000	16.563000	16.595000	16.641000	16.673000	16.704000	16.735000	16.766000	16.797000	16.829000	16.875000	16.907000	16.938000	16.969000	17.000000	17.031000	17.063000	17.094000	17.141000	17.172000	17.203000	17.234000	17.265000	17.297000	17.328000	17.375000	17.406000	17.437000	17.468000	17.499000	17.531000	17.562000	17.609000	17.640000	17.671000	17.702000	17.733000	17.765000	17.796000	17.827000	17.874000	17.905000	17.936000	17.967000	17.999000
%%%	0.833333	0.853188	0.857971	0.870580	0.865797	0.842464	0.895072	0.857971	0.904348	0.871594	0.865797	0.885797	0.867391	0.866232	0.898406	0.921014	0.904348	0.870580	0.894493	0.950725	0.894493	0.838551	0.892754	0.875362	0.855797	0.871449	0.886812	0.834783	0.869565	0.833768	0.811884	0.857971	0.836377	0.820725	0.857971	0.813623	0.783188	0.813623	0.796812	0.814203	0.765217	0.814638	0.857971	0.765217	0.770725	0.857971	0.799275	0.765217	0.800000	0.765217	0.775072	0.765217	0.749275	0.762754	0.771594	0.765217	0.763768	0.774058	0.703623	0.761014	0.846377	0.811594	0.776812	0.748406	0.813623	0.764058	0.596667	0.765217	0.814203	0.748406	0.805362	0.829855	0.744493	0.834783	0.788406	0.817971	0.765217	0.347826	0.779420	0.759420	0.797826	0.776812	0.765217	0.753333	0.805362	0.800000	0.800000	0.783768	0.755362	0.773768	0.347826	0.765217	0.764058	0.347826	0.777536	0.760290	0.778841	0.786232	0.799420	0.818985	0.781884	0.829275	0.801159	0.765217	0.755507	0.792898	0.752029	0.815942	0.748551	0.774059	0.801159	0.759710	0.829275	0.814203	0.811594	0.783188	0.742029	0.801159	0.814638	0.784203	1.755655	0.801159	0.765217	0.835942	0.759710	0.755942	0.791884	0.734203	0.800000	0.765217	0.785073	0.796667	0.414203	0.765217	0.848406	0.486957	0.586232	0.778841	0.370580	0.736232	0.768985	0.783188	0.792464	0.759855	0.789855	0.814203	0.786667	0.823188	0.765942	0.787536	0.776667	0.752899	0.763478	0.744493	0.788116	0.801594	0.794058	0.781884	0.765217	0.755942	0.811594	0.788406	0.812464	0.792464	0.765217	0.755507	0.759275	0.797246	0.783768	0.748551	0.775072	0.768551	0.742319	0.794203	0.358116	0.759855	0.765217	0.765217	0.757246	0.786667	0.747246	0.765217	0.765217	0.807681	0.764203	0.753623	0.764058	0.765217	0.794493	0.765217	0.765217	0.347826	0.749855	0.725072	0.787536	0.723333	0.764058	0.742029	0.372899	0.746377	0.749420	0.762899	0.792609	0.759710	0.758841	0.796812	0.796232	0.800000	0.755942	0.788406	0.750290	0.785797	0.791159	0.738551	0.742029	0.765217	0.773188	0.765797	0.742464	0.814638	0.764638	0.788406	0.788406	0.788840	0.773333	0.792464	0.765217	0.779420	0.799275	0.779710	0.825507	0.783768	0.782029	0.811594	0.774058	0.792319	0.835942	0.787536	0.827536	0.840145	0.834203	0.834783	0.853333	0.815797	0.811594	0.811014	0.811594	0.865797	0.836377	0.800000	0.857681	0.794638	0.823333	0.791884	0.835942	0.833768	0.835942	0.836377	0.834783	0.881015	0.812464	0.814638	0.829855	0.814638	0.792319	0.796232	0.821159	0.835797	0.844203	0.826087	0.347826	0.814203	0.808696	0.759855	0.814638	0.779420	0.813623	0.820725	0.814203	0.817536	0.797246	0.818551	0.841884	0.814638	0.801594	0.765217	0.745797	0.796957	0.744493	0.778841	0.782464	0.831015	0.814058	0.810145	0.742029	0.779420	0.773188	0.810290	0.801159	0.814638	0.775797	0.779710	0.756812	0.937101	0.695652	0.687536	0.786812	0.777101	0.729275	0.788116	0.789710	0.765217	0.901594	0.765217	0.873188	0.869565	0.855797	0.833768	0.805507	0.765217	0.823188	0.808116	0.809710	0.788116	0.773188	0.809275	0.800000	0.823333	0.758696	0.765217	0.773188	0.811594	0.805507	0.801159	0.801594	0.836377	0.809710	0.742319	0.760290	0.707101	0.707101	0.765217	0.695652	0.672899	0.742754	0.678841	0.709420	0.741159	0.677101	0.681594	0.778841	0.668406	0.695507	0.765217	0.732029	0.840725	0.848841	0.804928	0.637101	0.815362	0.848841	0.858985	0.843188	0.822319	0.846377	0.850580	0.832029	0.800000	0.852319	0.811594	0.813623	0.743623	0.814058	0.859855	0.857536	0.831015	0.823188	0.811594	0.835507	0.805362	0.857681	0.801159	0.820580	0.812464	0.836377	0.827681	0.821884	0.823188	0.848985	0.765217	0.840725	0.848985	0.823188	0.800000	0.821159	0.827971	0.811884	0.778116	0.796667	0.794638	0.800725	0.794203	0.810870	0.783188	0.760290	0.759420	0.814203	0.781594	0.745797	0.752319	0.796667	0.742898	0.800000	0.783188	0.789710	0.795072	0.765217	0.347826	0.811594	0.749420	0.762319	0.788551	0.815942	0.764058	0.775072	0.794058	0.738116	0.795072	0.778406	0.787971	0.796812	0.793768	0.591449	0.801594	0.797246	0.764058	0.778116	0.746377	0.742029	0.727681	0.744638	0.570725	0.765217	0.718406	0.778841	0.764058	0.766232	0.834783	0.748985	0.760290	0.765217	0.773188	0.755072	0.783188	0.744638	0.779855	0.774638	0.792464	0.724928	0.791304	0.805797	0.788406	0.776812	0.753623	0.742029	0.764058	0.801159	0.747101	0.767681	0.788406	0.773913	0.747246	0.771594	0.742898	0.738551	0.744638	0.764058	0.753623	0.750580	0.696377	0.743623	0.741449	0.742029	0.759420	0.755362	0.744058	0.727971	0.753623	0.831159	0.756667	0.733623	0.791304	0.765217	0.743623	0.782609	0.751159	0.803623	0.800000	0.811449	0.789565	0.727681	0.782609	0.765217	0.796812	0.800000	0.764638	0.775362	0.800000	0.777101	0.768551	0.770145	0.800000	0.811594	0.814058	0.768116	0.755362	0.797246	0.811594	0.828986	0.805072	0.809855	0.801159	0.794928	0.788551	0.765217	0.782609	0.804928	0.777101	0.742319	0.795072	0.765217	0.742898	0.745797	0.726812	0.794927	0.765217	0.730435	0.778841	0.347826	0.347826	0.347826	0.347826	0.347826
%%%	Left Pupil Profile (1st row -> 1 == valid tracking, 0 == invalid tracking; 2nd row -> time; 3rd row -> diameter (mm))
%%%	0	0	0	0	0	0	0	0	0	0	0	0	0	0	0	0	0	0	0	0	0	0	0	0	0	0	0	0	0	0	0	0	0	0	0	0	0	0	0	0	0	0	0	0	0	0	0	0	0	0	0	0	0	0	0	0	0	0	0	0	0	0	0	0	0	0	0	0	0	0	0	0	0	0	0	0	0	0	0	0	0	0	0	0	0	0	0	0	0	0	0	0	0	0	0	0	0	0	0	0	0	0	0	0	0	0	0	0	0	0	0	0	0	0	0	0	0	0	0	0	0	0	0	0	0	0	0	0	0	0	0	0	0	0	0	0	0	0	0	0	0	0	0	0	0	0	0	0	0	0	0	0	0	0	0	0	0	0	0	0	0	0	0	0	0	0	0	0	0	0	0	0	0	0	0	0	0	0	0	0	0	0	0	0	0	0	0	0	0	0	0	0	0	0	0	0	0	0	0	0	0	0	0	0	0	0	0	0	0	0	0	0	0	0	0	0	0	0	0	0	0	0	0	0	0	0	0	0	0	0	0	0	0	0	0	0	0	0	0	0	0	0	0	0	0	0	0	0	0	0	0	0	0	0	0	0	0	0	0	0	0	0	0	0	0	0	0	0	0	0	0	0	0	0	0	0	0	0	0	0	0	0	0	0	0	0	0	0	0	0	0	0	0	0	0	0	0	0	0	0	0	0	0	0	0	0	0	0	0	0	0	0	0	0	0	0	0	0	0	0	0	0	0	0	0	0	0	0	0	0	0	0	0	0	0	0	0	0	0	0	0	0	0	0	0	0	0	0	0	0	0	0	0	0	0	0	0	0	0	0	0	0	0	0	0	0	0	0	0	0	0	0	0	0	0	0	0	0	0	0	0	0	0	0	0	0	0	0	0	0	0	0	0	0	0	0	0	0	0	0	0	0	0	0	0	0	0	0	0	0	0	0	0	0	0	0	0	0	0	0	0	0	0	0	0	0	0	0	0	0	0	0	0	0	0	0	0	0	0	0	0	0	0	0	0	0	0	0	0	0	0	0	0	0	0	0	0	0	0	0	0	0	0	0	0	0	0	0	0	0	0	0	0	0	0	0	0	0	0	0	0	0	0	0	0	0	0	0	0	0	0	0	0	0	0	0	0	0	0	0	0	0	0	0	0	0	0	0	0	0	0	0	0	0	0	0	0	0	0	0	0	0	0	0	0	0	0	0	0	0	0	0	0	0	0	0	0	0	0	0	0	0
%%%	-0.051000	-0.020000	0.011000	0.042000	0.074000	0.120000	0.152000	0.183000	0.214000	0.245000	0.276000	0.308000	0.354000	0.386000	0.417000	0.448000	0.479000	0.510000	0.542000	0.573000	0.620000	0.651000	0.682000	0.713000	0.744000	0.776000	0.807000	0.854000	0.885000	0.916000	0.947000	0.978000	1.010000	1.041000	1.088000	1.119000	1.150000	1.181000	1.212000	1.244000	1.275000	1.306000	1.353000	1.384000	1.415000	1.446000	1.478000	1.509000	1.540000	1.587000	1.618000	1.649000	1.680000	1.712000	1.743000	1.774000	1.821000	1.852000	1.883000	1.914000	1.946000	1.977000	2.008000	2.039000	2.086000	2.117000	2.148000	2.180000	2.211000	2.242000	2.273000	2.320000	2.351000	2.382000	2.414000	2.445000	2.476000	2.507000	2.538000	2.585000	2.616000	2.648000	2.679000	2.710000	2.741000	2.772000	2.819000	2.850000	2.882000	2.913000	2.944000	2.975000	3.006000	3.038000	3.084000	3.116000	3.147000	3.178000	3.209000	3.240000	3.272000	3.318000	3.350000	3.381000	3.412000	3.443000	3.474000	3.506000	3.552000	3.584000	3.615000	3.646000	3.677000	3.708000	3.740000	3.771000	3.818000	3.849000	3.880000	3.911000	3.942000	3.974000	4.005000	4.052000	4.083000	4.114000	4.145000	4.176000	4.208000	4.239000	4.286000	4.317000	4.348000	4.379000	4.410000	4.442000	4.473000	4.504000	4.551000	4.582000	4.613000	4.644000	4.676000	4.707000	4.738000	4.785000	4.816000	4.847000	4.878000	4.910000	4.941000	4.972000	5.019000	5.050000	5.081000	5.112000	5.144000	5.175000	5.206000	5.237000	5.284000	5.315000	5.346000	5.378000	5.409000	5.440000	5.471000	5.518000	5.549000	5.580000	5.612000	5.643000	5.674000	5.705000	5.752000	5.783000	5.814000	5.846000	5.877000	5.908000	5.939000	5.970000	6.017000	6.048000	6.080000	6.111000	6.142000	6.173000	6.204000	6.251000	6.282000	6.314000	6.345000	6.376000	6.407000	6.438000	6.470000	6.516000	6.548000	6.579000	6.610000	6.641000	6.672000	6.704000	6.750000	6.782000	6.813000	6.844000	6.875000	6.906000	6.938000	6.969000	7.016000	7.047000	7.078000	7.109000	7.140000	7.172000	7.203000	7.250000	7.281000	7.312000	7.343000	7.374000	7.406000	7.437000	7.484000	7.515000	7.546000	7.577000	7.608000	7.640000	7.671000	7.702000	7.749000	7.780000	7.811000	7.842000	7.874000	7.905000	7.936000	7.983000	8.014000	8.045000	8.076000	8.108000	8.139000	8.170000	8.217000	8.248000	8.279000	8.310000	8.342000	8.373000	8.404000	8.435000	8.482000	8.513000	8.544000	8.576000	8.607000	8.638000	8.669000	8.716000	8.747000	8.778000	8.810000	8.841000	8.872000	8.903000	8.950000	8.981000	9.012000	9.044000	9.075000	9.106000	9.137000	9.168000	9.215000	9.246000	9.278000	9.309000	9.340000	9.371000	9.402000	9.449000	9.480000	9.512000	9.543000	9.574000	9.605000	9.636000	9.683000	9.714000	9.746000	9.777000	9.808000	9.839000	9.870000	9.902000	9.948000	9.980000	10.011000	10.042000	10.073000	10.104000	10.136000	10.182000	10.214000	10.245000	10.276000	10.307000	10.338000	10.370000	10.401000	10.448000	10.479000	10.510000	10.541000	10.572000	10.604000	10.635000	10.682000	10.713000	10.744000	10.775000	10.806000	10.838000	10.869000	10.916000	10.947000	10.978000	11.009000	11.040000	11.072000	11.103000	11.134000	11.181000	11.212000	11.243000	11.274000	11.306000	11.337000	11.368000	11.415000	11.446000	11.477000	11.508000	11.540000	11.571000	11.602000	11.649000	11.680000	11.711000	11.742000	11.774000	11.805000	11.836000	11.867000	11.914000	11.945000	11.976000	12.008000	12.039000	12.070000	12.101000	12.148000	12.179000	12.210000	12.242000	12.273000	12.304000	12.335000	12.382000	12.413000	12.444000	12.476000	12.507000	12.538000	12.569000	12.600000	12.647000	12.678000	12.710000	12.741000	12.772000	12.803000	12.834000	12.881000	12.912000	12.944000	12.975000	13.006000	13.037000	13.068000	13.100000	13.146000	13.178000	13.209000	13.240000	13.271000	13.302000	13.334000	13.380000	13.412000	13.443000	13.474000	13.505000	13.536000	13.568000	13.614000	13.646000	13.677000	13.708000	13.739000	13.770000	13.802000	13.833000	13.880000	13.911000	13.942000	13.973000	14.004000	14.036000	14.067000	14.114000	14.145000	14.176000	14.207000	14.238000	14.270000	14.301000	14.332000	14.379000	14.410000	14.441000	14.472000	14.504000	14.535000	14.566000	14.613000	14.644000	14.675000	14.706000	14.738000	14.769000	14.800000	14.847000	14.878000	14.909000	14.940000	14.972000	15.003000	15.034000	15.065000	15.112000	15.143000	15.175000	15.206000	15.237000	15.268000	15.299000	15.346000	15.377000	15.409000	15.440000	15.471000	15.502000	15.533000	15.580000	15.611000	15.643000	15.674000	15.705000	15.736000	15.767000	15.799000	15.845000	15.877000	15.908000	15.939000	15.970000	16.001000	16.033000	16.079000	16.111000	16.142000	16.173000	16.204000	16.235000	16.267000	16.313000	16.345000	16.376000	16.407000	16.438000	16.469000	16.501000	16.532000	16.579000	16.610000	16.641000	16.672000	16.703000	16.735000	16.766000	16.813000	16.844000	16.875000	16.906000	16.937000	16.969000	17.000000	17.047000	17.078000	17.109000	17.140000	17.171000	17.203000	17.234000	17.265000	17.312000	17.343000	17.374000	17.405000	17.437000	17.468000	17.499000	17.546000	17.577000	17.608000	17.639000	17.671000	17.702000	17.733000	17.780000	17.811000	17.842000	17.873000	17.905000	17.936000	17.967000
%%%	13.913043	13.913043	13.913043	13.913043	13.913043	13.913043	13.913043	13.913043	13.913043	13.913043	13.913043	13.913043	13.913043	13.913043	13.913043	13.913043	13.913043	13.913043	13.913043	13.913043	13.913043	13.913043	13.913043	13.913043	13.913043	13.913043	13.913043	13.913043	13.913043	13.913043	13.913043	13.913043	13.913043	13.913043	13.913043	13.913043	13.913043	13.913043	13.913043	13.913043	13.913043	13.913043	13.913043	13.913043	13.913043	13.913043	13.913043	13.913043	13.913043	13.913043	13.913043	13.913043	13.913043	13.913043	13.913043	13.913043	13.913043	13.913043	13.913043	13.913043	13.913043	13.913043	13.913043	13.913043	13.913043	13.913043	13.913043	13.913043	13.913043	13.913043	13.913043	13.913043	13.913043	13.913043	13.913043	13.913043	13.913043	13.913043	13.913043	13.913043	13.913043	13.913043	13.913043	13.913043	13.913043	13.913043	13.913043	13.913043	13.913043	13.913043	13.913043	13.913043	13.913043	13.913043	13.913043	13.913043	13.913043	13.913043	13.913043	13.913043	13.913043	13.913043	13.913043	13.913043	13.913043	13.913043	13.913043	13.913043	13.913043	13.913043	13.913043	13.913043	13.913043	13.913043	13.913043	13.913043	13.913043	13.913043	13.913043	13.913043	13.913043	13.913043	13.913043	13.913043	13.913043	13.913043	13.913043	13.913043	13.913043	13.913043	13.913043	13.913043	13.913043	13.913043	13.913043	13.913043	13.913043	13.913043	13.913043	13.913043	13.913043	13.913043	13.913043	13.913043	13.913043	13.913043	13.913043	13.913043	13.913043	13.913043	13.913043	13.913043	13.913043	13.913043	13.913043	13.913043	13.913043	13.913043	13.913043	13.913043	13.913043	13.913043	13.913043	13.913043	13.913043	13.913043	13.913043	13.913043	13.913043	13.913043	13.913043	13.913043	13.913043	13.913043	13.913043	13.913043	13.913043	13.913043	13.913043	13.913043	13.913043	13.913043	13.913043	13.913043	13.913043	13.913043	13.913043	13.913043	13.913043	13.913043	13.913043	13.913043	13.913043	13.913043	13.913043	13.913043	13.913043	13.913043	13.913043	13.913043	13.913043	13.913043	13.913043	13.913043	13.913043	13.913043	13.913043	13.913043	13.913043	13.913043	13.913043	13.913043	13.913043	13.913043	13.913043	13.913043	13.913043	13.913043	13.913043	13.913043	13.913043	13.913043	13.913043	13.913043	13.913043	13.913043	13.913043	13.913043	13.913043	13.913043	13.913043	13.913043	13.913043	13.913043	13.913043	13.913043	13.913043	13.913043	13.913043	13.913043	13.913043	13.913043	13.913043	13.913043	13.913043	13.913043	13.913043	13.913043	13.913043	13.913043	13.913043	13.913043	13.913043	13.913043	13.913043	13.913043	13.913043	13.913043	13.913043	13.913043	13.913043	13.913043	13.913043	13.913043	13.913043	13.913043	13.913043	13.913043	13.913043	13.913043	13.913043	13.913043	13.913043	13.913043	13.913043	13.913043	13.913043	13.913043	13.913043	13.913043	13.913043	13.913043	13.913043	13.913043	13.913043	13.913043	13.913043	13.913043	13.913043	13.913043	13.913043	13.913043	13.913043	13.913043	13.913043	13.913043	13.913043	13.913043	13.913043	13.913043	13.913043	13.913043	13.913043	13.913043	13.913043	13.913043	13.913043	13.913043	13.913043	13.913043	13.913043	13.913043	13.913043	13.913043	13.913043	13.913043	13.913043	13.913043	13.913043	13.913043	13.913043	13.913043	13.913043	13.913043	13.913043	13.913043	13.913043	13.913043	13.913043	13.913043	13.913043	13.913043	13.913043	13.913043	13.913043	13.913043	13.913043	13.913043	13.913043	13.913043	13.913043	13.913043	13.913043	13.913043	13.913043	13.913043	13.913043	13.913043	13.913043	13.913043	13.913043	13.913043	13.913043	13.913043	13.913043	13.913043	13.913043	13.913043	13.913043	13.913043	13.913043	13.913043	13.913043	13.913043	13.913043	13.913043	13.913043	13.913043	13.913043	13.913043	13.913043	13.913043	13.913043	13.913043	13.913043	13.913043	13.913043	13.913043	13.913043	13.913043	13.913043	13.913043	13.913043	13.913043	13.913043	13.913043	13.913043	13.913043	13.913043	13.913043	13.913043	13.913043	13.913043	13.913043	13.913043	13.913043	13.913043	13.913043	13.913043	13.913043	13.913043	13.913043	13.913043	13.913043	13.913043	13.913043	13.913043	13.913043	13.913043	13.913043	13.913043	13.913043	13.913043	13.913043	13.913043	13.913043	13.913043	13.913043	13.913043	13.913043	13.913043	13.913043	13.913043	13.913043	13.913043	13.913043	13.913043	13.913043	13.913043	13.913043	13.913043	13.913043	13.913043	13.913043	13.913043	13.913043	13.913043	13.913043	13.913043	13.913043	13.913043	13.913043	13.913043	13.913043	13.913043	13.913043	13.913043	13.913043	13.913043	13.913043	13.913043	13.913043	13.913043	13.913043	13.913043	13.913043	13.913043	13.913043	13.913043	13.913043	13.913043	13.913043	13.913043	13.913043	13.913043	13.913043	13.913043	13.913043	13.913043	13.913043	13.913043	13.913043	13.913043	13.913043	13.913043	13.913043	13.913043	13.913043	13.913043	13.913043	13.913043	13.913043	13.913043	13.913043	13.913043	13.913043	13.913043	13.913043	13.913043	13.913043	13.913043	13.913043	13.913043	13.913043	13.913043	13.913043	13.913043	13.913043	13.913043	13.913043	13.913043	13.913043	13.913043	13.913043	13.913043	13.913043	13.913043	13.913043	13.913043	13.913043	13.913043	13.913043	13.913043	13.913043	13.913043	13.913043	13.913043	13.913043	13.913043	13.913043	13.913043	13.913043	13.913043	13.913043	13.913043	13.913043	13.913043	13.913043	13.913043	13.913043	13.913043	13.913043	13.913043	13.913043	13.913043	13.913043	13.913043	13.913043	13.913043	13.913043	13.913043	13.913043
%%%	Pulse Index	Stimulus Section Index	Stimulus Section Start Index	Stimulus Section End Index	Pupil Stimulated: 0 = Right, 1 = Left, 2 = Both	Light Metric: 0 = Photopic, 1 = Scopotic, 2 = Radiometric	Stimulus Start Time	Stimulus Duration	Stimulus Pulse Duration	Right Pulse Max Level	Right Pulse Max Color (0123 = WRGB)	Right Pulse Min Level	Right Pulse Min Color (0123 = WRGB)	Left Pulse Max Level	Left Pulse Max Color (0123 = WRGB)	Left Pulse Min Level	Left Pulse Min Color (0123 = WRGB)	Right Data Input Type (0 == RAW DATA, 1 == FITTED DATA, 2 == M. OVERRIDED)	Right ANALYSIS STATE (0 == ABNORMAL, 1 == NORMAL)	Right MAX (mm) (EMPTY if INVALID)	Right MIN (mm) (EMPTY if INVALID)	Right DELTA (mm) (EMPTY if INVALID)	Right CH (%) (EMPTY if INVALID)	Right LAT (sec) (EMPTY if INVALID)	Right CV (mm/s) (EMPTY if INVALID)	Right MCV (mm/s) (EMPTY if INVALID)	Right DV (mm/s) (EMPTY if INVALID)	Left Data Input Type (0 == RAW DATA, 1 == FITTED DATA, 2 == M. OVERRIDED)	Left ANALYSIS STATE (0 == ABNORMAL, 1 == NORMAL)	Left MAX (mm) (EMPTY if INVALID)	Left MIN (mm) (EMPTY if INVALID)	Left DELTA (mm) (EMPTY if INVALID)	Left CH (%) (EMPTY if INVALID)	Left LAT (sec) (EMPTY if INVALID)	Left CV (mm/s) (EMPTY if INVALID)	Left MCV (mm/s) (EMPTY if INVALID)	Left DV (mm/s) (EMPTY if INVALID)
%%%	0	0	17	542	0	0	0.51	17.52	0.51	15.98	1	0.00	1	0.00	1	0.00	1	0	0	0.00	0.00			0.00	0.00	0.00	0.00	0	0	0.00	0.00			0.00	0.00	0.00	0.00
%%%%%%%%%
%%%%%%%%%
%%%%%%%%%
<\SESSION>
