<SESSION>
<VERSION>
2
<\VERSION>
<DATE>
2017-08-10 09:06:14
<\DATE>
<SUBJECT-ID>
c57-1mois-DA-F2-1.2r
<\SUBJECT-ID>
<NOTE>

<\NOTE>
<MIN-MAX-PLOT>
0.100000 51880.761719
<\MIN-MAX-PLOT>
<STIMULUS-DEFINED>
Default
Default Human Relative Spectral Sensitivity
1	0
1	0.500000	0.500000	17.000000	1	1	1.200000	-100.000000	0.100000	-100.000000	0
<\STIMULUS-DEFINED>
<STIMULUS-GENERATED>
4
0	0	0.000000	1	0.000000	0.000000	1	0.000000	0.000000
0	1	0.509000	1	0.065221	15.983889	1	0.000000	0.000000
0	4	1.018000	1	0.000000	0.000000	1	0.000000	0.000000
-1	5	18.027000	0	0.000000	0.000000	0	0.000000	0.000000
<\STIMULUS-GENERATED>
<RIGHT-PUPIL-DATA>
543	1
1	-0.065000	1.005797	252.750000	298.500000
1	-0.018000	1.007102	253.268677	298.981262
1	0.013000	0.990145	253.225006	297.774994
1	0.044000	1.008116	253.549988	298.000000
1	0.075000	1.018985	253.781250	298.343750
1	0.107000	1.014493	253.875000	298.375000
1	0.138000	1.041884	253.593750	299.031250
1	0.169000	1.008841	253.443756	298.006256
1	0.216000	1.048985	253.037506	299.037506
1	0.247000	1.022319	254.187500	299.187500
1	0.278000	1.044638	253.524994	298.975006
1	0.309000	1.040145	254.431244	298.443756
1	0.341000	1.015072	254.400024	298.299988
1	0.372000	1.025942	254.568756	298.243744
1	0.403000	1.020290	254.125000	298.125000
1	0.450000	0.999420	254.125000	298.812500
1	0.481000	1.044638	253.600006	299.524994
1	0.512000	1.026087	252.812500	299.437500
1	0.544000	1.044638	253.475006	299.975006
1	0.575000	1.078116	253.943756	299.493744
1	0.606000	1.044203	253.506256	299.006256
1	0.637000	1.051159	253.693756	299.068756
1	0.668000	1.044638	253.975006	298.975006
1	0.715000	1.043478	253.250000	298.750000
1	0.746000	0.991014	253.287567	298.962494
1	0.778000	1.006377	252.475006	299.524994
1	0.809000	0.970290	253.156250	299.043762
1	0.840000	0.981449	253.350006	299.787506
1	0.871000	0.927246	254.149994	299.412506
0	0.902000	0.780725	254.843750	296.656250
0	0.949000	0.800580	254.375000	297.000000
1	0.980000	0.885942	254.006256	299.268768
1	1.012000	0.884493	254.018738	300.281250
1	1.043000	0.858116	253.656250	300.906250
1	1.074000	0.852754	253.625000	300.875000
1	1.105000	0.839275	253.318756	300.493744
1	1.136000	0.807681	253.818756	300.806244
1	1.183000	0.832319	253.518829	300.443756
1	1.214000	0.837971	254.475006	300.462555
1	1.246000	0.832029	254.531250	300.031250
1	1.277000	0.840145	254.493744	300.331207
1	1.308000	0.839855	253.581238	300.518738
1	1.339000	0.788406	253.500000	299.000000
1	1.370000	0.839855	253.468750	301.356079
1	1.402000	0.866812	254.031250	300.218750
1	1.448000	0.866377	253.787506	299.837494
1	1.480000	0.901594	254.481262	299.781250
1	1.511000	0.885942	254.268768	300.006256
1	1.542000	0.892754	253.575012	300.062500
1	1.573000	0.885942	254.006256	300.681244
1	1.604000	0.914203	253.350006	300.350006
1	1.636000	0.876667	253.093750	300.156250
1	1.682000	0.895507	253.568756	300.881256
1	1.714000	0.890290	253.668732	299.856232
1	1.745000	0.874638	253.856262	299.168762
1	1.776000	0.884203	254.018677	300.318665
1	1.807000	0.876812	254.112488	299.862488
1	1.838000	0.866812	254.218750	300.556213
1	1.870000	0.884203	253.718750	300.718750
1	1.916000	0.887245	252.987518	300.474518
1	1.948000	0.881594	253.056244	301.181244
1	1.979000	0.895797	253.118744	301.431244
0	2.010000	0.837971	254.587494	299.475006
1	2.041000	0.904493	254.256256	300.743744
1	2.072000	0.912029	253.918732	300.631256
1	2.104000	0.885942	254.006256	300.993744
1	2.135000	0.938551	254.000000	300.000000
1	2.182000	0.892754	254.500000	300.000000
1	2.213000	0.917391	253.625000	300.750000
1	2.244000	0.931015	252.625000	300.937500
1	2.275000	0.926667	253.312500	301.362488
1	2.306000	0.916812	253.562500	300.737488
1	2.338000	0.920580	253.725006	300.774994
1	2.369000	0.929275	253.587494	300.899994
1	2.400000	0.920580	253.725006	300.774994
1	2.447000	0.922754	253.706268	300.568756
1	2.478000	0.921159	253.750000	300.750000
1	2.509000	0.921159	253.562500	300.750000
1	2.540000	0.885942	253.993744	301.368744
1	2.572000	0.922754	253.493744	301.506256
1	2.603000	0.925507	253.500000	301.299988
1	2.634000	0.915797	253.593750	301.281250
1	2.681000	0.909420	253.918793	300.631195
0	2.712000	0.833188	254.343750	299.406250
1	2.743000	0.904348	254.500000	300.000000
1	2.774000	0.918406	253.568756	300.381256
0	2.806000	0.857971	254.500000	300.000000
1	2.837000	0.950725	253.000000	300.500000
1	2.868000	0.924493	253.343750	300.656250
1	2.915000	0.937536	253.031250	301.031250
1	2.946000	0.933333	253.125000	300.875000
1	2.977000	0.902754	253.531250	300.968750
1	3.008000	0.939130	253.500000	301.000000
1	3.040000	0.951159	253.181244	300.193756
1	3.071000	0.913913	253.600006	300.712494
1	3.102000	0.933333	253.187500	300.562500
1	3.133000	0.898985	253.106232	300.443756
1	3.180000	0.852174	252.625000	299.625000
1	3.211000	0.937536	252.968750	301.531250
1	3.242000	0.922464	253.381165	300.768677
1	3.274000	0.928986	253.500000	301.000000
1	3.305000	0.942754	253.768738	300.268738
1	3.336000	0.939130	253.750000	300.750000
1	3.367000	0.949420	253.843750	300.643738
1	3.414000	0.950580	254.156250	300.343750
1	3.445000	0.950580	254.156250	300.343750
1	3.476000	0.938551	254.000000	301.000000
1	3.508000	0.929855	253.424988	301.500000
1	3.539000	0.969710	253.068756	301.931244
1	3.570000	0.921884	253.743744	301.506195
1	3.601000	0.921159	253.750000	300.437500
1	3.648000	0.913623	253.750000	300.375000
1	3.679000	0.940290	253.725128	300.475006
1	3.710000	0.885362	254.343750	301.968750
1	3.742000	0.878986	254.093750	300.393738
1	3.773000	0.944928	253.000000	301.500000
1	3.804000	0.951159	252.818756	301.681244
1	3.835000	0.949130	252.818909	301.181213
1	3.866000	0.927101	253.443756	300.693756
1	3.913000	0.916812	253.437500	300.737488
0	3.944000	0.857971	253.500000	299.000000
1	3.976000	0.962464	253.218750	301.093750
1	4.007000	0.857971	253.500000	303.000000
1	4.038000	0.966812	253.031250	301.093750
1	4.069000	0.972899	253.118744	301.506256
1	4.100000	0.947971	252.756256	301.368744
1	4.147000	0.979710	252.312500	302.062500
1	4.178000	0.950580	253.343750	301.843750
1	4.210000	0.972754	253.287506	301.975006
1	4.241000	0.950580	253.843750	301.218750
1	4.272000	0.953333	253.537506	301.162506
1	4.303000	0.944493	253.806244	300.443756
1	4.334000	0.920580	254.225006	300.774994
1	4.381000	0.952319	253.131256	301.306244
1	4.412000	0.947246	252.775177	301.212494
1	4.444000	0.921739	253.500000	301.500000
1	4.475000	0.920580	253.350006	300.774994
1	4.506000	0.947826	254.250000	301.750000
1	4.537000	0.937681	254.000000	301.362488
0	4.568000	0.828841	255.031250	299.531250
1	4.600000	0.966812	253.081238	301.406250
1	4.646000	0.951015	253.162506	301.287506
0	4.678000	0.869565	253.750000	299.750000
0	4.709000	0.852899	252.768738	299.768738
1	4.740000	0.964493	252.968811	302.031189
1	4.771000	0.957681	252.725006	301.399994
1	4.802000	0.951015	253.212494	301.162506
1	4.834000	0.971884	253.487396	300.999969
1	4.880000	0.965217	253.187500	301.187500
1	4.912000	0.998985	252.881226	301.668762
0	4.943000	0.869565	253.250000	299.750000
1	4.974000	0.972319	252.518738	301.856262
1	5.005000	0.968116	252.500000	302.500000
1	5.036000	0.976667	252.906250	302.593750
1	5.068000	0.984493	253.106293	302.656219
1	5.114000	0.973333	253.500000	303.000000
1	5.146000	0.973913	253.000000	302.500000
1	5.177000	0.965362	253.956238	302.918701
1	5.208000	0.967681	253.106232	302.943756
1	5.239000	0.927536	252.000000	302.500000
1	5.270000	0.956522	253.000000	303.000000
1	5.302000	0.959855	252.943756	303.318756
1	5.333000	0.959275	253.218750	303.343750
1	5.380000	0.927246	253.462494	302.587494
1	5.411000	0.976087	252.993744	302.931244
1	5.442000	0.965217	253.062500	303.062500
1	5.473000	0.950580	252.843750	303.156250
1	5.504000	0.955797	252.256256	303.131256
1	5.536000	0.927536	253.500000	305.000000
1	5.567000	0.939710	253.049988	303.450012
1	5.614000	0.961884	252.993744	303.993744
1	5.645000	0.950580	253.156250	304.218750
1	5.676000	0.949420	252.843750	303.156250
1	5.707000	0.944928	253.125000	303.125000
1	5.738000	0.947826	253.187500	303.312500
1	5.770000	0.943478	253.750000	303.500000
1	5.801000	0.933188	252.643738	304.043762
1	5.848000	0.920145	252.768738	303.781250
1	5.879000	0.969710	252.068756	304.056244
0	5.910000	0.857971	253.500000	303.000000
1	5.941000	0.948551	253.156250	303.643738
1	5.972000	0.968985	253.062500	302.924988
1	6.004000	0.966232	254.193756	303.056244
1	6.035000	0.968985	254.137512	302.062500
1	6.066000	0.998841	253.462494	302.899994
1	6.113000	0.949855	253.212494	303.787506
1	6.144000	0.973913	253.500000	303.000000
1	6.175000	0.928841	253.906250	303.531250
0	6.206000	0.800725	256.018738	303.268738
1	6.238000	0.968551	253.181244	303.056244
1	6.269000	0.973913	253.500000	303.000000
1	6.300000	0.970290	252.956238	303.081238
1	6.347000	0.910145	253.500000	303.000000
1	6.378000	0.938115	253.006317	302.743500
1	6.409000	0.957536	252.306244	303.243744
1	6.440000	0.971159	252.068726	303.081238
1	6.472000	0.956667	252.243744	303.931244
1	6.503000	0.927681	252.843750	303.343750
1	6.534000	0.967971	252.956238	302.531250
1	6.565000	0.967971	253.031250	302.593750
1	6.612000	0.972319	252.531250	302.531250
1	6.643000	0.973913	253.000000	302.500000
1	6.674000	0.968116	252.312500	303.437500
1	6.706000	0.970290	252.043762	303.043762
1	6.737000	0.938116	251.993744	303.006256
1	6.768000	0.932029	252.531250	303.468750
1	6.799000	0.950580	253.156250	302.656250
1	6.846000	0.958406	253.218750	302.331238
1	6.877000	0.931594	253.912506	302.399994
1	6.908000	0.951013	253.837616	302.562042
1	6.940000	0.937536	253.531250	302.518738
1	6.971000	0.955507	253.256256	303.118744
1	7.002000	0.939275	253.943756	303.306244
1	7.033000	0.970580	252.881256	303.881256
1	7.064000	0.950725	253.500000	307.000000
1	7.111000	0.950725	253.500000	307.000000
0	7.142000	0.822899	253.212494	302.462494
1	7.174000	0.950580	253.156250	305.343750
1	7.205000	0.857971	253.500000	307.000000
1	7.236000	0.982029	253.625000	304.625000
1	7.267000	0.969855	254.037506	304.399994
1	7.298000	0.950725	253.500000	303.000000
1	7.345000	0.983333	254.343750	304.893738
1	7.376000	0.957536	254.743744	304.306244
1	7.408000	0.957681	254.225006	304.274994
1	7.439000	0.957681	254.087494	304.274994
1	7.470000	0.958116	254.718750	304.718750
1	7.501000	0.939130	254.562500	304.437500
1	7.532000	0.950580	254.156250	304.343750
1	7.579000	0.951159	254.181244	304.318756
1	7.610000	0.929275	254.100006	304.537506
1	7.642000	0.951159	255.181244	305.181244
1	7.673000	0.939130	253.875000	305.125000
0	7.704000	0.830870	253.543762	302.968750
1	7.735000	0.916812	253.625000	305.737488
1	7.766000	0.926667	253.437500	304.687500
1	7.798000	0.938551	253.500000	304.474976
1	7.844000	0.923333	253.531250	304.606262
1	7.876000	0.932029	253.593750	304.393738
1	7.907000	0.898551	253.500000	304.500000
1	7.938000	0.921739	253.500000	304.500000
1	7.969000	0.921739	253.500000	304.500000
1	8.000000	0.920725	253.006256	304.756256
1	8.032000	0.927246	252.537506	305.337494
1	8.078000	0.857971	253.500000	307.000000
1	8.110000	0.925507	253.562500	304.500000
1	8.141000	0.924928	253.524994	304.524994
1	8.172000	0.924493	254.393738	304.668762
1	8.203000	0.916812	254.312500	303.812500
1	8.234000	0.944928	254.000000	304.000000
1	8.266000	0.904348	254.750000	305.250000
1	8.312000	0.931159	253.643738	304.906250
1	8.344000	0.920725	253.756256	305.793732
1	8.375000	0.927246	253.537506	305.537506
0	8.406000	0.811884	254.712494	304.912506
1	8.437000	0.927681	253.843750	306.656250
1	8.468000	0.938116	253.993744	305.993744
1	8.500000	0.918406	254.568756	306.431244
1	8.531000	0.920580	254.537506	305.649994
1	8.578000	0.911884	254.600006	306.274994
1	8.609000	0.916812	253.812500	306.375000
1	8.640000	0.761014	254.568756	303.431244
1	8.671000	0.933623	253.037506	306.350006
1	8.702000	0.904348	253.000000	306.500000
1	8.734000	0.950725	253.000000	305.500000
1	8.765000	0.939275	253.943756	306.493744
1	8.812000	0.931594	253.600006	306.399994
1	8.843000	0.922464	254.268738	306.393738
1	8.874000	0.929855	254.125000	305.875000
0	8.905000	0.848985	254.462494	304.537506
1	8.936000	0.956667	254.118744	306.306244
1	8.968000	0.935797	253.343781	306.543732
1	8.999000	0.968116	253.218750	306.968750
1	9.046000	0.774638	254.606262	302.893738
1	9.077000	0.946812	254.131256	306.868744
1	9.108000	0.924638	254.499969	306.499969
1	9.139000	0.950725	254.000000	305.500000
1	9.170000	0.975797	254.418762	306.068726
1	9.202000	0.950725	254.662537	305.825012
0	9.233000	0.812899	255.681244	304.681244
1	9.264000	0.939275	254.243744	307.056244
1	9.311000	0.939710	253.450012	307.049988
0	9.342000	0.809710	254.243744	304.681183
1	9.373000	0.935652	253.524994	306.712494
1	9.404000	0.924493	253.781250	306.656250
1	9.436000	0.936377	253.531250	305.968750
1	9.467000	0.936377	253.656250	305.968750
1	9.498000	0.955942	254.125000	305.250000
1	9.545000	0.950580	253.843750	305.781250
1	9.576000	0.939130	253.500000	306.000000
1	9.607000	0.962464	253.218750	306.968750
1	9.638000	0.950580	252.331238	307.218750
1	9.670000	0.936667	253.531250	307.043640
1	9.701000	0.970145	253.112488	306.924988
1	9.732000	0.964058	253.962494	306.412506
1	9.779000	0.938116	255.006256	306.493744
1	9.810000	0.950580	255.218750	305.218750
1	9.841000	0.939855	255.968750	305.331238
1	9.872000	0.977536	255.206238	305.206238
1	9.904000	0.977246	254.431244	306.006256
1	9.935000	0.938116	254.493744	306.006256
1	9.966000	0.921884	254.743744	305.806244
1	9.997000	0.941884	255.281250	305.906250
1	10.044000	0.937536	255.968750	305.031250
1	10.075000	0.951159	255.818756	305.806244
1	10.106000	0.931594	255.600006	305.399994
1	10.138000	0.946812	255.868744	305.131256
1	10.169000	0.913043	255.687500	305.687500
1	10.200000	0.927536	255.500000	307.000000
0	10.231000	0.778986	255.831238	303.206238
1	10.278000	0.926667	254.875000	306.562500
1	10.309000	0.921739	255.625000	306.375000
1	10.340000	0.915942	255.750000	305.750000
1	10.372000	0.925507	255.637665	305.712250
1	10.403000	0.865797	256.062500	304.437500
1	10.434000	0.947971	255.818787	305.368774
1	10.465000	0.884928	255.712494	304.287506
1	10.496000	0.951159	255.181244	306.181244
1	10.543000	0.938116	254.006256	306.493744
1	10.574000	0.922464	254.531250	306.768738
1	10.606000	0.914493	254.737488	306.737488
1	10.637000	0.950725	254.000000	306.500000
1	10.668000	0.950580	255.156250	306.218750
1	10.699000	0.886957	255.875000	306.125000
1	10.730000	0.913913	255.412506	306.712494
1	10.777000	0.917681	255.399994	305.750031
1	10.808000	0.896232	255.174988	306.174988
1	10.840000	0.914203	255.274994	306.350006
0	10.871000	0.831015	255.437500	304.562500
1	10.902000	0.885942	255.006256	306.268768
1	10.933000	0.876812	256.112488	306.887512
1	10.964000	0.902029	255.962494	305.475006
1	11.011000	0.903188	256.475006	304.774994
1	11.042000	0.903333	256.493744	304.506256
1	11.074000	0.857681	256.749969	304.812531
1	11.105000	0.897101	256.137512	304.637512
1	11.136000	0.895072	255.625000	304.875000
1	11.167000	0.917971	255.562500	304.750000
1	11.198000	0.915797	255.406250	305.156250
0	11.230000	0.857971	257.500000	303.000000
1	11.276000	0.922899	255.774994	305.524994
1	11.308000	0.904348	256.500000	304.000000
1	11.339000	0.917971	255.687500	305.562500
1	11.370000	0.912899	255.631256	305.368744
1	11.401000	0.877246	255.806244	304.193756
1	11.432000	0.901594	255.481262	306.068726
0	11.464000	0.822899	255.912506	304.412506
1	11.510000	0.885362	255.968750	306.381287
1	11.542000	0.885942	256.006256	305.993744
0	11.573000	0.811594	256.500000	304.000000
1	11.604000	0.902754	255.531250	305.531250
1	11.635000	0.904348	255.375000	305.875000
1	11.666000	0.938116	255.006256	306.481232
1	11.698000	0.905072	255.481262	307.018738
1	11.744000	0.858116	254.906250	305.718750
1	11.776000	0.937536	254.481262	307.031250
1	11.807000	0.927246	255.337494	307.287506
1	11.838000	0.923333	255.531250	306.268738
1	11.869000	0.939275	255.306244	306.006256
1	11.900000	0.875507	255.593719	303.868744
1	11.932000	0.929855	255.437500	305.650146
0	11.963000	0.835942	256.524994	306.024994
1	12.010000	0.937101	253.662506	305.537506
1	12.041000	0.950145	253.899994	306.212494
1	12.072000	0.933188	253.043762	306.706238
1	12.103000	0.924928	253.475006	306.662506
1	12.134000	0.933333	254.000000	306.500000
1	12.166000	0.973913	254.000000	305.500000
1	12.197000	0.950580	254.781250	305.843750
1	12.244000	0.960290	255.062500	305.312500
1	12.275000	0.934783	255.375000	305.500000
1	12.306000	0.932029	254.643738	306.531250
1	12.337000	0.906232	254.468750	306.218750
1	12.368000	0.927246	253.850006	306.662506
0	12.400000	0.839855	254.581238	305.656250
1	12.431000	0.950725	257.500000	307.000000
1	12.478000	0.924493	255.406250	306.156250
1	12.509000	0.921159	255.750000	305.799988
1	12.540000	0.950725	257.500000	307.000000
1	12.571000	0.917101	255.425018	305.212433
1	12.602000	0.914203	255.587494	305.350006
1	12.634000	0.904928	255.500000	305.500000
1	12.665000	0.938551	255.000000	305.750000
1	12.696000	0.905072	255.518738	305.481262
1	12.743000	0.932029	255.518738	305.393738
1	12.774000	0.948116	256.787506	305.399994
1	12.805000	0.950580	256.781250	305.218750
1	12.836000	0.883768	256.024994	304.237518
1	12.868000	0.901594	256.481262	305.481262
1	12.899000	0.915942	256.500000	305.000000
1	12.930000	0.801159	256.024872	303.874908
1	12.977000	0.912899	254.631256	305.681244
1	13.008000	0.910580	254.506226	305.968750
0	13.039000	0.787971	254.668671	304.981232
1	13.070000	0.892898	254.406250	306.593750
0	13.102000	0.950725	257.500000	307.000000
1	13.133000	0.892754	254.575012	306.075012
1	13.164000	0.891159	254.618744	305.856232
1	13.211000	0.873913	254.750000	305.375000
1	13.242000	0.839855	255.581238	306.418762
0	13.273000	0.742029	257.500000	305.000000
1	13.304000	0.744493	254.631256	303.368744
0	13.336000	0.793768	254.868744	304.981232
0	13.367000	0.760290	254.562500	304.562500
1	13.398000	0.894493	254.149994	307.550018
1	13.429000	0.950725	253.500000	307.000000
1	13.476000	0.872754	254.899994	307.412506
0	13.507000	0.857971	257.500000	307.000000
1	13.538000	0.902319	255.350006	307.487335
1	13.570000	0.907102	255.406250	307.018738
1	13.601000	0.876232	257.087494	307.449982
1	13.632000	0.885942	255.743744	307.006256
1	13.663000	0.895652	256.250000	307.750000
1	13.710000	0.898406	255.781250	306.843750
1	13.741000	0.861594	256.268738	307.718750
0	13.772000	0.765217	257.500000	303.000000
1	13.804000	0.865797	255.937500	305.812500
1	13.835000	0.895072	256.174988	306.875000
1	13.866000	0.904348	256.625000	306.625000
1	13.897000	0.815506	256.131256	304.318390
1	13.928000	0.912899	256.306244	306.631256
0	13.975000	0.831015	255.437500	305.562500
1	14.006000	0.865797	255.750000	307.062500
1	14.038000	0.950725	257.500000	307.000000
1	14.069000	0.814203	255.162506	305.287506
1	14.100000	0.887101	255.243744	307.318756
0	14.131000	0.783768	255.149994	304.225006
1	14.162000	0.861594	255.643738	306.731262
0	14.209000	0.783768	256.149994	304.225006
1	14.240000	0.874638	255.143738	306.856262
1	14.272000	0.904348	254.937500	306.562500
1	14.303000	0.918406	254.381256	307.031219
1	14.334000	0.944203	254.281250	307.456238
1	14.365000	0.920580	254.475006	308.225006
1	14.396000	0.912899	254.368744	307.681244
1	14.428000	0.950725	253.500000	307.000000
1	14.474000	0.883333	255.331238	308.031250
1	14.506000	0.926812	254.706238	307.468750
1	14.537000	0.903768	255.250000	308.049988
1	14.568000	0.919710	255.625000	307.412476
1	14.599000	0.917971	255.687500	307.562500
1	14.630000	0.848406	255.812500	306.562500
1	14.662000	0.905072	256.518738	308.168762
1	14.708000	0.773768	256.256256	304.631256
1	14.740000	0.913188	255.631226	307.418762
0	14.771000	0.785507	257.750000	305.250000
1	14.802000	0.913623	257.375000	307.625000
0	14.833000	0.796812	256.962494	304.912506
1	14.864000	0.875942	258.350006	308.100006
1	14.896000	0.922899	257.475006	307.524994
1	14.942000	0.924928	257.524994	307.649994
1	14.974000	0.885507	257.299988	308.262512
1	15.005000	0.923333	256.468750	308.468750
1	15.036000	0.904348	257.000000	308.500000
1	15.067000	0.920725	256.793732	308.243744
1	15.098000	0.904348	258.500000	308.000000
1	15.130000	0.876667	258.093750	308.093750
1	15.161000	0.921014	257.468750	307.268738
1	15.208000	0.925507	257.500000	307.875000
1	15.239000	0.927246	256.537506	307.462494
1	15.270000	0.924493	256.406250	307.706238
0	15.301000	0.779274	257.394104	305.218933
1	15.332000	0.937681	256.362488	307.637512
1	15.364000	0.924928	256.537506	307.337494
1	15.395000	0.931594	256.600006	307.524994
1	15.442000	0.905942	256.581238	307.018738
1	15.473000	0.921014	256.643738	307.581238
1	15.504000	0.916812	256.687500	307.812500
1	15.535000	0.911449	256.343750	307.906250
1	15.566000	0.922899	256.350006	308.212494
1	15.598000	0.938551	255.549988	309.000000
1	15.629000	0.920580	255.725006	309.462494
1	15.676000	0.926667	256.375000	309.562500
1	15.707000	0.939130	256.500000	308.000000
0	15.738000	0.857971	257.500000	307.000000
1	15.769000	0.916232	257.787506	309.337494
1	15.800000	0.948551	257.781250	308.393738
1	15.832000	0.926087	257.600006	308.337494
1	15.863000	0.939855	257.518738	308.031250
1	15.894000	0.915797	257.593750	308.656250
1	15.941000	0.857971	257.500000	311.000000
1	15.972000	0.931015	257.500000	308.375000
1	16.003000	0.931449	258.493744	307.631256
1	16.034000	0.934783	259.000000	307.500000
1	16.066000	0.957536	259.256256	307.793732
1	16.097000	0.922464	259.768738	307.381226
1	16.128000	0.938551	260.000000	307.000000
1	16.175000	0.944928	259.500000	307.000000
0	16.206000	0.800580	260.000000	305.000000
1	16.237000	0.910580	259.681244	308.256256
1	16.268000	0.912899	258.681244	307.881256
1	16.300000	0.955942	258.099976	308.749939
1	16.331000	0.918841	259.000000	308.750000
1	16.362000	0.916812	259.737488	309.437500
1	16.409000	0.884493	259.956268	308.693756
1	16.440000	0.934203	259.937500	307.562500
1	16.471000	0.948985	259.837494	307.212494
0	16.502000	0.814203	260.662506	304.287506
1	16.534000	0.960290	259.750000	307.312500
0	16.565000	0.931449	260.506256	307.506256
1	16.596000	0.987536	258.687500	307.312500
1	16.627000	0.967971	258.531250	308.468750
1	16.674000	0.959855	259.943756	308.056244
1	16.705000	0.988551	259.718750	307.281250
1	16.736000	1.008696	259.500000	307.000000
1	16.768000	1.015072	259.599976	306.400024
1	16.799000	1.021884	260.181244	306.256256
1	16.830000	1.002899	260.000000	306.000000
1	16.861000	1.009420	259.018738	306.768738
1	16.908000	1.012029	258.568848	307.418640
1	16.939000	0.951594	258.812500	307.187500
1	16.970000	0.974928	258.056244	306.618744
1	17.002000	1.003768	258.812500	306.687500
1	17.033000	0.981015	259.343750	305.906250
1	17.064000	0.989710	259.768738	305.781250
0	17.095000	0.897246	261.843750	306.906250
1	17.142000	1.026087	260.000000	306.500000
1	17.173000	1.002899	259.500000	306.500000
0	17.204000	0.840290	259.337494	304.037506
1	17.236000	1.037246	258.606201	307.468689
1	17.267000	0.974058	258.443756	306.993744
1	17.298000	1.007102	259.018738	306.518738
1	17.329000	1.040290	258.912506	306.087494
1	17.360000	1.078261	259.500000	306.000000
1	17.407000	1.025362	259.231262	305.456238
1	17.438000	1.033188	259.856262	305.468750
1	17.470000	1.043333	259.506256	306.431244
1	17.501000	0.985507	259.500000	306.000000
1	17.532000	1.010580	258.718750	306.781250
1	17.563000	1.011449	258.593750	306.593750
1	17.594000	0.997536	259.168732	306.868744
1	17.641000	0.973913	259.500000	307.000000
1	17.672000	1.008696	259.625000	306.625000
1	17.704000	0.970725	260.524994	306.849945
1	17.735000	0.990290	260.243744	306.318756
0	17.766000	0.875507	261.406250	303.156250
1	17.797000	0.985507	260.375000	305.875000
1	17.828000	0.979420	260.162506	305.962494
1	17.875000	0.962029	259.787506	305.912506
1	17.906000	0.947246	260.125000	305.375000
1	17.938000	0.968985	260.562500	305.062500
1	17.969000	0.978261	261.125000	305.000000
1	18.000000	0.983768	260.975006	304.662506
<\RIGHT-PUPIL-DATA>
<LEFT-PUPIL-DATA>
542	0
0	-0.065000	13.913043	240.000000	320.000000
0	-0.019000	13.913043	240.000000	320.000000
0	0.013000	13.913043	240.000000	320.000000
0	0.044000	13.913043	240.000000	320.000000
0	0.075000	13.913043	240.000000	320.000000
0	0.106000	13.913043	240.000000	320.000000
0	0.137000	13.913043	240.000000	320.000000
0	0.169000	13.913043	240.000000	320.000000
0	0.215000	13.913043	240.000000	320.000000
0	0.247000	13.913043	240.000000	320.000000
0	0.278000	13.913043	240.000000	320.000000
0	0.309000	13.913043	240.000000	320.000000
0	0.340000	13.913043	240.000000	320.000000
0	0.372000	13.913043	240.000000	320.000000
0	0.403000	13.913043	240.000000	320.000000
0	0.434000	13.913043	240.000000	320.000000
0	0.481000	13.913043	240.000000	320.000000
0	0.512000	13.913043	240.000000	320.000000
0	0.543000	13.913043	240.000000	320.000000
0	0.574000	13.913043	240.000000	320.000000
0	0.606000	13.913043	240.000000	320.000000
0	0.637000	13.913043	240.000000	320.000000
0	0.668000	13.913043	240.000000	320.000000
0	0.715000	13.913043	240.000000	320.000000
0	0.746000	13.913043	240.000000	320.000000
0	0.777000	13.913043	240.000000	320.000000
0	0.808000	13.913043	240.000000	320.000000
0	0.840000	13.913043	240.000000	320.000000
0	0.871000	13.913043	240.000000	320.000000
0	0.902000	13.913043	240.000000	320.000000
0	0.949000	13.913043	240.000000	320.000000
0	0.980000	13.913043	240.000000	320.000000
0	1.011000	13.913043	240.000000	320.000000
0	1.042000	13.913043	240.000000	320.000000
0	1.074000	13.913043	240.000000	320.000000
0	1.105000	13.913043	240.000000	320.000000
0	1.136000	13.913043	240.000000	320.000000
0	1.167000	13.913043	240.000000	320.000000
0	1.214000	13.913043	240.000000	320.000000
0	1.245000	13.913043	240.000000	320.000000
0	1.276000	13.913043	240.000000	320.000000
0	1.308000	13.913043	240.000000	320.000000
0	1.339000	13.913043	240.000000	320.000000
0	1.370000	13.913043	240.000000	320.000000
0	1.401000	13.913043	240.000000	320.000000
0	1.448000	13.913043	240.000000	320.000000
0	1.479000	13.913043	240.000000	320.000000
0	1.510000	13.913043	240.000000	320.000000
0	1.542000	13.913043	240.000000	320.000000
0	1.573000	13.913043	240.000000	320.000000
0	1.604000	13.913043	240.000000	320.000000
0	1.635000	13.913043	240.000000	320.000000
0	1.666000	13.913043	240.000000	320.000000
0	1.713000	13.913043	240.000000	320.000000
0	1.744000	13.913043	240.000000	320.000000
0	1.776000	13.913043	240.000000	320.000000
0	1.807000	13.913043	240.000000	320.000000
0	1.838000	13.913043	240.000000	320.000000
0	1.869000	13.913043	240.000000	320.000000
0	1.900000	13.913043	240.000000	320.000000
0	1.947000	13.913043	240.000000	320.000000
0	1.978000	13.913043	240.000000	320.000000
0	2.010000	13.913043	240.000000	320.000000
0	2.041000	13.913043	240.000000	320.000000
0	2.072000	13.913043	240.000000	320.000000
0	2.103000	13.913043	240.000000	320.000000
0	2.134000	13.913043	240.000000	320.000000
0	2.181000	13.913043	240.000000	320.000000
0	2.212000	13.913043	240.000000	320.000000
0	2.244000	13.913043	240.000000	320.000000
0	2.275000	13.913043	240.000000	320.000000
0	2.306000	13.913043	240.000000	320.000000
0	2.337000	13.913043	240.000000	320.000000
0	2.368000	13.913043	240.000000	320.000000
0	2.400000	13.913043	240.000000	320.000000
0	2.446000	13.913043	240.000000	320.000000
0	2.478000	13.913043	240.000000	320.000000
0	2.509000	13.913043	240.000000	320.000000
0	2.540000	13.913043	240.000000	320.000000
0	2.571000	13.913043	240.000000	320.000000
0	2.602000	13.913043	240.000000	320.000000
0	2.634000	13.913043	240.000000	320.000000
0	2.680000	13.913043	240.000000	320.000000
0	2.712000	13.913043	240.000000	320.000000
0	2.743000	13.913043	240.000000	320.000000
0	2.774000	13.913043	240.000000	320.000000
0	2.805000	13.913043	240.000000	320.000000
0	2.836000	13.913043	240.000000	320.000000
0	2.868000	13.913043	240.000000	320.000000
0	2.914000	13.913043	240.000000	320.000000
0	2.946000	13.913043	240.000000	320.000000
0	2.977000	13.913043	240.000000	320.000000
0	3.008000	13.913043	240.000000	320.000000
0	3.039000	13.913043	240.000000	320.000000
0	3.070000	13.913043	240.000000	320.000000
0	3.102000	13.913043	240.000000	320.000000
0	3.133000	13.913043	240.000000	320.000000
0	3.180000	13.913043	240.000000	320.000000
0	3.211000	13.913043	240.000000	320.000000
0	3.242000	13.913043	240.000000	320.000000
0	3.273000	13.913043	240.000000	320.000000
0	3.304000	13.913043	240.000000	320.000000
0	3.336000	13.913043	240.000000	320.000000
0	3.367000	13.913043	240.000000	320.000000
0	3.414000	13.913043	240.000000	320.000000
0	3.445000	13.913043	240.000000	320.000000
0	3.476000	13.913043	240.000000	320.000000
0	3.507000	13.913043	240.000000	320.000000
0	3.538000	13.913043	240.000000	320.000000
0	3.570000	13.913043	240.000000	320.000000
0	3.601000	13.913043	240.000000	320.000000
0	3.648000	13.913043	240.000000	320.000000
0	3.679000	13.913043	240.000000	320.000000
0	3.710000	13.913043	240.000000	320.000000
0	3.741000	13.913043	240.000000	320.000000
0	3.772000	13.913043	240.000000	320.000000
0	3.804000	13.913043	240.000000	320.000000
0	3.835000	13.913043	240.000000	320.000000
0	3.866000	13.913043	240.000000	320.000000
0	3.913000	13.913043	240.000000	320.000000
0	3.944000	13.913043	240.000000	320.000000
0	3.975000	13.913043	240.000000	320.000000
0	4.006000	13.913043	240.000000	320.000000
0	4.038000	13.913043	240.000000	320.000000
0	4.069000	13.913043	240.000000	320.000000
0	4.100000	13.913043	240.000000	320.000000
0	4.147000	13.913043	240.000000	320.000000
0	4.178000	13.913043	240.000000	320.000000
0	4.209000	13.913043	240.000000	320.000000
0	4.240000	13.913043	240.000000	320.000000
0	4.272000	13.913043	240.000000	320.000000
0	4.303000	13.913043	240.000000	320.000000
0	4.334000	13.913043	240.000000	320.000000
0	4.365000	13.913043	240.000000	320.000000
0	4.412000	13.913043	240.000000	320.000000
0	4.443000	13.913043	240.000000	320.000000
0	4.474000	13.913043	240.000000	320.000000
0	4.506000	13.913043	240.000000	320.000000
0	4.537000	13.913043	240.000000	320.000000
0	4.568000	13.913043	240.000000	320.000000
0	4.599000	13.913043	240.000000	320.000000
0	4.646000	13.913043	240.000000	320.000000
0	4.677000	13.913043	240.000000	320.000000
0	4.708000	13.913043	240.000000	320.000000
0	4.740000	13.913043	240.000000	320.000000
0	4.771000	13.913043	240.000000	320.000000
0	4.802000	13.913043	240.000000	320.000000
0	4.833000	13.913043	240.000000	320.000000
0	4.880000	13.913043	240.000000	320.000000
0	4.911000	13.913043	240.000000	320.000000
0	4.942000	13.913043	240.000000	320.000000
0	4.974000	13.913043	240.000000	320.000000
0	5.005000	13.913043	240.000000	320.000000
0	5.036000	13.913043	240.000000	320.000000
0	5.067000	13.913043	240.000000	320.000000
0	5.098000	13.913043	240.000000	320.000000
0	5.145000	13.913043	240.000000	320.000000
0	5.176000	13.913043	240.000000	320.000000
0	5.208000	13.913043	240.000000	320.000000
0	5.239000	13.913043	240.000000	320.000000
0	5.270000	13.913043	240.000000	320.000000
0	5.301000	13.913043	240.000000	320.000000
0	5.332000	13.913043	240.000000	320.000000
0	5.379000	13.913043	240.000000	320.000000
0	5.410000	13.913043	240.000000	320.000000
0	5.442000	13.913043	240.000000	320.000000
0	5.473000	13.913043	240.000000	320.000000
0	5.504000	13.913043	240.000000	320.000000
0	5.535000	13.913043	240.000000	320.000000
0	5.566000	13.913043	240.000000	320.000000
0	5.613000	13.913043	240.000000	320.000000
0	5.644000	13.913043	240.000000	320.000000
0	5.676000	13.913043	240.000000	320.000000
0	5.707000	13.913043	240.000000	320.000000
0	5.738000	13.913043	240.000000	320.000000
0	5.769000	13.913043	240.000000	320.000000
0	5.800000	13.913043	240.000000	320.000000
0	5.832000	13.913043	240.000000	320.000000
0	5.878000	13.913043	240.000000	320.000000
0	5.910000	13.913043	240.000000	320.000000
0	5.941000	13.913043	240.000000	320.000000
0	5.972000	13.913043	240.000000	320.000000
0	6.003000	13.913043	240.000000	320.000000
0	6.034000	13.913043	240.000000	320.000000
0	6.066000	13.913043	240.000000	320.000000
0	6.112000	13.913043	240.000000	320.000000
0	6.144000	13.913043	240.000000	320.000000
0	6.175000	13.913043	240.000000	320.000000
0	6.206000	13.913043	240.000000	320.000000
0	6.237000	13.913043	240.000000	320.000000
0	6.268000	13.913043	240.000000	320.000000
0	6.300000	13.913043	240.000000	320.000000
0	6.346000	13.913043	240.000000	320.000000
0	6.378000	13.913043	240.000000	320.000000
0	6.409000	13.913043	240.000000	320.000000
0	6.440000	13.913043	240.000000	320.000000
0	6.471000	13.913043	240.000000	320.000000
0	6.502000	13.913043	240.000000	320.000000
0	6.534000	13.913043	240.000000	320.000000
0	6.565000	13.913043	240.000000	320.000000
0	6.612000	13.913043	240.000000	320.000000
0	6.643000	13.913043	240.000000	320.000000
0	6.674000	13.913043	240.000000	320.000000
0	6.705000	13.913043	240.000000	320.000000
0	6.736000	13.913043	240.000000	320.000000
0	6.768000	13.913043	240.000000	320.000000
0	6.799000	13.913043	240.000000	320.000000
0	6.846000	13.913043	240.000000	320.000000
0	6.877000	13.913043	240.000000	320.000000
0	6.908000	13.913043	240.000000	320.000000
0	6.939000	13.913043	240.000000	320.000000
0	6.970000	13.913043	240.000000	320.000000
0	7.002000	13.913043	240.000000	320.000000
0	7.033000	13.913043	240.000000	320.000000
0	7.064000	13.913043	240.000000	320.000000
0	7.111000	13.913043	240.000000	320.000000
0	7.142000	13.913043	240.000000	320.000000
0	7.173000	13.913043	240.000000	320.000000
0	7.204000	13.913043	240.000000	320.000000
0	7.236000	13.913043	240.000000	320.000000
0	7.267000	13.913043	240.000000	320.000000
0	7.298000	13.913043	240.000000	320.000000
0	7.345000	13.913043	240.000000	320.000000
0	7.376000	13.913043	240.000000	320.000000
0	7.407000	13.913043	240.000000	320.000000
0	7.438000	13.913043	240.000000	320.000000
0	7.470000	13.913043	240.000000	320.000000
0	7.501000	13.913043	240.000000	320.000000
0	7.532000	13.913043	240.000000	320.000000
0	7.579000	13.913043	240.000000	320.000000
0	7.610000	13.913043	240.000000	320.000000
0	7.641000	13.913043	240.000000	320.000000
0	7.672000	13.913043	240.000000	320.000000
0	7.704000	13.913043	240.000000	320.000000
0	7.735000	13.913043	240.000000	320.000000
0	7.766000	13.913043	240.000000	320.000000
0	7.797000	13.913043	240.000000	320.000000
0	7.844000	13.913043	240.000000	320.000000
0	7.875000	13.913043	240.000000	320.000000
0	7.906000	13.913043	240.000000	320.000000
0	7.938000	13.913043	240.000000	320.000000
0	7.969000	13.913043	240.000000	320.000000
0	8.000000	13.913043	240.000000	320.000000
0	8.031000	13.913043	240.000000	320.000000
0	8.078000	13.913043	240.000000	320.000000
0	8.109000	13.913043	240.000000	320.000000
0	8.140000	13.913043	240.000000	320.000000
0	8.172000	13.913043	240.000000	320.000000
0	8.203000	13.913043	240.000000	320.000000
0	8.234000	13.913043	240.000000	320.000000
0	8.265000	13.913043	240.000000	320.000000
0	8.296000	13.913043	240.000000	320.000000
0	8.343000	13.913043	240.000000	320.000000
0	8.374000	13.913043	240.000000	320.000000
0	8.406000	13.913043	240.000000	320.000000
0	8.437000	13.913043	240.000000	320.000000
0	8.468000	13.913043	240.000000	320.000000
0	8.499000	13.913043	240.000000	320.000000
0	8.530000	13.913043	240.000000	320.000000
0	8.577000	13.913043	240.000000	320.000000
0	8.608000	13.913043	240.000000	320.000000
0	8.640000	13.913043	240.000000	320.000000
0	8.671000	13.913043	240.000000	320.000000
0	8.702000	13.913043	240.000000	320.000000
0	8.733000	13.913043	240.000000	320.000000
0	8.764000	13.913043	240.000000	320.000000
0	8.811000	13.913043	240.000000	320.000000
0	8.842000	13.913043	240.000000	320.000000
0	8.874000	13.913043	240.000000	320.000000
0	8.905000	13.913043	240.000000	320.000000
0	8.936000	13.913043	240.000000	320.000000
0	8.967000	13.913043	240.000000	320.000000
0	8.998000	13.913043	240.000000	320.000000
0	9.030000	13.913043	240.000000	320.000000
0	9.076000	13.913043	240.000000	320.000000
0	9.108000	13.913043	240.000000	320.000000
0	9.139000	13.913043	240.000000	320.000000
0	9.170000	13.913043	240.000000	320.000000
0	9.201000	13.913043	240.000000	320.000000
0	9.232000	13.913043	240.000000	320.000000
0	9.264000	13.913043	240.000000	320.000000
0	9.310000	13.913043	240.000000	320.000000
0	9.342000	13.913043	240.000000	320.000000
0	9.373000	13.913043	240.000000	320.000000
0	9.404000	13.913043	240.000000	320.000000
0	9.435000	13.913043	240.000000	320.000000
0	9.466000	13.913043	240.000000	320.000000
0	9.498000	13.913043	240.000000	320.000000
0	9.544000	13.913043	240.000000	320.000000
0	9.576000	13.913043	240.000000	320.000000
0	9.607000	13.913043	240.000000	320.000000
0	9.638000	13.913043	240.000000	320.000000
0	9.669000	13.913043	240.000000	320.000000
0	9.700000	13.913043	240.000000	320.000000
0	9.732000	13.913043	240.000000	320.000000
0	9.763000	13.913043	240.000000	320.000000
0	9.810000	13.913043	240.000000	320.000000
0	9.841000	13.913043	240.000000	320.000000
0	9.872000	13.913043	240.000000	320.000000
0	9.903000	13.913043	240.000000	320.000000
0	9.934000	13.913043	240.000000	320.000000
0	9.966000	13.913043	240.000000	320.000000
0	9.997000	13.913043	240.000000	320.000000
0	10.044000	13.913043	240.000000	320.000000
0	10.075000	13.913043	240.000000	320.000000
0	10.106000	13.913043	240.000000	320.000000
0	10.137000	13.913043	240.000000	320.000000
0	10.168000	13.913043	240.000000	320.000000
0	10.200000	13.913043	240.000000	320.000000
0	10.231000	13.913043	240.000000	320.000000
0	10.278000	13.913043	240.000000	320.000000
0	10.309000	13.913043	240.000000	320.000000
0	10.340000	13.913043	240.000000	320.000000
0	10.371000	13.913043	240.000000	320.000000
0	10.402000	13.913043	240.000000	320.000000
0	10.434000	13.913043	240.000000	320.000000
0	10.465000	13.913043	240.000000	320.000000
0	10.496000	13.913043	240.000000	320.000000
0	10.543000	13.913043	240.000000	320.000000
0	10.574000	13.913043	240.000000	320.000000
0	10.605000	13.913043	240.000000	320.000000
0	10.636000	13.913043	240.000000	320.000000
0	10.668000	13.913043	240.000000	320.000000
0	10.699000	13.913043	240.000000	320.000000
0	10.730000	13.913043	240.000000	320.000000
0	10.777000	13.913043	240.000000	320.000000
0	10.808000	13.913043	240.000000	320.000000
0	10.839000	13.913043	240.000000	320.000000
0	10.870000	13.913043	240.000000	320.000000
0	10.902000	13.913043	240.000000	320.000000
0	10.933000	13.913043	240.000000	320.000000
0	10.964000	13.913043	240.000000	320.000000
0	11.011000	13.913043	240.000000	320.000000
0	11.042000	13.913043	240.000000	320.000000
0	11.073000	13.913043	240.000000	320.000000
0	11.104000	13.913043	240.000000	320.000000
0	11.136000	13.913043	240.000000	320.000000
0	11.167000	13.913043	240.000000	320.000000
0	11.198000	13.913043	240.000000	320.000000
0	11.229000	13.913043	240.000000	320.000000
0	11.276000	13.913043	240.000000	320.000000
0	11.307000	13.913043	240.000000	320.000000
0	11.338000	13.913043	240.000000	320.000000
0	11.370000	13.913043	240.000000	320.000000
0	11.401000	13.913043	240.000000	320.000000
0	11.432000	13.913043	240.000000	320.000000
0	11.463000	13.913043	240.000000	320.000000
0	11.510000	13.913043	240.000000	320.000000
0	11.541000	13.913043	240.000000	320.000000
0	11.572000	13.913043	240.000000	320.000000
0	11.604000	13.913043	240.000000	320.000000
0	11.635000	13.913043	240.000000	320.000000
0	11.666000	13.913043	240.000000	320.000000
0	11.697000	13.913043	240.000000	320.000000
0	11.728000	13.913043	240.000000	320.000000
0	11.775000	13.913043	240.000000	320.000000
0	11.806000	13.913043	240.000000	320.000000
0	11.838000	13.913043	240.000000	320.000000
0	11.869000	13.913043	240.000000	320.000000
0	11.900000	13.913043	240.000000	320.000000
0	11.931000	13.913043	240.000000	320.000000
0	11.962000	13.913043	240.000000	320.000000
0	12.009000	13.913043	240.000000	320.000000
0	12.040000	13.913043	240.000000	320.000000
0	12.072000	13.913043	240.000000	320.000000
0	12.103000	13.913043	240.000000	320.000000
0	12.134000	13.913043	240.000000	320.000000
0	12.165000	13.913043	240.000000	320.000000
0	12.196000	13.913043	240.000000	320.000000
0	12.228000	13.913043	240.000000	320.000000
0	12.274000	13.913043	240.000000	320.000000
0	12.306000	13.913043	240.000000	320.000000
0	12.337000	13.913043	240.000000	320.000000
0	12.368000	13.913043	240.000000	320.000000
0	12.399000	13.913043	240.000000	320.000000
0	12.430000	13.913043	240.000000	320.000000
0	12.462000	13.913043	240.000000	320.000000
0	12.508000	13.913043	240.000000	320.000000
0	12.540000	13.913043	240.000000	320.000000
0	12.571000	13.913043	240.000000	320.000000
0	12.602000	13.913043	240.000000	320.000000
0	12.633000	13.913043	240.000000	320.000000
0	12.664000	13.913043	240.000000	320.000000
0	12.696000	13.913043	240.000000	320.000000
0	12.742000	13.913043	240.000000	320.000000
0	12.774000	13.913043	240.000000	320.000000
0	12.805000	13.913043	240.000000	320.000000
0	12.836000	13.913043	240.000000	320.000000
0	12.867000	13.913043	240.000000	320.000000
0	12.898000	13.913043	240.000000	320.000000
0	12.930000	13.913043	240.000000	320.000000
0	12.961000	13.913043	240.000000	320.000000
0	13.008000	13.913043	240.000000	320.000000
0	13.039000	13.913043	240.000000	320.000000
0	13.070000	13.913043	240.000000	320.000000
0	13.101000	13.913043	240.000000	320.000000
0	13.132000	13.913043	240.000000	320.000000
0	13.164000	13.913043	240.000000	320.000000
0	13.195000	13.913043	240.000000	320.000000
0	13.242000	13.913043	240.000000	320.000000
0	13.273000	13.913043	240.000000	320.000000
0	13.304000	13.913043	240.000000	320.000000
0	13.335000	13.913043	240.000000	320.000000
0	13.366000	13.913043	240.000000	320.000000
0	13.398000	13.913043	240.000000	320.000000
0	13.429000	13.913043	240.000000	320.000000
0	13.476000	13.913043	240.000000	320.000000
0	13.507000	13.913043	240.000000	320.000000
0	13.538000	13.913043	240.000000	320.000000
0	13.569000	13.913043	240.000000	320.000000
0	13.600000	13.913043	240.000000	320.000000
0	13.632000	13.913043	240.000000	320.000000
0	13.663000	13.913043	240.000000	320.000000
0	13.694000	13.913043	240.000000	320.000000
0	13.741000	13.913043	240.000000	320.000000
0	13.772000	13.913043	240.000000	320.000000
0	13.803000	13.913043	240.000000	320.000000
0	13.834000	13.913043	240.000000	320.000000
0	13.866000	13.913043	240.000000	320.000000
0	13.897000	13.913043	240.000000	320.000000
0	13.928000	13.913043	240.000000	320.000000
0	13.975000	13.913043	240.000000	320.000000
0	14.006000	13.913043	240.000000	320.000000
0	14.037000	13.913043	240.000000	320.000000
0	14.068000	13.913043	240.000000	320.000000
0	14.100000	13.913043	240.000000	320.000000
0	14.131000	13.913043	240.000000	320.000000
0	14.162000	13.913043	240.000000	320.000000
0	14.209000	13.913043	240.000000	320.000000
0	14.240000	13.913043	240.000000	320.000000
0	14.271000	13.913043	240.000000	320.000000
0	14.302000	13.913043	240.000000	320.000000
0	14.334000	13.913043	240.000000	320.000000
0	14.365000	13.913043	240.000000	320.000000
0	14.396000	13.913043	240.000000	320.000000
0	14.427000	13.913043	240.000000	320.000000
0	14.474000	13.913043	240.000000	320.000000
0	14.505000	13.913043	240.000000	320.000000
0	14.536000	13.913043	240.000000	320.000000
0	14.568000	13.913043	240.000000	320.000000
0	14.599000	13.913043	240.000000	320.000000
0	14.630000	13.913043	240.000000	320.000000
0	14.661000	13.913043	240.000000	320.000000
0	14.708000	13.913043	240.000000	320.000000
0	14.739000	13.913043	240.000000	320.000000
0	14.770000	13.913043	240.000000	320.000000
0	14.802000	13.913043	240.000000	320.000000
0	14.833000	13.913043	240.000000	320.000000
0	14.864000	13.913043	240.000000	320.000000
0	14.895000	13.913043	240.000000	320.000000
0	14.942000	13.913043	240.000000	320.000000
0	14.973000	13.913043	240.000000	320.000000
0	15.004000	13.913043	240.000000	320.000000
0	15.036000	13.913043	240.000000	320.000000
0	15.067000	13.913043	240.000000	320.000000
0	15.098000	13.913043	240.000000	320.000000
0	15.129000	13.913043	240.000000	320.000000
0	15.160000	13.913043	240.000000	320.000000
0	15.207000	13.913043	240.000000	320.000000
0	15.238000	13.913043	240.000000	320.000000
0	15.270000	13.913043	240.000000	320.000000
0	15.301000	13.913043	240.000000	320.000000
0	15.332000	13.913043	240.000000	320.000000
0	15.363000	13.913043	240.000000	320.000000
0	15.394000	13.913043	240.000000	320.000000
0	15.441000	13.913043	240.000000	320.000000
0	15.472000	13.913043	240.000000	320.000000
0	15.504000	13.913043	240.000000	320.000000
0	15.535000	13.913043	240.000000	320.000000
0	15.566000	13.913043	240.000000	320.000000
0	15.597000	13.913043	240.000000	320.000000
0	15.628000	13.913043	240.000000	320.000000
0	15.675000	13.913043	240.000000	320.000000
0	15.706000	13.913043	240.000000	320.000000
0	15.738000	13.913043	240.000000	320.000000
0	15.769000	13.913043	240.000000	320.000000
0	15.800000	13.913043	240.000000	320.000000
0	15.831000	13.913043	240.000000	320.000000
0	15.862000	13.913043	240.000000	320.000000
0	15.894000	13.913043	240.000000	320.000000
0	15.940000	13.913043	240.000000	320.000000
0	15.972000	13.913043	240.000000	320.000000
0	16.003000	13.913043	240.000000	320.000000
0	16.034000	13.913043	240.000000	320.000000
0	16.065000	13.913043	240.000000	320.000000
0	16.096000	13.913043	240.000000	320.000000
0	16.128000	13.913043	240.000000	320.000000
0	16.159000	13.913043	240.000000	320.000000
0	16.206000	13.913043	240.000000	320.000000
0	16.237000	13.913043	240.000000	320.000000
0	16.268000	13.913043	240.000000	320.000000
0	16.299000	13.913043	240.000000	320.000000
0	16.330000	13.913043	240.000000	320.000000
0	16.362000	13.913043	240.000000	320.000000
0	16.393000	13.913043	240.000000	320.000000
0	16.440000	13.913043	240.000000	320.000000
0	16.471000	13.913043	240.000000	320.000000
0	16.502000	13.913043	240.000000	320.000000
0	16.533000	13.913043	240.000000	320.000000
0	16.564000	13.913043	240.000000	320.000000
0	16.596000	13.913043	240.000000	320.000000
0	16.627000	13.913043	240.000000	320.000000
0	16.674000	13.913043	240.000000	320.000000
0	16.705000	13.913043	240.000000	320.000000
0	16.736000	13.913043	240.000000	320.000000
0	16.767000	13.913043	240.000000	320.000000
0	16.798000	13.913043	240.000000	320.000000
0	16.830000	13.913043	240.000000	320.000000
0	16.861000	13.913043	240.000000	320.000000
0	16.892000	13.913043	240.000000	320.000000
0	16.939000	13.913043	240.000000	320.000000
0	16.970000	13.913043	240.000000	320.000000
0	17.001000	13.913043	240.000000	320.000000
0	17.032000	13.913043	240.000000	320.000000
0	17.064000	13.913043	240.000000	320.000000
0	17.095000	13.913043	240.000000	320.000000
0	17.126000	13.913043	240.000000	320.000000
0	17.173000	13.913043	240.000000	320.000000
0	17.204000	13.913043	240.000000	320.000000
0	17.235000	13.913043	240.000000	320.000000
0	17.266000	13.913043	240.000000	320.000000
0	17.298000	13.913043	240.000000	320.000000
0	17.329000	13.913043	240.000000	320.000000
0	17.360000	13.913043	240.000000	320.000000
0	17.407000	13.913043	240.000000	320.000000
0	17.438000	13.913043	240.000000	320.000000
0	17.469000	13.913043	240.000000	320.000000
0	17.500000	13.913043	240.000000	320.000000
0	17.532000	13.913043	240.000000	320.000000
0	17.563000	13.913043	240.000000	320.000000
0	17.594000	13.913043	240.000000	320.000000
0	17.625000	13.913043	240.000000	320.000000
0	17.672000	13.913043	240.000000	320.000000
0	17.703000	13.913043	240.000000	320.000000
0	17.734000	13.913043	240.000000	320.000000
0	17.766000	13.913043	240.000000	320.000000
0	17.797000	13.913043	240.000000	320.000000
0	17.828000	13.913043	240.000000	320.000000
0	17.859000	13.913043	240.000000	320.000000
0	17.906000	13.913043	240.000000	320.000000
0	17.937000	13.913043	240.000000	320.000000
0	17.968000	13.913043	240.000000	320.000000
<\LEFT-PUPIL-DATA>
<RIGHT-PUPIL-ANALYSIS>
1
0	0	17	542	0	0	0.509000	17.518000	0.509000	15.983889	0.000000	0.000000	0.000000	0	1	1	1	1	0	0	0	0.000000	0.000000	0.000000	0.000000	0.000000	0.000000	0.000000	-1.000000	0.000000	1	1.052551	0.823584	0.870247	0.533690	12.920000	-0.016164	-0.944563	-1.000000	0.065080	1	1.052551	0.823584	0.870247	0.533690	12.920000	-0.084168	-0.838707	-1.000000	0.052409
<\RIGHT-PUPIL-ANALYSIS>
<LEFT-PUPIL-ANALYSIS>
1
0	0	17	541	0	0	0.509000	17.518000	0.509000	15.983889	0.000000	0.000000	0.000000	0	1	1	1	1	0	0	0	0.000000	0.000000	0.000000	0.000000	0.000000	0.000000	0.000000	-1.000000	0.000000	0	-0.034783	-0.034783	0.000950	0.000950	0.003000	0.000000	0.000000	-1.000000	0.000000	1	-0.034783	-0.034783	0.000950	0.000950	0.003000	-1000000.000000	-1000000.000000	-1.000000	0.000000
<\LEFT-PUPIL-ANALYSIS>
%%%%%%%%%
%%%%%%%%%
%%%%%%%%%
%%%	Measurement Tiime is: 2017-08-10 09:06:14
%%%	Subject ID is: c57-1mois-DA-F2-1.2r
%%%	Note: 
%%%	RSS: Default Human Relative Spectral Sensitivity
%%%	Pupil Analysis:
%%%
%%%
%%%
%%%	Pulse Index:	0
%%%	Stimulus Session Index:	0
%%%	Right Pupil Stimulated
%%%	Light Metric is Photopic
%%%	Stimulus Start Time(sec):	0.51
%%%	Stimulus Duration(sec):	17.52
%%%	Stimulus Pulse Duration(sec):	0.51
%%%	Right Pulse:	15.98	(Red  )	-	0.00	(Red  )	[Lux ]
%%%	Left Pulse:	0.00	(Red  )	-	0.00	(Red  )	[Lux ]
%%%
%%%		RIGHT	LEFT	R.Pupil Mean	L.Pupil Mean	R.Stim Mean	R.Stim Mean
%%%	INPUT:	RAW DATA	RAW DATA
%%%	STATE:	ABNORMAL	ABNORMAL	ABNORMAL	ABNORMAL	ABNORMAL	ABNORMAL
%%%	MAX(mm):	0.00	0.00	0.00	0.00	0.00	0.00
%%%	MIN(mm):	0.00	0.00	0.00	0.00	0.00	0.00
%%%	DELTA(mm):						
%%%	CH(%):						
%%%	LAT(sec):	0.00	0.00	0.00	0.00	0.00	0.00
%%%	CV(mm/s):	0.00	0.00	0.00	0.00	0.00	0.00
%%%	MCV(mm/s):	0.00	0.00	0.00	0.00	0.00	0.00
%%%	DV(mm/s):	0.00	0.00	0.00	0.00	0.00	0.00
%%%%%%%%%
%%%%%%%%%
%%%%%%%%%
%%%	Right Pupil Profile (1st row -> 1 == valid tracking, 0 == invalid tracking; 2nd row -> time; 3rd row -> diameter (mm))
%%%	1	1	1	1	1	1	1	1	1	1	1	1	1	1	1	1	1	1	1	1	1	1	1	1	1	1	1	1	1	0	0	1	1	1	1	1	1	1	1	1	1	1	1	1	1	1	1	1	1	1	1	1	1	1	1	1	1	1	1	1	1	1	0	1	1	1	1	1	1	1	1	1	1	1	1	1	1	1	1	1	1	1	1	0	1	1	0	1	1	1	1	1	1	1	1	1	1	1	1	1	1	1	1	1	1	1	1	1	1	1	1	1	1	1	1	1	1	1	1	1	0	1	1	1	1	1	1	1	1	1	1	1	1	1	1	1	1	1	1	0	1	1	0	0	1	1	1	1	1	1	0	1	1	1	1	1	1	1	1	1	1	1	1	1	1	1	1	1	1	1	1	1	1	1	1	1	1	1	1	0	1	1	1	1	1	1	1	1	0	1	1	1	1	1	1	1	1	1	1	1	1	1	1	1	1	1	1	1	1	1	1	1	1	1	1	1	0	1	1	1	1	1	1	1	1	1	1	1	1	1	1	1	1	0	1	1	1	1	1	1	1	1	1	1	1	1	1	1	1	1	1	1	1	1	0	1	1	1	1	1	1	1	1	1	1	1	1	1	1	0	1	1	1	1	1	1	1	1	1	0	1	1	0	1	1	1	1	1	1	1	1	1	1	1	1	1	1	1	1	1	1	1	1	1	1	1	1	1	1	0	1	1	1	1	1	1	1	1	1	1	1	1	1	1	1	1	1	1	0	1	1	1	1	1	1	1	1	1	1	0	1	1	1	1	1	1	0	1	1	0	1	1	1	1	1	1	1	1	1	1	1	0	1	1	1	1	1	1	1	1	1	1	1	1	0	1	1	1	1	1	1	1	1	1	1	1	1	1	1	1	1	1	1	0	1	0	1	1	1	1	0	1	0	0	1	1	1	0	1	1	1	1	1	1	1	0	1	1	1	1	1	0	1	1	1	1	0	1	0	1	1	1	1	1	1	1	1	1	1	1	1	1	1	1	1	0	1	0	1	1	1	1	1	1	1	1	1	1	1	1	1	0	1	1	1	1	1	1	1	1	1	1	1	1	0	1	1	1	1	1	1	1	1	1	1	1	1	1	0	1	1	1	1	1	1	1	1	0	1	0	1	1	1	1	1	1	1	1	1	1	1	1	1	1	1	0	1	1	0	1	1	1	1	1	1	1	1	1	1	1	1	1	1	1	1	0	1	1	1	1	1	1	1
%%%	-0.065000	-0.018000	0.013000	0.044000	0.075000	0.107000	0.138000	0.169000	0.216000	0.247000	0.278000	0.309000	0.341000	0.372000	0.403000	0.450000	0.481000	0.512000	0.544000	0.575000	0.606000	0.637000	0.668000	0.715000	0.746000	0.778000	0.809000	0.840000	0.871000	0.902000	0.949000	0.980000	1.012000	1.043000	1.074000	1.105000	1.136000	1.183000	1.214000	1.246000	1.277000	1.308000	1.339000	1.370000	1.402000	1.448000	1.480000	1.511000	1.542000	1.573000	1.604000	1.636000	1.682000	1.714000	1.745000	1.776000	1.807000	1.838000	1.870000	1.916000	1.948000	1.979000	2.010000	2.041000	2.072000	2.104000	2.135000	2.182000	2.213000	2.244000	2.275000	2.306000	2.338000	2.369000	2.400000	2.447000	2.478000	2.509000	2.540000	2.572000	2.603000	2.634000	2.681000	2.712000	2.743000	2.774000	2.806000	2.837000	2.868000	2.915000	2.946000	2.977000	3.008000	3.040000	3.071000	3.102000	3.133000	3.180000	3.211000	3.242000	3.274000	3.305000	3.336000	3.367000	3.414000	3.445000	3.476000	3.508000	3.539000	3.570000	3.601000	3.648000	3.679000	3.710000	3.742000	3.773000	3.804000	3.835000	3.866000	3.913000	3.944000	3.976000	4.007000	4.038000	4.069000	4.100000	4.147000	4.178000	4.210000	4.241000	4.272000	4.303000	4.334000	4.381000	4.412000	4.444000	4.475000	4.506000	4.537000	4.568000	4.600000	4.646000	4.678000	4.709000	4.740000	4.771000	4.802000	4.834000	4.880000	4.912000	4.943000	4.974000	5.005000	5.036000	5.068000	5.114000	5.146000	5.177000	5.208000	5.239000	5.270000	5.302000	5.333000	5.380000	5.411000	5.442000	5.473000	5.504000	5.536000	5.567000	5.614000	5.645000	5.676000	5.707000	5.738000	5.770000	5.801000	5.848000	5.879000	5.910000	5.941000	5.972000	6.004000	6.035000	6.066000	6.113000	6.144000	6.175000	6.206000	6.238000	6.269000	6.300000	6.347000	6.378000	6.409000	6.440000	6.472000	6.503000	6.534000	6.565000	6.612000	6.643000	6.674000	6.706000	6.737000	6.768000	6.799000	6.846000	6.877000	6.908000	6.940000	6.971000	7.002000	7.033000	7.064000	7.111000	7.142000	7.174000	7.205000	7.236000	7.267000	7.298000	7.345000	7.376000	7.408000	7.439000	7.470000	7.501000	7.532000	7.579000	7.610000	7.642000	7.673000	7.704000	7.735000	7.766000	7.798000	7.844000	7.876000	7.907000	7.938000	7.969000	8.000000	8.032000	8.078000	8.110000	8.141000	8.172000	8.203000	8.234000	8.266000	8.312000	8.344000	8.375000	8.406000	8.437000	8.468000	8.500000	8.531000	8.578000	8.609000	8.640000	8.671000	8.702000	8.734000	8.765000	8.812000	8.843000	8.874000	8.905000	8.936000	8.968000	8.999000	9.046000	9.077000	9.108000	9.139000	9.170000	9.202000	9.233000	9.264000	9.311000	9.342000	9.373000	9.404000	9.436000	9.467000	9.498000	9.545000	9.576000	9.607000	9.638000	9.670000	9.701000	9.732000	9.779000	9.810000	9.841000	9.872000	9.904000	9.935000	9.966000	9.997000	10.044000	10.075000	10.106000	10.138000	10.169000	10.200000	10.231000	10.278000	10.309000	10.340000	10.372000	10.403000	10.434000	10.465000	10.496000	10.543000	10.574000	10.606000	10.637000	10.668000	10.699000	10.730000	10.777000	10.808000	10.840000	10.871000	10.902000	10.933000	10.964000	11.011000	11.042000	11.074000	11.105000	11.136000	11.167000	11.198000	11.230000	11.276000	11.308000	11.339000	11.370000	11.401000	11.432000	11.464000	11.510000	11.542000	11.573000	11.604000	11.635000	11.666000	11.698000	11.744000	11.776000	11.807000	11.838000	11.869000	11.900000	11.932000	11.963000	12.010000	12.041000	12.072000	12.103000	12.134000	12.166000	12.197000	12.244000	12.275000	12.306000	12.337000	12.368000	12.400000	12.431000	12.478000	12.509000	12.540000	12.571000	12.602000	12.634000	12.665000	12.696000	12.743000	12.774000	12.805000	12.836000	12.868000	12.899000	12.930000	12.977000	13.008000	13.039000	13.070000	13.102000	13.133000	13.164000	13.211000	13.242000	13.273000	13.304000	13.336000	13.367000	13.398000	13.429000	13.476000	13.507000	13.538000	13.570000	13.601000	13.632000	13.663000	13.710000	13.741000	13.772000	13.804000	13.835000	13.866000	13.897000	13.928000	13.975000	14.006000	14.038000	14.069000	14.100000	14.131000	14.162000	14.209000	14.240000	14.272000	14.303000	14.334000	14.365000	14.396000	14.428000	14.474000	14.506000	14.537000	14.568000	14.599000	14.630000	14.662000	14.708000	14.740000	14.771000	14.802000	14.833000	14.864000	14.896000	14.942000	14.974000	15.005000	15.036000	15.067000	15.098000	15.130000	15.161000	15.208000	15.239000	15.270000	15.301000	15.332000	15.364000	15.395000	15.442000	15.473000	15.504000	15.535000	15.566000	15.598000	15.629000	15.676000	15.707000	15.738000	15.769000	15.800000	15.832000	15.863000	15.894000	15.941000	15.972000	16.003000	16.034000	16.066000	16.097000	16.128000	16.175000	16.206000	16.237000	16.268000	16.300000	16.331000	16.362000	16.409000	16.440000	16.471000	16.502000	16.534000	16.565000	16.596000	16.627000	16.674000	16.705000	16.736000	16.768000	16.799000	16.830000	16.861000	16.908000	16.939000	16.970000	17.002000	17.033000	17.064000	17.095000	17.142000	17.173000	17.204000	17.236000	17.267000	17.298000	17.329000	17.360000	17.407000	17.438000	17.470000	17.501000	17.532000	17.563000	17.594000	17.641000	17.672000	17.704000	17.735000	17.766000	17.797000	17.828000	17.875000	17.906000	17.938000	17.969000	18.000000
%%%	1.005797	1.007102	0.990145	1.008116	1.018985	1.014493	1.041884	1.008841	1.048985	1.022319	1.044638	1.040145	1.015072	1.025942	1.020290	0.999420	1.044638	1.026087	1.044638	1.078116	1.044203	1.051159	1.044638	1.043478	0.991014	1.006377	0.970290	0.981449	0.927246	0.780725	0.800580	0.885942	0.884493	0.858116	0.852754	0.839275	0.807681	0.832319	0.837971	0.832029	0.840145	0.839855	0.788406	0.839855	0.866812	0.866377	0.901594	0.885942	0.892754	0.885942	0.914203	0.876667	0.895507	0.890290	0.874638	0.884203	0.876812	0.866812	0.884203	0.887245	0.881594	0.895797	0.837971	0.904493	0.912029	0.885942	0.938551	0.892754	0.917391	0.931015	0.926667	0.916812	0.920580	0.929275	0.920580	0.922754	0.921159	0.921159	0.885942	0.922754	0.925507	0.915797	0.909420	0.833188	0.904348	0.918406	0.857971	0.950725	0.924493	0.937536	0.933333	0.902754	0.939130	0.951159	0.913913	0.933333	0.898985	0.852174	0.937536	0.922464	0.928986	0.942754	0.939130	0.949420	0.950580	0.950580	0.938551	0.929855	0.969710	0.921884	0.921159	0.913623	0.940290	0.885362	0.878986	0.944928	0.951159	0.949130	0.927101	0.916812	0.857971	0.962464	0.857971	0.966812	0.972899	0.947971	0.979710	0.950580	0.972754	0.950580	0.953333	0.944493	0.920580	0.952319	0.947246	0.921739	0.920580	0.947826	0.937681	0.828841	0.966812	0.951015	0.869565	0.852899	0.964493	0.957681	0.951015	0.971884	0.965217	0.998985	0.869565	0.972319	0.968116	0.976667	0.984493	0.973333	0.973913	0.965362	0.967681	0.927536	0.956522	0.959855	0.959275	0.927246	0.976087	0.965217	0.950580	0.955797	0.927536	0.939710	0.961884	0.950580	0.949420	0.944928	0.947826	0.943478	0.933188	0.920145	0.969710	0.857971	0.948551	0.968985	0.966232	0.968985	0.998841	0.949855	0.973913	0.928841	0.800725	0.968551	0.973913	0.970290	0.910145	0.938115	0.957536	0.971159	0.956667	0.927681	0.967971	0.967971	0.972319	0.973913	0.968116	0.970290	0.938116	0.932029	0.950580	0.958406	0.931594	0.951013	0.937536	0.955507	0.939275	0.970580	0.950725	0.950725	0.822899	0.950580	0.857971	0.982029	0.969855	0.950725	0.983333	0.957536	0.957681	0.957681	0.958116	0.939130	0.950580	0.951159	0.929275	0.951159	0.939130	0.830870	0.916812	0.926667	0.938551	0.923333	0.932029	0.898551	0.921739	0.921739	0.920725	0.927246	0.857971	0.925507	0.924928	0.924493	0.916812	0.944928	0.904348	0.931159	0.920725	0.927246	0.811884	0.927681	0.938116	0.918406	0.920580	0.911884	0.916812	0.761014	0.933623	0.904348	0.950725	0.939275	0.931594	0.922464	0.929855	0.848985	0.956667	0.935797	0.968116	0.774638	0.946812	0.924638	0.950725	0.975797	0.950725	0.812899	0.939275	0.939710	0.809710	0.935652	0.924493	0.936377	0.936377	0.955942	0.950580	0.939130	0.962464	0.950580	0.936667	0.970145	0.964058	0.938116	0.950580	0.939855	0.977536	0.977246	0.938116	0.921884	0.941884	0.937536	0.951159	0.931594	0.946812	0.913043	0.927536	0.778986	0.926667	0.921739	0.915942	0.925507	0.865797	0.947971	0.884928	0.951159	0.938116	0.922464	0.914493	0.950725	0.950580	0.886957	0.913913	0.917681	0.896232	0.914203	0.831015	0.885942	0.876812	0.902029	0.903188	0.903333	0.857681	0.897101	0.895072	0.917971	0.915797	0.857971	0.922899	0.904348	0.917971	0.912899	0.877246	0.901594	0.822899	0.885362	0.885942	0.811594	0.902754	0.904348	0.938116	0.905072	0.858116	0.937536	0.927246	0.923333	0.939275	0.875507	0.929855	0.835942	0.937101	0.950145	0.933188	0.924928	0.933333	0.973913	0.950580	0.960290	0.934783	0.932029	0.906232	0.927246	0.839855	0.950725	0.924493	0.921159	0.950725	0.917101	0.914203	0.904928	0.938551	0.905072	0.932029	0.948116	0.950580	0.883768	0.901594	0.915942	0.801159	0.912899	0.910580	0.787971	0.892898	0.950725	0.892754	0.891159	0.873913	0.839855	0.742029	0.744493	0.793768	0.760290	0.894493	0.950725	0.872754	0.857971	0.902319	0.907102	0.876232	0.885942	0.895652	0.898406	0.861594	0.765217	0.865797	0.895072	0.904348	0.815506	0.912899	0.831015	0.865797	0.950725	0.814203	0.887101	0.783768	0.861594	0.783768	0.874638	0.904348	0.918406	0.944203	0.920580	0.912899	0.950725	0.883333	0.926812	0.903768	0.919710	0.917971	0.848406	0.905072	0.773768	0.913188	0.785507	0.913623	0.796812	0.875942	0.922899	0.924928	0.885507	0.923333	0.904348	0.920725	0.904348	0.876667	0.921014	0.925507	0.927246	0.924493	0.779274	0.937681	0.924928	0.931594	0.905942	0.921014	0.916812	0.911449	0.922899	0.938551	0.920580	0.926667	0.939130	0.857971	0.916232	0.948551	0.926087	0.939855	0.915797	0.857971	0.931015	0.931449	0.934783	0.957536	0.922464	0.938551	0.944928	0.800580	0.910580	0.912899	0.955942	0.918841	0.916812	0.884493	0.934203	0.948985	0.814203	0.960290	0.931449	0.987536	0.967971	0.959855	0.988551	1.008696	1.015072	1.021884	1.002899	1.009420	1.012029	0.951594	0.974928	1.003768	0.981015	0.989710	0.897246	1.026087	1.002899	0.840290	1.037246	0.974058	1.007102	1.040290	1.078261	1.025362	1.033188	1.043333	0.985507	1.010580	1.011449	0.997536	0.973913	1.008696	0.970725	0.990290	0.875507	0.985507	0.979420	0.962029	0.947246	0.968985	0.978261	0.983768
%%%	Left Pupil Profile (1st row -> 1 == valid tracking, 0 == invalid tracking; 2nd row -> time; 3rd row -> diameter (mm))
%%%	0	0	0	0	0	0	0	0	0	0	0	0	0	0	0	0	0	0	0	0	0	0	0	0	0	0	0	0	0	0	0	0	0	0	0	0	0	0	0	0	0	0	0	0	0	0	0	0	0	0	0	0	0	0	0	0	0	0	0	0	0	0	0	0	0	0	0	0	0	0	0	0	0	0	0	0	0	0	0	0	0	0	0	0	0	0	0	0	0	0	0	0	0	0	0	0	0	0	0	0	0	0	0	0	0	0	0	0	0	0	0	0	0	0	0	0	0	0	0	0	0	0	0	0	0	0	0	0	0	0	0	0	0	0	0	0	0	0	0	0	0	0	0	0	0	0	0	0	0	0	0	0	0	0	0	0	0	0	0	0	0	0	0	0	0	0	0	0	0	0	0	0	0	0	0	0	0	0	0	0	0	0	0	0	0	0	0	0	0	0	0	0	0	0	0	0	0	0	0	0	0	0	0	0	0	0	0	0	0	0	0	0	0	0	0	0	0	0	0	0	0	0	0	0	0	0	0	0	0	0	0	0	0	0	0	0	0	0	0	0	0	0	0	0	0	0	0	0	0	0	0	0	0	0	0	0	0	0	0	0	0	0	0	0	0	0	0	0	0	0	0	0	0	0	0	0	0	0	0	0	0	0	0	0	0	0	0	0	0	0	0	0	0	0	0	0	0	0	0	0	0	0	0	0	0	0	0	0	0	0	0	0	0	0	0	0	0	0	0	0	0	0	0	0	0	0	0	0	0	0	0	0	0	0	0	0	0	0	0	0	0	0	0	0	0	0	0	0	0	0	0	0	0	0	0	0	0	0	0	0	0	0	0	0	0	0	0	0	0	0	0	0	0	0	0	0	0	0	0	0	0	0	0	0	0	0	0	0	0	0	0	0	0	0	0	0	0	0	0	0	0	0	0	0	0	0	0	0	0	0	0	0	0	0	0	0	0	0	0	0	0	0	0	0	0	0	0	0	0	0	0	0	0	0	0	0	0	0	0	0	0	0	0	0	0	0	0	0	0	0	0	0	0	0	0	0	0	0	0	0	0	0	0	0	0	0	0	0	0	0	0	0	0	0	0	0	0	0	0	0	0	0	0	0	0	0	0	0	0	0	0	0	0	0	0	0	0	0	0	0	0	0	0	0	0	0	0	0	0	0	0	0	0	0	0	0	0	0	0	0	0	0	0	0	0	0	0	0	0	0	0	0	0	0	0	0	0	0	0	0	0	0
%%%	-0.065000	-0.019000	0.013000	0.044000	0.075000	0.106000	0.137000	0.169000	0.215000	0.247000	0.278000	0.309000	0.340000	0.372000	0.403000	0.434000	0.481000	0.512000	0.543000	0.574000	0.606000	0.637000	0.668000	0.715000	0.746000	0.777000	0.808000	0.840000	0.871000	0.902000	0.949000	0.980000	1.011000	1.042000	1.074000	1.105000	1.136000	1.167000	1.214000	1.245000	1.276000	1.308000	1.339000	1.370000	1.401000	1.448000	1.479000	1.510000	1.542000	1.573000	1.604000	1.635000	1.666000	1.713000	1.744000	1.776000	1.807000	1.838000	1.869000	1.900000	1.947000	1.978000	2.010000	2.041000	2.072000	2.103000	2.134000	2.181000	2.212000	2.244000	2.275000	2.306000	2.337000	2.368000	2.400000	2.446000	2.478000	2.509000	2.540000	2.571000	2.602000	2.634000	2.680000	2.712000	2.743000	2.774000	2.805000	2.836000	2.868000	2.914000	2.946000	2.977000	3.008000	3.039000	3.070000	3.102000	3.133000	3.180000	3.211000	3.242000	3.273000	3.304000	3.336000	3.367000	3.414000	3.445000	3.476000	3.507000	3.538000	3.570000	3.601000	3.648000	3.679000	3.710000	3.741000	3.772000	3.804000	3.835000	3.866000	3.913000	3.944000	3.975000	4.006000	4.038000	4.069000	4.100000	4.147000	4.178000	4.209000	4.240000	4.272000	4.303000	4.334000	4.365000	4.412000	4.443000	4.474000	4.506000	4.537000	4.568000	4.599000	4.646000	4.677000	4.708000	4.740000	4.771000	4.802000	4.833000	4.880000	4.911000	4.942000	4.974000	5.005000	5.036000	5.067000	5.098000	5.145000	5.176000	5.208000	5.239000	5.270000	5.301000	5.332000	5.379000	5.410000	5.442000	5.473000	5.504000	5.535000	5.566000	5.613000	5.644000	5.676000	5.707000	5.738000	5.769000	5.800000	5.832000	5.878000	5.910000	5.941000	5.972000	6.003000	6.034000	6.066000	6.112000	6.144000	6.175000	6.206000	6.237000	6.268000	6.300000	6.346000	6.378000	6.409000	6.440000	6.471000	6.502000	6.534000	6.565000	6.612000	6.643000	6.674000	6.705000	6.736000	6.768000	6.799000	6.846000	6.877000	6.908000	6.939000	6.970000	7.002000	7.033000	7.064000	7.111000	7.142000	7.173000	7.204000	7.236000	7.267000	7.298000	7.345000	7.376000	7.407000	7.438000	7.470000	7.501000	7.532000	7.579000	7.610000	7.641000	7.672000	7.704000	7.735000	7.766000	7.797000	7.844000	7.875000	7.906000	7.938000	7.969000	8.000000	8.031000	8.078000	8.109000	8.140000	8.172000	8.203000	8.234000	8.265000	8.296000	8.343000	8.374000	8.406000	8.437000	8.468000	8.499000	8.530000	8.577000	8.608000	8.640000	8.671000	8.702000	8.733000	8.764000	8.811000	8.842000	8.874000	8.905000	8.936000	8.967000	8.998000	9.030000	9.076000	9.108000	9.139000	9.170000	9.201000	9.232000	9.264000	9.310000	9.342000	9.373000	9.404000	9.435000	9.466000	9.498000	9.544000	9.576000	9.607000	9.638000	9.669000	9.700000	9.732000	9.763000	9.810000	9.841000	9.872000	9.903000	9.934000	9.966000	9.997000	10.044000	10.075000	10.106000	10.137000	10.168000	10.200000	10.231000	10.278000	10.309000	10.340000	10.371000	10.402000	10.434000	10.465000	10.496000	10.543000	10.574000	10.605000	10.636000	10.668000	10.699000	10.730000	10.777000	10.808000	10.839000	10.870000	10.902000	10.933000	10.964000	11.011000	11.042000	11.073000	11.104000	11.136000	11.167000	11.198000	11.229000	11.276000	11.307000	11.338000	11.370000	11.401000	11.432000	11.463000	11.510000	11.541000	11.572000	11.604000	11.635000	11.666000	11.697000	11.728000	11.775000	11.806000	11.838000	11.869000	11.900000	11.931000	11.962000	12.009000	12.040000	12.072000	12.103000	12.134000	12.165000	12.196000	12.228000	12.274000	12.306000	12.337000	12.368000	12.399000	12.430000	12.462000	12.508000	12.540000	12.571000	12.602000	12.633000	12.664000	12.696000	12.742000	12.774000	12.805000	12.836000	12.867000	12.898000	12.930000	12.961000	13.008000	13.039000	13.070000	13.101000	13.132000	13.164000	13.195000	13.242000	13.273000	13.304000	13.335000	13.366000	13.398000	13.429000	13.476000	13.507000	13.538000	13.569000	13.600000	13.632000	13.663000	13.694000	13.741000	13.772000	13.803000	13.834000	13.866000	13.897000	13.928000	13.975000	14.006000	14.037000	14.068000	14.100000	14.131000	14.162000	14.209000	14.240000	14.271000	14.302000	14.334000	14.365000	14.396000	14.427000	14.474000	14.505000	14.536000	14.568000	14.599000	14.630000	14.661000	14.708000	14.739000	14.770000	14.802000	14.833000	14.864000	14.895000	14.942000	14.973000	15.004000	15.036000	15.067000	15.098000	15.129000	15.160000	15.207000	15.238000	15.270000	15.301000	15.332000	15.363000	15.394000	15.441000	15.472000	15.504000	15.535000	15.566000	15.597000	15.628000	15.675000	15.706000	15.738000	15.769000	15.800000	15.831000	15.862000	15.894000	15.940000	15.972000	16.003000	16.034000	16.065000	16.096000	16.128000	16.159000	16.206000	16.237000	16.268000	16.299000	16.330000	16.362000	16.393000	16.440000	16.471000	16.502000	16.533000	16.564000	16.596000	16.627000	16.674000	16.705000	16.736000	16.767000	16.798000	16.830000	16.861000	16.892000	16.939000	16.970000	17.001000	17.032000	17.064000	17.095000	17.126000	17.173000	17.204000	17.235000	17.266000	17.298000	17.329000	17.360000	17.407000	17.438000	17.469000	17.500000	17.532000	17.563000	17.594000	17.625000	17.672000	17.703000	17.734000	17.766000	17.797000	17.828000	17.859000	17.906000	17.937000	17.968000
%%%	13.913043	13.913043	13.913043	13.913043	13.913043	13.913043	13.913043	13.913043	13.913043	13.913043	13.913043	13.913043	13.913043	13.913043	13.913043	13.913043	13.913043	13.913043	13.913043	13.913043	13.913043	13.913043	13.913043	13.913043	13.913043	13.913043	13.913043	13.913043	13.913043	13.913043	13.913043	13.913043	13.913043	13.913043	13.913043	13.913043	13.913043	13.913043	13.913043	13.913043	13.913043	13.913043	13.913043	13.913043	13.913043	13.913043	13.913043	13.913043	13.913043	13.913043	13.913043	13.913043	13.913043	13.913043	13.913043	13.913043	13.913043	13.913043	13.913043	13.913043	13.913043	13.913043	13.913043	13.913043	13.913043	13.913043	13.913043	13.913043	13.913043	13.913043	13.913043	13.913043	13.913043	13.913043	13.913043	13.913043	13.913043	13.913043	13.913043	13.913043	13.913043	13.913043	13.913043	13.913043	13.913043	13.913043	13.913043	13.913043	13.913043	13.913043	13.913043	13.913043	13.913043	13.913043	13.913043	13.913043	13.913043	13.913043	13.913043	13.913043	13.913043	13.913043	13.913043	13.913043	13.913043	13.913043	13.913043	13.913043	13.913043	13.913043	13.913043	13.913043	13.913043	13.913043	13.913043	13.913043	13.913043	13.913043	13.913043	13.913043	13.913043	13.913043	13.913043	13.913043	13.913043	13.913043	13.913043	13.913043	13.913043	13.913043	13.913043	13.913043	13.913043	13.913043	13.913043	13.913043	13.913043	13.913043	13.913043	13.913043	13.913043	13.913043	13.913043	13.913043	13.913043	13.913043	13.913043	13.913043	13.913043	13.913043	13.913043	13.913043	13.913043	13.913043	13.913043	13.913043	13.913043	13.913043	13.913043	13.913043	13.913043	13.913043	13.913043	13.913043	13.913043	13.913043	13.913043	13.913043	13.913043	13.913043	13.913043	13.913043	13.913043	13.913043	13.913043	13.913043	13.913043	13.913043	13.913043	13.913043	13.913043	13.913043	13.913043	13.913043	13.913043	13.913043	13.913043	13.913043	13.913043	13.913043	13.913043	13.913043	13.913043	13.913043	13.913043	13.913043	13.913043	13.913043	13.913043	13.913043	13.913043	13.913043	13.913043	13.913043	13.913043	13.913043	13.913043	13.913043	13.913043	13.913043	13.913043	13.913043	13.913043	13.913043	13.913043	13.913043	13.913043	13.913043	13.913043	13.913043	13.913043	13.913043	13.913043	13.913043	13.913043	13.913043	13.913043	13.913043	13.913043	13.913043	13.913043	13.913043	13.913043	13.913043	13.913043	13.913043	13.913043	13.913043	13.913043	13.913043	13.913043	13.913043	13.913043	13.913043	13.913043	13.913043	13.913043	13.913043	13.913043	13.913043	13.913043	13.913043	13.913043	13.913043	13.913043	13.913043	13.913043	13.913043	13.913043	13.913043	13.913043	13.913043	13.913043	13.913043	13.913043	13.913043	13.913043	13.913043	13.913043	13.913043	13.913043	13.913043	13.913043	13.913043	13.913043	13.913043	13.913043	13.913043	13.913043	13.913043	13.913043	13.913043	13.913043	13.913043	13.913043	13.913043	13.913043	13.913043	13.913043	13.913043	13.913043	13.913043	13.913043	13.913043	13.913043	13.913043	13.913043	13.913043	13.913043	13.913043	13.913043	13.913043	13.913043	13.913043	13.913043	13.913043	13.913043	13.913043	13.913043	13.913043	13.913043	13.913043	13.913043	13.913043	13.913043	13.913043	13.913043	13.913043	13.913043	13.913043	13.913043	13.913043	13.913043	13.913043	13.913043	13.913043	13.913043	13.913043	13.913043	13.913043	13.913043	13.913043	13.913043	13.913043	13.913043	13.913043	13.913043	13.913043	13.913043	13.913043	13.913043	13.913043	13.913043	13.913043	13.913043	13.913043	13.913043	13.913043	13.913043	13.913043	13.913043	13.913043	13.913043	13.913043	13.913043	13.913043	13.913043	13.913043	13.913043	13.913043	13.913043	13.913043	13.913043	13.913043	13.913043	13.913043	13.913043	13.913043	13.913043	13.913043	13.913043	13.913043	13.913043	13.913043	13.913043	13.913043	13.913043	13.913043	13.913043	13.913043	13.913043	13.913043	13.913043	13.913043	13.913043	13.913043	13.913043	13.913043	13.913043	13.913043	13.913043	13.913043	13.913043	13.913043	13.913043	13.913043	13.913043	13.913043	13.913043	13.913043	13.913043	13.913043	13.913043	13.913043	13.913043	13.913043	13.913043	13.913043	13.913043	13.913043	13.913043	13.913043	13.913043	13.913043	13.913043	13.913043	13.913043	13.913043	13.913043	13.913043	13.913043	13.913043	13.913043	13.913043	13.913043	13.913043	13.913043	13.913043	13.913043	13.913043	13.913043	13.913043	13.913043	13.913043	13.913043	13.913043	13.913043	13.913043	13.913043	13.913043	13.913043	13.913043	13.913043	13.913043	13.913043	13.913043	13.913043	13.913043	13.913043	13.913043	13.913043	13.913043	13.913043	13.913043	13.913043	13.913043	13.913043	13.913043	13.913043	13.913043	13.913043	13.913043	13.913043	13.913043	13.913043	13.913043	13.913043	13.913043	13.913043	13.913043	13.913043	13.913043	13.913043	13.913043	13.913043	13.913043	13.913043	13.913043	13.913043	13.913043	13.913043	13.913043	13.913043	13.913043	13.913043	13.913043	13.913043	13.913043	13.913043	13.913043	13.913043	13.913043	13.913043	13.913043	13.913043	13.913043	13.913043	13.913043	13.913043	13.913043	13.913043	13.913043	13.913043	13.913043	13.913043	13.913043	13.913043	13.913043	13.913043	13.913043	13.913043	13.913043	13.913043	13.913043	13.913043	13.913043	13.913043	13.913043	13.913043	13.913043	13.913043	13.913043	13.913043	13.913043	13.913043	13.913043	13.913043	13.913043	13.913043	13.913043	13.913043	13.913043	13.913043	13.913043	13.913043	13.913043	13.913043	13.913043	13.913043	13.913043	13.913043	13.913043
%%%	Pulse Index	Stimulus Section Index	Stimulus Section Start Index	Stimulus Section End Index	Pupil Stimulated: 0 = Right, 1 = Left, 2 = Both	Light Metric: 0 = Photopic, 1 = Scopotic, 2 = Radiometric	Stimulus Start Time	Stimulus Duration	Stimulus Pulse Duration	Right Pulse Max Level	Right Pulse Max Color (0123 = WRGB)	Right Pulse Min Level	Right Pulse Min Color (0123 = WRGB)	Left Pulse Max Level	Left Pulse Max Color (0123 = WRGB)	Left Pulse Min Level	Left Pulse Min Color (0123 = WRGB)	Right Data Input Type (0 == RAW DATA, 1 == FITTED DATA, 2 == M. OVERRIDED)	Right ANALYSIS STATE (0 == ABNORMAL, 1 == NORMAL)	Right MAX (mm) (EMPTY if INVALID)	Right MIN (mm) (EMPTY if INVALID)	Right DELTA (mm) (EMPTY if INVALID)	Right CH (%) (EMPTY if INVALID)	Right LAT (sec) (EMPTY if INVALID)	Right CV (mm/s) (EMPTY if INVALID)	Right MCV (mm/s) (EMPTY if INVALID)	Right DV (mm/s) (EMPTY if INVALID)	Left Data Input Type (0 == RAW DATA, 1 == FITTED DATA, 2 == M. OVERRIDED)	Left ANALYSIS STATE (0 == ABNORMAL, 1 == NORMAL)	Left MAX (mm) (EMPTY if INVALID)	Left MIN (mm) (EMPTY if INVALID)	Left DELTA (mm) (EMPTY if INVALID)	Left CH (%) (EMPTY if INVALID)	Left LAT (sec) (EMPTY if INVALID)	Left CV (mm/s) (EMPTY if INVALID)	Left MCV (mm/s) (EMPTY if INVALID)	Left DV (mm/s) (EMPTY if INVALID)
%%%	0	0	17	542	0	0	0.51	17.52	0.51	15.98	1	0.00	1	0.00	1	0.00	1	0	0	0.00	0.00			0.00	0.00	0.00	0.00	0	0	0.00	0.00			0.00	0.00	0.00	0.00
%%%%%%%%%
%%%%%%%%%
%%%%%%%%%
<\SESSION>
