<SESSION>
<VERSION>
2
<\VERSION>
<DATE>
2017-08-10 09:33:58
<\DATE>
<SUBJECT-ID>
c57-1mois-DA-M3-1.2r
<\SUBJECT-ID>
<NOTE>

<\NOTE>
<MIN-MAX-PLOT>
0.100000 51880.761719
<\MIN-MAX-PLOT>
<STIMULUS-DEFINED>
Default
Default Human Relative Spectral Sensitivity
1	0
1	0.500000	0.500000	17.000000	1	1	1.200000	-100.000000	0.100000	-100.000000	0
<\STIMULUS-DEFINED>
<STIMULUS-GENERATED>
4
0	0	0.000000	1	0.000000	0.000000	1	0.000000	0.000000
0	1	0.509000	1	0.065221	15.983889	1	0.000000	0.000000
0	4	1.019000	1	0.000000	0.000000	1	0.000000	0.000000
-1	5	18.028999	0	0.000000	0.000000	0	0.000000	0.000000
<\STIMULUS-GENERATED>
<RIGHT-PUPIL-DATA>
542	1
1	-0.066000	1.504348	304.750000	278.250000
1	-0.035000	1.483188	304.687500	278.187500
1	-0.004000	1.519420	305.399994	277.649994
1	0.043000	1.468551	305.381256	277.256256
1	0.074000	1.503333	305.118744	277.693756
1	0.105000	1.538551	305.125000	277.312500
1	0.137000	1.504928	304.250000	277.687500
1	0.168000	1.495652	305.000000	277.500000
1	0.199000	1.518116	305.043762	277.956238
1	0.230000	1.538986	305.631256	277.368744
1	0.277000	1.566377	305.274994	277.274994
1	0.308000	1.530580	305.743744	277.443756
1	0.339000	1.543623	305.693756	277.568756
1	0.371000	1.518986	305.656250	277.906250
1	0.402000	1.539130	305.656250	278.281250
1	0.433000	1.562029	305.412506	278.662506
1	0.464000	1.558985	305.393768	278.718781
1	0.495000	1.498406	305.843750	278.656250
1	0.542000	1.485942	306.368744	278.368744
1	0.573000	1.485797	305.524994	277.600006
1	0.605000	1.494493	306.225006	277.225006
1	0.636000	1.498406	305.906250	277.156250
1	0.667000	1.477246	306.506256	276.993744
1	0.698000	1.478261	306.500000	277.500000
1	0.729000	1.468406	306.399994	277.399994
1	0.776000	1.431014	306.562500	278.312500
1	0.807000	1.391304	306.000000	276.500000
1	0.839000	1.346232	306.643738	277.218750
1	0.870000	1.321739	307.000000	275.500000
1	0.901000	1.252174	306.500000	275.000000
1	0.932000	1.252174	306.500000	276.000000
1	0.963000	1.159420	306.000000	274.500000
1	1.010000	1.194638	307.068756	276.568756
1	1.041000	1.155507	306.381256	277.381256
1	1.073000	1.139855	306.206238	277.643738
1	1.104000	1.101449	306.000000	277.500000
1	1.135000	1.097971	306.899994	277.212494
1	1.166000	1.108116	307.262512	276.762512
1	1.197000	1.094493	307.725006	276.337494
1	1.229000	1.081015	307.718750	276.031250
1	1.275000	1.100580	307.187500	276.062500
1	1.307000	1.096812	307.725006	275.774994
1	1.338000	1.100580	307.312500	275.687500
1	1.369000	1.131449	307.256256	276.493744
1	1.400000	1.107536	306.837494	276.962494
1	1.431000	1.132029	307.281250	277.718750
1	1.463000	1.154928	307.406250	277.031250
1	1.509000	1.169420	307.218750	276.556213
1	1.541000	1.149855	308.037506	276.037506
1	1.572000	1.166232	307.193756	275.806244
1	1.603000	1.208696	307.250000	276.000000
1	1.634000	1.159420	308.250000	275.250000
1	1.665000	1.212029	308.181244	274.818756
1	1.697000	1.182609	307.750000	275.250000
1	1.728000	1.202029	307.337494	276.962494
1	1.775000	1.182609	310.000000	276.500000
1	1.806000	1.199420	306.799988	277.625000
1	1.837000	1.218551	307.087494	277.475006
1	1.868000	1.182609	307.000000	277.500000
1	1.899000	1.220580	307.225006	276.774994
1	1.931000	1.191884	307.137512	276.887512
1	1.962000	1.182609	306.000000	276.500000
1	2.009000	1.211449	307.343750	276.281250
1	2.040000	1.224927	306.962494	277.487518
1	2.071000	1.228985	306.500000	277.000000
1	2.102000	1.229855	306.437500	277.312500
1	2.133000	1.207536	306.774994	276.287506
1	2.165000	1.235797	307.181244	276.418732
1	2.196000	1.217391	306.750000	275.750000
1	2.243000	1.204493	307.256256	276.681244
1	2.274000	1.228985	307.250000	275.750000
1	2.305000	1.253333	307.362518	276.274933
1	2.336000	1.238116	306.806244	277.193756
1	2.367000	1.231159	307.206238	277.293762
1	2.399000	1.225362	306.531250	277.531250
1	2.430000	1.254928	306.581238	277.968750
1	2.461000	1.258116	306.656250	277.218750
1	2.508000	1.272754	307.287506	276.662506
1	2.539000	1.268986	307.687500	275.875000
1	2.570000	1.288116	307.850006	276.149994
1	2.601000	1.276667	307.093750	276.643738
1	2.633000	1.265362	306.756256	277.431244
1	2.664000	1.279710	307.200012	277.799988
1	2.695000	1.275362	306.000000	276.500000
1	2.742000	1.228985	307.500000	278.000000
1	2.773000	1.261014	307.706177	276.718811
1	2.804000	1.241884	308.281250	276.468750
1	2.835000	1.252174	308.250000	276.250000
1	2.867000	1.212029	308.318756	275.068756
1	2.898000	1.248986	307.537506	276.649994
1	2.929000	1.218116	307.231262	275.731262
1	2.960000	1.229420	307.068756	277.318756
1	3.007000	1.241884	307.856262	277.656250
1	3.038000	1.266812	308.031250	276.906250
1	3.069000	1.228985	309.000000	277.500000
1	3.101000	1.228985	307.000000	275.500000
1	3.132000	1.244638	307.475006	276.850006
1	3.163000	1.264638	308.437500	276.812500
1	3.194000	1.226667	308.750000	275.500000
1	3.241000	1.245072	308.656250	275.893738
1	3.272000	1.272754	307.962494	276.287506
1	3.303000	1.270290	307.781250	276.606262
1	3.335000	1.270580	308.681244	276.931244
1	3.366000	1.252174	308.500000	275.000000
1	3.397000	1.275362	308.737488	275.362488
1	3.428000	1.252899	309.593750	274.643738
1	3.475000	1.261014	308.868744	274.506256
1	3.506000	1.274927	309.756256	274.818756
1	3.537000	1.268986	309.250000	275.125000
1	3.569000	1.283188	309.000000	275.187500
1	3.600000	1.240580	308.875000	275.875000
1	3.631000	1.244203	309.543579	276.006165
1	3.662000	1.230580	309.318756	274.131256
1	3.693000	1.240580	309.750000	273.250000
1	3.740000	1.229275	309.837494	273.087494
1	3.771000	1.220145	309.968750	273.218750
1	3.803000	1.223333	309.406250	274.218750
1	3.834000	1.220580	308.412506	275.212494
1	3.865000	1.239710	309.250000	275.562500
1	3.896000	1.218406	309.543732	276.181244
1	3.927000	1.216812	309.487488	275.875000
1	3.974000	1.228985	309.250000	274.750000
1	4.005000	1.257101	309.687500	274.687500
1	4.037000	1.228985	309.362488	274.937500
1	4.068000	1.237536	309.593750	274.781250
1	4.099000	1.228985	309.000000	273.500000
1	4.130000	1.246667	309.337494	275.337494
1	4.161000	1.270290	309.643738	275.893738
1	4.208000	1.264058	309.162506	276.774994
1	4.239000	1.265942	309.456238	276.843750
1	4.271000	1.290290	309.506256	275.931244
1	4.302000	1.242319	309.725006	276.725006
1	4.333000	1.255942	309.562500	276.562500
1	4.364000	1.240290	309.774994	276.587494
1	4.395000	1.225507	310.375000	276.000000
1	4.427000	1.190145	310.524994	275.399994
1	4.473000	1.235797	309.806244	275.806244
1	4.505000	1.222319	310.012512	275.549988
1	4.536000	1.182609	310.000000	276.500000
1	4.567000	1.212029	310.318756	275.931244
1	4.598000	1.238116	309.806244	276.193756
1	4.629000	1.253768	310.268738	275.593750
1	4.661000	1.237536	310.593750	275.781250
1	4.707000	1.240290	310.399994	275.412506
1	4.739000	1.240290	310.399994	275.412506
1	4.770000	1.272319	310.031250	276.218750
1	4.801000	1.277681	310.987488	276.262512
1	4.832000	1.275073	310.162506	276.287506
1	4.863000	1.272464	310.187500	276.187500
1	4.895000	1.182609	310.000000	276.500000
1	4.941000	1.272899	310.643768	276.818756
1	4.973000	1.251014	310.399994	276.024994
1	5.004000	1.228985	311.000000	275.500000
1	5.035000	1.255507	309.631256	276.606232
1	5.066000	1.252174	310.000000	276.500000
1	5.097000	1.272754	309.712494	276.712494
1	5.129000	1.265942	309.831238	276.543762
1	5.160000	1.248986	309.537506	276.462494
1	5.207000	1.278841	309.250000	277.000000
1	5.238000	1.270145	309.250000	276.637512
1	5.269000	1.283188	309.437500	277.187500
1	5.300000	1.308841	309.168732	278.193756
1	5.331000	1.310145	308.000000	278.500000
1	5.363000	1.344928	308.000000	280.500000
1	5.394000	1.322319	310.500000	279.500000
1	5.441000	1.368116	310.000000	284.500000
1	5.472000	1.333333	310.000000	280.500000
1	5.503000	1.275362	310.000000	280.500000
1	5.534000	1.294058	308.968750	279.106262
1	5.565000	1.258116	308.718750	277.656250
1	5.597000	1.261159	309.174988	277.937500
1	5.628000	1.254493	308.412506	277.649994
1	5.675000	1.241884	308.656250	278.281250
1	5.706000	1.275362	309.000000	277.500000
1	5.737000	1.272899	308.443756	278.943756
1	5.768000	1.281594	308.606232	277.993744
1	5.799000	1.262029	309.100006	276.487518
1	5.831000	1.257246	309.418762	275.418762
1	5.862000	1.298986	309.181244	275.356232
1	5.893000	1.275362	310.000000	276.500000
1	5.940000	1.275362	310.000000	276.500000
1	5.971000	1.275362	310.000000	276.500000
1	6.002000	1.333768	309.056244	276.568756
1	6.033000	1.344928	309.500000	277.000000
1	6.065000	1.275362	306.000000	272.500000
1	6.096000	1.374927	309.131256	275.868744
1	6.127000	1.375942	309.899994	275.887482
1	6.174000	1.344928	309.500000	276.000000
1	6.205000	1.405942	308.481262	275.518738
1	6.236000	1.365942	309.143738	275.356262
1	6.267000	1.386232	309.118652	275.281311
1	6.299000	1.339710	308.687500	275.375000
1	6.330000	1.375507	309.031250	275.468750
1	6.361000	1.370145	308.187500	276.062500
1	6.408000	1.378985	308.206238	276.831238
1	6.439000	1.342464	308.693756	276.693756
1	6.470000	1.275362	310.000000	276.500000
1	6.501000	1.335942	308.600006	275.462494
1	6.533000	1.362029	309.087494	275.524994
1	6.564000	1.370725	309.037506	275.037506
1	6.595000	1.371015	308.062500	275.812500
1	6.626000	1.373913	308.000000	276.000000
1	6.673000	1.370580	308.056244	276.056244
1	6.704000	1.344638	307.662506	276.662506
1	6.735000	1.381159	307.137512	278.812500
1	6.767000	1.275362	306.000000	276.500000
1	6.798000	1.344638	306.662506	278.662506
1	6.829000	1.370580	307.056244	277.943756
1	6.860000	1.388116	306.962494	277.237518
1	6.891000	1.398840	307.449982	277.537506
1	6.938000	1.355507	307.243744	277.006256
1	6.969000	1.344638	307.662506	275.662506
1	7.001000	1.344638	307.662506	276.662506
1	7.032000	1.368116	307.750000	276.750000
1	7.063000	1.365942	307.631226	277.856262
1	7.094000	1.372319	307.268738	277.906250
1	7.125000	1.370580	307.056244	278.056244
1	7.172000	1.380725	307.868744	277.131256
1	7.203000	1.391594	307.287476	276.699951
1	7.235000	1.376667	306.968750	276.156250
1	7.266000	1.381159	307.137512	276.187500
1	7.297000	1.370725	307.037506	276.037506
1	7.328000	1.362029	307.087494	275.912506
1	7.359000	1.378841	307.812500	276.187500
1	7.406000	1.378841	307.187500	277.187500
1	7.437000	1.405797	306.549988	277.312500
1	7.469000	1.275362	306.000000	276.500000
1	7.500000	1.391304	307.000000	276.500000
1	7.531000	1.377681	307.862488	276.862488
1	7.562000	1.370725	308.037506	275.037506
1	7.593000	1.381159	308.137512	275.187500
1	7.625000	1.402899	308.000000	275.500000
1	7.671000	1.397971	307.412506	276.212494
1	7.703000	1.405797	307.462463	276.500000
1	7.734000	1.370580	306.943756	277.131256
1	7.765000	1.363478	307.875000	277.900024
1	7.796000	1.355507	307.243744	277.543732
1	7.827000	1.375507	307.906250	277.168762
1	7.859000	1.379420	307.887482	276.837494
1	7.905000	1.344928	306.500000	277.000000
1	7.937000	1.344638	307.662506	276.662506
1	7.968000	1.275362	306.000000	272.500000
1	7.999000	1.317971	307.937500	276.312500
1	8.030000	1.321739	307.000000	275.500000
1	8.061000	1.324927	307.475006	276.524994
1	8.093000	1.307971	307.156281	277.193756
1	8.139000	1.285942	307.443756	277.993744
1	8.171000	1.301884	307.743744	277.243744
1	8.202000	1.298986	307.631256	277.318756
1	8.233000	1.326087	307.500000	277.500000
1	8.264000	1.326812	307.468750	277.468750
1	8.295000	1.329420	307.068756	277.431244
1	8.327000	1.333188	308.406250	276.781250
1	8.358000	1.344058	307.687500	276.750000
1	8.405000	1.368116	306.000000	276.500000
1	8.436000	1.368116	310.000000	276.500000
1	8.467000	1.361884	306.931244	278.606232
1	8.498000	1.330145	306.587494	278.537506
1	8.529000	1.342754	307.331238	278.281250
1	8.561000	1.344638	307.287506	278.662506
1	8.592000	1.397971	307.587494	278.587494
1	8.639000	1.383333	307.168762	278.831238
1	8.670000	1.391304	307.500000	278.000000
1	8.701000	1.378841	307.812500	278.137512
1	8.732000	1.379420	308.149994	277.887482
1	8.763000	1.379855	307.906250	277.968750
1	8.795000	1.379275	308.043732	277.181244
1	8.826000	1.396667	308.431244	277.431244
1	8.873000	1.376812	308.000000	278.000000
1	8.904000	1.275362	306.000000	276.500000
1	8.935000	1.275362	306.000000	276.500000
1	8.966000	1.362464	308.556213	277.906250
1	8.997000	1.344058	308.687500	277.687500
1	9.029000	1.366377	308.600006	276.975006
1	9.060000	1.344058	308.700012	277.312500
1	9.091000	1.344058	308.312500	277.312500
1	9.138000	1.312319	308.781250	277.893738
1	9.169000	1.275362	306.000000	276.500000
1	9.200000	1.292754	308.174988	278.987488
1	9.231000	1.291884	308.187500	278.937500
1	9.263000	1.291884	308.562500	277.937500
1	9.294000	1.321739	309.000000	277.500000
1	9.325000	1.299275	309.081238	277.081238
1	9.372000	1.312753	308.649902	277.374939
1	9.403000	1.275362	306.000000	276.500000
1	9.434000	1.301160	308.037506	277.037506
1	9.465000	1.303189	307.962494	278.275055
1	9.497000	1.265942	307.456238	278.456238
1	9.528000	1.294928	308.293762	278.018738
1	9.559000	1.287536	308.924988	277.125000
1	9.606000	1.278841	308.250000	276.875000
1	9.637000	1.300580	308.687500	277.687500
1	9.668000	1.302464	308.918732	276.781219
1	9.699000	1.281594	309.056244	276.243744
1	9.731000	1.272464	309.637512	276.299988
1	9.762000	1.321739	309.000000	275.500000
1	9.793000	1.300580	309.250000	277.062500
1	9.824000	1.321739	309.000000	277.500000
1	9.871000	1.320580	308.537506	277.475006
1	9.902000	1.327536	308.500000	277.500000
1	9.933000	1.331594	309.475006	277.524994
1	9.965000	1.341884	309.281250	276.656250
1	9.996000	1.365797	310.000000	276.000000
1	10.027000	1.370725	309.662506	275.962494
1	10.058000	1.365797	310.000000	276.000000
1	10.105000	1.375362	309.862488	276.137512
1	10.136000	1.377246	309.131256	276.131256
1	10.167000	1.391304	308.000000	276.500000
1	10.199000	1.406377	309.524994	276.475006
1	10.230000	1.416232	309.649994	275.300018
1	10.261000	1.408116	310.500000	274.687500
1	10.292000	1.405942	310.481262	274.481262
1	10.339000	1.426087	311.000000	274.500000
1	10.370000	1.448840	310.943756	274.743744
1	10.401000	1.420145	310.781250	275.281250
1	10.433000	1.416377	310.618744	275.368744
1	10.464000	1.425073	310.243744	275.243744
1	10.495000	1.403333	310.443756	275.443756
1	10.526000	1.402899	310.750000	275.750000
1	10.557000	1.391304	310.000000	276.500000
1	10.604000	1.416812	310.674988	275.362488
1	10.635000	1.407536	310.662506	275.425018
1	10.667000	1.378841	310.862488	275.837524
1	10.698000	1.375073	310.850006	275.725006
1	10.729000	1.365797	310.500000	276.000000
1	10.760000	1.364203	310.056244	276.056244
1	10.791000	1.391304	310.000000	276.500000
1	10.838000	1.344493	310.306244	276.681244
1	10.869000	1.372319	310.893738	276.906250
1	10.901000	1.342319	310.337494	276.337494
1	10.932000	1.346667	310.274994	276.725006
1	10.963000	1.370725	310.962494	276.037506
1	10.994000	1.375073	310.899994	276.100006
1	11.025000	1.373913	311.000000	276.000000
1	11.057000	1.370145	310.687500	277.062500
1	11.103000	1.407101	310.343750	277.468750
1	11.135000	1.365797	310.000000	278.000000
1	11.166000	1.346232	309.706238	277.656250
1	11.197000	1.365217	311.000000	277.000000
1	11.228000	1.345072	310.656250	277.331238
1	11.259000	1.378841	310.862488	276.875000
1	11.291000	1.370145	310.312500	276.937500
1	11.337000	1.344638	310.287506	276.662506
1	11.369000	1.402899	310.000000	277.500000
1	11.400000	1.396667	310.568756	277.431244
1	11.431000	1.391304	310.000000	278.500000
1	11.462000	1.267971	309.781250	276.281250
1	11.493000	1.378841	309.862488	278.137512
1	11.525000	1.368406	310.012482	277.987518
1	11.556000	1.362029	310.449982	276.912506
1	11.603000	1.379710	310.750000	276.250000
1	11.634000	1.379420	311.087494	276.887482
1	11.665000	1.370725	311.037506	275.962494
1	11.696000	1.370725	310.962494	276.962494
1	11.727000	1.375073	310.037506	277.100006
1	11.759000	1.371449	309.918762	277.856262
1	11.790000	1.374927	310.118744	278.118744
1	11.837000	1.370145	310.924927	277.937500
1	11.868000	1.381594	311.131256	277.631256
1	11.899000	1.373913	310.000000	277.000000
1	11.930000	1.353188	310.693756	277.243744
1	11.961000	1.373913	310.000000	277.000000
1	11.993000	1.360290	310.125000	277.062500
1	12.024000	1.345072	310.656250	277.156250
1	12.071000	1.329710	310.468750	278.418762
1	12.102000	1.346232	310.156250	277.706238
1	12.133000	1.334203	310.562500	278.487488
1	12.164000	1.328406	310.537506	277.537506
1	12.195000	1.321739	311.000000	277.500000
1	12.227000	1.316232	310.412506	277.287506
1	12.258000	1.275362	310.000000	276.500000
1	12.289000	1.324927	310.050079	277.524994
1	12.336000	1.304783	310.106262	277.643738
1	12.367000	1.329855	309.562500	277.562500
1	12.398000	1.313623	309.625000	278.625000
1	12.429000	1.281159	309.500000	279.000000
1	12.461000	1.368116	310.000000	280.500000
1	12.492000	1.321739	311.250000	277.750000
1	12.523000	1.331884	310.612488	277.612488
1	12.570000	1.331594	311.524994	277.524994
1	12.601000	1.333188	310.593750	277.468750
1	12.632000	1.368116	310.500000	277.000000
1	12.663000	1.333188	310.406250	277.531250
1	12.695000	1.334203	310.174988	277.500000
1	12.726000	1.345072	310.156250	277.656250
1	12.757000	1.344638	310.662506	277.287506
1	12.804000	1.343478	310.625000	277.250000
1	12.835000	1.345072	310.718750	276.343750
1	12.866000	1.322319	311.500000	275.500000
1	12.897000	1.321739	311.000000	277.500000
1	12.929000	1.357246	310.518738	277.268738
1	12.960000	1.314203	310.100006	277.350006
1	12.991000	1.333333	309.000000	278.500000
1	13.022000	1.327101	309.568756	277.568756
1	13.069000	1.333188	310.406250	277.468750
1	13.100000	1.368116	310.500000	277.000000
1	13.131000	1.344638	310.337494	276.337494
1	13.163000	1.370725	310.037506	276.087494
1	13.194000	1.339710	310.312500	276.250000
1	13.225000	1.362029	310.912506	275.912506
1	13.256000	1.344638	310.662506	276.337494
1	13.303000	1.351594	310.187500	276.812500
1	13.334000	1.340145	309.006256	278.006256
1	13.365000	1.361014	309.056244	278.943756
1	13.397000	1.339710	309.250000	279.625000
1	13.428000	1.363333	310.056244	279.056244
1	13.459000	1.330145	309.587494	277.637482
1	13.490000	1.357536	310.131256	277.131256
1	13.537000	1.309275	310.187500	276.687500
1	13.568000	1.342464	310.306244	276.006256
1	13.599000	1.335507	311.043762	275.543762
1	13.631000	1.329855	311.500000	275.562500
1	13.662000	1.296377	311.393738	274.968750
1	13.693000	1.328985	310.512512	275.887512
1	13.724000	1.329420	310.431244	276.443756
1	13.755000	1.286957	310.000000	276.500000
1	13.802000	1.312464	310.125000	277.625000
1	13.833000	1.325073	310.506256	276.506256
1	13.865000	1.289275	310.924988	275.474976
1	13.896000	1.298551	310.500000	276.000000
1	13.927000	1.290290	311.118744	275.068756
1	13.958000	1.293333	311.274994	274.149994
1	13.989000	1.309275	311.174988	273.812500
1	14.036000	1.305507	311.262482	274.725006
1	14.067000	1.368116	314.000000	272.500000
1	14.099000	1.298406	311.218750	274.656250
1	14.130000	1.310290	310.718750	275.156250
1	14.161000	1.330435	310.750000	275.500000
1	14.192000	1.331449	311.556244	275.406219
1	14.223000	1.368116	314.000000	272.500000
1	14.270000	1.344638	310.837494	275.337494
1	14.301000	1.304928	311.750000	273.750000
1	14.333000	1.325073	311.931244	274.493744
1	14.364000	1.327101	312.106232	274.431244
1	14.395000	1.308116	311.862488	274.762512
1	14.426000	1.270145	311.062500	274.250000
1	14.457000	1.267971	311.218750	275.268738
1	14.489000	1.240290	310.912506	276.399994
1	14.535000	1.238116	310.806244	276.943756
1	14.567000	1.235942	310.850006	276.725006
1	14.598000	1.278261	311.312500	276.312500
1	14.629000	1.242899	311.625000	275.375000
1	14.660000	1.248986	311.537506	274.350006
1	14.691000	1.240290	311.774994	274.412506
1	14.723000	1.244928	311.531250	274.968750
1	14.769000	1.258116	311.343750	275.531250
1	14.801000	1.244493	310.756256	275.493744
1	14.832000	1.232029	311.481262	276.081238
1	14.863000	1.250290	310.643738	277.018738
1	14.894000	1.240145	310.618744	276.243744
1	14.925000	1.223333	311.981262	275.968750
1	14.957000	1.249420	311.343750	275.343750
1	14.988000	1.260435	311.793762	276.043762
1	15.035000	1.268840	311.756256	276.081268
1	15.066000	1.182609	310.000000	276.500000
1	15.097000	1.251014	311.412506	275.975006
1	15.128000	1.265942	311.456238	277.156250
1	15.159000	1.257246	311.418762	277.418762
1	15.191000	1.289710	311.468719	277.931183
1	15.222000	1.272899	311.356232	276.818756
1	15.269000	1.272464	311.718750	275.718750
1	15.300000	1.275362	314.000000	276.500000
1	15.331000	1.262464	312.306244	275.193695
1	15.362000	1.255507	312.393768	275.006256
1	15.393000	1.248406	312.437500	275.562500
1	15.425000	1.251449	312.006256	274.618744
1	15.456000	1.271159	312.343750	275.643677
1	15.503000	1.284058	312.031250	276.031250
1	15.534000	1.257246	312.081238	276.418762
1	15.565000	1.285942	311.818756	277.006256
1	15.596000	1.282754	311.956268	276.993683
1	15.627000	1.268986	312.200012	276.625000
1	15.659000	1.217536	312.493744	275.406158
1	15.690000	1.272899	312.356232	276.256256
1	15.721000	1.252319	312.618744	275.381256
1	15.768000	1.273333	312.687500	275.687500
1	15.799000	1.272464	312.737488	274.937500
1	15.830000	1.368116	314.000000	272.500000
0	15.861000	1.368116	314.000000	272.500000
1	15.893000	1.314058	311.368744	276.631256
1	15.924000	1.286957	310.875000	276.875000
1	15.955000	1.321739	311.000000	277.500000
1	16.002000	1.275362	311.250000	277.750000
1	16.033000	1.304493	311.743744	277.256256
1	16.064000	1.314203	311.649994	276.850006
1	16.095000	1.252174	311.500000	275.000000
1	16.127000	1.310145	312.000000	276.500000
1	16.158000	1.283188	312.000000	276.062500
1	16.189000	1.295797	311.368744	276.993744
1	16.220000	1.290725	310.924988	277.887512
1	16.267000	1.298840	310.787506	278.262482
1	16.298000	1.276377	310.681244	277.943756
1	16.329000	1.290725	310.937500	277.075012
1	16.361000	1.301884	311.743744	277.756256
1	16.392000	1.283188	311.549988	276.937500
1	16.423000	1.264203	311.706268	277.181244
1	16.454000	1.274058	311.306244	276.693756
1	16.501000	1.283188	311.937500	277.437500
1	16.532000	1.291159	310.931244	278.068756
1	16.563000	1.329420	311.443756	278.493744
1	16.595000	1.313623	311.112488	279.375000
1	16.626000	1.281594	310.806244	279.756256
1	16.657000	1.320725	311.556244	278.656281
1	16.688000	1.274058	312.131256	277.343842
1	16.735000	1.304348	312.500000	277.000000
1	16.766000	1.271884	312.712494	277.462494
1	16.797000	1.272899	312.731232	276.868744
1	16.829000	1.287971	312.993744	276.943756
1	16.860000	1.301160	312.649994	277.037506
1	16.891000	1.263623	312.581238	277.156250
1	16.922000	1.275073	311.837494	278.662506
1	16.953000	1.249275	309.000000	283.000000
1	17.000000	1.283188	308.062500	291.000000
1	17.031000	1.285942	306.818756	294.818756
1	17.063000	1.273623	306.724976	295.150024
1	17.094000	1.245362	307.156250	294.656250
1	17.125000	1.285797	308.024994	294.975006
1	17.156000	1.286957	309.000000	293.500000
1	17.187000	1.233768	309.131256	290.493744
1	17.234000	1.275362	310.000000	292.500000
1	17.265000	1.245942	310.131256	289.631256
1	17.297000	1.228985	309.000000	289.500000
1	17.328000	1.296232	310.325012	289.174988
1	17.359000	1.298406	310.343750	288.343750
1	17.390000	1.331594	310.475006	288.475006
1	17.421000	1.331014	310.500000	288.562500
1	17.468000	1.344638	310.662506	288.162506
1	17.499000	1.355942	311.125000	287.812500
1	17.531000	1.344638	310.662506	288.162506
1	17.562000	1.363188	310.899994	286.962494
1	17.593000	1.370725	310.962494	287.762482
1	17.624000	1.406377	310.475006	287.662506
1	17.655000	1.391014	310.687531	287.312469
1	17.687000	1.414638	311.281250	286.656250
1	17.733000	1.397971	311.587494	286.350006
1	17.765000	1.379855	311.843750	285.968750
1	17.796000	1.402754	311.468750	286.156250
1	17.827000	1.396667	311.431244	285.431244
1	17.858000	1.398986	311.631256	285.618744
1	17.889000	1.404058	311.500000	285.700012
1	17.921000	1.381159	311.137512	285.450012
1	17.967000	1.381159	311.137512	285.862488
<\RIGHT-PUPIL-DATA>
<LEFT-PUPIL-DATA>
542	0
0	-0.066000	13.913043	240.000000	320.000000
0	-0.035000	13.913043	240.000000	320.000000
0	-0.004000	13.913043	240.000000	320.000000
0	0.043000	13.913043	240.000000	320.000000
0	0.074000	13.913043	240.000000	320.000000
0	0.105000	13.913043	240.000000	320.000000
0	0.137000	13.913043	240.000000	320.000000
0	0.168000	13.913043	240.000000	320.000000
0	0.199000	13.913043	240.000000	320.000000
0	0.230000	13.913043	240.000000	320.000000
0	0.261000	13.913043	240.000000	320.000000
0	0.308000	13.913043	240.000000	320.000000
0	0.339000	13.913043	240.000000	320.000000
0	0.371000	13.913043	240.000000	320.000000
0	0.402000	13.913043	240.000000	320.000000
0	0.433000	13.913043	240.000000	320.000000
0	0.464000	13.913043	240.000000	320.000000
0	0.495000	13.913043	240.000000	320.000000
0	0.542000	13.913043	240.000000	320.000000
0	0.573000	13.913043	240.000000	320.000000
0	0.605000	13.913043	240.000000	320.000000
0	0.636000	13.913043	240.000000	320.000000
0	0.667000	13.913043	240.000000	320.000000
0	0.698000	13.913043	240.000000	320.000000
0	0.729000	13.913043	240.000000	320.000000
0	0.761000	13.913043	240.000000	320.000000
0	0.807000	13.913043	240.000000	320.000000
0	0.839000	13.913043	240.000000	320.000000
0	0.870000	13.913043	240.000000	320.000000
0	0.901000	13.913043	240.000000	320.000000
0	0.932000	13.913043	240.000000	320.000000
0	0.963000	13.913043	240.000000	320.000000
0	0.995000	13.913043	240.000000	320.000000
0	1.041000	13.913043	240.000000	320.000000
0	1.073000	13.913043	240.000000	320.000000
0	1.104000	13.913043	240.000000	320.000000
0	1.135000	13.913043	240.000000	320.000000
0	1.166000	13.913043	240.000000	320.000000
0	1.197000	13.913043	240.000000	320.000000
0	1.229000	13.913043	240.000000	320.000000
0	1.275000	13.913043	240.000000	320.000000
0	1.307000	13.913043	240.000000	320.000000
0	1.338000	13.913043	240.000000	320.000000
0	1.369000	13.913043	240.000000	320.000000
0	1.400000	13.913043	240.000000	320.000000
0	1.431000	13.913043	240.000000	320.000000
0	1.463000	13.913043	240.000000	320.000000
0	1.494000	13.913043	240.000000	320.000000
0	1.541000	13.913043	240.000000	320.000000
0	1.572000	13.913043	240.000000	320.000000
0	1.603000	13.913043	240.000000	320.000000
0	1.634000	13.913043	240.000000	320.000000
0	1.665000	13.913043	240.000000	320.000000
0	1.697000	13.913043	240.000000	320.000000
0	1.728000	13.913043	240.000000	320.000000
0	1.775000	13.913043	240.000000	320.000000
0	1.806000	13.913043	240.000000	320.000000
0	1.837000	13.913043	240.000000	320.000000
0	1.868000	13.913043	240.000000	320.000000
0	1.899000	13.913043	240.000000	320.000000
0	1.931000	13.913043	240.000000	320.000000
0	1.962000	13.913043	240.000000	320.000000
0	2.009000	13.913043	240.000000	320.000000
0	2.040000	13.913043	240.000000	320.000000
0	2.071000	13.913043	240.000000	320.000000
0	2.102000	13.913043	240.000000	320.000000
0	2.133000	13.913043	240.000000	320.000000
0	2.165000	13.913043	240.000000	320.000000
0	2.196000	13.913043	240.000000	320.000000
0	2.227000	13.913043	240.000000	320.000000
0	2.274000	13.913043	240.000000	320.000000
0	2.305000	13.913043	240.000000	320.000000
0	2.336000	13.913043	240.000000	320.000000
0	2.367000	13.913043	240.000000	320.000000
0	2.399000	13.913043	240.000000	320.000000
0	2.430000	13.913043	240.000000	320.000000
0	2.461000	13.913043	240.000000	320.000000
0	2.508000	13.913043	240.000000	320.000000
0	2.539000	13.913043	240.000000	320.000000
0	2.570000	13.913043	240.000000	320.000000
0	2.601000	13.913043	240.000000	320.000000
0	2.633000	13.913043	240.000000	320.000000
0	2.664000	13.913043	240.000000	320.000000
0	2.695000	13.913043	240.000000	320.000000
0	2.726000	13.913043	240.000000	320.000000
0	2.773000	13.913043	240.000000	320.000000
0	2.804000	13.913043	240.000000	320.000000
0	2.835000	13.913043	240.000000	320.000000
0	2.867000	13.913043	240.000000	320.000000
0	2.898000	13.913043	240.000000	320.000000
0	2.929000	13.913043	240.000000	320.000000
0	2.960000	13.913043	240.000000	320.000000
0	3.007000	13.913043	240.000000	320.000000
0	3.038000	13.913043	240.000000	320.000000
0	3.069000	13.913043	240.000000	320.000000
0	3.101000	13.913043	240.000000	320.000000
0	3.132000	13.913043	240.000000	320.000000
0	3.163000	13.913043	240.000000	320.000000
0	3.194000	13.913043	240.000000	320.000000
0	3.241000	13.913043	240.000000	320.000000
0	3.272000	13.913043	240.000000	320.000000
0	3.303000	13.913043	240.000000	320.000000
0	3.335000	13.913043	240.000000	320.000000
0	3.366000	13.913043	240.000000	320.000000
0	3.397000	13.913043	240.000000	320.000000
0	3.428000	13.913043	240.000000	320.000000
0	3.459000	13.913043	240.000000	320.000000
0	3.506000	13.913043	240.000000	320.000000
0	3.537000	13.913043	240.000000	320.000000
0	3.569000	13.913043	240.000000	320.000000
0	3.600000	13.913043	240.000000	320.000000
0	3.631000	13.913043	240.000000	320.000000
0	3.662000	13.913043	240.000000	320.000000
0	3.693000	13.913043	240.000000	320.000000
0	3.740000	13.913043	240.000000	320.000000
0	3.771000	13.913043	240.000000	320.000000
0	3.803000	13.913043	240.000000	320.000000
0	3.834000	13.913043	240.000000	320.000000
0	3.865000	13.913043	240.000000	320.000000
0	3.896000	13.913043	240.000000	320.000000
0	3.927000	13.913043	240.000000	320.000000
0	3.974000	13.913043	240.000000	320.000000
0	4.005000	13.913043	240.000000	320.000000
0	4.037000	13.913043	240.000000	320.000000
0	4.068000	13.913043	240.000000	320.000000
0	4.099000	13.913043	240.000000	320.000000
0	4.130000	13.913043	240.000000	320.000000
0	4.161000	13.913043	240.000000	320.000000
0	4.193000	13.913043	240.000000	320.000000
0	4.239000	13.913043	240.000000	320.000000
0	4.271000	13.913043	240.000000	320.000000
0	4.302000	13.913043	240.000000	320.000000
0	4.333000	13.913043	240.000000	320.000000
0	4.364000	13.913043	240.000000	320.000000
0	4.395000	13.913043	240.000000	320.000000
0	4.427000	13.913043	240.000000	320.000000
0	4.473000	13.913043	240.000000	320.000000
0	4.505000	13.913043	240.000000	320.000000
0	4.536000	13.913043	240.000000	320.000000
0	4.567000	13.913043	240.000000	320.000000
0	4.598000	13.913043	240.000000	320.000000
0	4.629000	13.913043	240.000000	320.000000
0	4.661000	13.913043	240.000000	320.000000
0	4.707000	13.913043	240.000000	320.000000
0	4.739000	13.913043	240.000000	320.000000
0	4.770000	13.913043	240.000000	320.000000
0	4.801000	13.913043	240.000000	320.000000
0	4.832000	13.913043	240.000000	320.000000
0	4.863000	13.913043	240.000000	320.000000
0	4.895000	13.913043	240.000000	320.000000
0	4.926000	13.913043	240.000000	320.000000
0	4.973000	13.913043	240.000000	320.000000
0	5.004000	13.913043	240.000000	320.000000
0	5.035000	13.913043	240.000000	320.000000
0	5.066000	13.913043	240.000000	320.000000
0	5.097000	13.913043	240.000000	320.000000
0	5.129000	13.913043	240.000000	320.000000
0	5.160000	13.913043	240.000000	320.000000
0	5.207000	13.913043	240.000000	320.000000
0	5.238000	13.913043	240.000000	320.000000
0	5.269000	13.913043	240.000000	320.000000
0	5.300000	13.913043	240.000000	320.000000
0	5.331000	13.913043	240.000000	320.000000
0	5.363000	13.913043	240.000000	320.000000
0	5.394000	13.913043	240.000000	320.000000
0	5.441000	13.913043	240.000000	320.000000
0	5.472000	13.913043	240.000000	320.000000
0	5.503000	13.913043	240.000000	320.000000
0	5.534000	13.913043	240.000000	320.000000
0	5.565000	13.913043	240.000000	320.000000
0	5.597000	13.913043	240.000000	320.000000
0	5.628000	13.913043	240.000000	320.000000
0	5.659000	13.913043	240.000000	320.000000
0	5.706000	13.913043	240.000000	320.000000
0	5.737000	13.913043	240.000000	320.000000
0	5.768000	13.913043	240.000000	320.000000
0	5.799000	13.913043	240.000000	320.000000
0	5.831000	13.913043	240.000000	320.000000
0	5.862000	13.913043	240.000000	320.000000
0	5.893000	13.913043	240.000000	320.000000
0	5.940000	13.913043	240.000000	320.000000
0	5.971000	13.913043	240.000000	320.000000
0	6.002000	13.913043	240.000000	320.000000
0	6.033000	13.913043	240.000000	320.000000
0	6.065000	13.913043	240.000000	320.000000
0	6.096000	13.913043	240.000000	320.000000
0	6.127000	13.913043	240.000000	320.000000
0	6.158000	13.913043	240.000000	320.000000
0	6.205000	13.913043	240.000000	320.000000
0	6.236000	13.913043	240.000000	320.000000
0	6.267000	13.913043	240.000000	320.000000
0	6.299000	13.913043	240.000000	320.000000
0	6.330000	13.913043	240.000000	320.000000
0	6.361000	13.913043	240.000000	320.000000
0	6.392000	13.913043	240.000000	320.000000
0	6.439000	13.913043	240.000000	320.000000
0	6.470000	13.913043	240.000000	320.000000
0	6.501000	13.913043	240.000000	320.000000
0	6.533000	13.913043	240.000000	320.000000
0	6.564000	13.913043	240.000000	320.000000
0	6.595000	13.913043	240.000000	320.000000
0	6.626000	13.913043	240.000000	320.000000
0	6.657000	13.913043	240.000000	320.000000
0	6.704000	13.913043	240.000000	320.000000
0	6.735000	13.913043	240.000000	320.000000
0	6.767000	13.913043	240.000000	320.000000
0	6.798000	13.913043	240.000000	320.000000
0	6.829000	13.913043	240.000000	320.000000
0	6.860000	13.913043	240.000000	320.000000
0	6.891000	13.913043	240.000000	320.000000
0	6.938000	13.913043	240.000000	320.000000
0	6.969000	13.913043	240.000000	320.000000
0	7.001000	13.913043	240.000000	320.000000
0	7.032000	13.913043	240.000000	320.000000
0	7.063000	13.913043	240.000000	320.000000
0	7.094000	13.913043	240.000000	320.000000
0	7.125000	13.913043	240.000000	320.000000
0	7.172000	13.913043	240.000000	320.000000
0	7.203000	13.913043	240.000000	320.000000
0	7.235000	13.913043	240.000000	320.000000
0	7.266000	13.913043	240.000000	320.000000
0	7.297000	13.913043	240.000000	320.000000
0	7.328000	13.913043	240.000000	320.000000
0	7.359000	13.913043	240.000000	320.000000
0	7.391000	13.913043	240.000000	320.000000
0	7.437000	13.913043	240.000000	320.000000
0	7.469000	13.913043	240.000000	320.000000
0	7.500000	13.913043	240.000000	320.000000
0	7.531000	13.913043	240.000000	320.000000
0	7.562000	13.913043	240.000000	320.000000
0	7.593000	13.913043	240.000000	320.000000
0	7.625000	13.913043	240.000000	320.000000
0	7.671000	13.913043	240.000000	320.000000
0	7.703000	13.913043	240.000000	320.000000
0	7.734000	13.913043	240.000000	320.000000
0	7.765000	13.913043	240.000000	320.000000
0	7.796000	13.913043	240.000000	320.000000
0	7.827000	13.913043	240.000000	320.000000
0	7.859000	13.913043	240.000000	320.000000
0	7.905000	13.913043	240.000000	320.000000
0	7.937000	13.913043	240.000000	320.000000
0	7.968000	13.913043	240.000000	320.000000
0	7.999000	13.913043	240.000000	320.000000
0	8.030000	13.913043	240.000000	320.000000
0	8.061000	13.913043	240.000000	320.000000
0	8.093000	13.913043	240.000000	320.000000
0	8.124000	13.913043	240.000000	320.000000
0	8.171000	13.913043	240.000000	320.000000
0	8.202000	13.913043	240.000000	320.000000
0	8.233000	13.913043	240.000000	320.000000
0	8.264000	13.913043	240.000000	320.000000
0	8.295000	13.913043	240.000000	320.000000
0	8.327000	13.913043	240.000000	320.000000
0	8.358000	13.913043	240.000000	320.000000
0	8.405000	13.913043	240.000000	320.000000
0	8.436000	13.913043	240.000000	320.000000
0	8.467000	13.913043	240.000000	320.000000
0	8.498000	13.913043	240.000000	320.000000
0	8.529000	13.913043	240.000000	320.000000
0	8.561000	13.913043	240.000000	320.000000
0	8.592000	13.913043	240.000000	320.000000
0	8.639000	13.913043	240.000000	320.000000
0	8.670000	13.913043	240.000000	320.000000
0	8.701000	13.913043	240.000000	320.000000
0	8.732000	13.913043	240.000000	320.000000
0	8.763000	13.913043	240.000000	320.000000
0	8.795000	13.913043	240.000000	320.000000
0	8.826000	13.913043	240.000000	320.000000
0	8.857000	13.913043	240.000000	320.000000
0	8.904000	13.913043	240.000000	320.000000
0	8.935000	13.913043	240.000000	320.000000
0	8.966000	13.913043	240.000000	320.000000
0	8.997000	13.913043	240.000000	320.000000
0	9.029000	13.913043	240.000000	320.000000
0	9.060000	13.913043	240.000000	320.000000
0	9.091000	13.913043	240.000000	320.000000
0	9.138000	13.913043	240.000000	320.000000
0	9.169000	13.913043	240.000000	320.000000
0	9.200000	13.913043	240.000000	320.000000
0	9.231000	13.913043	240.000000	320.000000
0	9.263000	13.913043	240.000000	320.000000
0	9.294000	13.913043	240.000000	320.000000
0	9.325000	13.913043	240.000000	320.000000
0	9.372000	13.913043	240.000000	320.000000
0	9.403000	13.913043	240.000000	320.000000
0	9.434000	13.913043	240.000000	320.000000
0	9.465000	13.913043	240.000000	320.000000
0	9.497000	13.913043	240.000000	320.000000
0	9.528000	13.913043	240.000000	320.000000
0	9.559000	13.913043	240.000000	320.000000
0	9.590000	13.913043	240.000000	320.000000
0	9.637000	13.913043	240.000000	320.000000
0	9.668000	13.913043	240.000000	320.000000
0	9.699000	13.913043	240.000000	320.000000
0	9.731000	13.913043	240.000000	320.000000
0	9.762000	13.913043	240.000000	320.000000
0	9.793000	13.913043	240.000000	320.000000
0	9.824000	13.913043	240.000000	320.000000
0	9.871000	13.913043	240.000000	320.000000
0	9.902000	13.913043	240.000000	320.000000
0	9.933000	13.913043	240.000000	320.000000
0	9.965000	13.913043	240.000000	320.000000
0	9.996000	13.913043	240.000000	320.000000
0	10.027000	13.913043	240.000000	320.000000
0	10.058000	13.913043	240.000000	320.000000
0	10.105000	13.913043	240.000000	320.000000
0	10.136000	13.913043	240.000000	320.000000
0	10.167000	13.913043	240.000000	320.000000
0	10.199000	13.913043	240.000000	320.000000
0	10.230000	13.913043	240.000000	320.000000
0	10.261000	13.913043	240.000000	320.000000
0	10.292000	13.913043	240.000000	320.000000
0	10.323000	13.913043	240.000000	320.000000
0	10.370000	13.913043	240.000000	320.000000
0	10.401000	13.913043	240.000000	320.000000
0	10.433000	13.913043	240.000000	320.000000
0	10.464000	13.913043	240.000000	320.000000
0	10.495000	13.913043	240.000000	320.000000
0	10.526000	13.913043	240.000000	320.000000
0	10.557000	13.913043	240.000000	320.000000
0	10.589000	13.913043	240.000000	320.000000
0	10.635000	13.913043	240.000000	320.000000
0	10.667000	13.913043	240.000000	320.000000
0	10.698000	13.913043	240.000000	320.000000
0	10.729000	13.913043	240.000000	320.000000
0	10.760000	13.913043	240.000000	320.000000
0	10.791000	13.913043	240.000000	320.000000
0	10.823000	13.913043	240.000000	320.000000
0	10.869000	13.913043	240.000000	320.000000
0	10.901000	13.913043	240.000000	320.000000
0	10.932000	13.913043	240.000000	320.000000
0	10.963000	13.913043	240.000000	320.000000
0	10.994000	13.913043	240.000000	320.000000
0	11.025000	13.913043	240.000000	320.000000
0	11.057000	13.913043	240.000000	320.000000
0	11.103000	13.913043	240.000000	320.000000
0	11.135000	13.913043	240.000000	320.000000
0	11.166000	13.913043	240.000000	320.000000
0	11.197000	13.913043	240.000000	320.000000
0	11.228000	13.913043	240.000000	320.000000
0	11.259000	13.913043	240.000000	320.000000
0	11.291000	13.913043	240.000000	320.000000
0	11.322000	13.913043	240.000000	320.000000
0	11.369000	13.913043	240.000000	320.000000
0	11.400000	13.913043	240.000000	320.000000
0	11.431000	13.913043	240.000000	320.000000
0	11.462000	13.913043	240.000000	320.000000
0	11.493000	13.913043	240.000000	320.000000
0	11.525000	13.913043	240.000000	320.000000
0	11.556000	13.913043	240.000000	320.000000
0	11.603000	13.913043	240.000000	320.000000
0	11.634000	13.913043	240.000000	320.000000
0	11.665000	13.913043	240.000000	320.000000
0	11.696000	13.913043	240.000000	320.000000
0	11.727000	13.913043	240.000000	320.000000
0	11.759000	13.913043	240.000000	320.000000
0	11.790000	13.913043	240.000000	320.000000
0	11.837000	13.913043	240.000000	320.000000
0	11.868000	13.913043	240.000000	320.000000
0	11.899000	13.913043	240.000000	320.000000
0	11.930000	13.913043	240.000000	320.000000
0	11.961000	13.913043	240.000000	320.000000
0	11.993000	13.913043	240.000000	320.000000
0	12.024000	13.913043	240.000000	320.000000
0	12.055000	13.913043	240.000000	320.000000
0	12.102000	13.913043	240.000000	320.000000
0	12.133000	13.913043	240.000000	320.000000
0	12.164000	13.913043	240.000000	320.000000
0	12.195000	13.913043	240.000000	320.000000
0	12.227000	13.913043	240.000000	320.000000
0	12.258000	13.913043	240.000000	320.000000
0	12.289000	13.913043	240.000000	320.000000
0	12.336000	13.913043	240.000000	320.000000
0	12.367000	13.913043	240.000000	320.000000
0	12.398000	13.913043	240.000000	320.000000
0	12.429000	13.913043	240.000000	320.000000
0	12.461000	13.913043	240.000000	320.000000
0	12.492000	13.913043	240.000000	320.000000
0	12.523000	13.913043	240.000000	320.000000
0	12.570000	13.913043	240.000000	320.000000
0	12.601000	13.913043	240.000000	320.000000
0	12.632000	13.913043	240.000000	320.000000
0	12.663000	13.913043	240.000000	320.000000
0	12.695000	13.913043	240.000000	320.000000
0	12.726000	13.913043	240.000000	320.000000
0	12.757000	13.913043	240.000000	320.000000
0	12.788000	13.913043	240.000000	320.000000
0	12.835000	13.913043	240.000000	320.000000
0	12.866000	13.913043	240.000000	320.000000
0	12.897000	13.913043	240.000000	320.000000
0	12.929000	13.913043	240.000000	320.000000
0	12.960000	13.913043	240.000000	320.000000
0	12.991000	13.913043	240.000000	320.000000
0	13.022000	13.913043	240.000000	320.000000
0	13.069000	13.913043	240.000000	320.000000
0	13.100000	13.913043	240.000000	320.000000
0	13.131000	13.913043	240.000000	320.000000
0	13.163000	13.913043	240.000000	320.000000
0	13.194000	13.913043	240.000000	320.000000
0	13.225000	13.913043	240.000000	320.000000
0	13.256000	13.913043	240.000000	320.000000
0	13.303000	13.913043	240.000000	320.000000
0	13.334000	13.913043	240.000000	320.000000
0	13.365000	13.913043	240.000000	320.000000
0	13.397000	13.913043	240.000000	320.000000
0	13.428000	13.913043	240.000000	320.000000
0	13.459000	13.913043	240.000000	320.000000
0	13.490000	13.913043	240.000000	320.000000
0	13.521000	13.913043	240.000000	320.000000
0	13.568000	13.913043	240.000000	320.000000
0	13.599000	13.913043	240.000000	320.000000
0	13.631000	13.913043	240.000000	320.000000
0	13.662000	13.913043	240.000000	320.000000
0	13.693000	13.913043	240.000000	320.000000
0	13.724000	13.913043	240.000000	320.000000
0	13.755000	13.913043	240.000000	320.000000
0	13.802000	13.913043	240.000000	320.000000
0	13.833000	13.913043	240.000000	320.000000
0	13.865000	13.913043	240.000000	320.000000
0	13.896000	13.913043	240.000000	320.000000
0	13.927000	13.913043	240.000000	320.000000
0	13.958000	13.913043	240.000000	320.000000
0	13.989000	13.913043	240.000000	320.000000
0	14.036000	13.913043	240.000000	320.000000
0	14.067000	13.913043	240.000000	320.000000
0	14.099000	13.913043	240.000000	320.000000
0	14.130000	13.913043	240.000000	320.000000
0	14.161000	13.913043	240.000000	320.000000
0	14.192000	13.913043	240.000000	320.000000
0	14.223000	13.913043	240.000000	320.000000
0	14.255000	13.913043	240.000000	320.000000
0	14.301000	13.913043	240.000000	320.000000
0	14.333000	13.913043	240.000000	320.000000
0	14.364000	13.913043	240.000000	320.000000
0	14.395000	13.913043	240.000000	320.000000
0	14.426000	13.913043	240.000000	320.000000
0	14.457000	13.913043	240.000000	320.000000
0	14.489000	13.913043	240.000000	320.000000
0	14.520000	13.913043	240.000000	320.000000
0	14.567000	13.913043	240.000000	320.000000
0	14.598000	13.913043	240.000000	320.000000
0	14.629000	13.913043	240.000000	320.000000
0	14.660000	13.913043	240.000000	320.000000
0	14.691000	13.913043	240.000000	320.000000
0	14.723000	13.913043	240.000000	320.000000
0	14.754000	13.913043	240.000000	320.000000
0	14.801000	13.913043	240.000000	320.000000
0	14.832000	13.913043	240.000000	320.000000
0	14.863000	13.913043	240.000000	320.000000
0	14.894000	13.913043	240.000000	320.000000
0	14.925000	13.913043	240.000000	320.000000
0	14.957000	13.913043	240.000000	320.000000
0	14.988000	13.913043	240.000000	320.000000
0	15.035000	13.913043	240.000000	320.000000
0	15.066000	13.913043	240.000000	320.000000
0	15.097000	13.913043	240.000000	320.000000
0	15.128000	13.913043	240.000000	320.000000
0	15.159000	13.913043	240.000000	320.000000
0	15.191000	13.913043	240.000000	320.000000
0	15.222000	13.913043	240.000000	320.000000
0	15.253000	13.913043	240.000000	320.000000
0	15.300000	13.913043	240.000000	320.000000
0	15.331000	13.913043	240.000000	320.000000
0	15.362000	13.913043	240.000000	320.000000
0	15.393000	13.913043	240.000000	320.000000
0	15.425000	13.913043	240.000000	320.000000
0	15.456000	13.913043	240.000000	320.000000
0	15.487000	13.913043	240.000000	320.000000
0	15.534000	13.913043	240.000000	320.000000
0	15.565000	13.913043	240.000000	320.000000
0	15.596000	13.913043	240.000000	320.000000
0	15.627000	13.913043	240.000000	320.000000
0	15.659000	13.913043	240.000000	320.000000
0	15.690000	13.913043	240.000000	320.000000
0	15.721000	13.913043	240.000000	320.000000
0	15.768000	13.913043	240.000000	320.000000
0	15.799000	13.913043	240.000000	320.000000
0	15.830000	13.913043	240.000000	320.000000
0	15.861000	13.913043	240.000000	320.000000
0	15.893000	13.913043	240.000000	320.000000
0	15.924000	13.913043	240.000000	320.000000
0	15.955000	13.913043	240.000000	320.000000
0	15.986000	13.913043	240.000000	320.000000
0	16.033000	13.913043	240.000000	320.000000
0	16.064000	13.913043	240.000000	320.000000
0	16.095000	13.913043	240.000000	320.000000
0	16.127000	13.913043	240.000000	320.000000
0	16.158000	13.913043	240.000000	320.000000
0	16.189000	13.913043	240.000000	320.000000
0	16.220000	13.913043	240.000000	320.000000
0	16.267000	13.913043	240.000000	320.000000
0	16.298000	13.913043	240.000000	320.000000
0	16.329000	13.913043	240.000000	320.000000
0	16.361000	13.913043	240.000000	320.000000
0	16.392000	13.913043	240.000000	320.000000
0	16.423000	13.913043	240.000000	320.000000
0	16.454000	13.913043	240.000000	320.000000
0	16.501000	13.913043	240.000000	320.000000
0	16.532000	13.913043	240.000000	320.000000
0	16.563000	13.913043	240.000000	320.000000
0	16.595000	13.913043	240.000000	320.000000
0	16.626000	13.913043	240.000000	320.000000
0	16.657000	13.913043	240.000000	320.000000
0	16.688000	13.913043	240.000000	320.000000
0	16.719000	13.913043	240.000000	320.000000
0	16.766000	13.913043	240.000000	320.000000
0	16.797000	13.913043	240.000000	320.000000
0	16.829000	13.913043	240.000000	320.000000
0	16.860000	13.913043	240.000000	320.000000
0	16.891000	13.913043	240.000000	320.000000
0	16.922000	13.913043	240.000000	320.000000
0	16.953000	13.913043	240.000000	320.000000
0	17.000000	13.913043	240.000000	320.000000
0	17.031000	13.913043	240.000000	320.000000
0	17.063000	13.913043	240.000000	320.000000
0	17.094000	13.913043	240.000000	320.000000
0	17.125000	13.913043	240.000000	320.000000
0	17.156000	13.913043	240.000000	320.000000
0	17.187000	13.913043	240.000000	320.000000
0	17.234000	13.913043	240.000000	320.000000
0	17.265000	13.913043	240.000000	320.000000
0	17.297000	13.913043	240.000000	320.000000
0	17.328000	13.913043	240.000000	320.000000
0	17.359000	13.913043	240.000000	320.000000
0	17.390000	13.913043	240.000000	320.000000
0	17.421000	13.913043	240.000000	320.000000
0	17.453000	13.913043	240.000000	320.000000
0	17.499000	13.913043	240.000000	320.000000
0	17.531000	13.913043	240.000000	320.000000
0	17.562000	13.913043	240.000000	320.000000
0	17.593000	13.913043	240.000000	320.000000
0	17.624000	13.913043	240.000000	320.000000
0	17.655000	13.913043	240.000000	320.000000
0	17.687000	13.913043	240.000000	320.000000
0	17.733000	13.913043	240.000000	320.000000
0	17.765000	13.913043	240.000000	320.000000
0	17.796000	13.913043	240.000000	320.000000
0	17.827000	13.913043	240.000000	320.000000
0	17.858000	13.913043	240.000000	320.000000
0	17.889000	13.913043	240.000000	320.000000
0	17.921000	13.913043	240.000000	320.000000
0	17.967000	13.913043	240.000000	320.000000
<\LEFT-PUPIL-DATA>
<RIGHT-PUPIL-ANALYSIS>
1
0	0	18	541	0	0	0.509000	17.519999	0.510000	15.983889	0.000000	0.000000	0.000000	0	1	1	1	1	0	0	0	0.000000	0.000000	0.000000	0.000000	0.000000	0.000000	0.000000	-1.000000	0.000000	1	1.490116	1.094696	1.743955	0.941229	0.189000	-0.563277	-1.496024	-1.000000	0.127034	1	1.490116	1.094696	1.743955	0.941229	0.189000	-0.649698	-1.496026	-1.000000	0.119572
<\RIGHT-PUPIL-ANALYSIS>
<LEFT-PUPIL-ANALYSIS>
1
0	0	18	541	0	0	0.509000	17.519999	0.510000	15.983889	0.000000	0.000000	0.000000	0	1	1	1	1	0	0	0	0.000000	0.000000	0.000000	0.000000	0.000000	0.000000	0.000000	-1.000000	0.000000	0	-0.034783	-0.034783	0.000950	0.000950	0.033000	0.000000	0.000000	-1.000000	0.000000	1	-0.034783	-0.034783	0.000950	0.000950	0.033000	-1000000.000000	-1000000.000000	-1.000000	0.000000
<\LEFT-PUPIL-ANALYSIS>
%%%%%%%%%
%%%%%%%%%
%%%%%%%%%
%%%	Measurement Tiime is: 2017-08-10 09:33:58
%%%	Subject ID is: c57-1mois-DA-M3-1.2r
%%%	Note: 
%%%	RSS: Default Human Relative Spectral Sensitivity
%%%	Pupil Analysis:
%%%
%%%
%%%
%%%	Pulse Index:	0
%%%	Stimulus Session Index:	0
%%%	Right Pupil Stimulated
%%%	Light Metric is Photopic
%%%	Stimulus Start Time(sec):	0.51
%%%	Stimulus Duration(sec):	17.52
%%%	Stimulus Pulse Duration(sec):	0.51
%%%	Right Pulse:	15.98	(Red  )	-	0.00	(Red  )	[Lux ]
%%%	Left Pulse:	0.00	(Red  )	-	0.00	(Red  )	[Lux ]
%%%
%%%		RIGHT	LEFT	R.Pupil Mean	L.Pupil Mean	R.Stim Mean	R.Stim Mean
%%%	INPUT:	RAW DATA	RAW DATA
%%%	STATE:	ABNORMAL	ABNORMAL	ABNORMAL	ABNORMAL	ABNORMAL	ABNORMAL
%%%	MAX(mm):	0.00	0.00	0.00	0.00	0.00	0.00
%%%	MIN(mm):	0.00	0.00	0.00	0.00	0.00	0.00
%%%	DELTA(mm):						
%%%	CH(%):						
%%%	LAT(sec):	0.00	0.00	0.00	0.00	0.00	0.00
%%%	CV(mm/s):	0.00	0.00	0.00	0.00	0.00	0.00
%%%	MCV(mm/s):	0.00	0.00	0.00	0.00	0.00	0.00
%%%	DV(mm/s):	0.00	0.00	0.00	0.00	0.00	0.00
%%%%%%%%%
%%%%%%%%%
%%%%%%%%%
%%%	Right Pupil Profile (1st row -> 1 == valid tracking, 0 == invalid tracking; 2nd row -> time; 3rd row -> diameter (mm))
%%%	1	1	1	1	1	1	1	1	1	1	1	1	1	1	1	1	1	1	1	1	1	1	1	1	1	1	1	1	1	1	1	1	1	1	1	1	1	1	1	1	1	1	1	1	1	1	1	1	1	1	1	1	1	1	1	1	1	1	1	1	1	1	1	1	1	1	1	1	1	1	1	1	1	1	1	1	1	1	1	1	1	1	1	1	1	1	1	1	1	1	1	1	1	1	1	1	1	1	1	1	1	1	1	1	1	1	1	1	1	1	1	1	1	1	1	1	1	1	1	1	1	1	1	1	1	1	1	1	1	1	1	1	1	1	1	1	1	1	1	1	1	1	1	1	1	1	1	1	1	1	1	1	1	1	1	1	1	1	1	1	1	1	1	1	1	1	1	1	1	1	1	1	1	1	1	1	1	1	1	1	1	1	1	1	1	1	1	1	1	1	1	1	1	1	1	1	1	1	1	1	1	1	1	1	1	1	1	1	1	1	1	1	1	1	1	1	1	1	1	1	1	1	1	1	1	1	1	1	1	1	1	1	1	1	1	1	1	1	1	1	1	1	1	1	1	1	1	1	1	1	1	1	1	1	1	1	1	1	1	1	1	1	1	1	1	1	1	1	1	1	1	1	1	1	1	1	1	1	1	1	1	1	1	1	1	1	1	1	1	1	1	1	1	1	1	1	1	1	1	1	1	1	1	1	1	1	1	1	1	1	1	1	1	1	1	1	1	1	1	1	1	1	1	1	1	1	1	1	1	1	1	1	1	1	1	1	1	1	1	1	1	1	1	1	1	1	1	1	1	1	1	1	1	1	1	1	1	1	1	1	1	1	1	1	1	1	1	1	1	1	1	1	1	1	1	1	1	1	1	1	1	1	1	1	1	1	1	1	1	1	1	1	1	1	1	1	1	1	1	1	1	1	1	1	1	1	1	1	1	1	1	1	1	1	1	1	1	1	1	1	1	1	1	1	1	1	1	1	1	1	1	1	1	1	1	1	1	1	1	1	1	1	1	1	1	1	1	1	1	1	1	1	1	1	1	1	1	1	1	1	1	1	1	1	1	1	1	1	1	1	1	1	1	1	1	1	1	1	0	1	1	1	1	1	1	1	1	1	1	1	1	1	1	1	1	1	1	1	1	1	1	1	1	1	1	1	1	1	1	1	1	1	1	1	1	1	1	1	1	1	1	1	1	1	1	1	1	1	1	1	1	1	1	1	1	1	1	1	1	1	1	1
%%%	-0.066000	-0.035000	-0.004000	0.043000	0.074000	0.105000	0.137000	0.168000	0.199000	0.230000	0.277000	0.308000	0.339000	0.371000	0.402000	0.433000	0.464000	0.495000	0.542000	0.573000	0.605000	0.636000	0.667000	0.698000	0.729000	0.776000	0.807000	0.839000	0.870000	0.901000	0.932000	0.963000	1.010000	1.041000	1.073000	1.104000	1.135000	1.166000	1.197000	1.229000	1.275000	1.307000	1.338000	1.369000	1.400000	1.431000	1.463000	1.509000	1.541000	1.572000	1.603000	1.634000	1.665000	1.697000	1.728000	1.775000	1.806000	1.837000	1.868000	1.899000	1.931000	1.962000	2.009000	2.040000	2.071000	2.102000	2.133000	2.165000	2.196000	2.243000	2.274000	2.305000	2.336000	2.367000	2.399000	2.430000	2.461000	2.508000	2.539000	2.570000	2.601000	2.633000	2.664000	2.695000	2.742000	2.773000	2.804000	2.835000	2.867000	2.898000	2.929000	2.960000	3.007000	3.038000	3.069000	3.101000	3.132000	3.163000	3.194000	3.241000	3.272000	3.303000	3.335000	3.366000	3.397000	3.428000	3.475000	3.506000	3.537000	3.569000	3.600000	3.631000	3.662000	3.693000	3.740000	3.771000	3.803000	3.834000	3.865000	3.896000	3.927000	3.974000	4.005000	4.037000	4.068000	4.099000	4.130000	4.161000	4.208000	4.239000	4.271000	4.302000	4.333000	4.364000	4.395000	4.427000	4.473000	4.505000	4.536000	4.567000	4.598000	4.629000	4.661000	4.707000	4.739000	4.770000	4.801000	4.832000	4.863000	4.895000	4.941000	4.973000	5.004000	5.035000	5.066000	5.097000	5.129000	5.160000	5.207000	5.238000	5.269000	5.300000	5.331000	5.363000	5.394000	5.441000	5.472000	5.503000	5.534000	5.565000	5.597000	5.628000	5.675000	5.706000	5.737000	5.768000	5.799000	5.831000	5.862000	5.893000	5.940000	5.971000	6.002000	6.033000	6.065000	6.096000	6.127000	6.174000	6.205000	6.236000	6.267000	6.299000	6.330000	6.361000	6.408000	6.439000	6.470000	6.501000	6.533000	6.564000	6.595000	6.626000	6.673000	6.704000	6.735000	6.767000	6.798000	6.829000	6.860000	6.891000	6.938000	6.969000	7.001000	7.032000	7.063000	7.094000	7.125000	7.172000	7.203000	7.235000	7.266000	7.297000	7.328000	7.359000	7.406000	7.437000	7.469000	7.500000	7.531000	7.562000	7.593000	7.625000	7.671000	7.703000	7.734000	7.765000	7.796000	7.827000	7.859000	7.905000	7.937000	7.968000	7.999000	8.030000	8.061000	8.093000	8.139000	8.171000	8.202000	8.233000	8.264000	8.295000	8.327000	8.358000	8.405000	8.436000	8.467000	8.498000	8.529000	8.561000	8.592000	8.639000	8.670000	8.701000	8.732000	8.763000	8.795000	8.826000	8.873000	8.904000	8.935000	8.966000	8.997000	9.029000	9.060000	9.091000	9.138000	9.169000	9.200000	9.231000	9.263000	9.294000	9.325000	9.372000	9.403000	9.434000	9.465000	9.497000	9.528000	9.559000	9.606000	9.637000	9.668000	9.699000	9.731000	9.762000	9.793000	9.824000	9.871000	9.902000	9.933000	9.965000	9.996000	10.027000	10.058000	10.105000	10.136000	10.167000	10.199000	10.230000	10.261000	10.292000	10.339000	10.370000	10.401000	10.433000	10.464000	10.495000	10.526000	10.557000	10.604000	10.635000	10.667000	10.698000	10.729000	10.760000	10.791000	10.838000	10.869000	10.901000	10.932000	10.963000	10.994000	11.025000	11.057000	11.103000	11.135000	11.166000	11.197000	11.228000	11.259000	11.291000	11.337000	11.369000	11.400000	11.431000	11.462000	11.493000	11.525000	11.556000	11.603000	11.634000	11.665000	11.696000	11.727000	11.759000	11.790000	11.837000	11.868000	11.899000	11.930000	11.961000	11.993000	12.024000	12.071000	12.102000	12.133000	12.164000	12.195000	12.227000	12.258000	12.289000	12.336000	12.367000	12.398000	12.429000	12.461000	12.492000	12.523000	12.570000	12.601000	12.632000	12.663000	12.695000	12.726000	12.757000	12.804000	12.835000	12.866000	12.897000	12.929000	12.960000	12.991000	13.022000	13.069000	13.100000	13.131000	13.163000	13.194000	13.225000	13.256000	13.303000	13.334000	13.365000	13.397000	13.428000	13.459000	13.490000	13.537000	13.568000	13.599000	13.631000	13.662000	13.693000	13.724000	13.755000	13.802000	13.833000	13.865000	13.896000	13.927000	13.958000	13.989000	14.036000	14.067000	14.099000	14.130000	14.161000	14.192000	14.223000	14.270000	14.301000	14.333000	14.364000	14.395000	14.426000	14.457000	14.489000	14.535000	14.567000	14.598000	14.629000	14.660000	14.691000	14.723000	14.769000	14.801000	14.832000	14.863000	14.894000	14.925000	14.957000	14.988000	15.035000	15.066000	15.097000	15.128000	15.159000	15.191000	15.222000	15.269000	15.300000	15.331000	15.362000	15.393000	15.425000	15.456000	15.503000	15.534000	15.565000	15.596000	15.627000	15.659000	15.690000	15.721000	15.768000	15.799000	15.830000	15.861000	15.893000	15.924000	15.955000	16.002000	16.033000	16.064000	16.095000	16.127000	16.158000	16.189000	16.220000	16.267000	16.298000	16.329000	16.361000	16.392000	16.423000	16.454000	16.501000	16.532000	16.563000	16.595000	16.626000	16.657000	16.688000	16.735000	16.766000	16.797000	16.829000	16.860000	16.891000	16.922000	16.953000	17.000000	17.031000	17.063000	17.094000	17.125000	17.156000	17.187000	17.234000	17.265000	17.297000	17.328000	17.359000	17.390000	17.421000	17.468000	17.499000	17.531000	17.562000	17.593000	17.624000	17.655000	17.687000	17.733000	17.765000	17.796000	17.827000	17.858000	17.889000	17.921000	17.967000
%%%	1.504348	1.483188	1.519420	1.468551	1.503333	1.538551	1.504928	1.495652	1.518116	1.538986	1.566377	1.530580	1.543623	1.518986	1.539130	1.562029	1.558985	1.498406	1.485942	1.485797	1.494493	1.498406	1.477246	1.478261	1.468406	1.431014	1.391304	1.346232	1.321739	1.252174	1.252174	1.159420	1.194638	1.155507	1.139855	1.101449	1.097971	1.108116	1.094493	1.081015	1.100580	1.096812	1.100580	1.131449	1.107536	1.132029	1.154928	1.169420	1.149855	1.166232	1.208696	1.159420	1.212029	1.182609	1.202029	1.182609	1.199420	1.218551	1.182609	1.220580	1.191884	1.182609	1.211449	1.224927	1.228985	1.229855	1.207536	1.235797	1.217391	1.204493	1.228985	1.253333	1.238116	1.231159	1.225362	1.254928	1.258116	1.272754	1.268986	1.288116	1.276667	1.265362	1.279710	1.275362	1.228985	1.261014	1.241884	1.252174	1.212029	1.248986	1.218116	1.229420	1.241884	1.266812	1.228985	1.228985	1.244638	1.264638	1.226667	1.245072	1.272754	1.270290	1.270580	1.252174	1.275362	1.252899	1.261014	1.274927	1.268986	1.283188	1.240580	1.244203	1.230580	1.240580	1.229275	1.220145	1.223333	1.220580	1.239710	1.218406	1.216812	1.228985	1.257101	1.228985	1.237536	1.228985	1.246667	1.270290	1.264058	1.265942	1.290290	1.242319	1.255942	1.240290	1.225507	1.190145	1.235797	1.222319	1.182609	1.212029	1.238116	1.253768	1.237536	1.240290	1.240290	1.272319	1.277681	1.275073	1.272464	1.182609	1.272899	1.251014	1.228985	1.255507	1.252174	1.272754	1.265942	1.248986	1.278841	1.270145	1.283188	1.308841	1.310145	1.344928	1.322319	1.368116	1.333333	1.275362	1.294058	1.258116	1.261159	1.254493	1.241884	1.275362	1.272899	1.281594	1.262029	1.257246	1.298986	1.275362	1.275362	1.275362	1.333768	1.344928	1.275362	1.374927	1.375942	1.344928	1.405942	1.365942	1.386232	1.339710	1.375507	1.370145	1.378985	1.342464	1.275362	1.335942	1.362029	1.370725	1.371015	1.373913	1.370580	1.344638	1.381159	1.275362	1.344638	1.370580	1.388116	1.398840	1.355507	1.344638	1.344638	1.368116	1.365942	1.372319	1.370580	1.380725	1.391594	1.376667	1.381159	1.370725	1.362029	1.378841	1.378841	1.405797	1.275362	1.391304	1.377681	1.370725	1.381159	1.402899	1.397971	1.405797	1.370580	1.363478	1.355507	1.375507	1.379420	1.344928	1.344638	1.275362	1.317971	1.321739	1.324927	1.307971	1.285942	1.301884	1.298986	1.326087	1.326812	1.329420	1.333188	1.344058	1.368116	1.368116	1.361884	1.330145	1.342754	1.344638	1.397971	1.383333	1.391304	1.378841	1.379420	1.379855	1.379275	1.396667	1.376812	1.275362	1.275362	1.362464	1.344058	1.366377	1.344058	1.344058	1.312319	1.275362	1.292754	1.291884	1.291884	1.321739	1.299275	1.312753	1.275362	1.301160	1.303189	1.265942	1.294928	1.287536	1.278841	1.300580	1.302464	1.281594	1.272464	1.321739	1.300580	1.321739	1.320580	1.327536	1.331594	1.341884	1.365797	1.370725	1.365797	1.375362	1.377246	1.391304	1.406377	1.416232	1.408116	1.405942	1.426087	1.448840	1.420145	1.416377	1.425073	1.403333	1.402899	1.391304	1.416812	1.407536	1.378841	1.375073	1.365797	1.364203	1.391304	1.344493	1.372319	1.342319	1.346667	1.370725	1.375073	1.373913	1.370145	1.407101	1.365797	1.346232	1.365217	1.345072	1.378841	1.370145	1.344638	1.402899	1.396667	1.391304	1.267971	1.378841	1.368406	1.362029	1.379710	1.379420	1.370725	1.370725	1.375073	1.371449	1.374927	1.370145	1.381594	1.373913	1.353188	1.373913	1.360290	1.345072	1.329710	1.346232	1.334203	1.328406	1.321739	1.316232	1.275362	1.324927	1.304783	1.329855	1.313623	1.281159	1.368116	1.321739	1.331884	1.331594	1.333188	1.368116	1.333188	1.334203	1.345072	1.344638	1.343478	1.345072	1.322319	1.321739	1.357246	1.314203	1.333333	1.327101	1.333188	1.368116	1.344638	1.370725	1.339710	1.362029	1.344638	1.351594	1.340145	1.361014	1.339710	1.363333	1.330145	1.357536	1.309275	1.342464	1.335507	1.329855	1.296377	1.328985	1.329420	1.286957	1.312464	1.325073	1.289275	1.298551	1.290290	1.293333	1.309275	1.305507	1.368116	1.298406	1.310290	1.330435	1.331449	1.368116	1.344638	1.304928	1.325073	1.327101	1.308116	1.270145	1.267971	1.240290	1.238116	1.235942	1.278261	1.242899	1.248986	1.240290	1.244928	1.258116	1.244493	1.232029	1.250290	1.240145	1.223333	1.249420	1.260435	1.268840	1.182609	1.251014	1.265942	1.257246	1.289710	1.272899	1.272464	1.275362	1.262464	1.255507	1.248406	1.251449	1.271159	1.284058	1.257246	1.285942	1.282754	1.268986	1.217536	1.272899	1.252319	1.273333	1.272464	1.368116	1.368116	1.314058	1.286957	1.321739	1.275362	1.304493	1.314203	1.252174	1.310145	1.283188	1.295797	1.290725	1.298840	1.276377	1.290725	1.301884	1.283188	1.264203	1.274058	1.283188	1.291159	1.329420	1.313623	1.281594	1.320725	1.274058	1.304348	1.271884	1.272899	1.287971	1.301160	1.263623	1.275073	1.249275	1.283188	1.285942	1.273623	1.245362	1.285797	1.286957	1.233768	1.275362	1.245942	1.228985	1.296232	1.298406	1.331594	1.331014	1.344638	1.355942	1.344638	1.363188	1.370725	1.406377	1.391014	1.414638	1.397971	1.379855	1.402754	1.396667	1.398986	1.404058	1.381159	1.381159
%%%	Left Pupil Profile (1st row -> 1 == valid tracking, 0 == invalid tracking; 2nd row -> time; 3rd row -> diameter (mm))
%%%	0	0	0	0	0	0	0	0	0	0	0	0	0	0	0	0	0	0	0	0	0	0	0	0	0	0	0	0	0	0	0	0	0	0	0	0	0	0	0	0	0	0	0	0	0	0	0	0	0	0	0	0	0	0	0	0	0	0	0	0	0	0	0	0	0	0	0	0	0	0	0	0	0	0	0	0	0	0	0	0	0	0	0	0	0	0	0	0	0	0	0	0	0	0	0	0	0	0	0	0	0	0	0	0	0	0	0	0	0	0	0	0	0	0	0	0	0	0	0	0	0	0	0	0	0	0	0	0	0	0	0	0	0	0	0	0	0	0	0	0	0	0	0	0	0	0	0	0	0	0	0	0	0	0	0	0	0	0	0	0	0	0	0	0	0	0	0	0	0	0	0	0	0	0	0	0	0	0	0	0	0	0	0	0	0	0	0	0	0	0	0	0	0	0	0	0	0	0	0	0	0	0	0	0	0	0	0	0	0	0	0	0	0	0	0	0	0	0	0	0	0	0	0	0	0	0	0	0	0	0	0	0	0	0	0	0	0	0	0	0	0	0	0	0	0	0	0	0	0	0	0	0	0	0	0	0	0	0	0	0	0	0	0	0	0	0	0	0	0	0	0	0	0	0	0	0	0	0	0	0	0	0	0	0	0	0	0	0	0	0	0	0	0	0	0	0	0	0	0	0	0	0	0	0	0	0	0	0	0	0	0	0	0	0	0	0	0	0	0	0	0	0	0	0	0	0	0	0	0	0	0	0	0	0	0	0	0	0	0	0	0	0	0	0	0	0	0	0	0	0	0	0	0	0	0	0	0	0	0	0	0	0	0	0	0	0	0	0	0	0	0	0	0	0	0	0	0	0	0	0	0	0	0	0	0	0	0	0	0	0	0	0	0	0	0	0	0	0	0	0	0	0	0	0	0	0	0	0	0	0	0	0	0	0	0	0	0	0	0	0	0	0	0	0	0	0	0	0	0	0	0	0	0	0	0	0	0	0	0	0	0	0	0	0	0	0	0	0	0	0	0	0	0	0	0	0	0	0	0	0	0	0	0	0	0	0	0	0	0	0	0	0	0	0	0	0	0	0	0	0	0	0	0	0	0	0	0	0	0	0	0	0	0	0	0	0	0	0	0	0	0	0	0	0	0	0	0	0	0	0	0	0	0	0	0	0	0	0	0	0	0	0	0	0	0	0	0	0	0	0	0	0	0	0	0	0	0	0	0	0	0	0
%%%	-0.066000	-0.035000	-0.004000	0.043000	0.074000	0.105000	0.137000	0.168000	0.199000	0.230000	0.261000	0.308000	0.339000	0.371000	0.402000	0.433000	0.464000	0.495000	0.542000	0.573000	0.605000	0.636000	0.667000	0.698000	0.729000	0.761000	0.807000	0.839000	0.870000	0.901000	0.932000	0.963000	0.995000	1.041000	1.073000	1.104000	1.135000	1.166000	1.197000	1.229000	1.275000	1.307000	1.338000	1.369000	1.400000	1.431000	1.463000	1.494000	1.541000	1.572000	1.603000	1.634000	1.665000	1.697000	1.728000	1.775000	1.806000	1.837000	1.868000	1.899000	1.931000	1.962000	2.009000	2.040000	2.071000	2.102000	2.133000	2.165000	2.196000	2.227000	2.274000	2.305000	2.336000	2.367000	2.399000	2.430000	2.461000	2.508000	2.539000	2.570000	2.601000	2.633000	2.664000	2.695000	2.726000	2.773000	2.804000	2.835000	2.867000	2.898000	2.929000	2.960000	3.007000	3.038000	3.069000	3.101000	3.132000	3.163000	3.194000	3.241000	3.272000	3.303000	3.335000	3.366000	3.397000	3.428000	3.459000	3.506000	3.537000	3.569000	3.600000	3.631000	3.662000	3.693000	3.740000	3.771000	3.803000	3.834000	3.865000	3.896000	3.927000	3.974000	4.005000	4.037000	4.068000	4.099000	4.130000	4.161000	4.193000	4.239000	4.271000	4.302000	4.333000	4.364000	4.395000	4.427000	4.473000	4.505000	4.536000	4.567000	4.598000	4.629000	4.661000	4.707000	4.739000	4.770000	4.801000	4.832000	4.863000	4.895000	4.926000	4.973000	5.004000	5.035000	5.066000	5.097000	5.129000	5.160000	5.207000	5.238000	5.269000	5.300000	5.331000	5.363000	5.394000	5.441000	5.472000	5.503000	5.534000	5.565000	5.597000	5.628000	5.659000	5.706000	5.737000	5.768000	5.799000	5.831000	5.862000	5.893000	5.940000	5.971000	6.002000	6.033000	6.065000	6.096000	6.127000	6.158000	6.205000	6.236000	6.267000	6.299000	6.330000	6.361000	6.392000	6.439000	6.470000	6.501000	6.533000	6.564000	6.595000	6.626000	6.657000	6.704000	6.735000	6.767000	6.798000	6.829000	6.860000	6.891000	6.938000	6.969000	7.001000	7.032000	7.063000	7.094000	7.125000	7.172000	7.203000	7.235000	7.266000	7.297000	7.328000	7.359000	7.391000	7.437000	7.469000	7.500000	7.531000	7.562000	7.593000	7.625000	7.671000	7.703000	7.734000	7.765000	7.796000	7.827000	7.859000	7.905000	7.937000	7.968000	7.999000	8.030000	8.061000	8.093000	8.124000	8.171000	8.202000	8.233000	8.264000	8.295000	8.327000	8.358000	8.405000	8.436000	8.467000	8.498000	8.529000	8.561000	8.592000	8.639000	8.670000	8.701000	8.732000	8.763000	8.795000	8.826000	8.857000	8.904000	8.935000	8.966000	8.997000	9.029000	9.060000	9.091000	9.138000	9.169000	9.200000	9.231000	9.263000	9.294000	9.325000	9.372000	9.403000	9.434000	9.465000	9.497000	9.528000	9.559000	9.590000	9.637000	9.668000	9.699000	9.731000	9.762000	9.793000	9.824000	9.871000	9.902000	9.933000	9.965000	9.996000	10.027000	10.058000	10.105000	10.136000	10.167000	10.199000	10.230000	10.261000	10.292000	10.323000	10.370000	10.401000	10.433000	10.464000	10.495000	10.526000	10.557000	10.589000	10.635000	10.667000	10.698000	10.729000	10.760000	10.791000	10.823000	10.869000	10.901000	10.932000	10.963000	10.994000	11.025000	11.057000	11.103000	11.135000	11.166000	11.197000	11.228000	11.259000	11.291000	11.322000	11.369000	11.400000	11.431000	11.462000	11.493000	11.525000	11.556000	11.603000	11.634000	11.665000	11.696000	11.727000	11.759000	11.790000	11.837000	11.868000	11.899000	11.930000	11.961000	11.993000	12.024000	12.055000	12.102000	12.133000	12.164000	12.195000	12.227000	12.258000	12.289000	12.336000	12.367000	12.398000	12.429000	12.461000	12.492000	12.523000	12.570000	12.601000	12.632000	12.663000	12.695000	12.726000	12.757000	12.788000	12.835000	12.866000	12.897000	12.929000	12.960000	12.991000	13.022000	13.069000	13.100000	13.131000	13.163000	13.194000	13.225000	13.256000	13.303000	13.334000	13.365000	13.397000	13.428000	13.459000	13.490000	13.521000	13.568000	13.599000	13.631000	13.662000	13.693000	13.724000	13.755000	13.802000	13.833000	13.865000	13.896000	13.927000	13.958000	13.989000	14.036000	14.067000	14.099000	14.130000	14.161000	14.192000	14.223000	14.255000	14.301000	14.333000	14.364000	14.395000	14.426000	14.457000	14.489000	14.520000	14.567000	14.598000	14.629000	14.660000	14.691000	14.723000	14.754000	14.801000	14.832000	14.863000	14.894000	14.925000	14.957000	14.988000	15.035000	15.066000	15.097000	15.128000	15.159000	15.191000	15.222000	15.253000	15.300000	15.331000	15.362000	15.393000	15.425000	15.456000	15.487000	15.534000	15.565000	15.596000	15.627000	15.659000	15.690000	15.721000	15.768000	15.799000	15.830000	15.861000	15.893000	15.924000	15.955000	15.986000	16.033000	16.064000	16.095000	16.127000	16.158000	16.189000	16.220000	16.267000	16.298000	16.329000	16.361000	16.392000	16.423000	16.454000	16.501000	16.532000	16.563000	16.595000	16.626000	16.657000	16.688000	16.719000	16.766000	16.797000	16.829000	16.860000	16.891000	16.922000	16.953000	17.000000	17.031000	17.063000	17.094000	17.125000	17.156000	17.187000	17.234000	17.265000	17.297000	17.328000	17.359000	17.390000	17.421000	17.453000	17.499000	17.531000	17.562000	17.593000	17.624000	17.655000	17.687000	17.733000	17.765000	17.796000	17.827000	17.858000	17.889000	17.921000	17.967000
%%%	13.913043	13.913043	13.913043	13.913043	13.913043	13.913043	13.913043	13.913043	13.913043	13.913043	13.913043	13.913043	13.913043	13.913043	13.913043	13.913043	13.913043	13.913043	13.913043	13.913043	13.913043	13.913043	13.913043	13.913043	13.913043	13.913043	13.913043	13.913043	13.913043	13.913043	13.913043	13.913043	13.913043	13.913043	13.913043	13.913043	13.913043	13.913043	13.913043	13.913043	13.913043	13.913043	13.913043	13.913043	13.913043	13.913043	13.913043	13.913043	13.913043	13.913043	13.913043	13.913043	13.913043	13.913043	13.913043	13.913043	13.913043	13.913043	13.913043	13.913043	13.913043	13.913043	13.913043	13.913043	13.913043	13.913043	13.913043	13.913043	13.913043	13.913043	13.913043	13.913043	13.913043	13.913043	13.913043	13.913043	13.913043	13.913043	13.913043	13.913043	13.913043	13.913043	13.913043	13.913043	13.913043	13.913043	13.913043	13.913043	13.913043	13.913043	13.913043	13.913043	13.913043	13.913043	13.913043	13.913043	13.913043	13.913043	13.913043	13.913043	13.913043	13.913043	13.913043	13.913043	13.913043	13.913043	13.913043	13.913043	13.913043	13.913043	13.913043	13.913043	13.913043	13.913043	13.913043	13.913043	13.913043	13.913043	13.913043	13.913043	13.913043	13.913043	13.913043	13.913043	13.913043	13.913043	13.913043	13.913043	13.913043	13.913043	13.913043	13.913043	13.913043	13.913043	13.913043	13.913043	13.913043	13.913043	13.913043	13.913043	13.913043	13.913043	13.913043	13.913043	13.913043	13.913043	13.913043	13.913043	13.913043	13.913043	13.913043	13.913043	13.913043	13.913043	13.913043	13.913043	13.913043	13.913043	13.913043	13.913043	13.913043	13.913043	13.913043	13.913043	13.913043	13.913043	13.913043	13.913043	13.913043	13.913043	13.913043	13.913043	13.913043	13.913043	13.913043	13.913043	13.913043	13.913043	13.913043	13.913043	13.913043	13.913043	13.913043	13.913043	13.913043	13.913043	13.913043	13.913043	13.913043	13.913043	13.913043	13.913043	13.913043	13.913043	13.913043	13.913043	13.913043	13.913043	13.913043	13.913043	13.913043	13.913043	13.913043	13.913043	13.913043	13.913043	13.913043	13.913043	13.913043	13.913043	13.913043	13.913043	13.913043	13.913043	13.913043	13.913043	13.913043	13.913043	13.913043	13.913043	13.913043	13.913043	13.913043	13.913043	13.913043	13.913043	13.913043	13.913043	13.913043	13.913043	13.913043	13.913043	13.913043	13.913043	13.913043	13.913043	13.913043	13.913043	13.913043	13.913043	13.913043	13.913043	13.913043	13.913043	13.913043	13.913043	13.913043	13.913043	13.913043	13.913043	13.913043	13.913043	13.913043	13.913043	13.913043	13.913043	13.913043	13.913043	13.913043	13.913043	13.913043	13.913043	13.913043	13.913043	13.913043	13.913043	13.913043	13.913043	13.913043	13.913043	13.913043	13.913043	13.913043	13.913043	13.913043	13.913043	13.913043	13.913043	13.913043	13.913043	13.913043	13.913043	13.913043	13.913043	13.913043	13.913043	13.913043	13.913043	13.913043	13.913043	13.913043	13.913043	13.913043	13.913043	13.913043	13.913043	13.913043	13.913043	13.913043	13.913043	13.913043	13.913043	13.913043	13.913043	13.913043	13.913043	13.913043	13.913043	13.913043	13.913043	13.913043	13.913043	13.913043	13.913043	13.913043	13.913043	13.913043	13.913043	13.913043	13.913043	13.913043	13.913043	13.913043	13.913043	13.913043	13.913043	13.913043	13.913043	13.913043	13.913043	13.913043	13.913043	13.913043	13.913043	13.913043	13.913043	13.913043	13.913043	13.913043	13.913043	13.913043	13.913043	13.913043	13.913043	13.913043	13.913043	13.913043	13.913043	13.913043	13.913043	13.913043	13.913043	13.913043	13.913043	13.913043	13.913043	13.913043	13.913043	13.913043	13.913043	13.913043	13.913043	13.913043	13.913043	13.913043	13.913043	13.913043	13.913043	13.913043	13.913043	13.913043	13.913043	13.913043	13.913043	13.913043	13.913043	13.913043	13.913043	13.913043	13.913043	13.913043	13.913043	13.913043	13.913043	13.913043	13.913043	13.913043	13.913043	13.913043	13.913043	13.913043	13.913043	13.913043	13.913043	13.913043	13.913043	13.913043	13.913043	13.913043	13.913043	13.913043	13.913043	13.913043	13.913043	13.913043	13.913043	13.913043	13.913043	13.913043	13.913043	13.913043	13.913043	13.913043	13.913043	13.913043	13.913043	13.913043	13.913043	13.913043	13.913043	13.913043	13.913043	13.913043	13.913043	13.913043	13.913043	13.913043	13.913043	13.913043	13.913043	13.913043	13.913043	13.913043	13.913043	13.913043	13.913043	13.913043	13.913043	13.913043	13.913043	13.913043	13.913043	13.913043	13.913043	13.913043	13.913043	13.913043	13.913043	13.913043	13.913043	13.913043	13.913043	13.913043	13.913043	13.913043	13.913043	13.913043	13.913043	13.913043	13.913043	13.913043	13.913043	13.913043	13.913043	13.913043	13.913043	13.913043	13.913043	13.913043	13.913043	13.913043	13.913043	13.913043	13.913043	13.913043	13.913043	13.913043	13.913043	13.913043	13.913043	13.913043	13.913043	13.913043	13.913043	13.913043	13.913043	13.913043	13.913043	13.913043	13.913043	13.913043	13.913043	13.913043	13.913043	13.913043	13.913043	13.913043	13.913043	13.913043	13.913043	13.913043	13.913043	13.913043	13.913043	13.913043	13.913043	13.913043	13.913043	13.913043	13.913043	13.913043	13.913043	13.913043	13.913043	13.913043	13.913043	13.913043	13.913043	13.913043	13.913043	13.913043	13.913043	13.913043	13.913043	13.913043	13.913043	13.913043	13.913043	13.913043	13.913043	13.913043	13.913043	13.913043	13.913043	13.913043	13.913043	13.913043	13.913043	13.913043	13.913043	13.913043	13.913043
%%%	Pulse Index	Stimulus Section Index	Stimulus Section Start Index	Stimulus Section End Index	Pupil Stimulated: 0 = Right, 1 = Left, 2 = Both	Light Metric: 0 = Photopic, 1 = Scopotic, 2 = Radiometric	Stimulus Start Time	Stimulus Duration	Stimulus Pulse Duration	Right Pulse Max Level	Right Pulse Max Color (0123 = WRGB)	Right Pulse Min Level	Right Pulse Min Color (0123 = WRGB)	Left Pulse Max Level	Left Pulse Max Color (0123 = WRGB)	Left Pulse Min Level	Left Pulse Min Color (0123 = WRGB)	Right Data Input Type (0 == RAW DATA, 1 == FITTED DATA, 2 == M. OVERRIDED)	Right ANALYSIS STATE (0 == ABNORMAL, 1 == NORMAL)	Right MAX (mm) (EMPTY if INVALID)	Right MIN (mm) (EMPTY if INVALID)	Right DELTA (mm) (EMPTY if INVALID)	Right CH (%) (EMPTY if INVALID)	Right LAT (sec) (EMPTY if INVALID)	Right CV (mm/s) (EMPTY if INVALID)	Right MCV (mm/s) (EMPTY if INVALID)	Right DV (mm/s) (EMPTY if INVALID)	Left Data Input Type (0 == RAW DATA, 1 == FITTED DATA, 2 == M. OVERRIDED)	Left ANALYSIS STATE (0 == ABNORMAL, 1 == NORMAL)	Left MAX (mm) (EMPTY if INVALID)	Left MIN (mm) (EMPTY if INVALID)	Left DELTA (mm) (EMPTY if INVALID)	Left CH (%) (EMPTY if INVALID)	Left LAT (sec) (EMPTY if INVALID)	Left CV (mm/s) (EMPTY if INVALID)	Left MCV (mm/s) (EMPTY if INVALID)	Left DV (mm/s) (EMPTY if INVALID)
%%%	0	0	18	541	0	0	0.51	17.52	0.51	15.98	1	0.00	1	0.00	1	0.00	1	0	0	0.00	0.00			0.00	0.00	0.00	0.00	0	0	0.00	0.00			0.00	0.00	0.00	0.00
%%%%%%%%%
%%%%%%%%%
%%%%%%%%%
<\SESSION>
