<SESSION>
<VERSION>
2
<\VERSION>
<DATE>
2017-08-10 09:08:38
<\DATE>
<SUBJECT-ID>
c57-1mois-DA-F2-2r
<\SUBJECT-ID>
<NOTE>

<\NOTE>
<MIN-MAX-PLOT>
0.100000 51880.761719
<\MIN-MAX-PLOT>
<STIMULUS-DEFINED>
Default
Default Human Relative Spectral Sensitivity
1	0
1	0.500000	0.500000	17.000000	1	1	2.000000	-100.000000	0.100000	-100.000000	0
<\STIMULUS-DEFINED>
<STIMULUS-GENERATED>
4
0	0	0.000000	1	0.000000	0.000000	1	0.000000	0.000000
0	1	0.509000	1	0.406861	99.710426	1	0.000000	0.000000
0	4	1.018000	1	0.000000	0.000000	1	0.000000	0.000000
-1	5	18.027000	0	0.000000	0.000000	0	0.000000	0.000000
<\STIMULUS-GENERATED>
<RIGHT-PUPIL-DATA>
542	1
1	-0.051000	1.367246	284.024994	198.087494
1	-0.019000	1.373333	285.062500	198.062500
1	0.012000	1.397101	285.575012	197.575012
1	0.043000	1.372899	284.931244	197.931244
1	0.074000	1.378841	284.987488	197.862488
0	0.105000	1.379710	289.000000	194.500000
1	0.152000	1.375073	284.824982	199.975006
1	0.183000	1.387536	284.049988	200.312500
1	0.215000	1.402899	285.500000	200.000000
1	0.246000	1.416812	286.325012	199.375000
1	0.277000	1.407101	285.531250	199.531250
1	0.308000	1.416812	285.674988	199.375000
1	0.339000	1.438551	286.687500	198.937500
1	0.386000	1.407681	286.493744	199.506256
1	0.417000	1.414493	286.375000	199.625000
1	0.449000	1.448986	285.899994	199.962494
1	0.480000	1.415797	285.343750	200.343750
1	0.511000	1.426087	285.000000	200.500000
1	0.542000	1.379710	288.000000	197.500000
0	0.573000	1.530435	283.750000	191.250000
1	0.620000	1.451594	285.750000	198.875000
1	0.651000	1.426087	285.000000	198.500000
1	0.683000	1.426087	285.000000	198.500000
1	0.714000	1.416377	284.618744	198.631256
1	0.745000	1.472464	284.000000	197.500000
1	0.776000	1.472464	284.000000	197.500000
1	0.807000	1.333333	284.750000	199.250000
1	0.839000	1.285797	284.274994	199.024994
1	0.885000	1.282464	284.381256	199.056244
1	0.917000	1.237536	285.218750	198.218750
0	0.948000	1.233188	289.268738	191.468750
1	0.979000	1.062464	286.468750	195.781250
1	1.010000	1.062464	286.468750	195.281250
1	1.041000	0.988551	286.218750	196.281250
1	1.073000	0.998841	286.100006	197.287506
1	1.119000	0.971449	285.093719	197.118744
1	1.151000	0.949420	286.206238	197.793762
1	1.182000	0.957102	285.312683	198.262512
1	1.213000	0.922319	286.625000	197.250000
1	1.244000	0.904348	287.000000	197.500000
1	1.275000	0.921739	287.187500	197.562500
1	1.307000	0.869565	289.000000	196.500000
1	1.353000	0.912319	286.693787	198.281189
1	1.385000	0.894927	287.581268	197.568756
1	1.416000	0.883623	286.256256	198.006256
1	1.447000	0.915942	285.500000	197.000000
1	1.478000	0.874928	286.068756	197.606232
1	1.509000	0.920725	286.243744	197.243744
1	1.541000	0.939130	286.000000	197.500000
1	1.572000	0.935797	285.756256	196.543732
1	1.619000	0.936812	286.524994	196.600006
1	1.650000	0.915942	288.000000	197.500000
1	1.681000	0.915797	286.406250	196.268738
1	1.712000	0.974058	285.993744	196.506256
1	1.743000	0.974638	285.506287	196.906433
1	1.775000	0.922464	285.768738	196.781250
1	1.806000	0.957681	286.725067	196.275055
1	1.853000	0.974493	286.875000	196.125000
1	1.884000	0.988116	286.274994	196.287506
1	1.915000	0.979420	286.162506	195.837494
1	1.946000	0.968116	287.000000	195.500000
1	1.977000	0.977536	286.206238	196.206238
1	2.009000	0.972899	285.993744	196.493744
1	2.040000	0.986377	286.174988	196.687500
1	2.071000	0.968406	286.337494	196.087494
1	2.118000	0.967971	286.043762	195.543762
1	2.149000	0.929275	286.550018	195.100006
1	2.180000	0.939854	287.468872	194.705994
1	2.211000	0.981449	287.012482	195.637543
1	2.243000	0.944928	287.575012	194.799988
1	2.274000	0.939130	286.500000	196.000000
1	2.305000	0.968406	286.537506	196.462494
1	2.352000	0.973188	286.856262	196.468750
1	2.383000	0.944928	286.500000	196.500000
1	2.414000	0.955362	287.225006	195.725006
1	2.445000	0.955507	286.743744	195.256256
1	2.477000	0.978261	287.000000	195.875000
1	2.508000	0.967971	286.968750	195.531250
1	2.539000	0.939710	287.450012	195.000000
1	2.570000	0.972754	286.975006	195.475006
1	2.617000	0.968406	287.537506	196.087494
1	2.648000	0.973913	287.000000	195.500000
1	2.679000	0.951594	287.187500	196.812500
0	2.711000	0.877536	288.043762	196.456238
1	2.742000	0.939855	287.331238	195.968750
1	2.773000	0.915363	288.399994	195.325043
1	2.804000	0.918841	288.250000	195.750000
1	2.851000	0.951594	288.187500	195.812500
1	2.882000	0.951594	287.937500	195.812500
0	2.913000	0.883768	287.212494	195.287506
1	2.945000	0.937102	287.124878	196.987488
1	2.976000	0.977681	286.987488	197.062500
1	3.007000	0.962464	286.781250	196.156250
1	3.038000	0.950725	288.000000	195.500000
1	3.085000	0.996812	288.162506	195.162506
1	3.116000	0.973913	289.000000	195.500000
1	3.147000	0.980290	289.037506	195.087494
1	3.179000	0.894203	289.862579	195.137543
1	3.210000	0.997101	288.250000	195.750000
1	3.241000	0.955507	287.893707	195.881256
1	3.272000	0.977246	287.431244	196.131256
1	3.303000	0.956667	287.693756	195.606232
0	3.350000	0.915942	288.000000	193.500000
1	3.381000	0.965217	288.000000	195.500000
1	3.413000	0.938406	288.812500	194.500000
1	3.444000	0.939710	288.250000	195.500000
1	3.475000	0.936232	288.450012	195.487488
0	3.506000	0.823188	292.000000	193.500000
1	3.537000	0.953333	288.462494	196.662506
1	3.584000	0.924928	287.662506	196.162506
1	3.615000	0.950580	287.781250	196.843750
1	3.647000	0.962319	287.500000	197.000000
1	3.678000	0.939130	290.000000	195.500000
1	3.709000	0.938116	288.693756	195.993744
1	3.740000	0.971159	287.968750	195.531250
1	3.771000	0.950580	288.781250	195.781250
1	3.818000	0.933188	288.643738	195.593750
1	3.849000	0.944928	288.000000	196.500000
1	3.881000	0.939130	288.000000	197.500000
1	3.912000	0.939130	288.000000	197.500000
1	3.943000	0.969710	287.931244	196.068756
1	3.974000	0.909275	288.312500	195.062500
1	4.005000	0.965797	287.562500	195.562500
1	4.037000	0.966812	287.831238	195.593750
1	4.083000	0.957681	287.725006	195.725006
1	4.115000	0.980725	287.031219	196.093719
1	4.146000	0.938116	287.493744	195.993744
1	4.177000	0.957681	286.475006	196.725006
1	4.208000	0.955942	286.750000	196.875000
1	4.239000	0.985797	286.274994	196.712494
1	4.271000	0.960290	287.062500	195.687500
1	4.317000	0.990145	287.225006	196.225006
1	4.349000	0.933188	288.343750	196.031250
1	4.380000	0.966812	287.406250	196.468750
1	4.411000	0.937536	287.968750	195.968750
1	4.442000	0.964638	286.862488	196.625000
1	4.473000	0.994493	286.600006	197.274933
1	4.505000	0.966667	286.862488	197.437500
1	4.551000	0.937536	287.468750	196.968750
1	4.583000	0.940145	287.943756	195.943756
1	4.614000	0.964638	287.375000	196.375000
1	4.645000	0.937971	287.975006	195.712494
1	4.676000	0.950580	289.156250	196.843750
1	4.707000	0.949710	287.793793	195.843781
1	4.739000	0.968405	286.050110	196.937439
1	4.770000	0.955942	286.750000	196.875000
1	4.817000	0.956522	285.500000	196.500000
1	4.848000	0.966232	286.568756	196.143768
1	4.879000	0.903188	288.475006	195.725006
0	4.910000	0.823188	292.000000	193.500000
1	4.941000	0.950580	287.331238	195.793762
1	4.973000	0.935797	287.318756	195.993744
1	5.004000	0.973188	287.106262	196.143738
0	5.051000	1.171015	290.500000	192.000000
1	5.082000	0.947971	287.231262	196.818726
1	5.113000	0.938551	287.375000	196.000000
1	5.144000	0.966232	287.568756	195.431244
1	5.175000	0.962319	287.250000	195.750000
1	5.207000	0.988551	286.781250	195.281250
1	5.238000	0.947681	286.806244	193.806244
1	5.285000	0.950580	287.343750	194.781250
1	5.316000	0.955362	286.850006	195.725006
1	5.347000	0.997101	285.750000	195.750000
1	5.378000	0.962319	285.500000	196.000000
1	5.409000	1.005942	286.218750	196.218750
1	5.441000	0.985507	286.500000	196.000000
1	5.472000	0.973913	287.000000	195.500000
1	5.503000	0.939710	287.450012	194.950012
1	5.550000	1.008116	286.549988	195.250000
1	5.581000	0.974638	287.018738	194.481262
1	5.612000	0.915942	286.500000	195.000000
1	5.643000	0.988551	285.718750	196.281250
0	5.675000	1.147826	287.500000	191.000000
1	5.706000	0.960290	285.762512	196.750000
1	5.737000	0.978986	286.581238	195.081238
1	5.784000	0.973768	285.993744	194.993744
1	5.815000	0.989710	286.656250	195.218750
1	5.846000	0.988116	286.712494	195.274994
1	5.877000	0.939710	286.500000	195.000000
1	5.909000	0.973913	286.000000	195.500000
1	5.940000	0.950580	286.156250	196.218750
1	5.971000	0.957681	285.274994	196.225006
1	6.018000	0.988116	285.287506	196.287506
1	6.049000	0.973913	286.000000	195.500000
1	6.080000	0.981015	286.343750	195.781250
1	6.111000	0.964203	287.068756	195.431244
1	6.143000	0.968116	287.062500	195.437500
1	6.174000	0.938551	287.500000	196.000000
1	6.205000	0.957681	286.712494	196.725006
1	6.236000	0.973333	286.000000	196.500000
1	6.283000	0.966667	285.825012	196.862488
1	6.314000	0.989710	286.218750	195.781250
1	6.345000	0.965362	286.056244	195.431244
1	6.377000	1.020145	286.343750	195.693726
1	6.408000	0.968841	286.931274	195.068848
1	6.439000	0.939130	288.000000	195.500000
1	6.470000	0.933333	286.500000	195.500000
1	6.501000	0.957246	286.706299	196.718750
1	6.548000	0.970145	284.937500	196.862488
1	6.579000	0.950580	285.843750	197.781250
1	6.611000	0.973913	286.000000	196.500000
1	6.642000	0.955942	287.125000	195.750000
1	6.673000	0.968116	285.875000	195.625000
1	6.704000	0.973333	286.962494	195.500031
1	6.735000	0.985942	285.931244	196.068756
1	6.782000	0.954927	286.581238	195.881104
1	6.813000	0.975072	286.899994	196.975006
1	6.845000	0.931594	286.699982	196.600006
1	6.876000	0.957246	286.143738	197.231262
1	6.907000	0.938551	287.000000	197.000000
1	6.938000	0.951594	286.812500	196.187500
1	6.969000	0.901594	288.518738	195.531250
1	7.016000	0.941884	287.468750	195.906250
1	7.047000	0.938551	287.000000	196.000000
1	7.079000	0.944928	287.000000	196.000000
1	7.110000	0.948985	286.850006	195.774994
1	7.141000	0.869855	287.962494	196.524994
1	7.172000	0.975072	285.912506	197.100006
1	7.203000	0.955507	286.256256	196.743744
0	7.235000	0.801159	286.024994	194.475006
1	7.281000	0.970725	286.537506	196.087494
1	7.313000	0.937536	286.968750	196.481262
1	7.344000	0.953768	287.031250	196.468750
1	7.375000	0.950580	285.843750	195.843750
1	7.406000	0.955362	287.225006	195.725006
1	7.437000	0.979420	285.837494	196.037506
1	7.469000	0.990725	285.750000	196.750000
1	7.515000	0.957102	285.750000	196.687500
1	7.547000	0.990290	285.756256	196.243744
0	7.578000	1.159710	290.412506	191.337494
1	7.609000	0.975507	287.018738	195.168762
1	7.640000	0.968116	287.075012	195.424988
0	7.671000	1.192899	290.418762	189.856262
1	7.703000	0.946232	287.393738	194.843750
1	7.749000	0.939130	286.000000	195.500000
1	7.781000	0.955507	285.306244	196.256256
1	7.812000	0.966232	285.568756	196.431244
1	7.843000	0.970725	286.087494	196.462494
1	7.874000	0.955942	287.125000	195.750000
1	7.905000	0.977246	286.431244	196.131256
1	7.937000	0.964058	287.024994	195.524994
1	7.968000	0.939130	288.000000	195.500000
1	8.015000	0.972319	287.031250	195.468750
1	8.046000	0.978116	286.818756	196.181244
1	8.077000	0.938551	287.000000	196.000000
1	8.108000	0.968116	287.125000	196.625000
1	8.139000	0.929855	286.450012	195.375000
1	8.171000	0.955507	287.256256	195.118744
1	8.202000	0.981015	287.343750	195.343750
1	8.249000	0.980290	287.037506	195.024994
1	8.280000	0.998406	287.143738	195.343750
0	8.311000	1.286957	288.000000	185.500000
1	8.342000	1.005797	286.750000	195.250000
1	8.373000	0.939275	287.456268	195.743805
1	8.405000	0.956522	287.875000	195.625000
1	8.436000	0.988406	286.775024	195.312500
1	8.483000	0.989710	286.781250	195.218750
1	8.514000	0.968551	287.181244	194.443756
1	8.545000	0.915942	289.000000	194.500000
1	8.576000	1.000145	287.168701	194.531250
1	8.607000	0.968551	287.443756	195.068756
1	8.639000	0.966812	287.168762	195.593750
1	8.670000	0.939275	286.943756	195.693756
0	8.701000	1.313043	289.750000	187.750000
1	8.748000	0.991159	286.243744	196.243744
1	8.779000	0.957681	287.274994	195.725006
1	8.810000	0.990145	287.225006	195.225006
0	8.841000	1.286957	288.000000	185.500000
1	8.873000	0.965217	288.000000	195.500000
1	8.904000	0.971159	287.468750	196.018738
1	8.935000	0.983188	286.750000	196.000000
0	8.982000	1.201449	290.012512	188.687500
1	9.013000	0.996232	286.187500	196.825012
1	9.044000	0.974493	286.999939	196.150085
1	9.075000	0.994203	287.199951	195.350037
0	9.107000	1.235362	287.375000	184.875000
1	9.138000	0.960290	288.062500	194.937500
1	9.169000	0.977246	287.568756	195.131256
1	9.216000	0.950580	287.793884	194.831238
1	9.247000	1.003333	287.181244	196.418732
1	9.278000	0.981015	287.031250	196.343750
1	9.309000	0.964058	287.600006	196.412506
0	9.341000	1.286957	288.000000	189.500000
1	9.372000	1.014493	287.000000	196.500000
1	9.403000	0.997971	287.850006	195.649994
1	9.434000	0.988116	287.725006	195.287506
1	9.481000	0.985362	287.831238	195.281250
1	9.512000	0.973913	287.750000	194.750000
1	9.543000	0.994058	288.281250	195.156250
1	9.575000	0.966377	287.937531	194.587494
1	9.606000	1.008116	287.500000	196.000000
0	9.637000	1.465072	283.056244	189.318756
1	9.668000	0.968116	287.375000	196.125000
1	9.715000	1.041014	287.006226	195.993713
1	9.746000	0.969565	288.012482	194.587494
1	9.777000	1.000725	287.143738	195.106262
1	9.809000	0.968985	288.062500	194.924988
1	9.840000	0.938550	287.450256	193.999756
1	9.871000	0.994493	287.712372	195.324982
1	9.902000	1.016812	287.375000	195.125000
1	9.949000	0.990290	287.768646	195.318756
1	9.980000	0.988986	288.287506	196.175018
1	10.011000	0.987536	287.250000	195.312500
1	10.043000	0.981015	287.406250	195.343750
1	10.074000	0.984203	287.981262	194.343750
0	10.105000	0.892754	288.625000	193.125000
1	10.136000	0.968551	287.931244	194.443756
1	10.167000	0.989855	287.750000	195.000000
1	10.214000	0.920725	288.556244	195.243744
1	10.245000	0.955507	288.743744	195.868744
1	10.277000	0.981015	287.893738	196.343750
0	10.308000	1.251594	289.375000	186.375000
1	10.339000	1.018985	287.343750	195.656250
1	10.370000	0.951594	289.187500	195.312500
1	10.401000	0.993768	287.643738	195.331238
1	10.448000	1.016667	287.812500	195.250000
1	10.479000	0.951159	288.806244	194.818756
1	10.511000	0.972319	288.468750	195.531250
1	10.542000	1.002754	287.206238	195.706238
1	10.573000	1.020290	287.125000	196.125000
1	10.604000	0.987971	286.231232	195.743744
1	10.635000	0.933623	289.037506	195.962494
1	10.667000	1.014493	287.500000	195.500000
1	10.713000	0.972754	287.524994	195.475006
1	10.745000	0.955362	288.225006	194.725006
1	10.776000	0.981449	287.649994	195.212494
1	10.807000	1.018116	286.531250	196.293762
0	10.838000	1.252174	285.000000	183.500000
1	10.869000	1.023768	286.399994	197.212494
1	10.901000	0.950580	287.156250	195.843750
1	10.947000	0.910290	289.093750	195.468750
1	10.979000	1.014493	287.375031	195.624969
1	11.010000	0.990290	287.743744	195.243744
0	11.041000	1.113623	291.000000	186.500000
0	11.072000	1.157536	292.681244	189.681244
1	11.103000	0.973913	288.000000	195.500000
1	11.135000	1.041594	287.468750	197.031250
1	11.181000	0.996812	287.162506	195.825043
1	11.213000	1.000725	287.143738	196.156250
1	11.244000	1.014638	287.606262	195.293762
1	11.275000	1.020725	287.318756	195.831268
1	11.306000	1.001159	288.350006	195.425018
1	11.337000	0.968116	288.875000	194.375000
1	11.369000	1.008551	288.781250	194.968750
1	11.400000	0.951015	288.162506	195.087494
1	11.447000	1.007971	287.518799	196.506165
1	11.478000	1.007681	287.006256	197.243744
1	11.509000	0.989710	287.768738	196.781250
1	11.540000	1.008696	288.500000	196.000000
1	11.571000	0.987971	288.743744	195.306244
1	11.603000	0.975072	288.399994	195.975006
1	11.634000	1.014493	288.500000	196.000000
0	11.681000	1.257827	291.343231	187.543549
1	11.712000	0.997246	287.843750	196.156250
1	11.743000	0.989130	287.000000	196.875000
1	11.774000	0.945072	289.343750	196.218750
1	11.805000	1.008116	288.000000	196.549988
1	11.837000	0.974638	289.018738	195.468750
1	11.868000	0.939130	290.000000	195.500000
1	11.899000	1.014493	288.000000	196.000000
1	11.946000	0.998406	288.843750	195.143738
1	11.977000	1.017971	288.375000	195.625000
1	12.008000	0.968985	289.062500	195.500000
1	12.039000	1.008116	287.662567	196.000031
1	12.071000	0.988116	288.712494	196.287506
1	12.102000	0.966667	288.562500	195.612488
1	12.133000	0.956667	289.243744	195.306244
1	12.180000	1.020290	289.000000	195.500000
1	12.211000	1.031884	288.000000	195.500000
1	12.242000	0.983188	288.750000	194.250000
1	12.273000	1.039710	288.437500	195.562500
1	12.305000	0.973913	289.000000	194.500000
1	12.336000	0.999420	287.812500	196.125000
1	12.367000	0.985942	288.681244	195.931244
1	12.414000	1.005362	287.756256	195.743744
1	12.445000	1.042754	287.481262	197.018738
1	12.476000	0.983623	288.318756	195.318756
1	12.508000	0.974928	289.443756	196.006256
1	12.539000	1.031884	290.000000	195.500000
1	12.570000	1.017391	288.312500	195.312500
1	12.601000	1.024493	288.218750	195.218750
1	12.632000	0.973333	289.049988	195.500000
1	12.679000	1.008841	288.493744	196.256256
1	12.710000	1.025362	287.731262	197.268738
1	12.742000	1.044638	286.975006	196.975006
1	12.773000	1.003188	287.787506	195.962494
1	12.804000	1.044203	287.481262	196.143738
1	12.835000	0.972754	288.475006	195.524994
1	12.866000	1.023188	287.781250	196.156250
1	12.913000	1.007536	288.024994	195.574982
1	12.944000	1.040290	287.475006	196.587494
1	12.976000	1.008841	287.256256	196.556244
1	13.007000	0.996812	287.912506	197.412506
1	13.038000	0.964638	287.925018	197.587555
1	13.069000	1.012029	286.431244	196.568756
1	13.100000	1.017971	286.375031	196.699921
1	13.147000	1.007971	287.981110	196.756256
1	13.178000	0.999420	287.562500	196.125000
1	13.210000	0.997101	287.612488	196.262512
0	13.241000	1.248986	290.912506	190.462494
0	13.272000	0.933333	288.093750	195.593750
1	13.303000	1.035942	286.850006	197.350006
1	13.334000	1.036667	286.431244	197.818756
1	13.366000	1.078841	287.000000	197.500000
1	13.412000	1.024493	286.268738	196.781250
1	13.444000	1.033623	287.100006	196.387482
1	13.475000	0.977246	287.568756	196.131256
0	13.506000	1.286957	287.000000	186.500000
0	13.537000	0.972754	286.975006	195.475006
1	13.568000	1.059710	286.712494	196.774994
1	13.600000	1.079855	286.031372	197.968750
1	13.646000	1.074203	285.950012	197.987488
1	13.678000	0.964058	287.100006	197.600006
1	13.709000	1.006377	286.475006	196.524994
1	13.740000	1.007102	285.468750	196.531250
1	13.771000	1.018406	286.318756	196.368744
1	13.802000	0.987971	286.256256	196.306244
1	13.834000	0.984928	286.787506	196.337494
1	13.880000	1.008116	286.500000	196.000000
1	13.912000	1.031884	286.000000	195.500000
1	13.943000	1.005797	286.000000	197.549988
0	13.974000	0.950725	286.250000	197.250000
1	14.005000	0.974493	286.000000	198.000000
1	14.036000	1.006377	286.562439	197.524963
0	14.068000	1.286957	288.000000	189.500000
1	14.099000	1.042754	285.518738	197.481262
1	14.146000	1.053333	285.887482	198.100006
1	14.177000	1.040290	285.537506	197.412506
0	14.208000	1.274493	288.187500	190.187500
1	14.239000	0.964203	285.381256	197.618744
0	14.270000	1.318986	288.956238	191.406250
1	14.302000	1.008841	285.993744	197.556244
1	14.333000	1.078841	285.500000	199.000000
1	14.380000	1.023913	287.368805	196.856232
1	14.411000	0.973913	287.000000	196.500000
0	14.442000	1.323333	288.706238	190.481262
1	14.473000	1.044638	286.024994	196.475006
1	14.504000	0.991304	287.000000	196.000000
1	14.536000	1.008841	285.993744	197.006256
1	14.567000	0.991159	285.793732	197.243744
0	14.598000	1.155362	287.600006	188.600006
1	14.645000	1.071014	285.750000	197.125000
1	14.676000	0.966667	286.875000	195.625000
1	14.707000	1.070290	286.156250	197.293762
1	14.738000	0.972319	287.018738	195.468750
1	14.770000	1.028986	287.000000	195.750000
1	14.801000	1.044058	286.125000	196.000000
1	14.832000	1.000145	286.881256	195.118744
1	14.879000	1.044638	286.399994	195.975006
1	14.910000	1.017536	285.368774	195.681213
1	14.941000	1.005797	286.450012	196.549988
1	14.972000	1.079275	286.006256	196.431244
1	15.004000	0.959275	289.206238	196.343750
1	15.035000	1.111884	286.162506	197.149994
0	15.066000	1.356522	290.000000	189.500000
1	15.113000	1.071159	286.281250	195.843750
1	15.144000	1.044638	286.475006	194.975006
1	15.175000	1.086811	285.031250	196.631226
1	15.206000	0.997101	287.000000	195.500000
1	15.238000	1.008551	286.243744	195.493744
0	15.269000	1.008696	288.000000	193.500000
1	15.300000	1.025507	286.250000	195.762512
1	15.331000	1.036667	285.618744	195.131195
1	15.378000	1.117971	285.562500	196.937500
1	15.409000	1.079855	285.518738	195.968750
0	15.440000	1.189710	290.468750	190.868774
1	15.472000	1.108841	286.056244	195.806244
1	15.503000	1.078841	285.500000	197.000000
0	15.534000	0.977681	286.937500	195.937500
1	15.565000	1.101449	285.250000	197.250000
1	15.612000	0.955942	285.312500	195.750000
1	15.643000	0.988116	285.712494	195.287506
1	15.674000	1.031884	285.625000	196.125000
1	15.706000	0.997246	286.156250	195.406250
1	15.737000	0.968985	287.062500	195.562500
0	15.768000	1.238551	288.187500	186.187500
1	15.799000	0.933768	286.693756	195.068756
1	15.846000	0.944638	287.212494	195.899994
1	15.877000	1.005797	285.549988	197.000000
0	15.908000	1.266377	291.037506	190.837494
0	15.940000	1.252174	289.750000	189.750000
1	15.971000	0.998841	286.100006	196.899994
1	16.002000	1.024493	286.218750	195.781250
1	16.033000	0.972319	287.018738	195.468750
1	16.064000	0.973333	287.500000	195.500000
1	16.111000	0.990725	287.125000	195.250000
1	16.142000	1.044638	286.524994	195.975006
0	16.174000	1.565217	280.000000	185.500000
1	16.205000	1.016667	286.331238	195.856140
1	16.236000	1.008841	286.493744	196.006256
0	16.267000	1.379855	287.843750	188.831238
1	16.298000	1.008841	286.743744	195.993744
1	16.345000	1.087536	285.625000	196.937500
0	16.376000	1.217391	292.000000	191.500000
1	16.408000	0.992464	286.774994	194.774994
1	16.439000	0.992464	287.174957	195.325043
1	16.470000	1.079275	286.006256	196.543732
1	16.501000	1.079420	285.475006	197.024994
1	16.532000	1.008696	286.500000	197.000000
1	16.564000	0.956522	287.500000	197.000000
1	16.610000	1.046667	286.399994	197.100006
1	16.642000	1.009420	286.518738	197.018738
1	16.673000	0.987971	286.881256	196.306244
1	16.704000	1.021884	286.306244	196.818756
1	16.735000	1.027246	286.774994	196.225006
1	16.766000	0.947971	287.368744	196.181244
1	16.798000	0.991304	286.774994	196.225006
0	16.844000	1.194203	288.000000	185.500000
0	16.876000	1.216377	289.118408	191.868530
1	16.907000	1.019710	285.300049	197.399963
0	16.938000	1.253333	290.475006	191.024994
0	16.969000	1.272319	289.031250	187.693726
1	17.000000	0.981449	286.850006	197.350006
0	17.032000	0.950725	287.625000	196.625000
1	17.078000	1.060870	286.000000	197.500000
1	17.110000	1.002899	286.500000	197.000000
1	17.141000	1.002754	285.668762	196.206238
1	17.172000	1.007681	285.543732	197.506256
1	17.203000	1.082029	284.562500	198.437500
1	17.234000	0.991304	286.000000	197.000000
1	17.266000	1.008696	286.500000	197.000000
1	17.297000	1.029275	286.162506	196.837494
1	17.344000	1.042754	285.481262	196.981262
1	17.375000	1.016232	286.350006	196.649994
1	17.406000	1.060725	285.243744	196.793793
0	17.437000	1.240290	289.162506	188.212494
1	17.468000	1.042754	285.481262	197.018738
1	17.500000	0.978406	285.056244	197.056244
0	17.531000	1.008696	288.000000	197.500000
1	17.578000	0.939855	284.968750	196.668762
1	17.609000	1.337681	290.587585	190.675232
1	17.640000	1.061449	285.250000	197.750000
0	17.671000	0.985507	286.250000	196.250000
1	17.702000	0.973333	286.500000	196.500000
1	17.734000	1.003768	285.812500	196.687500
1	17.765000	0.964203	285.381256	195.993744
1	17.812000	1.027246	285.774994	197.225006
1	17.843000	0.982029	286.375000	196.625000
0	17.874000	1.187536	289.500000	191.812500
1	17.905000	1.060290	284.799988	198.250000
1	17.936000	0.988551	285.781250	196.093750
1	17.968000	0.985507	286.250000	195.750000
<\RIGHT-PUPIL-DATA>
<LEFT-PUPIL-DATA>
543	0
0	-0.051000	13.913043	240.000000	320.000000
0	-0.020000	13.913043	240.000000	320.000000
0	0.011000	13.913043	240.000000	320.000000
0	0.042000	13.913043	240.000000	320.000000
0	0.074000	13.913043	240.000000	320.000000
0	0.105000	13.913043	240.000000	320.000000
0	0.136000	13.913043	240.000000	320.000000
0	0.167000	13.913043	240.000000	320.000000
0	0.214000	13.913043	240.000000	320.000000
0	0.245000	13.913043	240.000000	320.000000
0	0.276000	13.913043	240.000000	320.000000
0	0.308000	13.913043	240.000000	320.000000
0	0.339000	13.913043	240.000000	320.000000
0	0.370000	13.913043	240.000000	320.000000
0	0.401000	13.913043	240.000000	320.000000
0	0.448000	13.913043	240.000000	320.000000
0	0.479000	13.913043	240.000000	320.000000
0	0.510000	13.913043	240.000000	320.000000
0	0.542000	13.913043	240.000000	320.000000
0	0.573000	13.913043	240.000000	320.000000
0	0.604000	13.913043	240.000000	320.000000
0	0.635000	13.913043	240.000000	320.000000
0	0.682000	13.913043	240.000000	320.000000
0	0.713000	13.913043	240.000000	320.000000
0	0.744000	13.913043	240.000000	320.000000
0	0.776000	13.913043	240.000000	320.000000
0	0.807000	13.913043	240.000000	320.000000
0	0.838000	13.913043	240.000000	320.000000
0	0.869000	13.913043	240.000000	320.000000
0	0.900000	13.913043	240.000000	320.000000
0	0.947000	13.913043	240.000000	320.000000
0	0.978000	13.913043	240.000000	320.000000
0	1.010000	13.913043	240.000000	320.000000
0	1.041000	13.913043	240.000000	320.000000
0	1.072000	13.913043	240.000000	320.000000
0	1.103000	13.913043	240.000000	320.000000
0	1.134000	13.913043	240.000000	320.000000
0	1.181000	13.913043	240.000000	320.000000
0	1.212000	13.913043	240.000000	320.000000
0	1.244000	13.913043	240.000000	320.000000
0	1.275000	13.913043	240.000000	320.000000
0	1.306000	13.913043	240.000000	320.000000
0	1.337000	13.913043	240.000000	320.000000
0	1.368000	13.913043	240.000000	320.000000
0	1.400000	13.913043	240.000000	320.000000
0	1.446000	13.913043	240.000000	320.000000
0	1.478000	13.913043	240.000000	320.000000
0	1.509000	13.913043	240.000000	320.000000
0	1.540000	13.913043	240.000000	320.000000
0	1.571000	13.913043	240.000000	320.000000
0	1.602000	13.913043	240.000000	320.000000
0	1.634000	13.913043	240.000000	320.000000
0	1.680000	13.913043	240.000000	320.000000
0	1.712000	13.913043	240.000000	320.000000
0	1.743000	13.913043	240.000000	320.000000
0	1.774000	13.913043	240.000000	320.000000
0	1.805000	13.913043	240.000000	320.000000
0	1.836000	13.913043	240.000000	320.000000
0	1.868000	13.913043	240.000000	320.000000
0	1.914000	13.913043	240.000000	320.000000
0	1.946000	13.913043	240.000000	320.000000
0	1.977000	13.913043	240.000000	320.000000
0	2.008000	13.913043	240.000000	320.000000
0	2.039000	13.913043	240.000000	320.000000
0	2.070000	13.913043	240.000000	320.000000
0	2.102000	13.913043	240.000000	320.000000
0	2.133000	13.913043	240.000000	320.000000
0	2.180000	13.913043	240.000000	320.000000
0	2.211000	13.913043	240.000000	320.000000
0	2.242000	13.913043	240.000000	320.000000
0	2.273000	13.913043	240.000000	320.000000
0	2.304000	13.913043	240.000000	320.000000
0	2.336000	13.913043	240.000000	320.000000
0	2.367000	13.913043	240.000000	320.000000
0	2.414000	13.913043	240.000000	320.000000
0	2.445000	13.913043	240.000000	320.000000
0	2.476000	13.913043	240.000000	320.000000
0	2.507000	13.913043	240.000000	320.000000
0	2.538000	13.913043	240.000000	320.000000
0	2.570000	13.913043	240.000000	320.000000
0	2.601000	13.913043	240.000000	320.000000
0	2.648000	13.913043	240.000000	320.000000
0	2.679000	13.913043	240.000000	320.000000
0	2.710000	13.913043	240.000000	320.000000
0	2.741000	13.913043	240.000000	320.000000
0	2.772000	13.913043	240.000000	320.000000
0	2.804000	13.913043	240.000000	320.000000
0	2.835000	13.913043	240.000000	320.000000
0	2.866000	13.913043	240.000000	320.000000
0	2.913000	13.913043	240.000000	320.000000
0	2.944000	13.913043	240.000000	320.000000
0	2.975000	13.913043	240.000000	320.000000
0	3.006000	13.913043	240.000000	320.000000
0	3.038000	13.913043	240.000000	320.000000
0	3.069000	13.913043	240.000000	320.000000
0	3.100000	13.913043	240.000000	320.000000
0	3.147000	13.913043	240.000000	320.000000
0	3.178000	13.913043	240.000000	320.000000
0	3.209000	13.913043	240.000000	320.000000
0	3.240000	13.913043	240.000000	320.000000
0	3.272000	13.913043	240.000000	320.000000
0	3.303000	13.913043	240.000000	320.000000
0	3.334000	13.913043	240.000000	320.000000
0	3.365000	13.913043	240.000000	320.000000
0	3.412000	13.913043	240.000000	320.000000
0	3.443000	13.913043	240.000000	320.000000
0	3.474000	13.913043	240.000000	320.000000
0	3.506000	13.913043	240.000000	320.000000
0	3.537000	13.913043	240.000000	320.000000
0	3.568000	13.913043	240.000000	320.000000
0	3.599000	13.913043	240.000000	320.000000
0	3.646000	13.913043	240.000000	320.000000
0	3.677000	13.913043	240.000000	320.000000
0	3.708000	13.913043	240.000000	320.000000
0	3.740000	13.913043	240.000000	320.000000
0	3.771000	13.913043	240.000000	320.000000
0	3.802000	13.913043	240.000000	320.000000
0	3.833000	13.913043	240.000000	320.000000
0	3.880000	13.913043	240.000000	320.000000
0	3.911000	13.913043	240.000000	320.000000
0	3.942000	13.913043	240.000000	320.000000
0	3.974000	13.913043	240.000000	320.000000
0	4.005000	13.913043	240.000000	320.000000
0	4.036000	13.913043	240.000000	320.000000
0	4.067000	13.913043	240.000000	320.000000
0	4.098000	13.913043	240.000000	320.000000
0	4.145000	13.913043	240.000000	320.000000
0	4.176000	13.913043	240.000000	320.000000
0	4.208000	13.913043	240.000000	320.000000
0	4.239000	13.913043	240.000000	320.000000
0	4.270000	13.913043	240.000000	320.000000
0	4.301000	13.913043	240.000000	320.000000
0	4.332000	13.913043	240.000000	320.000000
0	4.379000	13.913043	240.000000	320.000000
0	4.410000	13.913043	240.000000	320.000000
0	4.442000	13.913043	240.000000	320.000000
0	4.473000	13.913043	240.000000	320.000000
0	4.504000	13.913043	240.000000	320.000000
0	4.535000	13.913043	240.000000	320.000000
0	4.566000	13.913043	240.000000	320.000000
0	4.613000	13.913043	240.000000	320.000000
0	4.644000	13.913043	240.000000	320.000000
0	4.676000	13.913043	240.000000	320.000000
0	4.707000	13.913043	240.000000	320.000000
0	4.738000	13.913043	240.000000	320.000000
0	4.769000	13.913043	240.000000	320.000000
0	4.800000	13.913043	240.000000	320.000000
0	4.832000	13.913043	240.000000	320.000000
0	4.878000	13.913043	240.000000	320.000000
0	4.910000	13.913043	240.000000	320.000000
0	4.941000	13.913043	240.000000	320.000000
0	4.972000	13.913043	240.000000	320.000000
0	5.003000	13.913043	240.000000	320.000000
0	5.034000	13.913043	240.000000	320.000000
0	5.066000	13.913043	240.000000	320.000000
0	5.112000	13.913043	240.000000	320.000000
0	5.144000	13.913043	240.000000	320.000000
0	5.175000	13.913043	240.000000	320.000000
0	5.206000	13.913043	240.000000	320.000000
0	5.237000	13.913043	240.000000	320.000000
0	5.268000	13.913043	240.000000	320.000000
0	5.300000	13.913043	240.000000	320.000000
0	5.331000	13.913043	240.000000	320.000000
0	5.378000	13.913043	240.000000	320.000000
0	5.409000	13.913043	240.000000	320.000000
0	5.440000	13.913043	240.000000	320.000000
0	5.471000	13.913043	240.000000	320.000000
0	5.502000	13.913043	240.000000	320.000000
0	5.534000	13.913043	240.000000	320.000000
0	5.565000	13.913043	240.000000	320.000000
0	5.612000	13.913043	240.000000	320.000000
0	5.643000	13.913043	240.000000	320.000000
0	5.674000	13.913043	240.000000	320.000000
0	5.705000	13.913043	240.000000	320.000000
0	5.736000	13.913043	240.000000	320.000000
0	5.768000	13.913043	240.000000	320.000000
0	5.799000	13.913043	240.000000	320.000000
0	5.846000	13.913043	240.000000	320.000000
0	5.877000	13.913043	240.000000	320.000000
0	5.908000	13.913043	240.000000	320.000000
0	5.939000	13.913043	240.000000	320.000000
0	5.970000	13.913043	240.000000	320.000000
0	6.002000	13.913043	240.000000	320.000000
0	6.033000	13.913043	240.000000	320.000000
0	6.080000	13.913043	240.000000	320.000000
0	6.111000	13.913043	240.000000	320.000000
0	6.142000	13.913043	240.000000	320.000000
0	6.173000	13.913043	240.000000	320.000000
0	6.204000	13.913043	240.000000	320.000000
0	6.236000	13.913043	240.000000	320.000000
0	6.267000	13.913043	240.000000	320.000000
0	6.298000	13.913043	240.000000	320.000000
0	6.345000	13.913043	240.000000	320.000000
0	6.376000	13.913043	240.000000	320.000000
0	6.407000	13.913043	240.000000	320.000000
0	6.438000	13.913043	240.000000	320.000000
0	6.470000	13.913043	240.000000	320.000000
0	6.501000	13.913043	240.000000	320.000000
0	6.532000	13.913043	240.000000	320.000000
0	6.579000	13.913043	240.000000	320.000000
0	6.610000	13.913043	240.000000	320.000000
0	6.641000	13.913043	240.000000	320.000000
0	6.672000	13.913043	240.000000	320.000000
0	6.704000	13.913043	240.000000	320.000000
0	6.735000	13.913043	240.000000	320.000000
0	6.766000	13.913043	240.000000	320.000000
0	6.797000	13.913043	240.000000	320.000000
0	6.844000	13.913043	240.000000	320.000000
0	6.875000	13.913043	240.000000	320.000000
0	6.906000	13.913043	240.000000	320.000000
0	6.938000	13.913043	240.000000	320.000000
0	6.969000	13.913043	240.000000	320.000000
0	7.000000	13.913043	240.000000	320.000000
0	7.031000	13.913043	240.000000	320.000000
0	7.078000	13.913043	240.000000	320.000000
0	7.109000	13.913043	240.000000	320.000000
0	7.140000	13.913043	240.000000	320.000000
0	7.172000	13.913043	240.000000	320.000000
0	7.203000	13.913043	240.000000	320.000000
0	7.234000	13.913043	240.000000	320.000000
0	7.265000	13.913043	240.000000	320.000000
0	7.296000	13.913043	240.000000	320.000000
0	7.343000	13.913043	240.000000	320.000000
0	7.374000	13.913043	240.000000	320.000000
0	7.406000	13.913043	240.000000	320.000000
0	7.437000	13.913043	240.000000	320.000000
0	7.468000	13.913043	240.000000	320.000000
0	7.499000	13.913043	240.000000	320.000000
0	7.530000	13.913043	240.000000	320.000000
0	7.577000	13.913043	240.000000	320.000000
0	7.608000	13.913043	240.000000	320.000000
0	7.640000	13.913043	240.000000	320.000000
0	7.671000	13.913043	240.000000	320.000000
0	7.702000	13.913043	240.000000	320.000000
0	7.733000	13.913043	240.000000	320.000000
0	7.764000	13.913043	240.000000	320.000000
0	7.811000	13.913043	240.000000	320.000000
0	7.842000	13.913043	240.000000	320.000000
0	7.874000	13.913043	240.000000	320.000000
0	7.905000	13.913043	240.000000	320.000000
0	7.936000	13.913043	240.000000	320.000000
0	7.967000	13.913043	240.000000	320.000000
0	7.998000	13.913043	240.000000	320.000000
0	8.030000	13.913043	240.000000	320.000000
0	8.076000	13.913043	240.000000	320.000000
0	8.108000	13.913043	240.000000	320.000000
0	8.139000	13.913043	240.000000	320.000000
0	8.170000	13.913043	240.000000	320.000000
0	8.201000	13.913043	240.000000	320.000000
0	8.232000	13.913043	240.000000	320.000000
0	8.264000	13.913043	240.000000	320.000000
0	8.310000	13.913043	240.000000	320.000000
0	8.342000	13.913043	240.000000	320.000000
0	8.373000	13.913043	240.000000	320.000000
0	8.404000	13.913043	240.000000	320.000000
0	8.435000	13.913043	240.000000	320.000000
0	8.466000	13.913043	240.000000	320.000000
0	8.498000	13.913043	240.000000	320.000000
0	8.544000	13.913043	240.000000	320.000000
0	8.576000	13.913043	240.000000	320.000000
0	8.607000	13.913043	240.000000	320.000000
0	8.638000	13.913043	240.000000	320.000000
0	8.669000	13.913043	240.000000	320.000000
0	8.700000	13.913043	240.000000	320.000000
0	8.732000	13.913043	240.000000	320.000000
0	8.763000	13.913043	240.000000	320.000000
0	8.810000	13.913043	240.000000	320.000000
0	8.841000	13.913043	240.000000	320.000000
0	8.872000	13.913043	240.000000	320.000000
0	8.903000	13.913043	240.000000	320.000000
0	8.934000	13.913043	240.000000	320.000000
0	8.966000	13.913043	240.000000	320.000000
0	8.997000	13.913043	240.000000	320.000000
0	9.044000	13.913043	240.000000	320.000000
0	9.075000	13.913043	240.000000	320.000000
0	9.106000	13.913043	240.000000	320.000000
0	9.137000	13.913043	240.000000	320.000000
0	9.168000	13.913043	240.000000	320.000000
0	9.200000	13.913043	240.000000	320.000000
0	9.231000	13.913043	240.000000	320.000000
0	9.278000	13.913043	240.000000	320.000000
0	9.309000	13.913043	240.000000	320.000000
0	9.340000	13.913043	240.000000	320.000000
0	9.371000	13.913043	240.000000	320.000000
0	9.402000	13.913043	240.000000	320.000000
0	9.434000	13.913043	240.000000	320.000000
0	9.465000	13.913043	240.000000	320.000000
0	9.496000	13.913043	240.000000	320.000000
0	9.543000	13.913043	240.000000	320.000000
0	9.574000	13.913043	240.000000	320.000000
0	9.605000	13.913043	240.000000	320.000000
0	9.636000	13.913043	240.000000	320.000000
0	9.668000	13.913043	240.000000	320.000000
0	9.699000	13.913043	240.000000	320.000000
0	9.730000	13.913043	240.000000	320.000000
0	9.777000	13.913043	240.000000	320.000000
0	9.808000	13.913043	240.000000	320.000000
0	9.839000	13.913043	240.000000	320.000000
0	9.870000	13.913043	240.000000	320.000000
0	9.902000	13.913043	240.000000	320.000000
0	9.933000	13.913043	240.000000	320.000000
0	9.964000	13.913043	240.000000	320.000000
0	10.011000	13.913043	240.000000	320.000000
0	10.042000	13.913043	240.000000	320.000000
0	10.073000	13.913043	240.000000	320.000000
0	10.104000	13.913043	240.000000	320.000000
0	10.136000	13.913043	240.000000	320.000000
0	10.167000	13.913043	240.000000	320.000000
0	10.198000	13.913043	240.000000	320.000000
0	10.229000	13.913043	240.000000	320.000000
0	10.276000	13.913043	240.000000	320.000000
0	10.307000	13.913043	240.000000	320.000000
0	10.338000	13.913043	240.000000	320.000000
0	10.370000	13.913043	240.000000	320.000000
0	10.401000	13.913043	240.000000	320.000000
0	10.432000	13.913043	240.000000	320.000000
0	10.463000	13.913043	240.000000	320.000000
0	10.510000	13.913043	240.000000	320.000000
0	10.541000	13.913043	240.000000	320.000000
0	10.572000	13.913043	240.000000	320.000000
0	10.604000	13.913043	240.000000	320.000000
0	10.635000	13.913043	240.000000	320.000000
0	10.666000	13.913043	240.000000	320.000000
0	10.697000	13.913043	240.000000	320.000000
0	10.744000	13.913043	240.000000	320.000000
0	10.775000	13.913043	240.000000	320.000000
0	10.806000	13.913043	240.000000	320.000000
0	10.838000	13.913043	240.000000	320.000000
0	10.869000	13.913043	240.000000	320.000000
0	10.900000	13.913043	240.000000	320.000000
0	10.931000	13.913043	240.000000	320.000000
0	10.962000	13.913043	240.000000	320.000000
0	11.009000	13.913043	240.000000	320.000000
0	11.040000	13.913043	240.000000	320.000000
0	11.072000	13.913043	240.000000	320.000000
0	11.103000	13.913043	240.000000	320.000000
0	11.134000	13.913043	240.000000	320.000000
0	11.165000	13.913043	240.000000	320.000000
0	11.196000	13.913043	240.000000	320.000000
0	11.228000	13.913043	240.000000	320.000000
0	11.274000	13.913043	240.000000	320.000000
0	11.306000	13.913043	240.000000	320.000000
0	11.337000	13.913043	240.000000	320.000000
0	11.368000	13.913043	240.000000	320.000000
0	11.399000	13.913043	240.000000	320.000000
0	11.430000	13.913043	240.000000	320.000000
0	11.462000	13.913043	240.000000	320.000000
0	11.508000	13.913043	240.000000	320.000000
0	11.540000	13.913043	240.000000	320.000000
0	11.571000	13.913043	240.000000	320.000000
0	11.602000	13.913043	240.000000	320.000000
0	11.633000	13.913043	240.000000	320.000000
0	11.664000	13.913043	240.000000	320.000000
0	11.696000	13.913043	240.000000	320.000000
0	11.742000	13.913043	240.000000	320.000000
0	11.774000	13.913043	240.000000	320.000000
0	11.805000	13.913043	240.000000	320.000000
0	11.836000	13.913043	240.000000	320.000000
0	11.867000	13.913043	240.000000	320.000000
0	11.898000	13.913043	240.000000	320.000000
0	11.930000	13.913043	240.000000	320.000000
0	11.961000	13.913043	240.000000	320.000000
0	12.008000	13.913043	240.000000	320.000000
0	12.039000	13.913043	240.000000	320.000000
0	12.070000	13.913043	240.000000	320.000000
0	12.101000	13.913043	240.000000	320.000000
0	12.132000	13.913043	240.000000	320.000000
0	12.164000	13.913043	240.000000	320.000000
0	12.195000	13.913043	240.000000	320.000000
0	12.242000	13.913043	240.000000	320.000000
0	12.273000	13.913043	240.000000	320.000000
0	12.304000	13.913043	240.000000	320.000000
0	12.335000	13.913043	240.000000	320.000000
0	12.366000	13.913043	240.000000	320.000000
0	12.398000	13.913043	240.000000	320.000000
0	12.429000	13.913043	240.000000	320.000000
0	12.476000	13.913043	240.000000	320.000000
0	12.507000	13.913043	240.000000	320.000000
0	12.538000	13.913043	240.000000	320.000000
0	12.569000	13.913043	240.000000	320.000000
0	12.601000	13.913043	240.000000	320.000000
0	12.632000	13.913043	240.000000	320.000000
0	12.663000	13.913043	240.000000	320.000000
0	12.694000	13.913043	240.000000	320.000000
0	12.741000	13.913043	240.000000	320.000000
0	12.772000	13.913043	240.000000	320.000000
0	12.803000	13.913043	240.000000	320.000000
0	12.835000	13.913043	240.000000	320.000000
0	12.866000	13.913043	240.000000	320.000000
0	12.897000	13.913043	240.000000	320.000000
0	12.928000	13.913043	240.000000	320.000000
0	12.975000	13.913043	240.000000	320.000000
0	13.006000	13.913043	240.000000	320.000000
0	13.037000	13.913043	240.000000	320.000000
0	13.069000	13.913043	240.000000	320.000000
0	13.100000	13.913043	240.000000	320.000000
0	13.131000	13.913043	240.000000	320.000000
0	13.162000	13.913043	240.000000	320.000000
0	13.209000	13.913043	240.000000	320.000000
0	13.240000	13.913043	240.000000	320.000000
0	13.271000	13.913043	240.000000	320.000000
0	13.303000	13.913043	240.000000	320.000000
0	13.334000	13.913043	240.000000	320.000000
0	13.365000	13.913043	240.000000	320.000000
0	13.396000	13.913043	240.000000	320.000000
0	13.427000	13.913043	240.000000	320.000000
0	13.474000	13.913043	240.000000	320.000000
0	13.505000	13.913043	240.000000	320.000000
0	13.537000	13.913043	240.000000	320.000000
0	13.568000	13.913043	240.000000	320.000000
0	13.599000	13.913043	240.000000	320.000000
0	13.630000	13.913043	240.000000	320.000000
0	13.661000	13.913043	240.000000	320.000000
0	13.708000	13.913043	240.000000	320.000000
0	13.739000	13.913043	240.000000	320.000000
0	13.771000	13.913043	240.000000	320.000000
0	13.802000	13.913043	240.000000	320.000000
0	13.833000	13.913043	240.000000	320.000000
0	13.864000	13.913043	240.000000	320.000000
0	13.895000	13.913043	240.000000	320.000000
0	13.942000	13.913043	240.000000	320.000000
0	13.973000	13.913043	240.000000	320.000000
0	14.005000	13.913043	240.000000	320.000000
0	14.036000	13.913043	240.000000	320.000000
0	14.067000	13.913043	240.000000	320.000000
0	14.098000	13.913043	240.000000	320.000000
0	14.129000	13.913043	240.000000	320.000000
0	14.161000	13.913043	240.000000	320.000000
0	14.207000	13.913043	240.000000	320.000000
0	14.239000	13.913043	240.000000	320.000000
0	14.270000	13.913043	240.000000	320.000000
0	14.301000	13.913043	240.000000	320.000000
0	14.332000	13.913043	240.000000	320.000000
0	14.363000	13.913043	240.000000	320.000000
0	14.395000	13.913043	240.000000	320.000000
0	14.441000	13.913043	240.000000	320.000000
0	14.473000	13.913043	240.000000	320.000000
0	14.504000	13.913043	240.000000	320.000000
0	14.535000	13.913043	240.000000	320.000000
0	14.566000	13.913043	240.000000	320.000000
0	14.597000	13.913043	240.000000	320.000000
0	14.629000	13.913043	240.000000	320.000000
0	14.675000	13.913043	240.000000	320.000000
0	14.707000	13.913043	240.000000	320.000000
0	14.738000	13.913043	240.000000	320.000000
0	14.769000	13.913043	240.000000	320.000000
0	14.800000	13.913043	240.000000	320.000000
0	14.831000	13.913043	240.000000	320.000000
0	14.863000	13.913043	240.000000	320.000000
0	14.894000	13.913043	240.000000	320.000000
0	14.941000	13.913043	240.000000	320.000000
0	14.972000	13.913043	240.000000	320.000000
0	15.003000	13.913043	240.000000	320.000000
0	15.034000	13.913043	240.000000	320.000000
0	15.065000	13.913043	240.000000	320.000000
0	15.097000	13.913043	240.000000	320.000000
0	15.128000	13.913043	240.000000	320.000000
0	15.159000	13.913043	240.000000	320.000000
0	15.206000	13.913043	240.000000	320.000000
0	15.237000	13.913043	240.000000	320.000000
0	15.268000	13.913043	240.000000	320.000000
0	15.299000	13.913043	240.000000	320.000000
0	15.331000	13.913043	240.000000	320.000000
0	15.362000	13.913043	240.000000	320.000000
0	15.393000	13.913043	240.000000	320.000000
0	15.440000	13.913043	240.000000	320.000000
0	15.471000	13.913043	240.000000	320.000000
0	15.502000	13.913043	240.000000	320.000000
0	15.533000	13.913043	240.000000	320.000000
0	15.565000	13.913043	240.000000	320.000000
0	15.596000	13.913043	240.000000	320.000000
0	15.627000	13.913043	240.000000	320.000000
0	15.674000	13.913043	240.000000	320.000000
0	15.705000	13.913043	240.000000	320.000000
0	15.736000	13.913043	240.000000	320.000000
0	15.767000	13.913043	240.000000	320.000000
0	15.799000	13.913043	240.000000	320.000000
0	15.830000	13.913043	240.000000	320.000000
0	15.861000	13.913043	240.000000	320.000000
0	15.892000	13.913043	240.000000	320.000000
0	15.939000	13.913043	240.000000	320.000000
0	15.970000	13.913043	240.000000	320.000000
0	16.001000	13.913043	240.000000	320.000000
0	16.033000	13.913043	240.000000	320.000000
0	16.064000	13.913043	240.000000	320.000000
0	16.095000	13.913043	240.000000	320.000000
0	16.126000	13.913043	240.000000	320.000000
0	16.173000	13.913043	240.000000	320.000000
0	16.204000	13.913043	240.000000	320.000000
0	16.235000	13.913043	240.000000	320.000000
0	16.267000	13.913043	240.000000	320.000000
0	16.298000	13.913043	240.000000	320.000000
0	16.329000	13.913043	240.000000	320.000000
0	16.360000	13.913043	240.000000	320.000000
0	16.407000	13.913043	240.000000	320.000000
0	16.438000	13.913043	240.000000	320.000000
0	16.469000	13.913043	240.000000	320.000000
0	16.501000	13.913043	240.000000	320.000000
0	16.532000	13.913043	240.000000	320.000000
0	16.563000	13.913043	240.000000	320.000000
0	16.594000	13.913043	240.000000	320.000000
0	16.625000	13.913043	240.000000	320.000000
0	16.672000	13.913043	240.000000	320.000000
0	16.703000	13.913043	240.000000	320.000000
0	16.735000	13.913043	240.000000	320.000000
0	16.766000	13.913043	240.000000	320.000000
0	16.797000	13.913043	240.000000	320.000000
0	16.828000	13.913043	240.000000	320.000000
0	16.859000	13.913043	240.000000	320.000000
0	16.906000	13.913043	240.000000	320.000000
0	16.937000	13.913043	240.000000	320.000000
0	16.969000	13.913043	240.000000	320.000000
0	17.000000	13.913043	240.000000	320.000000
0	17.031000	13.913043	240.000000	320.000000
0	17.062000	13.913043	240.000000	320.000000
0	17.093000	13.913043	240.000000	320.000000
0	17.140000	13.913043	240.000000	320.000000
0	17.171000	13.913043	240.000000	320.000000
0	17.203000	13.913043	240.000000	320.000000
0	17.234000	13.913043	240.000000	320.000000
0	17.265000	13.913043	240.000000	320.000000
0	17.296000	13.913043	240.000000	320.000000
0	17.327000	13.913043	240.000000	320.000000
0	17.359000	13.913043	240.000000	320.000000
0	17.405000	13.913043	240.000000	320.000000
0	17.437000	13.913043	240.000000	320.000000
0	17.468000	13.913043	240.000000	320.000000
0	17.499000	13.913043	240.000000	320.000000
0	17.530000	13.913043	240.000000	320.000000
0	17.561000	13.913043	240.000000	320.000000
0	17.593000	13.913043	240.000000	320.000000
0	17.639000	13.913043	240.000000	320.000000
0	17.671000	13.913043	240.000000	320.000000
0	17.702000	13.913043	240.000000	320.000000
0	17.733000	13.913043	240.000000	320.000000
0	17.764000	13.913043	240.000000	320.000000
0	17.795000	13.913043	240.000000	320.000000
0	17.827000	13.913043	240.000000	320.000000
0	17.873000	13.913043	240.000000	320.000000
0	17.905000	13.913043	240.000000	320.000000
0	17.936000	13.913043	240.000000	320.000000
0	17.967000	13.913043	240.000000	320.000000
0	17.998000	13.913043	240.000000	320.000000
<\LEFT-PUPIL-DATA>
<RIGHT-PUPIL-ANALYSIS>
1
0	0	17	541	0	0	0.509000	17.518000	0.509000	99.710426	0.000000	0.000000	0.000000	0	1	1	1	1	0	0	0	0.000000	0.000000	0.000000	0.000000	0.000000	0.000000	0.000000	-1.000000	0.000000	1	1.442696	0.895275	1.635177	0.629748	0.236000	-0.815828	-1.896214	-1.000000	0.181135	1	1.442696	0.895275	1.635177	0.629748	0.236000	-0.826112	-1.896215	-1.000000	0.181135
<\RIGHT-PUPIL-ANALYSIS>
<LEFT-PUPIL-ANALYSIS>
1
0	0	17	542	0	0	0.509000	17.518000	0.509000	99.710426	0.000000	0.000000	0.000000	0	1	1	1	1	0	0	0	0.000000	0.000000	0.000000	0.000000	0.000000	0.000000	0.000000	-1.000000	0.000000	0	-0.034783	-0.034783	0.000950	0.000950	0.001000	0.000000	0.000000	-1.000000	0.000000	1	-0.034783	-0.034783	0.000950	0.000950	0.001000	-1000000.000000	-1000000.000000	-1.000000	0.000000
<\LEFT-PUPIL-ANALYSIS>
%%%%%%%%%
%%%%%%%%%
%%%%%%%%%
%%%	Measurement Tiime is: 2017-08-10 09:08:38
%%%	Subject ID is: c57-1mois-DA-F2-2r
%%%	Note: 
%%%	RSS: Default Human Relative Spectral Sensitivity
%%%	Pupil Analysis:
%%%
%%%
%%%
%%%	Pulse Index:	0
%%%	Stimulus Session Index:	0
%%%	Right Pupil Stimulated
%%%	Light Metric is Photopic
%%%	Stimulus Start Time(sec):	0.51
%%%	Stimulus Duration(sec):	17.52
%%%	Stimulus Pulse Duration(sec):	0.51
%%%	Right Pulse:	99.71	(Red  )	-	0.00	(Red  )	[Lux ]
%%%	Left Pulse:	0.00	(Red  )	-	0.00	(Red  )	[Lux ]
%%%
%%%		RIGHT	LEFT	R.Pupil Mean	L.Pupil Mean	R.Stim Mean	R.Stim Mean
%%%	INPUT:	RAW DATA	RAW DATA
%%%	STATE:	ABNORMAL	ABNORMAL	ABNORMAL	ABNORMAL	ABNORMAL	ABNORMAL
%%%	MAX(mm):	0.00	0.00	0.00	0.00	0.00	0.00
%%%	MIN(mm):	0.00	0.00	0.00	0.00	0.00	0.00
%%%	DELTA(mm):						
%%%	CH(%):						
%%%	LAT(sec):	0.00	0.00	0.00	0.00	0.00	0.00
%%%	CV(mm/s):	0.00	0.00	0.00	0.00	0.00	0.00
%%%	MCV(mm/s):	0.00	0.00	0.00	0.00	0.00	0.00
%%%	DV(mm/s):	0.00	0.00	0.00	0.00	0.00	0.00
%%%%%%%%%
%%%%%%%%%
%%%%%%%%%
%%%	Right Pupil Profile (1st row -> 1 == valid tracking, 0 == invalid tracking; 2nd row -> time; 3rd row -> diameter (mm))
%%%	1	1	1	1	1	0	1	1	1	1	1	1	1	1	1	1	1	1	1	0	1	1	1	1	1	1	1	1	1	1	0	1	1	1	1	1	1	1	1	1	1	1	1	1	1	1	1	1	1	1	1	1	1	1	1	1	1	1	1	1	1	1	1	1	1	1	1	1	1	1	1	1	1	1	1	1	1	1	1	1	1	1	1	0	1	1	1	1	1	0	1	1	1	1	1	1	1	1	1	1	1	1	0	1	1	1	1	0	1	1	1	1	1	1	1	1	1	1	1	1	1	1	1	1	1	1	1	1	1	1	1	1	1	1	1	1	1	1	1	1	1	1	1	1	1	1	1	1	1	0	1	1	1	0	1	1	1	1	1	1	1	1	1	1	1	1	1	1	1	1	1	1	0	1	1	1	1	1	1	1	1	1	1	1	1	1	1	1	1	1	1	1	1	1	1	1	1	1	1	1	1	1	1	1	1	1	1	1	1	1	1	1	1	1	1	1	1	1	1	0	1	1	1	1	1	1	1	1	1	0	1	1	0	1	1	1	1	1	1	1	1	1	1	1	1	1	1	1	1	1	1	0	1	1	1	1	1	1	1	1	1	1	1	0	1	1	1	0	1	1	1	0	1	1	1	0	1	1	1	1	1	1	0	1	1	1	1	1	1	1	1	0	1	1	1	1	1	1	1	1	1	1	1	1	1	0	1	1	1	1	1	0	1	1	1	1	1	1	1	1	1	1	1	1	1	1	1	0	1	1	1	1	1	0	0	1	1	1	1	1	1	1	1	1	1	1	1	1	1	1	1	1	0	1	1	1	1	1	1	1	1	1	1	1	1	1	1	1	1	1	1	1	1	1	1	1	1	1	1	1	1	1	1	1	1	1	1	1	1	1	1	1	1	1	1	1	1	1	1	0	0	1	1	1	1	1	1	0	0	1	1	1	1	1	1	1	1	1	1	1	1	0	1	1	0	1	1	1	0	1	0	1	1	1	1	0	1	1	1	1	0	1	1	1	1	1	1	1	1	1	1	1	1	1	0	1	1	1	1	1	0	1	1	1	1	0	1	1	0	1	1	1	1	1	1	0	1	1	1	0	0	1	1	1	1	1	1	0	1	1	0	1	1	0	1	1	1	1	1	1	1	1	1	1	1	1	1	0	0	1	0	0	1	0	1	1	1	1	1	1	1	1	1	1	1	0	1	1	0	1	1	1	0	1	1	1	1	1	0	1	1	1
%%%	-0.051000	-0.019000	0.012000	0.043000	0.074000	0.105000	0.152000	0.183000	0.215000	0.246000	0.277000	0.308000	0.339000	0.386000	0.417000	0.449000	0.480000	0.511000	0.542000	0.573000	0.620000	0.651000	0.683000	0.714000	0.745000	0.776000	0.807000	0.839000	0.885000	0.917000	0.948000	0.979000	1.010000	1.041000	1.073000	1.119000	1.151000	1.182000	1.213000	1.244000	1.275000	1.307000	1.353000	1.385000	1.416000	1.447000	1.478000	1.509000	1.541000	1.572000	1.619000	1.650000	1.681000	1.712000	1.743000	1.775000	1.806000	1.853000	1.884000	1.915000	1.946000	1.977000	2.009000	2.040000	2.071000	2.118000	2.149000	2.180000	2.211000	2.243000	2.274000	2.305000	2.352000	2.383000	2.414000	2.445000	2.477000	2.508000	2.539000	2.570000	2.617000	2.648000	2.679000	2.711000	2.742000	2.773000	2.804000	2.851000	2.882000	2.913000	2.945000	2.976000	3.007000	3.038000	3.085000	3.116000	3.147000	3.179000	3.210000	3.241000	3.272000	3.303000	3.350000	3.381000	3.413000	3.444000	3.475000	3.506000	3.537000	3.584000	3.615000	3.647000	3.678000	3.709000	3.740000	3.771000	3.818000	3.849000	3.881000	3.912000	3.943000	3.974000	4.005000	4.037000	4.083000	4.115000	4.146000	4.177000	4.208000	4.239000	4.271000	4.317000	4.349000	4.380000	4.411000	4.442000	4.473000	4.505000	4.551000	4.583000	4.614000	4.645000	4.676000	4.707000	4.739000	4.770000	4.817000	4.848000	4.879000	4.910000	4.941000	4.973000	5.004000	5.051000	5.082000	5.113000	5.144000	5.175000	5.207000	5.238000	5.285000	5.316000	5.347000	5.378000	5.409000	5.441000	5.472000	5.503000	5.550000	5.581000	5.612000	5.643000	5.675000	5.706000	5.737000	5.784000	5.815000	5.846000	5.877000	5.909000	5.940000	5.971000	6.018000	6.049000	6.080000	6.111000	6.143000	6.174000	6.205000	6.236000	6.283000	6.314000	6.345000	6.377000	6.408000	6.439000	6.470000	6.501000	6.548000	6.579000	6.611000	6.642000	6.673000	6.704000	6.735000	6.782000	6.813000	6.845000	6.876000	6.907000	6.938000	6.969000	7.016000	7.047000	7.079000	7.110000	7.141000	7.172000	7.203000	7.235000	7.281000	7.313000	7.344000	7.375000	7.406000	7.437000	7.469000	7.515000	7.547000	7.578000	7.609000	7.640000	7.671000	7.703000	7.749000	7.781000	7.812000	7.843000	7.874000	7.905000	7.937000	7.968000	8.015000	8.046000	8.077000	8.108000	8.139000	8.171000	8.202000	8.249000	8.280000	8.311000	8.342000	8.373000	8.405000	8.436000	8.483000	8.514000	8.545000	8.576000	8.607000	8.639000	8.670000	8.701000	8.748000	8.779000	8.810000	8.841000	8.873000	8.904000	8.935000	8.982000	9.013000	9.044000	9.075000	9.107000	9.138000	9.169000	9.216000	9.247000	9.278000	9.309000	9.341000	9.372000	9.403000	9.434000	9.481000	9.512000	9.543000	9.575000	9.606000	9.637000	9.668000	9.715000	9.746000	9.777000	9.809000	9.840000	9.871000	9.902000	9.949000	9.980000	10.011000	10.043000	10.074000	10.105000	10.136000	10.167000	10.214000	10.245000	10.277000	10.308000	10.339000	10.370000	10.401000	10.448000	10.479000	10.511000	10.542000	10.573000	10.604000	10.635000	10.667000	10.713000	10.745000	10.776000	10.807000	10.838000	10.869000	10.901000	10.947000	10.979000	11.010000	11.041000	11.072000	11.103000	11.135000	11.181000	11.213000	11.244000	11.275000	11.306000	11.337000	11.369000	11.400000	11.447000	11.478000	11.509000	11.540000	11.571000	11.603000	11.634000	11.681000	11.712000	11.743000	11.774000	11.805000	11.837000	11.868000	11.899000	11.946000	11.977000	12.008000	12.039000	12.071000	12.102000	12.133000	12.180000	12.211000	12.242000	12.273000	12.305000	12.336000	12.367000	12.414000	12.445000	12.476000	12.508000	12.539000	12.570000	12.601000	12.632000	12.679000	12.710000	12.742000	12.773000	12.804000	12.835000	12.866000	12.913000	12.944000	12.976000	13.007000	13.038000	13.069000	13.100000	13.147000	13.178000	13.210000	13.241000	13.272000	13.303000	13.334000	13.366000	13.412000	13.444000	13.475000	13.506000	13.537000	13.568000	13.600000	13.646000	13.678000	13.709000	13.740000	13.771000	13.802000	13.834000	13.880000	13.912000	13.943000	13.974000	14.005000	14.036000	14.068000	14.099000	14.146000	14.177000	14.208000	14.239000	14.270000	14.302000	14.333000	14.380000	14.411000	14.442000	14.473000	14.504000	14.536000	14.567000	14.598000	14.645000	14.676000	14.707000	14.738000	14.770000	14.801000	14.832000	14.879000	14.910000	14.941000	14.972000	15.004000	15.035000	15.066000	15.113000	15.144000	15.175000	15.206000	15.238000	15.269000	15.300000	15.331000	15.378000	15.409000	15.440000	15.472000	15.503000	15.534000	15.565000	15.612000	15.643000	15.674000	15.706000	15.737000	15.768000	15.799000	15.846000	15.877000	15.908000	15.940000	15.971000	16.002000	16.033000	16.064000	16.111000	16.142000	16.174000	16.205000	16.236000	16.267000	16.298000	16.345000	16.376000	16.408000	16.439000	16.470000	16.501000	16.532000	16.564000	16.610000	16.642000	16.673000	16.704000	16.735000	16.766000	16.798000	16.844000	16.876000	16.907000	16.938000	16.969000	17.000000	17.032000	17.078000	17.110000	17.141000	17.172000	17.203000	17.234000	17.266000	17.297000	17.344000	17.375000	17.406000	17.437000	17.468000	17.500000	17.531000	17.578000	17.609000	17.640000	17.671000	17.702000	17.734000	17.765000	17.812000	17.843000	17.874000	17.905000	17.936000	17.968000
%%%	1.367246	1.373333	1.397101	1.372899	1.378841	1.379710	1.375073	1.387536	1.402899	1.416812	1.407101	1.416812	1.438551	1.407681	1.414493	1.448986	1.415797	1.426087	1.379710	1.530435	1.451594	1.426087	1.426087	1.416377	1.472464	1.472464	1.333333	1.285797	1.282464	1.237536	1.233188	1.062464	1.062464	0.988551	0.998841	0.971449	0.949420	0.957102	0.922319	0.904348	0.921739	0.869565	0.912319	0.894927	0.883623	0.915942	0.874928	0.920725	0.939130	0.935797	0.936812	0.915942	0.915797	0.974058	0.974638	0.922464	0.957681	0.974493	0.988116	0.979420	0.968116	0.977536	0.972899	0.986377	0.968406	0.967971	0.929275	0.939854	0.981449	0.944928	0.939130	0.968406	0.973188	0.944928	0.955362	0.955507	0.978261	0.967971	0.939710	0.972754	0.968406	0.973913	0.951594	0.877536	0.939855	0.915363	0.918841	0.951594	0.951594	0.883768	0.937102	0.977681	0.962464	0.950725	0.996812	0.973913	0.980290	0.894203	0.997101	0.955507	0.977246	0.956667	0.915942	0.965217	0.938406	0.939710	0.936232	0.823188	0.953333	0.924928	0.950580	0.962319	0.939130	0.938116	0.971159	0.950580	0.933188	0.944928	0.939130	0.939130	0.969710	0.909275	0.965797	0.966812	0.957681	0.980725	0.938116	0.957681	0.955942	0.985797	0.960290	0.990145	0.933188	0.966812	0.937536	0.964638	0.994493	0.966667	0.937536	0.940145	0.964638	0.937971	0.950580	0.949710	0.968405	0.955942	0.956522	0.966232	0.903188	0.823188	0.950580	0.935797	0.973188	1.171015	0.947971	0.938551	0.966232	0.962319	0.988551	0.947681	0.950580	0.955362	0.997101	0.962319	1.005942	0.985507	0.973913	0.939710	1.008116	0.974638	0.915942	0.988551	1.147826	0.960290	0.978986	0.973768	0.989710	0.988116	0.939710	0.973913	0.950580	0.957681	0.988116	0.973913	0.981015	0.964203	0.968116	0.938551	0.957681	0.973333	0.966667	0.989710	0.965362	1.020145	0.968841	0.939130	0.933333	0.957246	0.970145	0.950580	0.973913	0.955942	0.968116	0.973333	0.985942	0.954927	0.975072	0.931594	0.957246	0.938551	0.951594	0.901594	0.941884	0.938551	0.944928	0.948985	0.869855	0.975072	0.955507	0.801159	0.970725	0.937536	0.953768	0.950580	0.955362	0.979420	0.990725	0.957102	0.990290	1.159710	0.975507	0.968116	1.192899	0.946232	0.939130	0.955507	0.966232	0.970725	0.955942	0.977246	0.964058	0.939130	0.972319	0.978116	0.938551	0.968116	0.929855	0.955507	0.981015	0.980290	0.998406	1.286957	1.005797	0.939275	0.956522	0.988406	0.989710	0.968551	0.915942	1.000145	0.968551	0.966812	0.939275	1.313043	0.991159	0.957681	0.990145	1.286957	0.965217	0.971159	0.983188	1.201449	0.996232	0.974493	0.994203	1.235362	0.960290	0.977246	0.950580	1.003333	0.981015	0.964058	1.286957	1.014493	0.997971	0.988116	0.985362	0.973913	0.994058	0.966377	1.008116	1.465072	0.968116	1.041014	0.969565	1.000725	0.968985	0.938550	0.994493	1.016812	0.990290	0.988986	0.987536	0.981015	0.984203	0.892754	0.968551	0.989855	0.920725	0.955507	0.981015	1.251594	1.018985	0.951594	0.993768	1.016667	0.951159	0.972319	1.002754	1.020290	0.987971	0.933623	1.014493	0.972754	0.955362	0.981449	1.018116	1.252174	1.023768	0.950580	0.910290	1.014493	0.990290	1.113623	1.157536	0.973913	1.041594	0.996812	1.000725	1.014638	1.020725	1.001159	0.968116	1.008551	0.951015	1.007971	1.007681	0.989710	1.008696	0.987971	0.975072	1.014493	1.257827	0.997246	0.989130	0.945072	1.008116	0.974638	0.939130	1.014493	0.998406	1.017971	0.968985	1.008116	0.988116	0.966667	0.956667	1.020290	1.031884	0.983188	1.039710	0.973913	0.999420	0.985942	1.005362	1.042754	0.983623	0.974928	1.031884	1.017391	1.024493	0.973333	1.008841	1.025362	1.044638	1.003188	1.044203	0.972754	1.023188	1.007536	1.040290	1.008841	0.996812	0.964638	1.012029	1.017971	1.007971	0.999420	0.997101	1.248986	0.933333	1.035942	1.036667	1.078841	1.024493	1.033623	0.977246	1.286957	0.972754	1.059710	1.079855	1.074203	0.964058	1.006377	1.007102	1.018406	0.987971	0.984928	1.008116	1.031884	1.005797	0.950725	0.974493	1.006377	1.286957	1.042754	1.053333	1.040290	1.274493	0.964203	1.318986	1.008841	1.078841	1.023913	0.973913	1.323333	1.044638	0.991304	1.008841	0.991159	1.155362	1.071014	0.966667	1.070290	0.972319	1.028986	1.044058	1.000145	1.044638	1.017536	1.005797	1.079275	0.959275	1.111884	1.356522	1.071159	1.044638	1.086811	0.997101	1.008551	1.008696	1.025507	1.036667	1.117971	1.079855	1.189710	1.108841	1.078841	0.977681	1.101449	0.955942	0.988116	1.031884	0.997246	0.968985	1.238551	0.933768	0.944638	1.005797	1.266377	1.252174	0.998841	1.024493	0.972319	0.973333	0.990725	1.044638	1.565217	1.016667	1.008841	1.379855	1.008841	1.087536	1.217391	0.992464	0.992464	1.079275	1.079420	1.008696	0.956522	1.046667	1.009420	0.987971	1.021884	1.027246	0.947971	0.991304	1.194203	1.216377	1.019710	1.253333	1.272319	0.981449	0.950725	1.060870	1.002899	1.002754	1.007681	1.082029	0.991304	1.008696	1.029275	1.042754	1.016232	1.060725	1.240290	1.042754	0.978406	1.008696	0.939855	1.337681	1.061449	0.985507	0.973333	1.003768	0.964203	1.027246	0.982029	1.187536	1.060290	0.988551	0.985507
%%%	Left Pupil Profile (1st row -> 1 == valid tracking, 0 == invalid tracking; 2nd row -> time; 3rd row -> diameter (mm))
%%%	0	0	0	0	0	0	0	0	0	0	0	0	0	0	0	0	0	0	0	0	0	0	0	0	0	0	0	0	0	0	0	0	0	0	0	0	0	0	0	0	0	0	0	0	0	0	0	0	0	0	0	0	0	0	0	0	0	0	0	0	0	0	0	0	0	0	0	0	0	0	0	0	0	0	0	0	0	0	0	0	0	0	0	0	0	0	0	0	0	0	0	0	0	0	0	0	0	0	0	0	0	0	0	0	0	0	0	0	0	0	0	0	0	0	0	0	0	0	0	0	0	0	0	0	0	0	0	0	0	0	0	0	0	0	0	0	0	0	0	0	0	0	0	0	0	0	0	0	0	0	0	0	0	0	0	0	0	0	0	0	0	0	0	0	0	0	0	0	0	0	0	0	0	0	0	0	0	0	0	0	0	0	0	0	0	0	0	0	0	0	0	0	0	0	0	0	0	0	0	0	0	0	0	0	0	0	0	0	0	0	0	0	0	0	0	0	0	0	0	0	0	0	0	0	0	0	0	0	0	0	0	0	0	0	0	0	0	0	0	0	0	0	0	0	0	0	0	0	0	0	0	0	0	0	0	0	0	0	0	0	0	0	0	0	0	0	0	0	0	0	0	0	0	0	0	0	0	0	0	0	0	0	0	0	0	0	0	0	0	0	0	0	0	0	0	0	0	0	0	0	0	0	0	0	0	0	0	0	0	0	0	0	0	0	0	0	0	0	0	0	0	0	0	0	0	0	0	0	0	0	0	0	0	0	0	0	0	0	0	0	0	0	0	0	0	0	0	0	0	0	0	0	0	0	0	0	0	0	0	0	0	0	0	0	0	0	0	0	0	0	0	0	0	0	0	0	0	0	0	0	0	0	0	0	0	0	0	0	0	0	0	0	0	0	0	0	0	0	0	0	0	0	0	0	0	0	0	0	0	0	0	0	0	0	0	0	0	0	0	0	0	0	0	0	0	0	0	0	0	0	0	0	0	0	0	0	0	0	0	0	0	0	0	0	0	0	0	0	0	0	0	0	0	0	0	0	0	0	0	0	0	0	0	0	0	0	0	0	0	0	0	0	0	0	0	0	0	0	0	0	0	0	0	0	0	0	0	0	0	0	0	0	0	0	0	0	0	0	0	0	0	0	0	0	0	0	0	0	0	0	0	0	0	0	0	0	0	0	0	0	0	0	0	0	0	0	0	0	0	0	0	0	0	0	0	0	0	0	0	0	0	0	0
%%%	-0.051000	-0.020000	0.011000	0.042000	0.074000	0.105000	0.136000	0.167000	0.214000	0.245000	0.276000	0.308000	0.339000	0.370000	0.401000	0.448000	0.479000	0.510000	0.542000	0.573000	0.604000	0.635000	0.682000	0.713000	0.744000	0.776000	0.807000	0.838000	0.869000	0.900000	0.947000	0.978000	1.010000	1.041000	1.072000	1.103000	1.134000	1.181000	1.212000	1.244000	1.275000	1.306000	1.337000	1.368000	1.400000	1.446000	1.478000	1.509000	1.540000	1.571000	1.602000	1.634000	1.680000	1.712000	1.743000	1.774000	1.805000	1.836000	1.868000	1.914000	1.946000	1.977000	2.008000	2.039000	2.070000	2.102000	2.133000	2.180000	2.211000	2.242000	2.273000	2.304000	2.336000	2.367000	2.414000	2.445000	2.476000	2.507000	2.538000	2.570000	2.601000	2.648000	2.679000	2.710000	2.741000	2.772000	2.804000	2.835000	2.866000	2.913000	2.944000	2.975000	3.006000	3.038000	3.069000	3.100000	3.147000	3.178000	3.209000	3.240000	3.272000	3.303000	3.334000	3.365000	3.412000	3.443000	3.474000	3.506000	3.537000	3.568000	3.599000	3.646000	3.677000	3.708000	3.740000	3.771000	3.802000	3.833000	3.880000	3.911000	3.942000	3.974000	4.005000	4.036000	4.067000	4.098000	4.145000	4.176000	4.208000	4.239000	4.270000	4.301000	4.332000	4.379000	4.410000	4.442000	4.473000	4.504000	4.535000	4.566000	4.613000	4.644000	4.676000	4.707000	4.738000	4.769000	4.800000	4.832000	4.878000	4.910000	4.941000	4.972000	5.003000	5.034000	5.066000	5.112000	5.144000	5.175000	5.206000	5.237000	5.268000	5.300000	5.331000	5.378000	5.409000	5.440000	5.471000	5.502000	5.534000	5.565000	5.612000	5.643000	5.674000	5.705000	5.736000	5.768000	5.799000	5.846000	5.877000	5.908000	5.939000	5.970000	6.002000	6.033000	6.080000	6.111000	6.142000	6.173000	6.204000	6.236000	6.267000	6.298000	6.345000	6.376000	6.407000	6.438000	6.470000	6.501000	6.532000	6.579000	6.610000	6.641000	6.672000	6.704000	6.735000	6.766000	6.797000	6.844000	6.875000	6.906000	6.938000	6.969000	7.000000	7.031000	7.078000	7.109000	7.140000	7.172000	7.203000	7.234000	7.265000	7.296000	7.343000	7.374000	7.406000	7.437000	7.468000	7.499000	7.530000	7.577000	7.608000	7.640000	7.671000	7.702000	7.733000	7.764000	7.811000	7.842000	7.874000	7.905000	7.936000	7.967000	7.998000	8.030000	8.076000	8.108000	8.139000	8.170000	8.201000	8.232000	8.264000	8.310000	8.342000	8.373000	8.404000	8.435000	8.466000	8.498000	8.544000	8.576000	8.607000	8.638000	8.669000	8.700000	8.732000	8.763000	8.810000	8.841000	8.872000	8.903000	8.934000	8.966000	8.997000	9.044000	9.075000	9.106000	9.137000	9.168000	9.200000	9.231000	9.278000	9.309000	9.340000	9.371000	9.402000	9.434000	9.465000	9.496000	9.543000	9.574000	9.605000	9.636000	9.668000	9.699000	9.730000	9.777000	9.808000	9.839000	9.870000	9.902000	9.933000	9.964000	10.011000	10.042000	10.073000	10.104000	10.136000	10.167000	10.198000	10.229000	10.276000	10.307000	10.338000	10.370000	10.401000	10.432000	10.463000	10.510000	10.541000	10.572000	10.604000	10.635000	10.666000	10.697000	10.744000	10.775000	10.806000	10.838000	10.869000	10.900000	10.931000	10.962000	11.009000	11.040000	11.072000	11.103000	11.134000	11.165000	11.196000	11.228000	11.274000	11.306000	11.337000	11.368000	11.399000	11.430000	11.462000	11.508000	11.540000	11.571000	11.602000	11.633000	11.664000	11.696000	11.742000	11.774000	11.805000	11.836000	11.867000	11.898000	11.930000	11.961000	12.008000	12.039000	12.070000	12.101000	12.132000	12.164000	12.195000	12.242000	12.273000	12.304000	12.335000	12.366000	12.398000	12.429000	12.476000	12.507000	12.538000	12.569000	12.601000	12.632000	12.663000	12.694000	12.741000	12.772000	12.803000	12.835000	12.866000	12.897000	12.928000	12.975000	13.006000	13.037000	13.069000	13.100000	13.131000	13.162000	13.209000	13.240000	13.271000	13.303000	13.334000	13.365000	13.396000	13.427000	13.474000	13.505000	13.537000	13.568000	13.599000	13.630000	13.661000	13.708000	13.739000	13.771000	13.802000	13.833000	13.864000	13.895000	13.942000	13.973000	14.005000	14.036000	14.067000	14.098000	14.129000	14.161000	14.207000	14.239000	14.270000	14.301000	14.332000	14.363000	14.395000	14.441000	14.473000	14.504000	14.535000	14.566000	14.597000	14.629000	14.675000	14.707000	14.738000	14.769000	14.800000	14.831000	14.863000	14.894000	14.941000	14.972000	15.003000	15.034000	15.065000	15.097000	15.128000	15.159000	15.206000	15.237000	15.268000	15.299000	15.331000	15.362000	15.393000	15.440000	15.471000	15.502000	15.533000	15.565000	15.596000	15.627000	15.674000	15.705000	15.736000	15.767000	15.799000	15.830000	15.861000	15.892000	15.939000	15.970000	16.001000	16.033000	16.064000	16.095000	16.126000	16.173000	16.204000	16.235000	16.267000	16.298000	16.329000	16.360000	16.407000	16.438000	16.469000	16.501000	16.532000	16.563000	16.594000	16.625000	16.672000	16.703000	16.735000	16.766000	16.797000	16.828000	16.859000	16.906000	16.937000	16.969000	17.000000	17.031000	17.062000	17.093000	17.140000	17.171000	17.203000	17.234000	17.265000	17.296000	17.327000	17.359000	17.405000	17.437000	17.468000	17.499000	17.530000	17.561000	17.593000	17.639000	17.671000	17.702000	17.733000	17.764000	17.795000	17.827000	17.873000	17.905000	17.936000	17.967000	17.998000
%%%	13.913043	13.913043	13.913043	13.913043	13.913043	13.913043	13.913043	13.913043	13.913043	13.913043	13.913043	13.913043	13.913043	13.913043	13.913043	13.913043	13.913043	13.913043	13.913043	13.913043	13.913043	13.913043	13.913043	13.913043	13.913043	13.913043	13.913043	13.913043	13.913043	13.913043	13.913043	13.913043	13.913043	13.913043	13.913043	13.913043	13.913043	13.913043	13.913043	13.913043	13.913043	13.913043	13.913043	13.913043	13.913043	13.913043	13.913043	13.913043	13.913043	13.913043	13.913043	13.913043	13.913043	13.913043	13.913043	13.913043	13.913043	13.913043	13.913043	13.913043	13.913043	13.913043	13.913043	13.913043	13.913043	13.913043	13.913043	13.913043	13.913043	13.913043	13.913043	13.913043	13.913043	13.913043	13.913043	13.913043	13.913043	13.913043	13.913043	13.913043	13.913043	13.913043	13.913043	13.913043	13.913043	13.913043	13.913043	13.913043	13.913043	13.913043	13.913043	13.913043	13.913043	13.913043	13.913043	13.913043	13.913043	13.913043	13.913043	13.913043	13.913043	13.913043	13.913043	13.913043	13.913043	13.913043	13.913043	13.913043	13.913043	13.913043	13.913043	13.913043	13.913043	13.913043	13.913043	13.913043	13.913043	13.913043	13.913043	13.913043	13.913043	13.913043	13.913043	13.913043	13.913043	13.913043	13.913043	13.913043	13.913043	13.913043	13.913043	13.913043	13.913043	13.913043	13.913043	13.913043	13.913043	13.913043	13.913043	13.913043	13.913043	13.913043	13.913043	13.913043	13.913043	13.913043	13.913043	13.913043	13.913043	13.913043	13.913043	13.913043	13.913043	13.913043	13.913043	13.913043	13.913043	13.913043	13.913043	13.913043	13.913043	13.913043	13.913043	13.913043	13.913043	13.913043	13.913043	13.913043	13.913043	13.913043	13.913043	13.913043	13.913043	13.913043	13.913043	13.913043	13.913043	13.913043	13.913043	13.913043	13.913043	13.913043	13.913043	13.913043	13.913043	13.913043	13.913043	13.913043	13.913043	13.913043	13.913043	13.913043	13.913043	13.913043	13.913043	13.913043	13.913043	13.913043	13.913043	13.913043	13.913043	13.913043	13.913043	13.913043	13.913043	13.913043	13.913043	13.913043	13.913043	13.913043	13.913043	13.913043	13.913043	13.913043	13.913043	13.913043	13.913043	13.913043	13.913043	13.913043	13.913043	13.913043	13.913043	13.913043	13.913043	13.913043	13.913043	13.913043	13.913043	13.913043	13.913043	13.913043	13.913043	13.913043	13.913043	13.913043	13.913043	13.913043	13.913043	13.913043	13.913043	13.913043	13.913043	13.913043	13.913043	13.913043	13.913043	13.913043	13.913043	13.913043	13.913043	13.913043	13.913043	13.913043	13.913043	13.913043	13.913043	13.913043	13.913043	13.913043	13.913043	13.913043	13.913043	13.913043	13.913043	13.913043	13.913043	13.913043	13.913043	13.913043	13.913043	13.913043	13.913043	13.913043	13.913043	13.913043	13.913043	13.913043	13.913043	13.913043	13.913043	13.913043	13.913043	13.913043	13.913043	13.913043	13.913043	13.913043	13.913043	13.913043	13.913043	13.913043	13.913043	13.913043	13.913043	13.913043	13.913043	13.913043	13.913043	13.913043	13.913043	13.913043	13.913043	13.913043	13.913043	13.913043	13.913043	13.913043	13.913043	13.913043	13.913043	13.913043	13.913043	13.913043	13.913043	13.913043	13.913043	13.913043	13.913043	13.913043	13.913043	13.913043	13.913043	13.913043	13.913043	13.913043	13.913043	13.913043	13.913043	13.913043	13.913043	13.913043	13.913043	13.913043	13.913043	13.913043	13.913043	13.913043	13.913043	13.913043	13.913043	13.913043	13.913043	13.913043	13.913043	13.913043	13.913043	13.913043	13.913043	13.913043	13.913043	13.913043	13.913043	13.913043	13.913043	13.913043	13.913043	13.913043	13.913043	13.913043	13.913043	13.913043	13.913043	13.913043	13.913043	13.913043	13.913043	13.913043	13.913043	13.913043	13.913043	13.913043	13.913043	13.913043	13.913043	13.913043	13.913043	13.913043	13.913043	13.913043	13.913043	13.913043	13.913043	13.913043	13.913043	13.913043	13.913043	13.913043	13.913043	13.913043	13.913043	13.913043	13.913043	13.913043	13.913043	13.913043	13.913043	13.913043	13.913043	13.913043	13.913043	13.913043	13.913043	13.913043	13.913043	13.913043	13.913043	13.913043	13.913043	13.913043	13.913043	13.913043	13.913043	13.913043	13.913043	13.913043	13.913043	13.913043	13.913043	13.913043	13.913043	13.913043	13.913043	13.913043	13.913043	13.913043	13.913043	13.913043	13.913043	13.913043	13.913043	13.913043	13.913043	13.913043	13.913043	13.913043	13.913043	13.913043	13.913043	13.913043	13.913043	13.913043	13.913043	13.913043	13.913043	13.913043	13.913043	13.913043	13.913043	13.913043	13.913043	13.913043	13.913043	13.913043	13.913043	13.913043	13.913043	13.913043	13.913043	13.913043	13.913043	13.913043	13.913043	13.913043	13.913043	13.913043	13.913043	13.913043	13.913043	13.913043	13.913043	13.913043	13.913043	13.913043	13.913043	13.913043	13.913043	13.913043	13.913043	13.913043	13.913043	13.913043	13.913043	13.913043	13.913043	13.913043	13.913043	13.913043	13.913043	13.913043	13.913043	13.913043	13.913043	13.913043	13.913043	13.913043	13.913043	13.913043	13.913043	13.913043	13.913043	13.913043	13.913043	13.913043	13.913043	13.913043	13.913043	13.913043	13.913043	13.913043	13.913043	13.913043	13.913043	13.913043	13.913043	13.913043	13.913043	13.913043	13.913043	13.913043	13.913043	13.913043	13.913043	13.913043	13.913043	13.913043	13.913043	13.913043	13.913043	13.913043	13.913043	13.913043	13.913043	13.913043	13.913043	13.913043	13.913043	13.913043	13.913043	13.913043	13.913043	13.913043	13.913043
%%%	Pulse Index	Stimulus Section Index	Stimulus Section Start Index	Stimulus Section End Index	Pupil Stimulated: 0 = Right, 1 = Left, 2 = Both	Light Metric: 0 = Photopic, 1 = Scopotic, 2 = Radiometric	Stimulus Start Time	Stimulus Duration	Stimulus Pulse Duration	Right Pulse Max Level	Right Pulse Max Color (0123 = WRGB)	Right Pulse Min Level	Right Pulse Min Color (0123 = WRGB)	Left Pulse Max Level	Left Pulse Max Color (0123 = WRGB)	Left Pulse Min Level	Left Pulse Min Color (0123 = WRGB)	Right Data Input Type (0 == RAW DATA, 1 == FITTED DATA, 2 == M. OVERRIDED)	Right ANALYSIS STATE (0 == ABNORMAL, 1 == NORMAL)	Right MAX (mm) (EMPTY if INVALID)	Right MIN (mm) (EMPTY if INVALID)	Right DELTA (mm) (EMPTY if INVALID)	Right CH (%) (EMPTY if INVALID)	Right LAT (sec) (EMPTY if INVALID)	Right CV (mm/s) (EMPTY if INVALID)	Right MCV (mm/s) (EMPTY if INVALID)	Right DV (mm/s) (EMPTY if INVALID)	Left Data Input Type (0 == RAW DATA, 1 == FITTED DATA, 2 == M. OVERRIDED)	Left ANALYSIS STATE (0 == ABNORMAL, 1 == NORMAL)	Left MAX (mm) (EMPTY if INVALID)	Left MIN (mm) (EMPTY if INVALID)	Left DELTA (mm) (EMPTY if INVALID)	Left CH (%) (EMPTY if INVALID)	Left LAT (sec) (EMPTY if INVALID)	Left CV (mm/s) (EMPTY if INVALID)	Left MCV (mm/s) (EMPTY if INVALID)	Left DV (mm/s) (EMPTY if INVALID)
%%%	0	0	17	541	0	0	0.51	17.52	0.51	99.71	1	0.00	1	0.00	1	0.00	1	0	0	0.00	0.00			0.00	0.00	0.00	0.00	0	0	0.00	0.00			0.00	0.00	0.00	0.00
%%%%%%%%%
%%%%%%%%%
%%%%%%%%%
<\SESSION>
