<SESSION>
<VERSION>
2
<\VERSION>
<DATE>
2017-08-10 09:25:07
<\DATE>
<SUBJECT-ID>
c57-1mois-DA-F3-1.2r
<\SUBJECT-ID>
<NOTE>

<\NOTE>
<MIN-MAX-PLOT>
0.100000 51880.761719
<\MIN-MAX-PLOT>
<STIMULUS-DEFINED>
Default
Default Human Relative Spectral Sensitivity
1	0
1	0.500000	0.500000	17.000000	1	1	1.200000	-100.000000	0.100000	-100.000000	0
<\STIMULUS-DEFINED>
<STIMULUS-GENERATED>
4
0	0	0.000000	1	0.000000	0.000000	1	0.000000	0.000000
0	1	0.509000	1	0.065221	15.983889	1	0.000000	0.000000
0	4	1.018000	1	0.000000	0.000000	1	0.000000	0.000000
-1	5	18.027000	0	0.000000	0.000000	0	0.000000	0.000000
<\STIMULUS-GENERATED>
<RIGHT-PUPIL-DATA>
543	1
1	-0.051000	1.269710	317.293488	258.156158
1	-0.020000	1.305362	316.118744	259.756256
1	0.012000	1.327246	316.037506	260.537506
1	0.043000	1.284058	316.000000	260.750000
0	0.074000	1.205217	316.024994	257.774994
1	0.121000	1.310145	315.750000	259.250000
1	0.152000	1.286957	316.000000	258.000000
1	0.183000	1.344928	316.000000	259.000000
1	0.214000	1.305362	316.118744	257.993744
1	0.246000	1.322899	316.012482	258.475006
0	0.277000	1.089710	313.843750	256.593750
1	0.308000	1.342464	316.256256	260.631256
1	0.355000	1.305942	315.093750	261.218750
1	0.386000	1.321739	315.500000	261.500000
1	0.417000	1.338551	315.625000	259.625000
1	0.448000	1.216232	318.850006	259.475006
1	0.480000	1.296377	314.893738	259.106262
1	0.511000	1.296377	316.968750	259.393738
1	0.542000	1.347826	315.000000	260.500000
1	0.573000	1.344928	316.000000	263.000000
1	0.620000	1.283768	314.225006	261.574982
1	0.651000	1.335362	315.187500	262.375000
1	0.682000	1.323333	314.468750	260.656250
1	0.714000	1.304348	315.312500	260.187500
1	0.745000	1.298551	316.000000	259.000000
1	0.776000	1.328985	315.437500	259.562500
0	0.807000	0.978986	316.843750	255.981262
0	0.854000	1.118406	313.318756	259.931244
0	0.885000	1.048841	313.056244	259.881256
0	0.916000	0.782609	318.000000	258.500000
1	0.948000	1.096812	313.225006	262.225006
0	0.979000	0.903623	315.918762	259.418762
0	1.010000	0.835362	316.000000	257.000000
0	1.041000	0.487101	319.006256	254.006256
1	1.088000	0.931015	313.375000	259.500000
0	1.119000	0.642319	315.975006	255.949982
0	1.150000	0.457101	320.612488	258.362488
0	1.182000	0.347826	262.256927	314.743073
0	1.213000	0.753333	315.412506	260.787506
1	1.244000	0.913623	313.687500	260.312500
0	1.275000	0.814638	314.281250	258.281250
1	1.306000	0.799855	315.256256	258.381256
1	1.353000	0.915942	314.000000	260.000000
0	1.384000	0.831594	315.649994	258.537506
1	1.416000	0.937971	314.975006	260.725006
0	1.447000	0.795072	315.187500	259.062500
0	1.478000	0.602899	318.000000	257.000000
0	1.509000	0.631014	318.437500	258.562500
0	1.540000	0.724493	317.968750	257.981262
0	1.587000	0.500145	322.056244	254.068756
1	1.618000	0.998116	314.856293	257.956268
1	1.650000	0.963623	315.593750	257.593750
1	1.681000	0.973333	315.500000	257.500000
1	1.712000	0.954928	315.281250	257.281250
0	1.743000	0.533333	322.500000	253.500000
0	1.774000	0.796232	318.875000	257.062500
1	1.821000	0.716812	320.299988	255.937500
0	1.852000	0.814493	317.750000	256.000000
0	1.884000	0.914638	317.356262	256.293762
1	1.915000	0.970290	316.043762	256.043762
1	1.946000	0.956522	315.875000	256.125000
1	1.977000	0.958116	315.718750	256.718750
1	2.008000	0.964058	315.399902	256.937317
1	2.040000	0.978406	315.418671	257.943756
0	2.086000	0.679855	318.906250	256.406250
1	2.118000	1.005362	314.006256	259.493744
0	2.149000	0.698985	319.306244	255.693756
0	2.180000	0.632029	318.093750	253.406250
1	2.211000	0.987971	314.743744	256.743744
1	2.242000	0.995652	315.843750	256.406250
0	2.274000	0.990290	315.243744	255.743744
1	2.320000	1.051159	315.568756	257.056244
1	2.352000	0.990290	315.693756	256.318756
0	2.383000	0.847971	317.881256	253.806244
0	2.414000	0.904058	317.737488	255.224976
0	2.445000	0.836377	317.531250	255.018738
1	2.476000	1.018841	315.250000	258.250000
1	2.508000	1.007102	314.518738	258.981262
1	2.539000	0.985942	315.068756	258.431244
1	2.586000	0.964058	316.024994	257.024994
1	2.617000	1.035362	315.375000	256.875000
0	2.648000	0.954203	317.149994	254.712494
0	2.679000	0.939130	317.000000	255.000000
0	2.710000	0.962319	319.000000	256.000000
0	2.742000	0.892464	318.412506	254.162506
0	2.773000	0.707681	321.806244	254.631256
1	2.820000	1.025652	315.781250	258.406250
1	2.851000	0.995072	315.062500	258.312500
0	2.882000	0.939130	318.000000	258.000000
0	2.913000	0.723188	320.750000	253.750000
1	2.944000	0.855072	319.812500	253.562500
1	2.976000	1.063768	316.750000	255.500000
0	3.007000	0.629420	321.981232	249.818756
0	3.054000	0.664203	322.806244	251.756256
1	3.085000	0.829420	319.068756	252.881256
0	3.116000	0.660580	320.787354	253.175171
0	3.147000	0.734203	321.562500	256.549988
1	3.178000	1.044638	316.475006	259.475006
0	3.210000	0.974928	317.056244	257.568756
1	3.241000	1.078841	315.487488	257.000000
0	3.272000	0.744058	319.737488	251.737488
1	3.319000	1.079275	315.756256	254.993744
0	3.350000	0.725507	321.062500	250.187500
0	3.381000	0.843623	319.468750	253.156250
1	3.412000	1.061594	315.281281	256.781219
1	3.444000	1.017391	316.250000	257.500000
1	3.475000	1.007536	315.512482	258.225006
0	3.506000	0.760290	318.812500	253.937500
0	3.553000	0.852029	317.993744	253.006256
0	3.584000	0.746377	319.737488	251.737488
1	3.615000	1.043478	314.500000	255.500000
1	3.646000	0.968116	316.025055	254.574921
1	3.678000	1.024493	316.218750	256.781250
1	3.709000	1.043333	314.993744	257.568756
1	3.740000	0.985507	316.000000	256.000000
0	3.787000	0.994203	315.250000	256.500000
0	3.818000	0.739710	320.299957	253.449982
1	3.849000	1.041015	314.993744	254.956268
0	3.880000	0.698985	321.306244	252.693756
0	3.912000	0.815507	318.843750	252.718750
1	3.943000	1.020290	316.000000	257.000000
0	3.974000	0.788406	318.500000	255.500000
1	4.005000	1.007536	314.024994	258.024994
0	4.052000	0.833623	317.975006	254.587494
1	4.083000	1.013623	315.562500	255.312500
0	4.114000	0.973913	317.000000	256.000000
1	4.146000	1.018116	315.250000	254.375000
0	4.177000	0.973913	316.000000	253.000000
1	4.208000	0.998841	314.100006	255.899994
0	4.239000	0.708841	319.818756	253.181244
1	4.286000	1.020290	314.000000	257.000000
0	4.317000	1.028986	314.500000	257.500000
0	4.348000	1.007102	315.468750	257.531250
0	4.380000	0.923333	316.531250	255.268738
1	4.411000	1.060724	313.731293	256.706085
0	4.442000	0.721739	319.312500	252.812500
0	4.473000	0.983768	314.774994	254.225006
0	4.504000	0.557246	320.918762	252.018738
0	4.551000	1.008550	315.456146	258.506134
1	4.582000	1.078841	313.487488	259.000000
1	4.614000	1.034203	314.437500	257.500000
0	4.645000	0.787536	317.062500	252.687500
0	4.676000	1.019275	313.818756	255.306244
1	4.707000	1.100725	314.331238	256.281250
0	4.738000	0.815942	317.906250	253.031250
0	4.785000	0.851015	316.725006	253.725006
0	4.816000	1.001015	314.418732	257.493744
1	4.848000	1.034203	314.125000	257.375000
1	4.879000	1.018406	314.068756	257.681244
1	4.910000	1.044638	313.524994	256.524994
0	4.941000	0.999710	314.087494	254.537506
1	4.972000	0.912029	317.368744	251.631256
1	5.019000	1.044638	316.475006	253.975006
0	5.050000	0.974493	317.000000	254.500000
1	5.082000	1.045507	313.962494	256.512482
1	5.113000	1.077246	314.006256	256.131256
0	5.144000	1.039130	314.875000	255.625000
0	5.175000	0.997101	315.500000	254.500000
1	5.206000	1.136232	317.000000	254.000000
1	5.238000	1.053188	315.356232	252.618744
0	5.284000	1.107681	317.118744	253.568756
0	5.316000	0.728551	321.593750	249.468750
0	5.347000	0.894058	318.593750	252.406250
0	5.378000	0.552754	321.987488	249.987488
1	5.409000	1.087536	316.125000	256.875000
0	5.440000	0.792029	319.843689	253.006226
0	5.472000	0.727971	321.756195	252.143707
0	5.518000	1.007536	318.975006	253.574982
0	5.550000	0.798841	321.475006	250.087494
0	5.581000	0.834783	319.500000	248.500000
0	5.612000	0.813623	318.837524	247.312500
0	5.643000	0.972899	318.006256	249.993744
1	5.674000	1.098406	317.268738	251.268738
0	5.706000	0.760290	322.062500	247.562500
0	5.752000	0.774058	322.631256	248.881256
0	5.784000	0.904348	320.500000	250.500000
1	5.815000	1.159275	317.531250	254.906250
0	5.846000	0.876812	320.112488	251.112488
1	5.877000	1.074638	318.118805	251.406281
1	5.908000	1.090725	318.437500	250.562500
1	5.940000	1.098841	317.287506	250.287506
0	5.971000	1.060870	319.000000	250.500000
0	6.018000	0.830290	321.931244	249.068756
0	6.049000	0.617536	325.431244	247.118744
0	6.080000	0.901015	321.193756	250.993744
0	6.111000	0.626087	325.000000	248.000000
1	6.142000	1.108551	317.381256	250.931244
0	6.174000	0.885507	320.262512	247.262512
0	6.205000	0.979710	319.000000	247.000000
0	6.252000	1.061449	318.750000	248.750000
1	6.283000	1.154928	317.406250	251.406250
0	6.314000	0.881449	320.287506	248.662506
0	6.345000	0.840580	322.000000	249.500000
1	6.376000	1.183188	318.250000	255.000000
0	6.408000	0.936812	319.475006	249.975006
1	6.439000	1.130580	318.068756	251.743744
1	6.470000	1.179420	317.975006	251.837494
1	6.517000	1.159420	316.500000	252.500000
0	6.548000	1.079275	316.006256	253.568756
0	6.579000	1.061449	317.250000	254.187500
1	6.610000	0.834783	322.000000	253.000000
0	6.642000	1.041594	318.031250	252.468750
1	6.673000	1.142609	315.749969	254.449982
0	6.704000	0.813623	320.687500	249.337463
0	6.751000	0.823333	319.906250	249.843750
0	6.782000	1.020580	316.337494	253.662506
0	6.813000	0.970145	317.112488	253.512512
0	6.844000	0.974493	317.000000	254.000000
1	6.876000	1.083333	314.993713	254.018799
0	6.907000	0.765217	321.000000	250.000000
0	6.938000	0.866232	316.943756	249.756256
0	6.985000	1.065797	316.187500	253.737488
0	7.016000	1.066667	313.000000	256.000000
1	7.047000	1.077101	312.975006	257.925018
0	7.078000	0.782464	315.256256	255.243744
1	7.110000	1.082609	314.000000	258.000000
0	7.141000	0.983623	315.993744	254.006256
0	7.172000	1.096232	314.875000	254.250000
1	7.203000	1.159275	313.093750	255.906250
1	7.250000	1.133333	313.700012	255.700012
1	7.281000	1.096812	312.774994	254.225006
1	7.312000	1.100725	313.331238	257.831238
1	7.344000	1.182463	312.606262	258.493713
1	7.375000	1.083623	311.506256	258.381256
1	7.406000	1.154928	312.468750	259.406250
1	7.437000	1.098551	312.862488	256.750000
0	7.484000	1.113043	312.500000	255.500000
1	7.515000	1.063333	313.281250	255.218750
0	7.546000	1.097971	313.824951	256.224976
0	7.578000	0.940290	314.475006	255.475006
1	7.609000	1.159420	311.500000	259.500000
1	7.640000	1.133333	310.450012	259.700012
1	7.671000	1.183623	310.431244	260.056244
1	7.718000	1.179710	308.750000	259.000000
0	7.749000	1.082029	307.437500	257.437500
1	7.780000	1.104203	307.256256	259.318756
0	7.812000	0.788116	312.287506	258.024994
1	7.843000	1.105362	305.756256	262.793732
0	7.874000	1.066667	305.000000	268.000000
0	7.905000	1.052174	305.750000	265.750000
1	7.936000	1.202754	306.218750	270.031250
0	7.983000	0.901449	307.450012	263.450012
0	8.014000	1.042464	308.981201	264.581238
1	8.046000	1.081594	307.443756	263.506256
1	8.077000	1.082029	308.562500	261.437500
1	8.108000	1.217391	310.000000	263.000000
1	8.139000	1.090290	307.931244	260.318756
1	8.170000	1.114928	308.918762	261.031372
0	8.217000	0.939710	310.750000	259.500000
1	8.248000	1.204203	309.006256	263.306244
0	8.280000	0.847247	312.237488	260.612671
1	8.311000	1.153188	307.693756	266.306244
0	8.342000	1.008696	308.000000	265.000000
1	8.373000	1.218261	307.024994	270.062469
0	8.404000	0.918551	310.587494	265.087494
1	8.451000	1.119276	307.606140	265.543884
1	8.482000	1.159275	307.093750	266.656250
0	8.514000	1.018406	308.681244	264.356232
0	8.545000	1.050725	306.612488	264.887512
0	8.576000	0.951015	310.162506	264.787506
0	8.607000	0.916812	311.312500	265.562500
0	8.638000	1.020580	307.662506	267.337494
1	8.670000	1.192464	306.162506	270.587494
1	8.716000	1.205797	306.500000	271.500000
1	8.748000	1.045073	306.031372	267.481384
0	8.779000	0.877246	310.918762	264.181458
0	8.810000	1.154928	308.406250	267.406250
1	8.841000	1.136232	307.500000	266.500000
0	8.872000	0.896812	310.899994	263.949982
0	8.904000	1.104203	308.868744	266.318756
0	8.950000	0.854638	309.206238	262.856262
0	8.982000	1.040290	307.862488	266.425049
0	9.013000	1.055072	307.750000	265.250000
0	9.044000	0.998406	308.156250	265.856262
0	9.075000	0.981449	306.987518	266.649994
1	9.106000	1.061884	306.756256	267.743744
0	9.138000	0.996667	307.818756	268.181244
0	9.169000	0.931015	307.375000	266.312500
0	9.216000	0.795652	308.000000	263.875000
0	9.247000	0.933768	307.431244	264.306244
1	9.278000	1.160290	305.687500	269.312500
1	9.309000	1.183334	304.568756	270.006256
0	9.340000	1.038406	304.581238	267.581238
1	9.372000	1.135507	304.531250	271.731262
1	9.403000	1.096812	303.225006	272.225006
0	9.450000	0.850290	307.668732	269.193756
1	9.481000	1.113043	304.000000	273.000000
1	9.512000	1.102899	304.700012	270.762512
1	9.543000	1.043478	305.250000	269.750000
0	9.574000	0.576812	314.000000	263.750000
0	9.606000	0.998551	306.875000	265.825012
0	9.637000	0.905507	308.475006	265.225006
1	9.684000	0.881595	310.681091	265.368652
0	9.715000	0.951015	308.412506	264.162506
0	9.746000	0.990290	307.243744	265.756256
0	9.777000	1.026087	306.500000	267.500000
1	9.808000	0.901449	309.450012	267.549988
1	9.840000	1.169420	306.556244	271.756256
0	9.871000	0.970290	308.018646	269.943756
0	9.902000	0.989855	306.799988	268.687500
0	9.949000	0.736232	310.875000	264.875000
0	9.980000	0.773913	311.500000	264.250000
0	10.011000	0.915508	309.606018	264.868958
0	10.042000	0.883623	309.693756	265.306244
1	10.074000	1.068551	306.318756	268.306244
0	10.105000	0.851159	310.368744	266.818756
0	10.136000	0.851594	308.000000	267.125000
0	10.183000	0.855797	309.793762	268.293762
1	10.214000	1.117971	305.937500	271.562500
1	10.245000	0.990290	306.756256	268.618744
0	10.276000	0.827102	310.581238	264.968750
0	10.308000	0.755797	309.506226	263.518738
0	10.339000	0.521739	314.250000	261.250000
0	10.370000	0.939130	308.000000	265.000000
0	10.401000	0.973333	306.500000	265.500000
0	10.448000	0.916377	308.681244	265.568756
0	10.479000	0.540290	315.587494	263.524994
0	10.510000	0.967971	307.856232	267.943756
0	10.542000	0.975942	307.987488	267.512390
0	10.573000	0.680580	311.524994	263.462494
0	10.604000	0.933623	308.350006	264.962494
0	10.635000	0.744928	310.200012	262.799988
1	10.682000	1.044638	305.975006	264.975006
0	10.713000	1.020290	306.000000	265.000000
1	10.744000	1.112029	306.256256	268.181244
0	10.776000	1.013768	306.406250	268.043762
1	10.807000	1.045072	305.018738	268.593750
0	10.838000	0.858841	309.287506	268.649994
1	10.869000	1.136232	304.500000	269.500000
1	10.916000	1.159420	305.000000	272.000000
0	10.947000	0.965797	306.562500	264.875000
1	10.978000	1.133768	305.118744	267.118744
0	11.010000	0.841594	308.531006	263.543579
0	11.041000	1.015797	306.656250	265.343750
0	11.072000	0.483623	314.493744	263.506256
0	11.103000	0.960290	307.062500	267.687500
1	11.134000	1.178551	305.050018	271.462494
0	11.181000	0.954928	307.718750	268.718750
0	11.212000	0.842319	308.649994	265.850006
0	11.244000	0.778841	308.799988	264.812500
0	11.275000	0.812464	308.737488	264.637512
0	11.306000	0.896377	308.581268	266.156219
0	11.337000	0.885942	307.993744	264.256256
0	11.368000	0.817246	309.681244	264.743744
0	11.415000	0.814058	306.693756	265.306244
0	11.446000	0.800580	309.000000	264.487488
0	11.478000	0.987971	306.693756	265.256256
0	11.509000	0.898406	307.531250	262.081238
0	11.540000	0.823333	311.093750	262.656250
0	11.571000	0.829275	308.537506	259.524994
0	11.602000	1.042754	306.981262	261.981262
0	11.649000	0.857681	309.387482	263.662506
0	11.680000	0.857536	304.818756	263.068756
0	11.712000	0.764058	310.524994	263.649994
0	11.743000	0.728841	312.518738	262.518738
0	11.774000	0.868551	309.181244	262.543732
1	11.805000	1.081594	306.993744	264.443756
0	11.836000	0.801159	310.475006	260.274994
0	11.868000	0.803768	308.550049	260.000000
0	11.914000	0.745072	310.718750	262.281250
0	11.946000	0.920725	308.243744	263.756256
0	11.977000	0.712899	310.243744	264.243744
0	12.008000	0.854928	308.281250	264.906250
0	12.039000	1.043478	307.000000	264.000000
0	12.070000	0.884203	308.743622	263.018768
1	12.102000	1.181594	305.381256	266.006256
0	12.148000	0.831594	308.649994	261.975006
0	12.180000	0.986377	306.250000	262.312500
1	12.211000	1.035942	304.350006	265.350006
1	12.242000	1.131014	304.700012	267.500000
0	12.273000	0.834638	305.993744	263.006256
0	12.304000	0.776812	309.062500	264.562500
1	12.336000	1.101159	303.412506	266.837494
1	12.382000	1.146667	304.837494	266.274994
0	12.414000	0.867971	306.781250	262.256226
0	12.445000	0.957102	306.125000	263.250000
1	12.476000	1.118841	306.000000	266.500000
0	12.507000	0.894058	308.893738	265.143738
0	12.538000	0.832464	310.462494	265.649994
0	12.570000	0.695652	310.750000	262.750000
1	12.601000	0.788406	309.875000	260.375000
0	12.648000	0.660870	311.000000	257.000000
0	12.679000	0.858116	310.843750	261.156250
0	12.710000	0.832029	309.468750	260.468750
1	12.741000	1.113043	308.000000	265.000000
0	12.772000	0.759710	310.037506	260.587494
0	12.804000	0.852029	310.368744	263.243744
1	12.835000	0.886377	310.500000	264.000000
0	12.882000	0.805797	311.625000	261.125000
0	12.913000	0.834783	313.500000	261.500000
1	12.944000	1.141449	308.212494	263.850006
1	12.975000	1.083768	307.962494	263.524994
0	13.006000	1.088116	308.600006	263.100006
0	13.038000	0.968985	309.937500	261.562500
0	13.069000	1.059275	308.218750	262.781250
0	13.116000	0.871159	310.906250	260.518738
0	13.147000	0.921159	310.799988	262.750000
1	13.178000	1.159855	308.243744	267.068756
0	13.209000	1.047246	307.112488	265.637512
1	13.240000	1.094493	307.649994	264.149994
0	13.272000	0.788116	308.087494	258.662506
0	13.303000	0.911884	311.850006	260.850006
1	13.334000	1.114203	308.475006	263.975006
0	13.381000	0.743478	312.750000	259.750000
1	13.412000	1.084058	308.512512	265.049988
1	13.443000	0.868985	312.500000	263.500000
1	13.474000	1.088840	307.581299	265.681213
0	13.506000	1.052754	308.125000	262.875000
0	13.537000	1.101159	309.662506	263.087494
1	13.568000	1.081594	309.481232	263.006256
0	13.615000	0.794493	311.087494	259.087494
1	13.646000	1.042754	308.518738	262.518738
1	13.677000	1.131014	308.250000	264.500000
0	13.708000	0.846377	312.000000	262.000000
1	13.740000	0.920580	311.225006	264.225006
1	13.771000	0.814058	312.943756	264.306244
0	13.802000	0.815072	312.850006	263.850006
0	13.849000	0.560870	316.031250	259.031250
0	13.880000	0.765797	312.375000	258.437500
1	13.911000	0.783768	312.149994	257.274994
0	13.942000	0.835942	312.475006	257.587494
0	13.974000	0.956232	311.262390	259.724976
0	14.005000	0.904348	311.000000	260.000000
1	14.036000	1.154928	309.593750	263.406250
0	14.067000	0.912899	311.631256	260.918732
0	14.114000	1.061884	309.243744	261.806244
1	14.145000	1.152899	309.750000	262.437500
0	14.176000	1.042754	308.981262	260.018738
1	14.208000	0.933768	311.368744	260.056244
1	14.239000	1.159855	308.318756	263.318756
0	14.270000	0.713043	314.937500	261.812500
0	14.301000	0.911015	311.737488	262.312500
0	14.332000	1.090290	306.318756	264.068756
0	14.379000	0.814203	310.287506	261.274994
1	14.410000	1.094493	306.662506	263.774994
0	14.442000	0.743623	311.681244	257.668732
1	14.473000	1.177246	307.943756	263.881256
1	14.504000	1.136232	306.500000	263.500000
1	14.535000	1.144638	307.787506	263.537506
0	14.566000	1.052754	307.875000	263.125000
0	14.613000	0.771014	312.875000	262.125000
0	14.644000	0.894493	308.850006	262.449982
0	14.676000	0.939130	309.750000	263.250000
0	14.707000	0.766232	312.506256	260.868744
0	14.738000	0.985797	307.725006	262.975006
0	14.769000	0.985507	307.000000	261.000000
0	14.800000	0.855797	310.793762	260.906250
0	14.847000	0.812464	309.737488	260.312500
0	14.878000	0.857681	310.337494	263.662506
0	14.910000	0.979275	307.068756	264.943756
0	14.941000	0.892898	309.406250	263.593750
0	14.972000	0.870580	310.131256	263.793732
1	15.003000	1.078841	308.000000	264.500000
0	15.034000	1.059275	308.718750	264.731262
0	15.066000	0.782464	309.743744	259.631256
0	15.112000	1.081594	307.556244	264.443756
0	15.144000	0.525072	316.056244	259.943756
0	15.175000	0.800725	311.893738	261.518738
0	15.206000	0.983188	308.750000	264.000000
0	15.237000	0.891159	310.568756	263.056244
0	15.268000	0.981449	306.649994	262.725006
0	15.300000	0.937971	310.975006	261.225006
0	15.346000	1.008696	309.000000	262.000000
0	15.378000	0.897101	310.512512	260.512512
0	15.409000	1.043478	308.500000	262.500000
0	15.440000	0.864203	310.006256	260.806244
0	15.471000	1.017247	307.668823	264.618835
1	15.502000	1.133333	307.299988	267.299988
0	15.534000	0.859710	311.600006	263.962494
1	15.580000	1.062464	307.268738	264.718750
0	15.612000	0.731014	312.875000	259.875000
0	15.643000	1.020725	307.693756	262.318756
0	15.674000	0.872464	311.924988	261.075012
1	15.705000	1.101159	308.087494	263.162506
0	15.736000	0.857971	311.500000	260.500000
0	15.768000	0.840290	311.337494	260.662506
0	15.799000	1.044638	308.024994	263.600006
0	15.846000	0.842898	311.125000	261.875000
0	15.877000	0.806667	311.812469	262.012543
0	15.908000	0.788116	312.337494	261.212494
0	15.939000	0.857102	311.187500	259.312500
0	15.970000	0.916377	307.681244	259.306244
1	16.002000	1.075797	309.568756	262.493744
1	16.033000	1.133333	309.737488	263.700012
1	16.080000	0.852754	313.125000	260.250000
0	16.111000	0.788406	312.562500	260.062500
0	16.142000	0.857971	304.500000	262.500000
0	16.173000	0.858116	310.656250	260.656250
1	16.204000	1.081594	309.443756	262.506256
0	16.236000	0.885507	311.737488	259.262512
0	16.267000	0.853768	313.718750	259.156250
0	16.314000	0.541884	316.781250	256.031250
0	16.345000	0.800580	311.000000	259.000000
0	16.376000	0.865797	312.237488	260.750000
0	16.407000	0.835942	309.399994	259.475006
0	16.438000	0.779710	311.137512	259.737488
0	16.470000	0.829855	311.500000	258.500000
1	16.501000	0.858116	313.093750	259.718750
0	16.532000	0.922319	311.625000	259.187500
0	16.579000	0.857102	312.312500	259.062500
0	16.610000	0.800000	314.000000	260.000000
0	16.641000	0.799275	313.906250	258.768738
0	16.672000	0.804928	312.212646	257.787598
0	16.704000	0.829420	313.943756	258.556244
1	16.735000	1.081594	310.443756	261.431244
0	16.766000	0.823333	313.593750	257.093750
0	16.813000	0.985507	310.000000	258.000000
1	16.844000	1.116232	310.912506	260.087494
0	16.875000	0.731594	315.399994	256.225006
1	16.906000	1.078841	309.500000	260.437500
0	16.938000	0.811594	311.500000	258.500000
0	16.969000	0.970290	310.956238	261.156250
0	17.000000	0.759855	310.443756	258.818756
0	17.047000	0.664058	314.725006	258.225006
1	17.078000	0.824928	314.087494	258.962494
0	17.109000	0.887536	311.937500	257.750000
1	17.140000	1.078841	309.562500	260.500000
0	17.172000	0.902319	311.687469	258.537506
0	17.203000	0.820580	313.600006	260.212494
1	17.234000	1.061449	308.750000	261.750000
0	17.265000	0.759420	314.000000	256.500000
0	17.312000	1.012898	311.031250	257.718750
0	17.343000	0.916667	312.206238	256.206238
0	17.374000	0.887246	312.712494	258.412506
0	17.406000	0.820290	311.000000	257.500000
1	17.437000	0.881159	312.500000	260.500000
0	17.468000	0.800000	314.000000	260.000000
0	17.499000	0.782609	313.375000	256.875000
1	17.546000	1.068116	311.362488	259.737488
0	17.577000	0.973913	311.750000	259.750000
0	17.608000	0.881159	313.000000	260.000000
0	17.640000	0.981449	308.649994	262.649994
1	17.671000	1.096812	308.225006	264.225006
1	17.702000	1.063768	309.250000	260.750000
0	17.733000	0.794493	312.912506	256.087494
0	17.780000	0.969710	310.806244	258.068756
0	17.811000	0.643623	317.006165	256.968384
0	17.842000	0.870145	313.750000	259.250000
0	17.874000	1.034203	310.125000	261.862488
0	17.905000	0.857102	313.062500	258.187500
0	17.936000	1.042754	310.406250	261.518738
0	17.967000	0.835362	312.500000	256.000000
0	17.998000	0.974493	311.062500	258.000000
<\RIGHT-PUPIL-DATA>
<LEFT-PUPIL-DATA>
543	0
0	-0.067000	13.913043	240.000000	320.000000
0	-0.036000	13.913043	240.000000	320.000000
0	-0.004000	13.913043	240.000000	320.000000
0	0.042000	13.913043	240.000000	320.000000
0	0.074000	13.913043	240.000000	320.000000
0	0.105000	13.913043	240.000000	320.000000
0	0.136000	13.913043	240.000000	320.000000
0	0.167000	13.913043	240.000000	320.000000
0	0.198000	13.913043	240.000000	320.000000
0	0.230000	13.913043	240.000000	320.000000
0	0.276000	13.913043	240.000000	320.000000
0	0.308000	13.913043	240.000000	320.000000
0	0.339000	13.913043	240.000000	320.000000
0	0.370000	13.913043	240.000000	320.000000
0	0.401000	13.913043	240.000000	320.000000
0	0.432000	13.913043	240.000000	320.000000
0	0.464000	13.913043	240.000000	320.000000
0	0.495000	13.913043	240.000000	320.000000
0	0.542000	13.913043	240.000000	320.000000
0	0.573000	13.913043	240.000000	320.000000
0	0.604000	13.913043	240.000000	320.000000
0	0.635000	13.913043	240.000000	320.000000
0	0.666000	13.913043	240.000000	320.000000
0	0.698000	13.913043	240.000000	320.000000
0	0.729000	13.913043	240.000000	320.000000
0	0.776000	13.913043	240.000000	320.000000
0	0.807000	13.913043	240.000000	320.000000
0	0.838000	13.913043	240.000000	320.000000
0	0.869000	13.913043	240.000000	320.000000
0	0.900000	13.913043	240.000000	320.000000
0	0.932000	13.913043	240.000000	320.000000
0	0.963000	13.913043	240.000000	320.000000
0	1.010000	13.913043	240.000000	320.000000
0	1.041000	13.913043	240.000000	320.000000
0	1.072000	13.913043	240.000000	320.000000
0	1.103000	13.913043	240.000000	320.000000
0	1.134000	13.913043	240.000000	320.000000
0	1.166000	13.913043	240.000000	320.000000
0	1.197000	13.913043	240.000000	320.000000
0	1.228000	13.913043	240.000000	320.000000
0	1.275000	13.913043	240.000000	320.000000
0	1.306000	13.913043	240.000000	320.000000
0	1.337000	13.913043	240.000000	320.000000
0	1.368000	13.913043	240.000000	320.000000
0	1.400000	13.913043	240.000000	320.000000
0	1.431000	13.913043	240.000000	320.000000
0	1.462000	13.913043	240.000000	320.000000
0	1.509000	13.913043	240.000000	320.000000
0	1.540000	13.913043	240.000000	320.000000
0	1.571000	13.913043	240.000000	320.000000
0	1.602000	13.913043	240.000000	320.000000
0	1.634000	13.913043	240.000000	320.000000
0	1.665000	13.913043	240.000000	320.000000
0	1.696000	13.913043	240.000000	320.000000
0	1.743000	13.913043	240.000000	320.000000
0	1.774000	13.913043	240.000000	320.000000
0	1.805000	13.913043	240.000000	320.000000
0	1.836000	13.913043	240.000000	320.000000
0	1.868000	13.913043	240.000000	320.000000
0	1.899000	13.913043	240.000000	320.000000
0	1.930000	13.913043	240.000000	320.000000
0	1.961000	13.913043	240.000000	320.000000
0	2.008000	13.913043	240.000000	320.000000
0	2.039000	13.913043	240.000000	320.000000
0	2.070000	13.913043	240.000000	320.000000
0	2.102000	13.913043	240.000000	320.000000
0	2.133000	13.913043	240.000000	320.000000
0	2.164000	13.913043	240.000000	320.000000
0	2.195000	13.913043	240.000000	320.000000
0	2.242000	13.913043	240.000000	320.000000
0	2.273000	13.913043	240.000000	320.000000
0	2.304000	13.913043	240.000000	320.000000
0	2.336000	13.913043	240.000000	320.000000
0	2.367000	13.913043	240.000000	320.000000
0	2.398000	13.913043	240.000000	320.000000
0	2.429000	13.913043	240.000000	320.000000
0	2.476000	13.913043	240.000000	320.000000
0	2.507000	13.913043	240.000000	320.000000
0	2.538000	13.913043	240.000000	320.000000
0	2.570000	13.913043	240.000000	320.000000
0	2.601000	13.913043	240.000000	320.000000
0	2.632000	13.913043	240.000000	320.000000
0	2.663000	13.913043	240.000000	320.000000
0	2.694000	13.913043	240.000000	320.000000
0	2.741000	13.913043	240.000000	320.000000
0	2.772000	13.913043	240.000000	320.000000
0	2.804000	13.913043	240.000000	320.000000
0	2.835000	13.913043	240.000000	320.000000
0	2.866000	13.913043	240.000000	320.000000
0	2.897000	13.913043	240.000000	320.000000
0	2.928000	13.913043	240.000000	320.000000
0	2.975000	13.913043	240.000000	320.000000
0	3.006000	13.913043	240.000000	320.000000
0	3.038000	13.913043	240.000000	320.000000
0	3.069000	13.913043	240.000000	320.000000
0	3.100000	13.913043	240.000000	320.000000
0	3.131000	13.913043	240.000000	320.000000
0	3.162000	13.913043	240.000000	320.000000
0	3.209000	13.913043	240.000000	320.000000
0	3.240000	13.913043	240.000000	320.000000
0	3.272000	13.913043	240.000000	320.000000
0	3.303000	13.913043	240.000000	320.000000
0	3.334000	13.913043	240.000000	320.000000
0	3.365000	13.913043	240.000000	320.000000
0	3.396000	13.913043	240.000000	320.000000
0	3.428000	13.913043	240.000000	320.000000
0	3.474000	13.913043	240.000000	320.000000
0	3.506000	13.913043	240.000000	320.000000
0	3.537000	13.913043	240.000000	320.000000
0	3.568000	13.913043	240.000000	320.000000
0	3.599000	13.913043	240.000000	320.000000
0	3.630000	13.913043	240.000000	320.000000
0	3.662000	13.913043	240.000000	320.000000
0	3.708000	13.913043	240.000000	320.000000
0	3.740000	13.913043	240.000000	320.000000
0	3.771000	13.913043	240.000000	320.000000
0	3.802000	13.913043	240.000000	320.000000
0	3.833000	13.913043	240.000000	320.000000
0	3.864000	13.913043	240.000000	320.000000
0	3.896000	13.913043	240.000000	320.000000
0	3.927000	13.913043	240.000000	320.000000
0	3.974000	13.913043	240.000000	320.000000
0	4.005000	13.913043	240.000000	320.000000
0	4.036000	13.913043	240.000000	320.000000
0	4.067000	13.913043	240.000000	320.000000
0	4.098000	13.913043	240.000000	320.000000
0	4.130000	13.913043	240.000000	320.000000
0	4.161000	13.913043	240.000000	320.000000
0	4.208000	13.913043	240.000000	320.000000
0	4.239000	13.913043	240.000000	320.000000
0	4.270000	13.913043	240.000000	320.000000
0	4.301000	13.913043	240.000000	320.000000
0	4.332000	13.913043	240.000000	320.000000
0	4.364000	13.913043	240.000000	320.000000
0	4.395000	13.913043	240.000000	320.000000
0	4.426000	13.913043	240.000000	320.000000
0	4.473000	13.913043	240.000000	320.000000
0	4.504000	13.913043	240.000000	320.000000
0	4.535000	13.913043	240.000000	320.000000
0	4.566000	13.913043	240.000000	320.000000
0	4.598000	13.913043	240.000000	320.000000
0	4.629000	13.913043	240.000000	320.000000
0	4.660000	13.913043	240.000000	320.000000
0	4.707000	13.913043	240.000000	320.000000
0	4.738000	13.913043	240.000000	320.000000
0	4.769000	13.913043	240.000000	320.000000
0	4.800000	13.913043	240.000000	320.000000
0	4.832000	13.913043	240.000000	320.000000
0	4.863000	13.913043	240.000000	320.000000
0	4.894000	13.913043	240.000000	320.000000
0	4.941000	13.913043	240.000000	320.000000
0	4.972000	13.913043	240.000000	320.000000
0	5.003000	13.913043	240.000000	320.000000
0	5.034000	13.913043	240.000000	320.000000
0	5.066000	13.913043	240.000000	320.000000
0	5.097000	13.913043	240.000000	320.000000
0	5.128000	13.913043	240.000000	320.000000
0	5.159000	13.913043	240.000000	320.000000
0	5.206000	13.913043	240.000000	320.000000
0	5.237000	13.913043	240.000000	320.000000
0	5.268000	13.913043	240.000000	320.000000
0	5.300000	13.913043	240.000000	320.000000
0	5.331000	13.913043	240.000000	320.000000
0	5.362000	13.913043	240.000000	320.000000
0	5.393000	13.913043	240.000000	320.000000
0	5.440000	13.913043	240.000000	320.000000
0	5.471000	13.913043	240.000000	320.000000
0	5.502000	13.913043	240.000000	320.000000
0	5.534000	13.913043	240.000000	320.000000
0	5.565000	13.913043	240.000000	320.000000
0	5.596000	13.913043	240.000000	320.000000
0	5.627000	13.913043	240.000000	320.000000
0	5.674000	13.913043	240.000000	320.000000
0	5.705000	13.913043	240.000000	320.000000
0	5.736000	13.913043	240.000000	320.000000
0	5.768000	13.913043	240.000000	320.000000
0	5.799000	13.913043	240.000000	320.000000
0	5.830000	13.913043	240.000000	320.000000
0	5.861000	13.913043	240.000000	320.000000
0	5.892000	13.913043	240.000000	320.000000
0	5.939000	13.913043	240.000000	320.000000
0	5.970000	13.913043	240.000000	320.000000
0	6.002000	13.913043	240.000000	320.000000
0	6.033000	13.913043	240.000000	320.000000
0	6.064000	13.913043	240.000000	320.000000
0	6.095000	13.913043	240.000000	320.000000
0	6.126000	13.913043	240.000000	320.000000
0	6.173000	13.913043	240.000000	320.000000
0	6.204000	13.913043	240.000000	320.000000
0	6.236000	13.913043	240.000000	320.000000
0	6.267000	13.913043	240.000000	320.000000
0	6.298000	13.913043	240.000000	320.000000
0	6.329000	13.913043	240.000000	320.000000
0	6.360000	13.913043	240.000000	320.000000
0	6.407000	13.913043	240.000000	320.000000
0	6.438000	13.913043	240.000000	320.000000
0	6.470000	13.913043	240.000000	320.000000
0	6.501000	13.913043	240.000000	320.000000
0	6.532000	13.913043	240.000000	320.000000
0	6.563000	13.913043	240.000000	320.000000
0	6.594000	13.913043	240.000000	320.000000
0	6.626000	13.913043	240.000000	320.000000
0	6.672000	13.913043	240.000000	320.000000
0	6.704000	13.913043	240.000000	320.000000
0	6.735000	13.913043	240.000000	320.000000
0	6.766000	13.913043	240.000000	320.000000
0	6.797000	13.913043	240.000000	320.000000
0	6.828000	13.913043	240.000000	320.000000
0	6.860000	13.913043	240.000000	320.000000
0	6.906000	13.913043	240.000000	320.000000
0	6.938000	13.913043	240.000000	320.000000
0	6.969000	13.913043	240.000000	320.000000
0	7.000000	13.913043	240.000000	320.000000
0	7.031000	13.913043	240.000000	320.000000
0	7.062000	13.913043	240.000000	320.000000
0	7.094000	13.913043	240.000000	320.000000
0	7.140000	13.913043	240.000000	320.000000
0	7.172000	13.913043	240.000000	320.000000
0	7.203000	13.913043	240.000000	320.000000
0	7.234000	13.913043	240.000000	320.000000
0	7.265000	13.913043	240.000000	320.000000
0	7.296000	13.913043	240.000000	320.000000
0	7.328000	13.913043	240.000000	320.000000
0	7.359000	13.913043	240.000000	320.000000
0	7.406000	13.913043	240.000000	320.000000
0	7.437000	13.913043	240.000000	320.000000
0	7.468000	13.913043	240.000000	320.000000
0	7.499000	13.913043	240.000000	320.000000
0	7.530000	13.913043	240.000000	320.000000
0	7.562000	13.913043	240.000000	320.000000
0	7.593000	13.913043	240.000000	320.000000
0	7.640000	13.913043	240.000000	320.000000
0	7.671000	13.913043	240.000000	320.000000
0	7.702000	13.913043	240.000000	320.000000
0	7.733000	13.913043	240.000000	320.000000
0	7.764000	13.913043	240.000000	320.000000
0	7.796000	13.913043	240.000000	320.000000
0	7.827000	13.913043	240.000000	320.000000
0	7.874000	13.913043	240.000000	320.000000
0	7.905000	13.913043	240.000000	320.000000
0	7.936000	13.913043	240.000000	320.000000
0	7.967000	13.913043	240.000000	320.000000
0	7.998000	13.913043	240.000000	320.000000
0	8.030000	13.913043	240.000000	320.000000
0	8.061000	13.913043	240.000000	320.000000
0	8.092000	13.913043	240.000000	320.000000
0	8.139000	13.913043	240.000000	320.000000
0	8.170000	13.913043	240.000000	320.000000
0	8.201000	13.913043	240.000000	320.000000
0	8.232000	13.913043	240.000000	320.000000
0	8.264000	13.913043	240.000000	320.000000
0	8.295000	13.913043	240.000000	320.000000
0	8.326000	13.913043	240.000000	320.000000
0	8.357000	13.913043	240.000000	320.000000
0	8.404000	13.913043	240.000000	320.000000
0	8.435000	13.913043	240.000000	320.000000
0	8.466000	13.913043	240.000000	320.000000
0	8.498000	13.913043	240.000000	320.000000
0	8.529000	13.913043	240.000000	320.000000
0	8.560000	13.913043	240.000000	320.000000
0	8.591000	13.913043	240.000000	320.000000
0	8.638000	13.913043	240.000000	320.000000
0	8.669000	13.913043	240.000000	320.000000
0	8.700000	13.913043	240.000000	320.000000
0	8.732000	13.913043	240.000000	320.000000
0	8.763000	13.913043	240.000000	320.000000
0	8.794000	13.913043	240.000000	320.000000
0	8.825000	13.913043	240.000000	320.000000
0	8.872000	13.913043	240.000000	320.000000
0	8.903000	13.913043	240.000000	320.000000
0	8.934000	13.913043	240.000000	320.000000
0	8.966000	13.913043	240.000000	320.000000
0	8.997000	13.913043	240.000000	320.000000
0	9.028000	13.913043	240.000000	320.000000
0	9.059000	13.913043	240.000000	320.000000
0	9.090000	13.913043	240.000000	320.000000
0	9.137000	13.913043	240.000000	320.000000
0	9.168000	13.913043	240.000000	320.000000
0	9.200000	13.913043	240.000000	320.000000
0	9.231000	13.913043	240.000000	320.000000
0	9.262000	13.913043	240.000000	320.000000
0	9.293000	13.913043	240.000000	320.000000
0	9.324000	13.913043	240.000000	320.000000
0	9.371000	13.913043	240.000000	320.000000
0	9.402000	13.913043	240.000000	320.000000
0	9.434000	13.913043	240.000000	320.000000
0	9.465000	13.913043	240.000000	320.000000
0	9.496000	13.913043	240.000000	320.000000
0	9.527000	13.913043	240.000000	320.000000
0	9.558000	13.913043	240.000000	320.000000
0	9.605000	13.913043	240.000000	320.000000
0	9.636000	13.913043	240.000000	320.000000
0	9.668000	13.913043	240.000000	320.000000
0	9.699000	13.913043	240.000000	320.000000
0	9.730000	13.913043	240.000000	320.000000
0	9.761000	13.913043	240.000000	320.000000
0	9.792000	13.913043	240.000000	320.000000
0	9.824000	13.913043	240.000000	320.000000
0	9.870000	13.913043	240.000000	320.000000
0	9.902000	13.913043	240.000000	320.000000
0	9.933000	13.913043	240.000000	320.000000
0	9.964000	13.913043	240.000000	320.000000
0	9.995000	13.913043	240.000000	320.000000
0	10.026000	13.913043	240.000000	320.000000
0	10.058000	13.913043	240.000000	320.000000
0	10.104000	13.913043	240.000000	320.000000
0	10.136000	13.913043	240.000000	320.000000
0	10.167000	13.913043	240.000000	320.000000
0	10.198000	13.913043	240.000000	320.000000
0	10.229000	13.913043	240.000000	320.000000
0	10.260000	13.913043	240.000000	320.000000
0	10.292000	13.913043	240.000000	320.000000
0	10.338000	13.913043	240.000000	320.000000
0	10.370000	13.913043	240.000000	320.000000
0	10.401000	13.913043	240.000000	320.000000
0	10.432000	13.913043	240.000000	320.000000
0	10.463000	13.913043	240.000000	320.000000
0	10.494000	13.913043	240.000000	320.000000
0	10.526000	13.913043	240.000000	320.000000
0	10.557000	13.913043	240.000000	320.000000
0	10.604000	13.913043	240.000000	320.000000
0	10.635000	13.913043	240.000000	320.000000
0	10.666000	13.913043	240.000000	320.000000
0	10.697000	13.913043	240.000000	320.000000
0	10.728000	13.913043	240.000000	320.000000
0	10.760000	13.913043	240.000000	320.000000
0	10.791000	13.913043	240.000000	320.000000
0	10.838000	13.913043	240.000000	320.000000
0	10.869000	13.913043	240.000000	320.000000
0	10.900000	13.913043	240.000000	320.000000
0	10.931000	13.913043	240.000000	320.000000
0	10.962000	13.913043	240.000000	320.000000
0	10.994000	13.913043	240.000000	320.000000
0	11.025000	13.913043	240.000000	320.000000
0	11.072000	13.913043	240.000000	320.000000
0	11.103000	13.913043	240.000000	320.000000
0	11.134000	13.913043	240.000000	320.000000
0	11.165000	13.913043	240.000000	320.000000
0	11.196000	13.913043	240.000000	320.000000
0	11.228000	13.913043	240.000000	320.000000
0	11.259000	13.913043	240.000000	320.000000
0	11.290000	13.913043	240.000000	320.000000
0	11.337000	13.913043	240.000000	320.000000
0	11.368000	13.913043	240.000000	320.000000
0	11.399000	13.913043	240.000000	320.000000
0	11.430000	13.913043	240.000000	320.000000
0	11.462000	13.913043	240.000000	320.000000
0	11.493000	13.913043	240.000000	320.000000
0	11.524000	13.913043	240.000000	320.000000
0	11.571000	13.913043	240.000000	320.000000
0	11.602000	13.913043	240.000000	320.000000
0	11.633000	13.913043	240.000000	320.000000
0	11.664000	13.913043	240.000000	320.000000
0	11.696000	13.913043	240.000000	320.000000
0	11.727000	13.913043	240.000000	320.000000
0	11.758000	13.913043	240.000000	320.000000
0	11.805000	13.913043	240.000000	320.000000
0	11.836000	13.913043	240.000000	320.000000
0	11.867000	13.913043	240.000000	320.000000
0	11.898000	13.913043	240.000000	320.000000
0	11.930000	13.913043	240.000000	320.000000
0	11.961000	13.913043	240.000000	320.000000
0	11.992000	13.913043	240.000000	320.000000
0	12.023000	13.913043	240.000000	320.000000
0	12.070000	13.913043	240.000000	320.000000
0	12.101000	13.913043	240.000000	320.000000
0	12.132000	13.913043	240.000000	320.000000
0	12.164000	13.913043	240.000000	320.000000
0	12.195000	13.913043	240.000000	320.000000
0	12.226000	13.913043	240.000000	320.000000
0	12.257000	13.913043	240.000000	320.000000
0	12.304000	13.913043	240.000000	320.000000
0	12.335000	13.913043	240.000000	320.000000
0	12.366000	13.913043	240.000000	320.000000
0	12.398000	13.913043	240.000000	320.000000
0	12.429000	13.913043	240.000000	320.000000
0	12.460000	13.913043	240.000000	320.000000
0	12.491000	13.913043	240.000000	320.000000
0	12.522000	13.913043	240.000000	320.000000
0	12.569000	13.913043	240.000000	320.000000
0	12.600000	13.913043	240.000000	320.000000
0	12.632000	13.913043	240.000000	320.000000
0	12.663000	13.913043	240.000000	320.000000
0	12.694000	13.913043	240.000000	320.000000
0	12.725000	13.913043	240.000000	320.000000
0	12.756000	13.913043	240.000000	320.000000
0	12.803000	13.913043	240.000000	320.000000
0	12.834000	13.913043	240.000000	320.000000
0	12.866000	13.913043	240.000000	320.000000
0	12.897000	13.913043	240.000000	320.000000
0	12.928000	13.913043	240.000000	320.000000
0	12.959000	13.913043	240.000000	320.000000
0	12.990000	13.913043	240.000000	320.000000
0	13.022000	13.913043	240.000000	320.000000
0	13.068000	13.913043	240.000000	320.000000
0	13.100000	13.913043	240.000000	320.000000
0	13.131000	13.913043	240.000000	320.000000
0	13.162000	13.913043	240.000000	320.000000
0	13.193000	13.913043	240.000000	320.000000
0	13.224000	13.913043	240.000000	320.000000
0	13.256000	13.913043	240.000000	320.000000
0	13.302000	13.913043	240.000000	320.000000
0	13.334000	13.913043	240.000000	320.000000
0	13.365000	13.913043	240.000000	320.000000
0	13.396000	13.913043	240.000000	320.000000
0	13.427000	13.913043	240.000000	320.000000
0	13.458000	13.913043	240.000000	320.000000
0	13.490000	13.913043	240.000000	320.000000
0	13.536000	13.913043	240.000000	320.000000
0	13.568000	13.913043	240.000000	320.000000
0	13.599000	13.913043	240.000000	320.000000
0	13.630000	13.913043	240.000000	320.000000
0	13.661000	13.913043	240.000000	320.000000
0	13.692000	13.913043	240.000000	320.000000
0	13.724000	13.913043	240.000000	320.000000
0	13.755000	13.913043	240.000000	320.000000
0	13.802000	13.913043	240.000000	320.000000
0	13.833000	13.913043	240.000000	320.000000
0	13.864000	13.913043	240.000000	320.000000
0	13.895000	13.913043	240.000000	320.000000
0	13.926000	13.913043	240.000000	320.000000
0	13.958000	13.913043	240.000000	320.000000
0	13.989000	13.913043	240.000000	320.000000
0	14.036000	13.913043	240.000000	320.000000
0	14.067000	13.913043	240.000000	320.000000
0	14.098000	13.913043	240.000000	320.000000
0	14.129000	13.913043	240.000000	320.000000
0	14.160000	13.913043	240.000000	320.000000
0	14.192000	13.913043	240.000000	320.000000
0	14.223000	13.913043	240.000000	320.000000
0	14.270000	13.913043	240.000000	320.000000
0	14.301000	13.913043	240.000000	320.000000
0	14.332000	13.913043	240.000000	320.000000
0	14.363000	13.913043	240.000000	320.000000
0	14.394000	13.913043	240.000000	320.000000
0	14.426000	13.913043	240.000000	320.000000
0	14.457000	13.913043	240.000000	320.000000
0	14.488000	13.913043	240.000000	320.000000
0	14.535000	13.913043	240.000000	320.000000
0	14.566000	13.913043	240.000000	320.000000
0	14.597000	13.913043	240.000000	320.000000
0	14.628000	13.913043	240.000000	320.000000
0	14.660000	13.913043	240.000000	320.000000
0	14.691000	13.913043	240.000000	320.000000
0	14.722000	13.913043	240.000000	320.000000
0	14.769000	13.913043	240.000000	320.000000
0	14.800000	13.913043	240.000000	320.000000
0	14.831000	13.913043	240.000000	320.000000
0	14.862000	13.913043	240.000000	320.000000
0	14.894000	13.913043	240.000000	320.000000
0	14.925000	13.913043	240.000000	320.000000
0	14.956000	13.913043	240.000000	320.000000
0	15.003000	13.913043	240.000000	320.000000
0	15.034000	13.913043	240.000000	320.000000
0	15.065000	13.913043	240.000000	320.000000
0	15.096000	13.913043	240.000000	320.000000
0	15.128000	13.913043	240.000000	320.000000
0	15.159000	13.913043	240.000000	320.000000
0	15.190000	13.913043	240.000000	320.000000
0	15.221000	13.913043	240.000000	320.000000
0	15.268000	13.913043	240.000000	320.000000
0	15.299000	13.913043	240.000000	320.000000
0	15.330000	13.913043	240.000000	320.000000
0	15.362000	13.913043	240.000000	320.000000
0	15.393000	13.913043	240.000000	320.000000
0	15.424000	13.913043	240.000000	320.000000
0	15.455000	13.913043	240.000000	320.000000
0	15.502000	13.913043	240.000000	320.000000
0	15.533000	13.913043	240.000000	320.000000
0	15.564000	13.913043	240.000000	320.000000
0	15.596000	13.913043	240.000000	320.000000
0	15.627000	13.913043	240.000000	320.000000
0	15.658000	13.913043	240.000000	320.000000
0	15.689000	13.913043	240.000000	320.000000
0	15.736000	13.913043	240.000000	320.000000
0	15.767000	13.913043	240.000000	320.000000
0	15.798000	13.913043	240.000000	320.000000
0	15.830000	13.913043	240.000000	320.000000
0	15.861000	13.913043	240.000000	320.000000
0	15.892000	13.913043	240.000000	320.000000
0	15.923000	13.913043	240.000000	320.000000
0	15.954000	13.913043	240.000000	320.000000
0	16.001000	13.913043	240.000000	320.000000
0	16.032000	13.913043	240.000000	320.000000
0	16.064000	13.913043	240.000000	320.000000
0	16.095000	13.913043	240.000000	320.000000
0	16.126000	13.913043	240.000000	320.000000
0	16.157000	13.913043	240.000000	320.000000
0	16.188000	13.913043	240.000000	320.000000
0	16.235000	13.913043	240.000000	320.000000
0	16.266000	13.913043	240.000000	320.000000
0	16.298000	13.913043	240.000000	320.000000
0	16.329000	13.913043	240.000000	320.000000
0	16.360000	13.913043	240.000000	320.000000
0	16.391000	13.913043	240.000000	320.000000
0	16.422000	13.913043	240.000000	320.000000
0	16.454000	13.913043	240.000000	320.000000
0	16.500000	13.913043	240.000000	320.000000
0	16.532000	13.913043	240.000000	320.000000
0	16.563000	13.913043	240.000000	320.000000
0	16.594000	13.913043	240.000000	320.000000
0	16.625000	13.913043	240.000000	320.000000
0	16.656000	13.913043	240.000000	320.000000
0	16.688000	13.913043	240.000000	320.000000
0	16.734000	13.913043	240.000000	320.000000
0	16.766000	13.913043	240.000000	320.000000
0	16.797000	13.913043	240.000000	320.000000
0	16.828000	13.913043	240.000000	320.000000
0	16.859000	13.913043	240.000000	320.000000
0	16.890000	13.913043	240.000000	320.000000
0	16.922000	13.913043	240.000000	320.000000
0	16.968000	13.913043	240.000000	320.000000
0	17.000000	13.913043	240.000000	320.000000
0	17.031000	13.913043	240.000000	320.000000
0	17.062000	13.913043	240.000000	320.000000
0	17.093000	13.913043	240.000000	320.000000
0	17.124000	13.913043	240.000000	320.000000
0	17.156000	13.913043	240.000000	320.000000
0	17.187000	13.913043	240.000000	320.000000
0	17.234000	13.913043	240.000000	320.000000
0	17.265000	13.913043	240.000000	320.000000
0	17.296000	13.913043	240.000000	320.000000
0	17.327000	13.913043	240.000000	320.000000
0	17.358000	13.913043	240.000000	320.000000
0	17.390000	13.913043	240.000000	320.000000
0	17.421000	13.913043	240.000000	320.000000
0	17.468000	13.913043	240.000000	320.000000
0	17.499000	13.913043	240.000000	320.000000
0	17.530000	13.913043	240.000000	320.000000
0	17.561000	13.913043	240.000000	320.000000
0	17.592000	13.913043	240.000000	320.000000
0	17.624000	13.913043	240.000000	320.000000
0	17.655000	13.913043	240.000000	320.000000
0	17.686000	13.913043	240.000000	320.000000
0	17.733000	13.913043	240.000000	320.000000
0	17.764000	13.913043	240.000000	320.000000
0	17.795000	13.913043	240.000000	320.000000
0	17.826000	13.913043	240.000000	320.000000
0	17.858000	13.913043	240.000000	320.000000
0	17.889000	13.913043	240.000000	320.000000
0	17.920000	13.913043	240.000000	320.000000
0	17.967000	13.913043	240.000000	320.000000
0	17.998000	13.913043	240.000000	320.000000
<\LEFT-PUPIL-DATA>
<RIGHT-PUPIL-ANALYSIS>
1
0	0	17	542	0	0	0.509000	17.518000	0.509000	15.983889	0.000000	0.000000	0.000000	0	1	1	1	1	0	0	0	0.000000	0.000000	0.000000	0.000000	0.000000	0.000000	0.000000	-1.000000	0.000000	1	1.327044	0.872951	1.383545	0.598514	7.240000	-0.035498	-0.420747	-1.000000	0.249129	1	1.327044	0.872951	1.383545	0.598514	7.240000	-0.051466	-0.420746	-1.000000	0.249130
<\RIGHT-PUPIL-ANALYSIS>
<LEFT-PUPIL-ANALYSIS>
1
0	0	18	542	0	0	0.509000	17.518000	0.509000	15.983889	0.000000	0.000000	0.000000	0	1	1	1	1	0	0	0	0.000000	0.000000	0.000000	0.000000	0.000000	0.000000	0.000000	-1.000000	0.000000	0	-0.034783	-0.034783	0.000950	0.000950	0.033000	0.000000	0.000000	-1.000000	0.000000	1	-0.034783	-0.034783	0.000950	0.000950	0.033000	-1000000.000000	-1000000.000000	-1.000000	0.000000
<\LEFT-PUPIL-ANALYSIS>
%%%%%%%%%
%%%%%%%%%
%%%%%%%%%
%%%	Measurement Tiime is: 2017-08-10 09:25:07
%%%	Subject ID is: c57-1mois-DA-F3-1.2r
%%%	Note: 
%%%	RSS: Default Human Relative Spectral Sensitivity
%%%	Pupil Analysis:
%%%
%%%
%%%
%%%	Pulse Index:	0
%%%	Stimulus Session Index:	0
%%%	Right Pupil Stimulated
%%%	Light Metric is Photopic
%%%	Stimulus Start Time(sec):	0.51
%%%	Stimulus Duration(sec):	17.52
%%%	Stimulus Pulse Duration(sec):	0.51
%%%	Right Pulse:	15.98	(Red  )	-	0.00	(Red  )	[Lux ]
%%%	Left Pulse:	0.00	(Red  )	-	0.00	(Red  )	[Lux ]
%%%
%%%		RIGHT	LEFT	R.Pupil Mean	L.Pupil Mean	R.Stim Mean	R.Stim Mean
%%%	INPUT:	RAW DATA	RAW DATA
%%%	STATE:	ABNORMAL	ABNORMAL	ABNORMAL	ABNORMAL	ABNORMAL	ABNORMAL
%%%	MAX(mm):	0.00	0.00	0.00	0.00	0.00	0.00
%%%	MIN(mm):	0.00	0.00	0.00	0.00	0.00	0.00
%%%	DELTA(mm):						
%%%	CH(%):						
%%%	LAT(sec):	0.00	0.00	0.00	0.00	0.00	0.00
%%%	CV(mm/s):	0.00	0.00	0.00	0.00	0.00	0.00
%%%	MCV(mm/s):	0.00	0.00	0.00	0.00	0.00	0.00
%%%	DV(mm/s):	0.00	0.00	0.00	0.00	0.00	0.00
%%%%%%%%%
%%%%%%%%%
%%%%%%%%%
%%%	Right Pupil Profile (1st row -> 1 == valid tracking, 0 == invalid tracking; 2nd row -> time; 3rd row -> diameter (mm))
%%%	1	1	1	1	0	1	1	1	1	1	0	1	1	1	1	1	1	1	1	1	1	1	1	1	1	1	0	0	0	0	1	0	0	0	1	0	0	0	0	1	0	1	1	0	1	0	0	0	0	0	1	1	1	1	0	0	1	0	0	1	1	1	1	1	0	1	0	0	1	1	0	1	1	0	0	0	1	1	1	1	1	0	0	0	0	0	1	1	0	0	1	1	0	0	1	0	0	1	0	1	0	1	0	0	1	1	1	0	0	0	1	1	1	1	1	0	0	1	0	0	1	0	1	0	1	0	1	0	1	0	1	0	0	0	1	0	0	0	0	1	1	0	0	1	0	0	0	1	1	1	0	1	1	0	1	1	0	0	1	1	0	0	0	0	1	0	0	0	0	0	0	0	1	0	0	0	1	0	1	1	1	0	0	0	0	0	1	0	0	0	1	0	0	1	0	1	1	1	0	0	1	0	1	0	0	0	0	0	1	0	0	0	0	1	0	1	0	0	1	1	1	1	1	1	1	1	0	1	0	0	1	1	1	1	0	1	0	1	0	0	1	0	0	1	1	1	1	1	0	1	0	1	0	1	0	1	1	0	0	0	0	0	1	1	1	0	0	1	0	0	0	0	0	0	0	1	0	0	0	0	1	1	0	1	1	0	1	1	1	0	0	0	1	0	0	0	1	1	0	0	0	0	0	0	1	0	0	0	1	1	0	0	0	0	0	0	0	0	0	0	0	0	1	0	1	0	1	0	1	1	0	1	0	0	0	0	1	0	0	0	0	0	0	0	0	0	0	0	0	0	0	0	0	0	0	0	1	0	0	0	0	0	0	0	0	1	0	0	1	1	0	0	1	1	0	0	1	0	0	0	1	0	0	0	1	0	0	1	0	0	1	1	0	0	0	0	0	1	0	1	0	0	1	0	1	1	1	0	0	1	0	1	1	0	1	1	0	0	0	1	0	0	0	1	0	0	1	0	1	1	0	0	0	0	1	0	1	1	1	0	0	0	0	0	0	0	0	0	0	0	0	0	1	0	0	0	0	0	0	0	0	0	0	0	0	0	0	1	0	1	0	0	0	1	0	0	0	0	0	0	0	0	1	1	1	0	0	0	1	0	0	0	0	0	0	0	0	1	0	0	0	0	0	0	1	0	0	1	0	1	0	0	0	0	1	0	1	0	0	1	0	0	0	0	0	1	0	0	1	0	0	0	1	1	0	0	0	0	0	0	0	0	0
%%%	-0.051000	-0.020000	0.012000	0.043000	0.074000	0.121000	0.152000	0.183000	0.214000	0.246000	0.277000	0.308000	0.355000	0.386000	0.417000	0.448000	0.480000	0.511000	0.542000	0.573000	0.620000	0.651000	0.682000	0.714000	0.745000	0.776000	0.807000	0.854000	0.885000	0.916000	0.948000	0.979000	1.010000	1.041000	1.088000	1.119000	1.150000	1.182000	1.213000	1.244000	1.275000	1.306000	1.353000	1.384000	1.416000	1.447000	1.478000	1.509000	1.540000	1.587000	1.618000	1.650000	1.681000	1.712000	1.743000	1.774000	1.821000	1.852000	1.884000	1.915000	1.946000	1.977000	2.008000	2.040000	2.086000	2.118000	2.149000	2.180000	2.211000	2.242000	2.274000	2.320000	2.352000	2.383000	2.414000	2.445000	2.476000	2.508000	2.539000	2.586000	2.617000	2.648000	2.679000	2.710000	2.742000	2.773000	2.820000	2.851000	2.882000	2.913000	2.944000	2.976000	3.007000	3.054000	3.085000	3.116000	3.147000	3.178000	3.210000	3.241000	3.272000	3.319000	3.350000	3.381000	3.412000	3.444000	3.475000	3.506000	3.553000	3.584000	3.615000	3.646000	3.678000	3.709000	3.740000	3.787000	3.818000	3.849000	3.880000	3.912000	3.943000	3.974000	4.005000	4.052000	4.083000	4.114000	4.146000	4.177000	4.208000	4.239000	4.286000	4.317000	4.348000	4.380000	4.411000	4.442000	4.473000	4.504000	4.551000	4.582000	4.614000	4.645000	4.676000	4.707000	4.738000	4.785000	4.816000	4.848000	4.879000	4.910000	4.941000	4.972000	5.019000	5.050000	5.082000	5.113000	5.144000	5.175000	5.206000	5.238000	5.284000	5.316000	5.347000	5.378000	5.409000	5.440000	5.472000	5.518000	5.550000	5.581000	5.612000	5.643000	5.674000	5.706000	5.752000	5.784000	5.815000	5.846000	5.877000	5.908000	5.940000	5.971000	6.018000	6.049000	6.080000	6.111000	6.142000	6.174000	6.205000	6.252000	6.283000	6.314000	6.345000	6.376000	6.408000	6.439000	6.470000	6.517000	6.548000	6.579000	6.610000	6.642000	6.673000	6.704000	6.751000	6.782000	6.813000	6.844000	6.876000	6.907000	6.938000	6.985000	7.016000	7.047000	7.078000	7.110000	7.141000	7.172000	7.203000	7.250000	7.281000	7.312000	7.344000	7.375000	7.406000	7.437000	7.484000	7.515000	7.546000	7.578000	7.609000	7.640000	7.671000	7.718000	7.749000	7.780000	7.812000	7.843000	7.874000	7.905000	7.936000	7.983000	8.014000	8.046000	8.077000	8.108000	8.139000	8.170000	8.217000	8.248000	8.280000	8.311000	8.342000	8.373000	8.404000	8.451000	8.482000	8.514000	8.545000	8.576000	8.607000	8.638000	8.670000	8.716000	8.748000	8.779000	8.810000	8.841000	8.872000	8.904000	8.950000	8.982000	9.013000	9.044000	9.075000	9.106000	9.138000	9.169000	9.216000	9.247000	9.278000	9.309000	9.340000	9.372000	9.403000	9.450000	9.481000	9.512000	9.543000	9.574000	9.606000	9.637000	9.684000	9.715000	9.746000	9.777000	9.808000	9.840000	9.871000	9.902000	9.949000	9.980000	10.011000	10.042000	10.074000	10.105000	10.136000	10.183000	10.214000	10.245000	10.276000	10.308000	10.339000	10.370000	10.401000	10.448000	10.479000	10.510000	10.542000	10.573000	10.604000	10.635000	10.682000	10.713000	10.744000	10.776000	10.807000	10.838000	10.869000	10.916000	10.947000	10.978000	11.010000	11.041000	11.072000	11.103000	11.134000	11.181000	11.212000	11.244000	11.275000	11.306000	11.337000	11.368000	11.415000	11.446000	11.478000	11.509000	11.540000	11.571000	11.602000	11.649000	11.680000	11.712000	11.743000	11.774000	11.805000	11.836000	11.868000	11.914000	11.946000	11.977000	12.008000	12.039000	12.070000	12.102000	12.148000	12.180000	12.211000	12.242000	12.273000	12.304000	12.336000	12.382000	12.414000	12.445000	12.476000	12.507000	12.538000	12.570000	12.601000	12.648000	12.679000	12.710000	12.741000	12.772000	12.804000	12.835000	12.882000	12.913000	12.944000	12.975000	13.006000	13.038000	13.069000	13.116000	13.147000	13.178000	13.209000	13.240000	13.272000	13.303000	13.334000	13.381000	13.412000	13.443000	13.474000	13.506000	13.537000	13.568000	13.615000	13.646000	13.677000	13.708000	13.740000	13.771000	13.802000	13.849000	13.880000	13.911000	13.942000	13.974000	14.005000	14.036000	14.067000	14.114000	14.145000	14.176000	14.208000	14.239000	14.270000	14.301000	14.332000	14.379000	14.410000	14.442000	14.473000	14.504000	14.535000	14.566000	14.613000	14.644000	14.676000	14.707000	14.738000	14.769000	14.800000	14.847000	14.878000	14.910000	14.941000	14.972000	15.003000	15.034000	15.066000	15.112000	15.144000	15.175000	15.206000	15.237000	15.268000	15.300000	15.346000	15.378000	15.409000	15.440000	15.471000	15.502000	15.534000	15.580000	15.612000	15.643000	15.674000	15.705000	15.736000	15.768000	15.799000	15.846000	15.877000	15.908000	15.939000	15.970000	16.002000	16.033000	16.080000	16.111000	16.142000	16.173000	16.204000	16.236000	16.267000	16.314000	16.345000	16.376000	16.407000	16.438000	16.470000	16.501000	16.532000	16.579000	16.610000	16.641000	16.672000	16.704000	16.735000	16.766000	16.813000	16.844000	16.875000	16.906000	16.938000	16.969000	17.000000	17.047000	17.078000	17.109000	17.140000	17.172000	17.203000	17.234000	17.265000	17.312000	17.343000	17.374000	17.406000	17.437000	17.468000	17.499000	17.546000	17.577000	17.608000	17.640000	17.671000	17.702000	17.733000	17.780000	17.811000	17.842000	17.874000	17.905000	17.936000	17.967000	17.998000
%%%	1.269710	1.305362	1.327246	1.284058	1.205217	1.310145	1.286957	1.344928	1.305362	1.322899	1.089710	1.342464	1.305942	1.321739	1.338551	1.216232	1.296377	1.296377	1.347826	1.344928	1.283768	1.335362	1.323333	1.304348	1.298551	1.328985	0.978986	1.118406	1.048841	0.782609	1.096812	0.903623	0.835362	0.487101	0.931015	0.642319	0.457101	0.347826	0.753333	0.913623	0.814638	0.799855	0.915942	0.831594	0.937971	0.795072	0.602899	0.631014	0.724493	0.500145	0.998116	0.963623	0.973333	0.954928	0.533333	0.796232	0.716812	0.814493	0.914638	0.970290	0.956522	0.958116	0.964058	0.978406	0.679855	1.005362	0.698985	0.632029	0.987971	0.995652	0.990290	1.051159	0.990290	0.847971	0.904058	0.836377	1.018841	1.007102	0.985942	0.964058	1.035362	0.954203	0.939130	0.962319	0.892464	0.707681	1.025652	0.995072	0.939130	0.723188	0.855072	1.063768	0.629420	0.664203	0.829420	0.660580	0.734203	1.044638	0.974928	1.078841	0.744058	1.079275	0.725507	0.843623	1.061594	1.017391	1.007536	0.760290	0.852029	0.746377	1.043478	0.968116	1.024493	1.043333	0.985507	0.994203	0.739710	1.041015	0.698985	0.815507	1.020290	0.788406	1.007536	0.833623	1.013623	0.973913	1.018116	0.973913	0.998841	0.708841	1.020290	1.028986	1.007102	0.923333	1.060724	0.721739	0.983768	0.557246	1.008550	1.078841	1.034203	0.787536	1.019275	1.100725	0.815942	0.851015	1.001015	1.034203	1.018406	1.044638	0.999710	0.912029	1.044638	0.974493	1.045507	1.077246	1.039130	0.997101	1.136232	1.053188	1.107681	0.728551	0.894058	0.552754	1.087536	0.792029	0.727971	1.007536	0.798841	0.834783	0.813623	0.972899	1.098406	0.760290	0.774058	0.904348	1.159275	0.876812	1.074638	1.090725	1.098841	1.060870	0.830290	0.617536	0.901015	0.626087	1.108551	0.885507	0.979710	1.061449	1.154928	0.881449	0.840580	1.183188	0.936812	1.130580	1.179420	1.159420	1.079275	1.061449	0.834783	1.041594	1.142609	0.813623	0.823333	1.020580	0.970145	0.974493	1.083333	0.765217	0.866232	1.065797	1.066667	1.077101	0.782464	1.082609	0.983623	1.096232	1.159275	1.133333	1.096812	1.100725	1.182463	1.083623	1.154928	1.098551	1.113043	1.063333	1.097971	0.940290	1.159420	1.133333	1.183623	1.179710	1.082029	1.104203	0.788116	1.105362	1.066667	1.052174	1.202754	0.901449	1.042464	1.081594	1.082029	1.217391	1.090290	1.114928	0.939710	1.204203	0.847247	1.153188	1.008696	1.218261	0.918551	1.119276	1.159275	1.018406	1.050725	0.951015	0.916812	1.020580	1.192464	1.205797	1.045073	0.877246	1.154928	1.136232	0.896812	1.104203	0.854638	1.040290	1.055072	0.998406	0.981449	1.061884	0.996667	0.931015	0.795652	0.933768	1.160290	1.183334	1.038406	1.135507	1.096812	0.850290	1.113043	1.102899	1.043478	0.576812	0.998551	0.905507	0.881595	0.951015	0.990290	1.026087	0.901449	1.169420	0.970290	0.989855	0.736232	0.773913	0.915508	0.883623	1.068551	0.851159	0.851594	0.855797	1.117971	0.990290	0.827102	0.755797	0.521739	0.939130	0.973333	0.916377	0.540290	0.967971	0.975942	0.680580	0.933623	0.744928	1.044638	1.020290	1.112029	1.013768	1.045072	0.858841	1.136232	1.159420	0.965797	1.133768	0.841594	1.015797	0.483623	0.960290	1.178551	0.954928	0.842319	0.778841	0.812464	0.896377	0.885942	0.817246	0.814058	0.800580	0.987971	0.898406	0.823333	0.829275	1.042754	0.857681	0.857536	0.764058	0.728841	0.868551	1.081594	0.801159	0.803768	0.745072	0.920725	0.712899	0.854928	1.043478	0.884203	1.181594	0.831594	0.986377	1.035942	1.131014	0.834638	0.776812	1.101159	1.146667	0.867971	0.957102	1.118841	0.894058	0.832464	0.695652	0.788406	0.660870	0.858116	0.832029	1.113043	0.759710	0.852029	0.886377	0.805797	0.834783	1.141449	1.083768	1.088116	0.968985	1.059275	0.871159	0.921159	1.159855	1.047246	1.094493	0.788116	0.911884	1.114203	0.743478	1.084058	0.868985	1.088840	1.052754	1.101159	1.081594	0.794493	1.042754	1.131014	0.846377	0.920580	0.814058	0.815072	0.560870	0.765797	0.783768	0.835942	0.956232	0.904348	1.154928	0.912899	1.061884	1.152899	1.042754	0.933768	1.159855	0.713043	0.911015	1.090290	0.814203	1.094493	0.743623	1.177246	1.136232	1.144638	1.052754	0.771014	0.894493	0.939130	0.766232	0.985797	0.985507	0.855797	0.812464	0.857681	0.979275	0.892898	0.870580	1.078841	1.059275	0.782464	1.081594	0.525072	0.800725	0.983188	0.891159	0.981449	0.937971	1.008696	0.897101	1.043478	0.864203	1.017247	1.133333	0.859710	1.062464	0.731014	1.020725	0.872464	1.101159	0.857971	0.840290	1.044638	0.842898	0.806667	0.788116	0.857102	0.916377	1.075797	1.133333	0.852754	0.788406	0.857971	0.858116	1.081594	0.885507	0.853768	0.541884	0.800580	0.865797	0.835942	0.779710	0.829855	0.858116	0.922319	0.857102	0.800000	0.799275	0.804928	0.829420	1.081594	0.823333	0.985507	1.116232	0.731594	1.078841	0.811594	0.970290	0.759855	0.664058	0.824928	0.887536	1.078841	0.902319	0.820580	1.061449	0.759420	1.012898	0.916667	0.887246	0.820290	0.881159	0.800000	0.782609	1.068116	0.973913	0.881159	0.981449	1.096812	1.063768	0.794493	0.969710	0.643623	0.870145	1.034203	0.857102	1.042754	0.835362	0.974493
%%%	Left Pupil Profile (1st row -> 1 == valid tracking, 0 == invalid tracking; 2nd row -> time; 3rd row -> diameter (mm))
%%%	0	0	0	0	0	0	0	0	0	0	0	0	0	0	0	0	0	0	0	0	0	0	0	0	0	0	0	0	0	0	0	0	0	0	0	0	0	0	0	0	0	0	0	0	0	0	0	0	0	0	0	0	0	0	0	0	0	0	0	0	0	0	0	0	0	0	0	0	0	0	0	0	0	0	0	0	0	0	0	0	0	0	0	0	0	0	0	0	0	0	0	0	0	0	0	0	0	0	0	0	0	0	0	0	0	0	0	0	0	0	0	0	0	0	0	0	0	0	0	0	0	0	0	0	0	0	0	0	0	0	0	0	0	0	0	0	0	0	0	0	0	0	0	0	0	0	0	0	0	0	0	0	0	0	0	0	0	0	0	0	0	0	0	0	0	0	0	0	0	0	0	0	0	0	0	0	0	0	0	0	0	0	0	0	0	0	0	0	0	0	0	0	0	0	0	0	0	0	0	0	0	0	0	0	0	0	0	0	0	0	0	0	0	0	0	0	0	0	0	0	0	0	0	0	0	0	0	0	0	0	0	0	0	0	0	0	0	0	0	0	0	0	0	0	0	0	0	0	0	0	0	0	0	0	0	0	0	0	0	0	0	0	0	0	0	0	0	0	0	0	0	0	0	0	0	0	0	0	0	0	0	0	0	0	0	0	0	0	0	0	0	0	0	0	0	0	0	0	0	0	0	0	0	0	0	0	0	0	0	0	0	0	0	0	0	0	0	0	0	0	0	0	0	0	0	0	0	0	0	0	0	0	0	0	0	0	0	0	0	0	0	0	0	0	0	0	0	0	0	0	0	0	0	0	0	0	0	0	0	0	0	0	0	0	0	0	0	0	0	0	0	0	0	0	0	0	0	0	0	0	0	0	0	0	0	0	0	0	0	0	0	0	0	0	0	0	0	0	0	0	0	0	0	0	0	0	0	0	0	0	0	0	0	0	0	0	0	0	0	0	0	0	0	0	0	0	0	0	0	0	0	0	0	0	0	0	0	0	0	0	0	0	0	0	0	0	0	0	0	0	0	0	0	0	0	0	0	0	0	0	0	0	0	0	0	0	0	0	0	0	0	0	0	0	0	0	0	0	0	0	0	0	0	0	0	0	0	0	0	0	0	0	0	0	0	0	0	0	0	0	0	0	0	0	0	0	0	0	0	0	0	0	0	0	0	0	0	0	0	0	0	0	0	0	0	0	0	0	0	0	0	0	0	0	0	0	0	0	0	0	0	0	0
%%%	-0.067000	-0.036000	-0.004000	0.042000	0.074000	0.105000	0.136000	0.167000	0.198000	0.230000	0.276000	0.308000	0.339000	0.370000	0.401000	0.432000	0.464000	0.495000	0.542000	0.573000	0.604000	0.635000	0.666000	0.698000	0.729000	0.776000	0.807000	0.838000	0.869000	0.900000	0.932000	0.963000	1.010000	1.041000	1.072000	1.103000	1.134000	1.166000	1.197000	1.228000	1.275000	1.306000	1.337000	1.368000	1.400000	1.431000	1.462000	1.509000	1.540000	1.571000	1.602000	1.634000	1.665000	1.696000	1.743000	1.774000	1.805000	1.836000	1.868000	1.899000	1.930000	1.961000	2.008000	2.039000	2.070000	2.102000	2.133000	2.164000	2.195000	2.242000	2.273000	2.304000	2.336000	2.367000	2.398000	2.429000	2.476000	2.507000	2.538000	2.570000	2.601000	2.632000	2.663000	2.694000	2.741000	2.772000	2.804000	2.835000	2.866000	2.897000	2.928000	2.975000	3.006000	3.038000	3.069000	3.100000	3.131000	3.162000	3.209000	3.240000	3.272000	3.303000	3.334000	3.365000	3.396000	3.428000	3.474000	3.506000	3.537000	3.568000	3.599000	3.630000	3.662000	3.708000	3.740000	3.771000	3.802000	3.833000	3.864000	3.896000	3.927000	3.974000	4.005000	4.036000	4.067000	4.098000	4.130000	4.161000	4.208000	4.239000	4.270000	4.301000	4.332000	4.364000	4.395000	4.426000	4.473000	4.504000	4.535000	4.566000	4.598000	4.629000	4.660000	4.707000	4.738000	4.769000	4.800000	4.832000	4.863000	4.894000	4.941000	4.972000	5.003000	5.034000	5.066000	5.097000	5.128000	5.159000	5.206000	5.237000	5.268000	5.300000	5.331000	5.362000	5.393000	5.440000	5.471000	5.502000	5.534000	5.565000	5.596000	5.627000	5.674000	5.705000	5.736000	5.768000	5.799000	5.830000	5.861000	5.892000	5.939000	5.970000	6.002000	6.033000	6.064000	6.095000	6.126000	6.173000	6.204000	6.236000	6.267000	6.298000	6.329000	6.360000	6.407000	6.438000	6.470000	6.501000	6.532000	6.563000	6.594000	6.626000	6.672000	6.704000	6.735000	6.766000	6.797000	6.828000	6.860000	6.906000	6.938000	6.969000	7.000000	7.031000	7.062000	7.094000	7.140000	7.172000	7.203000	7.234000	7.265000	7.296000	7.328000	7.359000	7.406000	7.437000	7.468000	7.499000	7.530000	7.562000	7.593000	7.640000	7.671000	7.702000	7.733000	7.764000	7.796000	7.827000	7.874000	7.905000	7.936000	7.967000	7.998000	8.030000	8.061000	8.092000	8.139000	8.170000	8.201000	8.232000	8.264000	8.295000	8.326000	8.357000	8.404000	8.435000	8.466000	8.498000	8.529000	8.560000	8.591000	8.638000	8.669000	8.700000	8.732000	8.763000	8.794000	8.825000	8.872000	8.903000	8.934000	8.966000	8.997000	9.028000	9.059000	9.090000	9.137000	9.168000	9.200000	9.231000	9.262000	9.293000	9.324000	9.371000	9.402000	9.434000	9.465000	9.496000	9.527000	9.558000	9.605000	9.636000	9.668000	9.699000	9.730000	9.761000	9.792000	9.824000	9.870000	9.902000	9.933000	9.964000	9.995000	10.026000	10.058000	10.104000	10.136000	10.167000	10.198000	10.229000	10.260000	10.292000	10.338000	10.370000	10.401000	10.432000	10.463000	10.494000	10.526000	10.557000	10.604000	10.635000	10.666000	10.697000	10.728000	10.760000	10.791000	10.838000	10.869000	10.900000	10.931000	10.962000	10.994000	11.025000	11.072000	11.103000	11.134000	11.165000	11.196000	11.228000	11.259000	11.290000	11.337000	11.368000	11.399000	11.430000	11.462000	11.493000	11.524000	11.571000	11.602000	11.633000	11.664000	11.696000	11.727000	11.758000	11.805000	11.836000	11.867000	11.898000	11.930000	11.961000	11.992000	12.023000	12.070000	12.101000	12.132000	12.164000	12.195000	12.226000	12.257000	12.304000	12.335000	12.366000	12.398000	12.429000	12.460000	12.491000	12.522000	12.569000	12.600000	12.632000	12.663000	12.694000	12.725000	12.756000	12.803000	12.834000	12.866000	12.897000	12.928000	12.959000	12.990000	13.022000	13.068000	13.100000	13.131000	13.162000	13.193000	13.224000	13.256000	13.302000	13.334000	13.365000	13.396000	13.427000	13.458000	13.490000	13.536000	13.568000	13.599000	13.630000	13.661000	13.692000	13.724000	13.755000	13.802000	13.833000	13.864000	13.895000	13.926000	13.958000	13.989000	14.036000	14.067000	14.098000	14.129000	14.160000	14.192000	14.223000	14.270000	14.301000	14.332000	14.363000	14.394000	14.426000	14.457000	14.488000	14.535000	14.566000	14.597000	14.628000	14.660000	14.691000	14.722000	14.769000	14.800000	14.831000	14.862000	14.894000	14.925000	14.956000	15.003000	15.034000	15.065000	15.096000	15.128000	15.159000	15.190000	15.221000	15.268000	15.299000	15.330000	15.362000	15.393000	15.424000	15.455000	15.502000	15.533000	15.564000	15.596000	15.627000	15.658000	15.689000	15.736000	15.767000	15.798000	15.830000	15.861000	15.892000	15.923000	15.954000	16.001000	16.032000	16.064000	16.095000	16.126000	16.157000	16.188000	16.235000	16.266000	16.298000	16.329000	16.360000	16.391000	16.422000	16.454000	16.500000	16.532000	16.563000	16.594000	16.625000	16.656000	16.688000	16.734000	16.766000	16.797000	16.828000	16.859000	16.890000	16.922000	16.968000	17.000000	17.031000	17.062000	17.093000	17.124000	17.156000	17.187000	17.234000	17.265000	17.296000	17.327000	17.358000	17.390000	17.421000	17.468000	17.499000	17.530000	17.561000	17.592000	17.624000	17.655000	17.686000	17.733000	17.764000	17.795000	17.826000	17.858000	17.889000	17.920000	17.967000	17.998000
%%%	13.913043	13.913043	13.913043	13.913043	13.913043	13.913043	13.913043	13.913043	13.913043	13.913043	13.913043	13.913043	13.913043	13.913043	13.913043	13.913043	13.913043	13.913043	13.913043	13.913043	13.913043	13.913043	13.913043	13.913043	13.913043	13.913043	13.913043	13.913043	13.913043	13.913043	13.913043	13.913043	13.913043	13.913043	13.913043	13.913043	13.913043	13.913043	13.913043	13.913043	13.913043	13.913043	13.913043	13.913043	13.913043	13.913043	13.913043	13.913043	13.913043	13.913043	13.913043	13.913043	13.913043	13.913043	13.913043	13.913043	13.913043	13.913043	13.913043	13.913043	13.913043	13.913043	13.913043	13.913043	13.913043	13.913043	13.913043	13.913043	13.913043	13.913043	13.913043	13.913043	13.913043	13.913043	13.913043	13.913043	13.913043	13.913043	13.913043	13.913043	13.913043	13.913043	13.913043	13.913043	13.913043	13.913043	13.913043	13.913043	13.913043	13.913043	13.913043	13.913043	13.913043	13.913043	13.913043	13.913043	13.913043	13.913043	13.913043	13.913043	13.913043	13.913043	13.913043	13.913043	13.913043	13.913043	13.913043	13.913043	13.913043	13.913043	13.913043	13.913043	13.913043	13.913043	13.913043	13.913043	13.913043	13.913043	13.913043	13.913043	13.913043	13.913043	13.913043	13.913043	13.913043	13.913043	13.913043	13.913043	13.913043	13.913043	13.913043	13.913043	13.913043	13.913043	13.913043	13.913043	13.913043	13.913043	13.913043	13.913043	13.913043	13.913043	13.913043	13.913043	13.913043	13.913043	13.913043	13.913043	13.913043	13.913043	13.913043	13.913043	13.913043	13.913043	13.913043	13.913043	13.913043	13.913043	13.913043	13.913043	13.913043	13.913043	13.913043	13.913043	13.913043	13.913043	13.913043	13.913043	13.913043	13.913043	13.913043	13.913043	13.913043	13.913043	13.913043	13.913043	13.913043	13.913043	13.913043	13.913043	13.913043	13.913043	13.913043	13.913043	13.913043	13.913043	13.913043	13.913043	13.913043	13.913043	13.913043	13.913043	13.913043	13.913043	13.913043	13.913043	13.913043	13.913043	13.913043	13.913043	13.913043	13.913043	13.913043	13.913043	13.913043	13.913043	13.913043	13.913043	13.913043	13.913043	13.913043	13.913043	13.913043	13.913043	13.913043	13.913043	13.913043	13.913043	13.913043	13.913043	13.913043	13.913043	13.913043	13.913043	13.913043	13.913043	13.913043	13.913043	13.913043	13.913043	13.913043	13.913043	13.913043	13.913043	13.913043	13.913043	13.913043	13.913043	13.913043	13.913043	13.913043	13.913043	13.913043	13.913043	13.913043	13.913043	13.913043	13.913043	13.913043	13.913043	13.913043	13.913043	13.913043	13.913043	13.913043	13.913043	13.913043	13.913043	13.913043	13.913043	13.913043	13.913043	13.913043	13.913043	13.913043	13.913043	13.913043	13.913043	13.913043	13.913043	13.913043	13.913043	13.913043	13.913043	13.913043	13.913043	13.913043	13.913043	13.913043	13.913043	13.913043	13.913043	13.913043	13.913043	13.913043	13.913043	13.913043	13.913043	13.913043	13.913043	13.913043	13.913043	13.913043	13.913043	13.913043	13.913043	13.913043	13.913043	13.913043	13.913043	13.913043	13.913043	13.913043	13.913043	13.913043	13.913043	13.913043	13.913043	13.913043	13.913043	13.913043	13.913043	13.913043	13.913043	13.913043	13.913043	13.913043	13.913043	13.913043	13.913043	13.913043	13.913043	13.913043	13.913043	13.913043	13.913043	13.913043	13.913043	13.913043	13.913043	13.913043	13.913043	13.913043	13.913043	13.913043	13.913043	13.913043	13.913043	13.913043	13.913043	13.913043	13.913043	13.913043	13.913043	13.913043	13.913043	13.913043	13.913043	13.913043	13.913043	13.913043	13.913043	13.913043	13.913043	13.913043	13.913043	13.913043	13.913043	13.913043	13.913043	13.913043	13.913043	13.913043	13.913043	13.913043	13.913043	13.913043	13.913043	13.913043	13.913043	13.913043	13.913043	13.913043	13.913043	13.913043	13.913043	13.913043	13.913043	13.913043	13.913043	13.913043	13.913043	13.913043	13.913043	13.913043	13.913043	13.913043	13.913043	13.913043	13.913043	13.913043	13.913043	13.913043	13.913043	13.913043	13.913043	13.913043	13.913043	13.913043	13.913043	13.913043	13.913043	13.913043	13.913043	13.913043	13.913043	13.913043	13.913043	13.913043	13.913043	13.913043	13.913043	13.913043	13.913043	13.913043	13.913043	13.913043	13.913043	13.913043	13.913043	13.913043	13.913043	13.913043	13.913043	13.913043	13.913043	13.913043	13.913043	13.913043	13.913043	13.913043	13.913043	13.913043	13.913043	13.913043	13.913043	13.913043	13.913043	13.913043	13.913043	13.913043	13.913043	13.913043	13.913043	13.913043	13.913043	13.913043	13.913043	13.913043	13.913043	13.913043	13.913043	13.913043	13.913043	13.913043	13.913043	13.913043	13.913043	13.913043	13.913043	13.913043	13.913043	13.913043	13.913043	13.913043	13.913043	13.913043	13.913043	13.913043	13.913043	13.913043	13.913043	13.913043	13.913043	13.913043	13.913043	13.913043	13.913043	13.913043	13.913043	13.913043	13.913043	13.913043	13.913043	13.913043	13.913043	13.913043	13.913043	13.913043	13.913043	13.913043	13.913043	13.913043	13.913043	13.913043	13.913043	13.913043	13.913043	13.913043	13.913043	13.913043	13.913043	13.913043	13.913043	13.913043	13.913043	13.913043	13.913043	13.913043	13.913043	13.913043	13.913043	13.913043	13.913043	13.913043	13.913043	13.913043	13.913043	13.913043	13.913043	13.913043	13.913043	13.913043	13.913043	13.913043	13.913043	13.913043	13.913043	13.913043	13.913043	13.913043	13.913043	13.913043	13.913043	13.913043	13.913043	13.913043	13.913043	13.913043	13.913043	13.913043	13.913043	13.913043
%%%	Pulse Index	Stimulus Section Index	Stimulus Section Start Index	Stimulus Section End Index	Pupil Stimulated: 0 = Right, 1 = Left, 2 = Both	Light Metric: 0 = Photopic, 1 = Scopotic, 2 = Radiometric	Stimulus Start Time	Stimulus Duration	Stimulus Pulse Duration	Right Pulse Max Level	Right Pulse Max Color (0123 = WRGB)	Right Pulse Min Level	Right Pulse Min Color (0123 = WRGB)	Left Pulse Max Level	Left Pulse Max Color (0123 = WRGB)	Left Pulse Min Level	Left Pulse Min Color (0123 = WRGB)	Right Data Input Type (0 == RAW DATA, 1 == FITTED DATA, 2 == M. OVERRIDED)	Right ANALYSIS STATE (0 == ABNORMAL, 1 == NORMAL)	Right MAX (mm) (EMPTY if INVALID)	Right MIN (mm) (EMPTY if INVALID)	Right DELTA (mm) (EMPTY if INVALID)	Right CH (%) (EMPTY if INVALID)	Right LAT (sec) (EMPTY if INVALID)	Right CV (mm/s) (EMPTY if INVALID)	Right MCV (mm/s) (EMPTY if INVALID)	Right DV (mm/s) (EMPTY if INVALID)	Left Data Input Type (0 == RAW DATA, 1 == FITTED DATA, 2 == M. OVERRIDED)	Left ANALYSIS STATE (0 == ABNORMAL, 1 == NORMAL)	Left MAX (mm) (EMPTY if INVALID)	Left MIN (mm) (EMPTY if INVALID)	Left DELTA (mm) (EMPTY if INVALID)	Left CH (%) (EMPTY if INVALID)	Left LAT (sec) (EMPTY if INVALID)	Left CV (mm/s) (EMPTY if INVALID)	Left MCV (mm/s) (EMPTY if INVALID)	Left DV (mm/s) (EMPTY if INVALID)
%%%	0	0	17	542	0	0	0.51	17.52	0.51	15.98	1	0.00	1	0.00	1	0.00	1	0	0	0.00	0.00			0.00	0.00	0.00	0.00	0	0	0.00	0.00			0.00	0.00	0.00	0.00
%%%%%%%%%
%%%%%%%%%
%%%%%%%%%
<\SESSION>
