<SESSION>
<VERSION>
2
<\VERSION>
<DATE>
2017-09-05 10:01:56
<\DATE>
<SUBJECT-ID>
c57-1mois-M1-1.2r
<\SUBJECT-ID>
<NOTE>

<\NOTE>
<MIN-MAX-PLOT>
0.100000 51880.761719
<\MIN-MAX-PLOT>
<STIMULUS-DEFINED>
Default
Default Human Relative Spectral Sensitivity
1	0
1	0.500000	0.500000	17.000000	1	1	1.200000	-100.000000	0.100000	-100.000000	0
<\STIMULUS-DEFINED>
<STIMULUS-GENERATED>
4
0	0	0.000000	1	0.000000	0.000000	1	0.000000	0.000000
0	1	0.509000	1	0.065221	15.983889	1	0.000000	0.000000
0	4	1.019000	1	0.000000	0.000000	1	0.000000	0.000000
-1	5	18.028000	0	0.000000	0.000000	0	0.000000	0.000000
<\STIMULUS-GENERATED>
<RIGHT-PUPIL-DATA>
543	1
1	-0.067000	1.270290	311.393738	238.781250
1	-0.036000	1.262029	311.487518	239.100006
1	0.011000	1.248840	310.443756	239.981232
1	0.042000	1.240580	310.750000	239.750000
1	0.074000	1.251014	310.975006	240.712494
1	0.105000	1.236377	309.831238	240.831238
1	0.136000	1.252754	310.612488	241.625000
1	0.167000	1.246667	310.949982	241.350006
1	0.198000	1.251594	310.625000	241.000000
1	0.245000	1.238406	310.456238	240.793762
1	0.276000	1.298551	312.500000	242.000000
1	0.308000	1.224638	310.625000	241.125000
1	0.339000	1.298986	311.318756	241.181244
1	0.370000	1.241015	310.543732	242.131256
1	0.401000	1.239710	310.687500	243.237488
1	0.432000	1.238551	309.812500	244.437500
1	0.464000	1.283623	311.256256	245.006256
1	0.510000	1.274058	311.681244	245.181244
1	0.542000	1.240725	311.406250	244.593750
1	0.573000	1.151160	309.743744	243.756256
1	0.604000	1.231159	312.293762	243.706238
1	0.635000	1.205797	312.500000	242.000000
1	0.666000	1.179420	312.350006	243.662506
1	0.698000	1.179855	311.968750	243.656250
1	0.744000	1.212029	311.681244	244.181244
1	0.776000	1.176812	311.500000	244.500000
1	0.807000	1.161594	311.093750	244.331238
1	0.838000	1.156522	311.750000	244.000000
1	0.869000	1.118841	311.500000	243.000000
1	0.900000	1.107971	311.831238	243.168762
1	0.932000	1.062029	311.725006	242.600006
1	0.963000	1.014058	311.318756	242.318756
1	1.010000	1.000725	311.143738	241.156250
1	1.041000	1.033623	311.475006	240.100006
1	1.072000	0.946232	311.156250	239.593750
1	1.103000	0.952754	311.250000	240.687500
1	1.134000	0.952029	310.806244	241.681244
1	1.166000	0.925072	311.381256	240.818756
1	1.197000	0.927246	310.162506	239.662506
1	1.244000	0.881159	311.250000	238.750000
1	1.275000	0.950580	311.218750	238.843750
1	1.306000	0.968406	310.962494	239.537506
1	1.337000	0.950580	311.218750	239.781250
1	1.368000	0.981449	311.649994	239.649994
1	1.400000	0.933623	311.037506	238.712494
1	1.431000	0.973913	311.500000	241.000000
1	1.478000	1.043478	310.500000	242.000000
1	1.509000	1.008551	311.218750	242.031250
1	1.540000	1.043478	310.000000	240.500000
1	1.571000	0.950725	311.000000	238.500000
0	1.602000	0.927536	312.000000	238.500000
1	1.634000	1.048841	310.681244	240.556244
1	1.665000	1.021159	310.687500	240.312500
1	1.696000	1.097246	311.268738	241.768738
1	1.743000	1.062319	311.250000	241.500000
1	1.774000	1.080435	310.993744	243.531219
1	1.805000	1.099420	311.312500	244.187500
1	1.836000	1.090290	310.431244	246.068756
1	1.868000	1.136232	310.500000	244.000000
1	1.899000	1.078841	311.000000	245.000000
1	1.930000	1.094493	311.350006	244.850006
1	1.977000	1.089855	310.500000	246.000000
1	2.008000	1.096812	311.725006	245.725006
1	2.039000	1.081594	311.456268	245.993744
1	2.070000	1.131449	312.256256	246.618744
1	2.102000	1.098841	311.712494	247.162506
1	2.133000	1.135797	312.193756	247.806244
1	2.164000	1.124638	311.625000	248.875000
1	2.211000	1.101449	310.500000	248.000000
1	2.242000	1.118406	311.818756	247.681244
1	2.273000	1.105942	311.731354	247.781342
1	2.304000	1.136232	312.000000	248.500000
1	2.336000	1.138116	312.568756	247.868744
1	2.367000	1.140145	312.131256	247.668732
1	2.398000	1.113043	312.500000	246.000000
1	2.429000	1.159275	312.093750	247.468750
1	2.476000	1.147826	312.250000	247.750000
1	2.507000	1.127971	312.081268	247.306244
1	2.538000	1.118986	310.031250	247.156250
1	2.570000	1.108116	310.737488	246.762512
1	2.601000	1.148551	311.081238	245.518738
1	2.632000	1.146667	311.962494	244.725006
1	2.663000	1.152899	312.062500	244.312500
1	2.710000	1.125507	311.987488	244.012512
1	2.741000	1.135507	312.731262	245.106262
1	2.772000	1.104928	312.625000	244.750000
1	2.804000	1.140580	312.250000	245.500000
1	2.835000	1.135797	312.056244	245.556244
1	2.866000	1.140725	310.843750	246.643738
1	2.897000	1.153623	310.875000	246.625000
1	2.944000	1.155507	311.381256	245.993744
1	2.975000	1.142029	311.424988	245.575012
1	3.006000	1.159420	312.000000	245.500000
1	3.038000	1.165797	312.187500	245.237488
1	3.069000	1.150580	311.968750	245.031250
1	3.100000	1.146232	312.518738	245.518738
1	3.131000	1.109710	312.931244	245.306244
1	3.162000	1.126667	312.062500	246.062500
1	3.209000	1.107102	311.281250	246.968750
1	3.240000	1.131884	310.875000	247.750000
1	3.272000	1.081159	311.031250	246.468750
1	3.303000	1.101159	312.162506	246.162506
1	3.334000	1.141449	312.399994	245.850006
1	3.365000	1.077246	311.443756	245.618744
1	3.396000	1.113043	312.500000	246.000000
1	3.443000	1.079855	311.518738	245.468750
1	3.474000	1.088551	311.531250	245.906250
1	3.506000	1.096667	311.756256	246.318756
1	3.537000	1.079420	310.975006	246.524994
1	3.568000	1.110290	311.406250	247.031250
1	3.599000	1.114638	311.468750	247.468750
1	3.630000	1.098406	311.718750	246.718750
1	3.662000	1.079420	310.975006	246.574982
1	3.708000	1.134928	312.356232	246.681244
1	3.740000	1.168116	312.500000	246.750000
1	3.771000	1.113043	312.500000	246.000000
1	3.802000	1.165942	312.481262	247.518738
1	3.833000	1.172029	312.593750	247.718750
1	3.864000	1.159855	312.306244	248.068756
1	3.896000	1.151160	311.056244	248.943756
1	3.942000	1.132754	310.475006	249.725006
1	3.974000	1.142464	311.181244	250.381256
1	4.005000	1.122899	310.524994	249.412506
1	4.036000	1.129855	310.750000	249.750000
1	4.067000	1.135942	311.462494	250.699982
1	4.098000	1.138551	311.362488	250.562500
1	4.130000	1.134928	312.681244	251.243744
1	4.176000	1.174638	312.418762	251.143738
1	4.208000	1.147826	311.500000	251.000000
1	4.239000	1.183623	311.431244	252.256256
1	4.270000	1.151160	310.943756	252.318756
1	4.301000	1.123333	311.406250	253.031250
1	4.332000	1.166667	310.762512	251.762512
1	4.364000	1.141884	311.218750	251.781250
1	4.395000	1.132029	311.281250	251.281250
1	4.442000	1.147826	311.500000	251.000000
1	4.473000	1.146232	311.156250	251.718750
1	4.504000	1.150580	311.968750	250.968750
1	4.535000	1.148986	311.225006	251.225006
1	4.566000	1.164203	310.681244	251.868744
1	4.598000	1.185942	310.443756	253.556244
1	4.629000	1.163768	311.125000	253.625000
1	4.676000	1.165217	310.000000	254.500000
0	4.707000	0.840581	315.575104	252.325287
1	4.738000	1.165362	310.818756	253.493744
1	4.769000	1.155507	311.368744	253.006256
1	4.800000	1.205797	311.500000	255.000000
1	4.832000	1.205797	313.500000	253.000000
1	4.863000	1.146232	310.281250	251.656250
1	4.910000	1.149275	311.250000	252.000000
1	4.941000	1.201594	310.656250	252.268738
1	4.972000	1.147826	309.500000	253.000000
1	5.003000	1.162464	309.906250	253.468750
1	5.034000	1.165217	310.500000	253.500000
1	5.066000	1.165362	311.506256	253.243744
1	5.097000	1.168551	312.193756	253.193756
1	5.128000	1.145942	311.231262	253.468689
1	5.175000	1.159855	311.356232	253.068756
1	5.206000	1.132754	311.274994	251.725006
0	5.237000	0.775072	316.887482	249.725006
1	5.268000	1.131884	310.087524	251.712524
1	5.300000	1.117971	311.062500	251.937500
1	5.331000	1.151594	310.312500	251.987488
1	5.362000	1.115797	311.368774	253.056213
1	5.409000	1.151014	311.287506	251.962494
1	5.440000	1.140145	311.381256	250.868744
1	5.471000	1.159420	311.500000	251.000000
1	5.502000	1.153623	312.000000	251.000000
1	5.534000	1.146667	310.649994	250.574982
1	5.565000	1.131014	311.500000	250.250000
0	5.596000	0.982754	314.868744	250.168732
1	5.643000	1.142029	311.612488	250.575012
1	5.674000	1.134928	311.243744	250.868744
1	5.705000	1.132029	311.268738	251.281250
1	5.736000	1.113043	308.500000	250.000000
1	5.768000	1.165217	310.500000	249.000000
1	5.799000	1.153623	311.625000	248.125000
1	5.830000	1.178116	311.356293	247.043732
1	5.861000	1.151160	311.056244	246.506256
1	5.908000	1.140290	311.350006	246.350006
1	5.939000	1.151160	311.943756	246.693756
1	5.970000	1.146812	311.256256	247.256256
1	6.002000	1.172464	311.000000	247.500000
1	6.033000	1.142029	311.174988	248.575012
1	6.064000	1.199275	310.656250	248.268738
1	6.095000	1.118406	312.931244	247.443756
1	6.142000	1.157971	310.887512	247.112488
1	6.173000	1.147246	311.375000	246.625000
0	6.204000	0.927536	314.000000	243.500000
1	6.236000	1.205797	313.500000	247.000000
1	6.267000	1.152464	312.299988	247.000000
1	6.298000	1.183768	312.524994	247.274994
1	6.329000	1.200000	312.500000	247.500000
1	6.360000	1.149275	312.050018	249.449982
1	6.407000	1.171159	311.781250	249.593750
1	6.438000	1.173768	311.868744	248.618744
1	6.470000	1.185942	312.506256	248.506256
1	6.501000	1.169420	312.206238	248.618713
1	6.532000	1.145797	313.087494	248.524994
1	6.563000	1.179275	312.006256	248.943756
1	6.594000	1.179855	312.481262	248.018738
1	6.641000	1.150580	312.456238	248.656250
1	6.672000	1.175073	311.850006	248.712494
1	6.704000	1.149855	311.524994	249.962494
1	6.735000	1.161014	311.318756	250.731232
1	6.766000	1.170580	311.431244	250.818756
1	6.797000	1.161884	312.731232	250.193756
1	6.828000	1.194203	313.500000	250.000000
0	6.875000	0.700290	319.962494	247.074982
1	6.906000	1.190725	312.500000	250.862488
0	6.938000	0.765217	318.000000	246.500000
0	6.969000	1.100725	313.331238	249.331238
1	7.000000	1.147826	312.250000	250.250000
1	7.031000	1.177101	312.649994	251.037506
0	7.062000	0.761594	318.081238	247.543762
1	7.094000	1.182609	311.250000	251.750000
1	7.140000	1.126812	310.081268	252.418732
1	7.172000	1.149275	311.000000	252.625000
1	7.203000	1.159275	310.531250	251.531250
1	7.234000	1.169420	311.806244	251.443756
1	7.265000	1.205797	311.500000	251.000000
1	7.296000	1.171015	311.750000	251.750000
1	7.328000	1.185362	312.531250	251.906250
1	7.374000	1.164058	310.487488	251.849976
1	7.406000	1.160145	310.693817	253.368744
1	7.437000	1.181449	310.712494	253.399994
1	7.468000	1.182609	310.000000	253.500000
1	7.499000	1.149855	310.037506	252.962494
1	7.530000	1.187681	310.781311	252.043701
1	7.562000	1.185362	311.468750	251.218750
1	7.593000	1.147826	311.500000	251.000000
1	7.640000	1.153623	311.000000	250.500000
1	7.671000	1.177246	311.056244	251.631256
1	7.702000	1.202029	311.274994	252.037506
1	7.733000	1.187102	310.481262	252.193726
1	7.764000	1.173913	310.500000	253.000000
1	7.796000	1.198840	310.649994	253.725006
1	7.827000	1.198840	310.350006	253.350006
1	7.874000	1.159420	309.500000	251.000000
1	7.905000	1.211884	311.449982	251.837494
1	7.936000	1.205507	310.725006	250.662506
1	7.967000	1.204203	310.993744	250.756256
1	7.998000	1.168551	311.806244	251.193756
1	8.030000	1.220145	311.031250	251.031250
1	8.061000	1.181594	310.056244	250.993744
1	8.108000	1.167971	309.906250	252.218750
1	8.139000	1.224638	310.906250	253.031250
1	8.170000	1.222319	310.062500	252.437500
1	8.201000	1.204638	310.750000	251.312500
1	8.232000	1.205797	312.500000	250.000000
1	8.264000	1.191884	310.562500	251.125000
1	8.295000	1.192464	311.850006	250.537506
1	8.326000	1.191884	311.562500	250.875000
1	8.373000	1.184493	312.531250	251.218750
1	8.404000	1.181159	312.049988	251.375000
1	8.435000	1.175073	310.600006	251.649994
1	8.466000	1.161449	310.812500	252.737488
1	8.498000	1.178985	310.943726	252.081238
1	8.529000	1.176667	311.043762	251.331238
1	8.560000	1.187681	311.543762	251.043762
1	8.607000	1.184203	311.281250	251.018738
1	8.638000	1.172319	311.281250	251.143738
1	8.669000	1.192899	311.843750	251.156250
1	8.700000	1.170725	311.537506	251.225006
1	8.732000	1.194203	311.500000	251.000000
1	8.763000	1.196377	312.143768	252.193756
1	8.794000	1.155797	310.081238	252.081238
1	8.841000	1.191159	310.493744	253.118744
1	8.872000	1.205797	310.700012	252.500000
1	8.903000	1.194058	310.593750	251.468750
1	8.934000	1.217246	310.993744	252.256256
1	8.966000	1.174638	310.718750	252.143738
1	8.997000	1.206377	312.250000	252.250000
1	9.028000	1.203768	311.987488	252.687500
1	9.059000	1.203188	312.212494	252.712494
1	9.106000	1.201160	311.225006	254.225006
1	9.137000	1.150580	312.281250	254.531250
0	9.168000	0.556522	320.500000	254.000000
0	9.200000	0.640290	318.162506	250.024994
0	9.231000	1.000000	314.250000	254.000000
1	9.262000	1.131884	311.737488	252.762512
1	9.293000	1.123333	312.531250	252.968750
0	9.340000	0.718841	318.500000	248.000000
1	9.371000	1.113043	312.500000	254.000000
0	9.402000	0.709420	318.625000	249.187500
1	9.434000	0.707681	317.856232	248.931244
0	9.465000	0.714203	318.225006	248.225006
1	9.496000	1.121739	313.000000	253.500000
1	9.527000	1.118551	312.949982	253.912506
0	9.574000	0.701594	319.281250	248.718750
1	9.605000	1.158116	312.343750	253.293762
1	9.636000	1.152029	312.743744	252.993744
0	9.668000	1.020290	317.000000	254.500000
1	9.699000	1.113043	312.500000	254.000000
1	9.730000	1.121159	313.625000	253.437500
1	9.761000	1.151160	313.306244	252.443756
1	9.792000	1.168551	312.806244	253.193756
0	9.839000	0.742319	319.287506	249.662506
0	9.870000	0.649275	320.000000	249.500000
1	9.902000	0.733768	318.481232	250.806244
0	9.933000	0.661884	319.543732	250.143829
0	9.964000	1.113043	315.500000	255.000000
0	9.995000	0.651159	318.506256	248.993744
0	10.026000	0.659855	319.543732	250.131256
0	10.073000	0.678116	319.743744	249.743744
1	10.104000	1.182609	313.000000	253.500000
0	10.136000	1.118406	315.068756	255.556244
0	10.167000	0.664927	320.437500	250.599976
1	10.198000	1.182754	311.431244	255.043732
1	10.229000	1.202899	312.200012	255.075012
1	10.260000	1.203623	311.743500	256.293671
1	10.307000	1.228841	311.343750	256.156250
0	10.338000	1.053333	315.899994	257.399994
1	10.370000	1.204203	311.731232	255.306244
1	10.401000	1.209855	311.037506	255.350006
1	10.432000	1.205797	311.500000	255.000000
1	10.463000	1.181449	312.412506	255.162506
0	10.494000	0.649275	320.000000	249.500000
0	10.526000	1.205797	312.500000	254.000000
1	10.572000	1.183623	310.431244	255.743744
1	10.604000	1.192899	310.843750	255.906250
1	10.635000	1.211449	310.843750	256.343750
0	10.666000	1.062029	315.774994	257.225006
1	10.697000	1.163912	313.418976	256.318695
0	10.728000	0.735942	318.274994	251.437469
1	10.760000	1.228985	312.000000	255.500000
1	10.806000	1.232319	312.293762	255.406250
1	10.838000	1.203333	312.306244	254.693756
1	10.869000	1.186957	311.500000	254.500000
1	10.900000	1.176812	310.500000	255.000000
1	10.931000	1.205797	311.500000	255.000000
1	10.962000	1.237391	310.562500	255.375000
1	10.994000	1.174493	309.875000	255.625000
1	11.040000	1.207681	311.006256	254.506256
1	11.072000	1.229275	311.912506	254.662506
1	11.103000	1.200580	311.312500	254.799988
1	11.134000	1.203333	311.693756	255.256256
1	11.165000	1.220725	311.756256	254.943756
1	11.196000	1.177681	310.924988	255.312500
1	11.228000	1.216377	311.543732	255.543732
0	11.259000	1.205797	312.500000	254.000000
1	11.306000	1.159420	311.500000	255.000000
1	11.337000	1.192319	310.131256	256.131256
0	11.368000	0.712029	316.793732	252.118744
1	11.399000	1.182464	310.993744	256.381256
1	11.430000	1.187246	311.074982	255.962494
1	11.462000	1.221739	312.000000	256.000000
0	11.493000	1.126812	311.418610	255.643646
1	11.524000	1.164638	311.825012	256.250000
1	11.571000	1.199420	311.750000	256.625000
1	11.602000	1.194348	311.431244	256.431244
0	11.633000	0.689710	319.406250	253.531250
1	11.664000	1.159855	310.068756	256.681244
1	11.696000	1.208551	310.493744	257.368744
1	11.727000	1.194058	310.343750	257.406250
1	11.758000	1.183623	310.256256	257.256256
0	11.805000	0.693769	318.968628	253.018860
1	11.836000	1.194203	310.500000	256.000000
1	11.867000	1.205942	311.343750	256.343750
1	11.898000	1.182609	310.250000	256.750000
1	11.930000	1.159420	309.500000	257.000000
1	11.961000	1.204928	312.750000	257.637512
1	11.992000	1.194203	312.500000	257.000000
1	12.039000	1.192899	311.093750	256.156250
1	12.070000	1.175073	311.850006	256.399994
1	12.101000	1.189710	311.468750	256.531250
1	12.132000	1.164058	311.399994	256.725006
0	12.164000	0.707681	317.181244	249.318756
0	12.195000	0.653624	319.612457	250.912628
0	12.226000	1.079855	314.968750	256.531250
0	12.257000	0.614058	320.131256	251.568756
1	12.304000	1.118116	314.062500	257.625000
0	12.335000	1.135797	313.818756	256.631256
1	12.366000	1.131449	314.693756	257.743744
0	12.398000	0.550290	317.431274	249.906250
1	12.429000	1.164058	312.850006	258.475006
1	12.460000	1.070145	314.612488	259.125000
1	12.491000	1.144928	311.000000	257.750000
1	12.538000	1.148840	311.318756	257.056244
0	12.569000	0.642899	320.937500	255.000000
0	12.600000	0.642319	318.725006	252.024994
1	12.632000	1.171015	311.750000	256.250000
1	12.663000	1.178985	312.343750	256.081238
1	12.694000	1.160290	311.312500	256.312500
0	12.725000	0.626087	319.750000	250.750000
0	12.772000	0.742319	318.662506	253.662506
1	12.803000	1.182464	312.043732	257.993744
1	12.834000	1.202754	312.718750	258.031250
1	12.866000	1.189855	311.500000	257.125000
0	12.897000	1.043478	315.000000	258.500000
1	12.928000	1.159710	312.337494	256.162506
1	12.959000	1.194203	313.500000	255.000000
0	12.990000	1.060290	315.000000	256.750000
0	13.037000	0.657971	318.825012	249.950012
0	13.068000	0.705942	318.593750	249.793762
1	13.100000	1.138406	312.843750	254.793762
1	13.131000	1.137536	313.156250	254.393738
0	13.162000	1.076667	314.518738	255.518738
1	13.193000	1.113043	308.500000	254.000000
1	13.224000	1.147826	312.500000	255.000000
0	13.271000	0.638116	318.431244	250.131256
0	13.302000	0.635942	320.300018	250.199982
1	13.334000	1.188986	312.537506	255.087494
0	13.365000	1.056522	312.125000	251.875000
1	13.396000	1.217971	313.062500	254.625000
1	13.427000	1.205797	313.500000	255.000000
1	13.458000	1.192899	312.881104	254.856201
0	13.505000	0.684058	320.250000	249.250000
0	13.536000	1.066812	315.281250	254.843750
0	13.568000	0.574638	319.768738	249.768738
1	13.599000	1.220145	311.968750	255.781250
1	13.630000	1.171159	311.906250	256.206238
1	13.661000	1.173913	311.562500	255.562500
0	13.692000	0.659710	317.475006	249.512482
1	13.724000	1.159855	312.068756	254.443756
1	13.770000	1.161014	312.306244	254.368744
0	13.802000	0.635797	317.131256	248.868744
0	13.833000	0.596232	317.062500	248.437500
0	13.864000	0.648841	319.956268	249.318756
0	13.895000	0.617971	320.424988	249.875000
1	13.926000	1.149710	311.281250	254.018738
1	13.958000	1.165217	312.500000	255.000000
1	14.004000	1.194203	311.500000	255.000000
1	14.036000	1.139710	310.825012	255.187500
0	14.067000	0.625507	319.000000	249.125000
1	14.098000	1.165942	312.268738	253.643738
0	14.129000	0.635218	316.706390	246.494232
1	14.160000	1.162464	311.781250	253.856262
0	14.192000	0.811594	316.500000	248.000000
1	14.238000	1.178550	312.099915	253.349792
0	14.270000	0.635797	317.131256	247.743744
1	14.301000	1.209855	312.037506	254.350006
1	14.332000	1.171160	310.656219	253.906281
1	14.363000	1.194203	310.874969	254.562531
1	14.394000	1.205797	311.500000	255.000000
1	14.426000	1.200000	310.500000	253.500000
1	14.457000	1.194493	310.587494	253.837494
1	14.504000	1.181594	310.693756	252.993744
1	14.535000	1.228841	310.906250	253.656250
1	14.566000	1.205507	311.662506	253.287506
0	14.597000	1.113043	312.500000	254.000000
1	14.628000	1.228985	312.000000	253.500000
1	14.660000	1.182609	312.000000	253.500000
1	14.691000	1.226087	310.500000	255.500000
1	14.738000	1.187101	310.493744	254.931244
1	14.769000	1.155362	311.925018	256.600006
0	14.800000	1.205797	312.500000	254.000000
1	14.831000	1.182609	310.000000	253.500000
1	14.862000	1.182609	310.750000	254.250000
0	14.894000	0.579420	316.962494	246.962494
1	14.925000	1.211884	311.337494	254.662506
1	14.972000	1.194203	310.500000	255.000000
1	15.003000	1.192319	312.381226	255.118774
1	15.034000	1.205797	312.500000	254.000000
1	15.065000	1.181594	311.006256	255.618744
1	15.096000	1.179855	311.081177	256.018738
1	15.128000	1.113188	311.143768	256.043732
1	15.159000	1.201449	309.987488	257.200012
1	15.190000	1.138986	310.181244	255.618744
1	15.237000	1.160290	310.562500	256.437500
1	15.268000	1.212464	311.062500	256.187500
1	15.299000	1.175073	310.600006	256.137482
1	15.330000	1.230580	311.318756	256.318756
1	15.362000	1.168406	311.087494	255.774994
1	15.393000	1.205797	313.000000	255.500000
1	15.424000	1.222029	312.425018	255.462494
1	15.455000	1.136232	310.174988	255.174988
1	15.502000	1.191884	311.125000	255.875000
1	15.533000	1.205507	310.975006	256.462494
1	15.564000	1.212029	309.693756	256.818756
1	15.596000	1.224927	311.725006	256.462494
1	15.627000	1.224783	311.856232	256.568756
1	15.658000	1.211449	311.093750	256.156250
1	15.689000	1.205942	311.268768	255.656281
0	15.736000	0.676667	317.781250	249.468750
1	15.767000	1.208116	312.250000	256.250000
1	15.798000	1.203188	311.987518	255.712494
1	15.830000	1.212464	311.937500	255.937500
1	15.861000	1.223333	311.968750	256.218750
1	15.892000	1.188840	310.518707	256.543671
1	15.923000	1.196666	310.231079	257.168640
1	15.970000	1.196232	310.687500	257.375000
1	16.001000	1.217391	311.500000	256.000000
0	16.032000	1.118841	314.625000	258.125000
0	16.064000	1.147826	314.500000	256.000000
0	16.095000	1.083333	314.018738	256.418762
0	16.126000	1.123333	313.593750	256.406250
1	16.157000	1.197246	312.131287	256.593750
1	16.188000	1.172464	311.887512	256.250000
1	16.235000	1.235797	311.806244	256.806244
1	16.266000	1.225073	311.256256	257.368744
1	16.298000	1.220145	312.031250	257.968750
1	16.329000	1.216232	310.850006	258.850006
0	16.360000	0.740580	317.625000	253.500000
1	16.391000	1.223188	312.500000	258.000000
0	16.422000	0.707101	315.843750	250.156250
0	16.469000	0.690145	317.912506	252.587494
1	16.500000	1.220725	312.943756	258.943756
1	16.532000	1.177101	310.649994	257.037506
1	16.563000	1.189710	311.531250	258.531250
1	16.594000	1.175073	310.600006	257.600006
1	16.625000	1.222754	311.756256	258.006256
1	16.656000	1.167971	311.218750	259.218750
1	16.703000	1.159420	311.500000	261.000000
1	16.734000	1.190145	312.162506	259.475006
1	16.766000	1.216377	310.643829	259.493744
1	16.797000	1.168406	310.262482	258.262482
1	16.828000	1.185362	312.531250	258.468750
1	16.859000	1.211449	312.156250	258.843750
0	16.890000	0.679855	320.593750	257.106140
1	16.922000	1.150725	310.750000	258.000000
0	16.968000	0.660870	317.500000	254.000000
0	17.000000	0.793768	315.618744	252.981232
0	17.031000	1.298551	308.500000	258.000000
0	17.062000	0.690290	317.568756	252.931244
1	17.093000	1.192029	311.893738	259.893738
1	17.124000	1.205797	312.500000	258.000000
1	17.156000	1.165072	311.743744	258.818756
1	17.202000	1.173188	311.793762	258.356262
0	17.234000	0.627246	320.975006	254.975006
0	17.265000	1.042898	314.500000	257.049988
1	17.296000	1.203768	312.012512	257.687500
1	17.327000	1.204492	312.268921	257.656250
0	17.358000	1.060870	315.000000	257.500000
1	17.390000	1.185362	312.468750	258.031250
1	17.436000	1.205797	313.500000	259.000000
1	17.468000	1.179855	311.343750	257.706238
0	17.499000	0.717971	316.362335	253.012299
1	17.530000	1.157101	311.312500	258.562500
1	17.561000	1.171015	311.500000	258.000000
1	17.592000	1.136812	311.850006	257.149994
1	17.624000	1.142029	312.500000	257.000000
1	17.655000	0.668551	318.318756	252.693756
1	17.702000	1.160290	312.562500	257.187500
1	17.733000	1.141159	312.812531	257.825043
1	17.764000	1.113043	312.500000	258.000000
1	17.795000	1.182609	312.500000	258.000000
1	17.826000	1.162464	312.031250	259.218750
1	17.858000	1.113043	312.000000	258.500000
1	17.889000	1.159275	311.343750	259.156250
1	17.936000	1.146377	311.112488	259.487488
0	17.967000	0.690290	317.431244	252.681305
1	17.998000	1.166377	311.725006	258.162506
<\RIGHT-PUPIL-DATA>
<LEFT-PUPIL-DATA>
543	0
0	-0.051000	13.913043	240.000000	320.000000
0	-0.020000	13.913043	240.000000	320.000000
0	0.012000	13.913043	240.000000	320.000000
0	0.043000	13.913043	240.000000	320.000000
0	0.074000	13.913043	240.000000	320.000000
0	0.121000	13.913043	240.000000	320.000000
0	0.152000	13.913043	240.000000	320.000000
0	0.183000	13.913043	240.000000	320.000000
0	0.214000	13.913043	240.000000	320.000000
0	0.246000	13.913043	240.000000	320.000000
0	0.277000	13.913043	240.000000	320.000000
0	0.308000	13.913043	240.000000	320.000000
0	0.355000	13.913043	240.000000	320.000000
0	0.386000	13.913043	240.000000	320.000000
0	0.417000	13.913043	240.000000	320.000000
0	0.448000	13.913043	240.000000	320.000000
0	0.480000	13.913043	240.000000	320.000000
0	0.511000	13.913043	240.000000	320.000000
0	0.542000	13.913043	240.000000	320.000000
0	0.573000	13.913043	240.000000	320.000000
0	0.620000	13.913043	240.000000	320.000000
0	0.651000	13.913043	240.000000	320.000000
0	0.682000	13.913043	240.000000	320.000000
0	0.714000	13.913043	240.000000	320.000000
0	0.745000	13.913043	240.000000	320.000000
0	0.776000	13.913043	240.000000	320.000000
0	0.807000	13.913043	240.000000	320.000000
0	0.854000	13.913043	240.000000	320.000000
0	0.885000	13.913043	240.000000	320.000000
0	0.916000	13.913043	240.000000	320.000000
0	0.948000	13.913043	240.000000	320.000000
0	0.979000	13.913043	240.000000	320.000000
0	1.010000	13.913043	240.000000	320.000000
0	1.041000	13.913043	240.000000	320.000000
0	1.088000	13.913043	240.000000	320.000000
0	1.119000	13.913043	240.000000	320.000000
0	1.150000	13.913043	240.000000	320.000000
0	1.182000	13.913043	240.000000	320.000000
0	1.213000	13.913043	240.000000	320.000000
0	1.244000	13.913043	240.000000	320.000000
0	1.275000	13.913043	240.000000	320.000000
0	1.306000	13.913043	240.000000	320.000000
0	1.353000	13.913043	240.000000	320.000000
0	1.384000	13.913043	240.000000	320.000000
0	1.416000	13.913043	240.000000	320.000000
0	1.447000	13.913043	240.000000	320.000000
0	1.478000	13.913043	240.000000	320.000000
0	1.509000	13.913043	240.000000	320.000000
0	1.540000	13.913043	240.000000	320.000000
0	1.572000	13.913043	240.000000	320.000000
0	1.618000	13.913043	240.000000	320.000000
0	1.650000	13.913043	240.000000	320.000000
0	1.681000	13.913043	240.000000	320.000000
0	1.712000	13.913043	240.000000	320.000000
0	1.743000	13.913043	240.000000	320.000000
0	1.774000	13.913043	240.000000	320.000000
0	1.806000	13.913043	240.000000	320.000000
0	1.852000	13.913043	240.000000	320.000000
0	1.884000	13.913043	240.000000	320.000000
0	1.915000	13.913043	240.000000	320.000000
0	1.946000	13.913043	240.000000	320.000000
0	1.977000	13.913043	240.000000	320.000000
0	2.008000	13.913043	240.000000	320.000000
0	2.040000	13.913043	240.000000	320.000000
0	2.086000	13.913043	240.000000	320.000000
0	2.118000	13.913043	240.000000	320.000000
0	2.149000	13.913043	240.000000	320.000000
0	2.180000	13.913043	240.000000	320.000000
0	2.211000	13.913043	240.000000	320.000000
0	2.242000	13.913043	240.000000	320.000000
0	2.274000	13.913043	240.000000	320.000000
0	2.305000	13.913043	240.000000	320.000000
0	2.352000	13.913043	240.000000	320.000000
0	2.383000	13.913043	240.000000	320.000000
0	2.414000	13.913043	240.000000	320.000000
0	2.445000	13.913043	240.000000	320.000000
0	2.476000	13.913043	240.000000	320.000000
0	2.508000	13.913043	240.000000	320.000000
0	2.539000	13.913043	240.000000	320.000000
0	2.586000	13.913043	240.000000	320.000000
0	2.617000	13.913043	240.000000	320.000000
0	2.648000	13.913043	240.000000	320.000000
0	2.679000	13.913043	240.000000	320.000000
0	2.710000	13.913043	240.000000	320.000000
0	2.742000	13.913043	240.000000	320.000000
0	2.773000	13.913043	240.000000	320.000000
0	2.820000	13.913043	240.000000	320.000000
0	2.851000	13.913043	240.000000	320.000000
0	2.882000	13.913043	240.000000	320.000000
0	2.913000	13.913043	240.000000	320.000000
0	2.944000	13.913043	240.000000	320.000000
0	2.976000	13.913043	240.000000	320.000000
0	3.007000	13.913043	240.000000	320.000000
0	3.038000	13.913043	240.000000	320.000000
0	3.085000	13.913043	240.000000	320.000000
0	3.116000	13.913043	240.000000	320.000000
0	3.147000	13.913043	240.000000	320.000000
0	3.178000	13.913043	240.000000	320.000000
0	3.210000	13.913043	240.000000	320.000000
0	3.241000	13.913043	240.000000	320.000000
0	3.272000	13.913043	240.000000	320.000000
0	3.319000	13.913043	240.000000	320.000000
0	3.350000	13.913043	240.000000	320.000000
0	3.381000	13.913043	240.000000	320.000000
0	3.412000	13.913043	240.000000	320.000000
0	3.444000	13.913043	240.000000	320.000000
0	3.475000	13.913043	240.000000	320.000000
0	3.506000	13.913043	240.000000	320.000000
0	3.553000	13.913043	240.000000	320.000000
0	3.584000	13.913043	240.000000	320.000000
0	3.615000	13.913043	240.000000	320.000000
0	3.646000	13.913043	240.000000	320.000000
0	3.678000	13.913043	240.000000	320.000000
0	3.709000	13.913043	240.000000	320.000000
0	3.740000	13.913043	240.000000	320.000000
0	3.771000	13.913043	240.000000	320.000000
0	3.818000	13.913043	240.000000	320.000000
0	3.849000	13.913043	240.000000	320.000000
0	3.880000	13.913043	240.000000	320.000000
0	3.912000	13.913043	240.000000	320.000000
0	3.943000	13.913043	240.000000	320.000000
0	3.974000	13.913043	240.000000	320.000000
0	4.005000	13.913043	240.000000	320.000000
0	4.052000	13.913043	240.000000	320.000000
0	4.083000	13.913043	240.000000	320.000000
0	4.114000	13.913043	240.000000	320.000000
0	4.146000	13.913043	240.000000	320.000000
0	4.177000	13.913043	240.000000	320.000000
0	4.208000	13.913043	240.000000	320.000000
0	4.239000	13.913043	240.000000	320.000000
0	4.286000	13.913043	240.000000	320.000000
0	4.317000	13.913043	240.000000	320.000000
0	4.348000	13.913043	240.000000	320.000000
0	4.380000	13.913043	240.000000	320.000000
0	4.411000	13.913043	240.000000	320.000000
0	4.442000	13.913043	240.000000	320.000000
0	4.473000	13.913043	240.000000	320.000000
0	4.504000	13.913043	240.000000	320.000000
0	4.551000	13.913043	240.000000	320.000000
0	4.582000	13.913043	240.000000	320.000000
0	4.614000	13.913043	240.000000	320.000000
0	4.645000	13.913043	240.000000	320.000000
0	4.676000	13.913043	240.000000	320.000000
0	4.707000	13.913043	240.000000	320.000000
0	4.738000	13.913043	240.000000	320.000000
0	4.785000	13.913043	240.000000	320.000000
0	4.816000	13.913043	240.000000	320.000000
0	4.848000	13.913043	240.000000	320.000000
0	4.879000	13.913043	240.000000	320.000000
0	4.910000	13.913043	240.000000	320.000000
0	4.941000	13.913043	240.000000	320.000000
0	4.972000	13.913043	240.000000	320.000000
0	5.019000	13.913043	240.000000	320.000000
0	5.050000	13.913043	240.000000	320.000000
0	5.082000	13.913043	240.000000	320.000000
0	5.113000	13.913043	240.000000	320.000000
0	5.144000	13.913043	240.000000	320.000000
0	5.175000	13.913043	240.000000	320.000000
0	5.206000	13.913043	240.000000	320.000000
0	5.238000	13.913043	240.000000	320.000000
0	5.284000	13.913043	240.000000	320.000000
0	5.316000	13.913043	240.000000	320.000000
0	5.347000	13.913043	240.000000	320.000000
0	5.378000	13.913043	240.000000	320.000000
0	5.409000	13.913043	240.000000	320.000000
0	5.440000	13.913043	240.000000	320.000000
0	5.472000	13.913043	240.000000	320.000000
0	5.503000	13.913043	240.000000	320.000000
0	5.550000	13.913043	240.000000	320.000000
0	5.581000	13.913043	240.000000	320.000000
0	5.612000	13.913043	240.000000	320.000000
0	5.643000	13.913043	240.000000	320.000000
0	5.674000	13.913043	240.000000	320.000000
0	5.706000	13.913043	240.000000	320.000000
0	5.737000	13.913043	240.000000	320.000000
0	5.784000	13.913043	240.000000	320.000000
0	5.815000	13.913043	240.000000	320.000000
0	5.846000	13.913043	240.000000	320.000000
0	5.877000	13.913043	240.000000	320.000000
0	5.908000	13.913043	240.000000	320.000000
0	5.940000	13.913043	240.000000	320.000000
0	5.971000	13.913043	240.000000	320.000000
0	6.018000	13.913043	240.000000	320.000000
0	6.049000	13.913043	240.000000	320.000000
0	6.080000	13.913043	240.000000	320.000000
0	6.111000	13.913043	240.000000	320.000000
0	6.142000	13.913043	240.000000	320.000000
0	6.174000	13.913043	240.000000	320.000000
0	6.205000	13.913043	240.000000	320.000000
0	6.236000	13.913043	240.000000	320.000000
0	6.283000	13.913043	240.000000	320.000000
0	6.314000	13.913043	240.000000	320.000000
0	6.345000	13.913043	240.000000	320.000000
0	6.376000	13.913043	240.000000	320.000000
0	6.408000	13.913043	240.000000	320.000000
0	6.439000	13.913043	240.000000	320.000000
0	6.470000	13.913043	240.000000	320.000000
0	6.517000	13.913043	240.000000	320.000000
0	6.548000	13.913043	240.000000	320.000000
0	6.579000	13.913043	240.000000	320.000000
0	6.610000	13.913043	240.000000	320.000000
0	6.642000	13.913043	240.000000	320.000000
0	6.673000	13.913043	240.000000	320.000000
0	6.704000	13.913043	240.000000	320.000000
0	6.751000	13.913043	240.000000	320.000000
0	6.782000	13.913043	240.000000	320.000000
0	6.813000	13.913043	240.000000	320.000000
0	6.844000	13.913043	240.000000	320.000000
0	6.876000	13.913043	240.000000	320.000000
0	6.907000	13.913043	240.000000	320.000000
0	6.938000	13.913043	240.000000	320.000000
0	6.969000	13.913043	240.000000	320.000000
0	7.016000	13.913043	240.000000	320.000000
0	7.047000	13.913043	240.000000	320.000000
0	7.078000	13.913043	240.000000	320.000000
0	7.110000	13.913043	240.000000	320.000000
0	7.141000	13.913043	240.000000	320.000000
0	7.172000	13.913043	240.000000	320.000000
0	7.203000	13.913043	240.000000	320.000000
0	7.250000	13.913043	240.000000	320.000000
0	7.281000	13.913043	240.000000	320.000000
0	7.312000	13.913043	240.000000	320.000000
0	7.344000	13.913043	240.000000	320.000000
0	7.375000	13.913043	240.000000	320.000000
0	7.406000	13.913043	240.000000	320.000000
0	7.437000	13.913043	240.000000	320.000000
0	7.484000	13.913043	240.000000	320.000000
0	7.515000	13.913043	240.000000	320.000000
0	7.546000	13.913043	240.000000	320.000000
0	7.578000	13.913043	240.000000	320.000000
0	7.609000	13.913043	240.000000	320.000000
0	7.640000	13.913043	240.000000	320.000000
0	7.671000	13.913043	240.000000	320.000000
0	7.702000	13.913043	240.000000	320.000000
0	7.749000	13.913043	240.000000	320.000000
0	7.780000	13.913043	240.000000	320.000000
0	7.812000	13.913043	240.000000	320.000000
0	7.843000	13.913043	240.000000	320.000000
0	7.874000	13.913043	240.000000	320.000000
0	7.905000	13.913043	240.000000	320.000000
0	7.936000	13.913043	240.000000	320.000000
0	7.983000	13.913043	240.000000	320.000000
0	8.014000	13.913043	240.000000	320.000000
0	8.046000	13.913043	240.000000	320.000000
0	8.077000	13.913043	240.000000	320.000000
0	8.108000	13.913043	240.000000	320.000000
0	8.139000	13.913043	240.000000	320.000000
0	8.170000	13.913043	240.000000	320.000000
0	8.217000	13.913043	240.000000	320.000000
0	8.248000	13.913043	240.000000	320.000000
0	8.280000	13.913043	240.000000	320.000000
0	8.311000	13.913043	240.000000	320.000000
0	8.342000	13.913043	240.000000	320.000000
0	8.373000	13.913043	240.000000	320.000000
0	8.404000	13.913043	240.000000	320.000000
0	8.436000	13.913043	240.000000	320.000000
0	8.482000	13.913043	240.000000	320.000000
0	8.514000	13.913043	240.000000	320.000000
0	8.545000	13.913043	240.000000	320.000000
0	8.576000	13.913043	240.000000	320.000000
0	8.607000	13.913043	240.000000	320.000000
0	8.638000	13.913043	240.000000	320.000000
0	8.670000	13.913043	240.000000	320.000000
0	8.716000	13.913043	240.000000	320.000000
0	8.748000	13.913043	240.000000	320.000000
0	8.779000	13.913043	240.000000	320.000000
0	8.810000	13.913043	240.000000	320.000000
0	8.841000	13.913043	240.000000	320.000000
0	8.872000	13.913043	240.000000	320.000000
0	8.904000	13.913043	240.000000	320.000000
0	8.950000	13.913043	240.000000	320.000000
0	8.982000	13.913043	240.000000	320.000000
0	9.013000	13.913043	240.000000	320.000000
0	9.044000	13.913043	240.000000	320.000000
0	9.075000	13.913043	240.000000	320.000000
0	9.106000	13.913043	240.000000	320.000000
0	9.138000	13.913043	240.000000	320.000000
0	9.169000	13.913043	240.000000	320.000000
0	9.216000	13.913043	240.000000	320.000000
0	9.247000	13.913043	240.000000	320.000000
0	9.278000	13.913043	240.000000	320.000000
0	9.309000	13.913043	240.000000	320.000000
0	9.340000	13.913043	240.000000	320.000000
0	9.372000	13.913043	240.000000	320.000000
0	9.403000	13.913043	240.000000	320.000000
0	9.450000	13.913043	240.000000	320.000000
0	9.481000	13.913043	240.000000	320.000000
0	9.512000	13.913043	240.000000	320.000000
0	9.543000	13.913043	240.000000	320.000000
0	9.574000	13.913043	240.000000	320.000000
0	9.606000	13.913043	240.000000	320.000000
0	9.637000	13.913043	240.000000	320.000000
0	9.668000	13.913043	240.000000	320.000000
0	9.715000	13.913043	240.000000	320.000000
0	9.746000	13.913043	240.000000	320.000000
0	9.777000	13.913043	240.000000	320.000000
0	9.808000	13.913043	240.000000	320.000000
0	9.840000	13.913043	240.000000	320.000000
0	9.871000	13.913043	240.000000	320.000000
0	9.902000	13.913043	240.000000	320.000000
0	9.949000	13.913043	240.000000	320.000000
0	9.980000	13.913043	240.000000	320.000000
0	10.011000	13.913043	240.000000	320.000000
0	10.042000	13.913043	240.000000	320.000000
0	10.074000	13.913043	240.000000	320.000000
0	10.105000	13.913043	240.000000	320.000000
0	10.136000	13.913043	240.000000	320.000000
0	10.167000	13.913043	240.000000	320.000000
0	10.214000	13.913043	240.000000	320.000000
0	10.245000	13.913043	240.000000	320.000000
0	10.276000	13.913043	240.000000	320.000000
0	10.308000	13.913043	240.000000	320.000000
0	10.339000	13.913043	240.000000	320.000000
0	10.370000	13.913043	240.000000	320.000000
0	10.401000	13.913043	240.000000	320.000000
0	10.448000	13.913043	240.000000	320.000000
0	10.479000	13.913043	240.000000	320.000000
0	10.510000	13.913043	240.000000	320.000000
0	10.542000	13.913043	240.000000	320.000000
0	10.573000	13.913043	240.000000	320.000000
0	10.604000	13.913043	240.000000	320.000000
0	10.635000	13.913043	240.000000	320.000000
0	10.682000	13.913043	240.000000	320.000000
0	10.713000	13.913043	240.000000	320.000000
0	10.744000	13.913043	240.000000	320.000000
0	10.776000	13.913043	240.000000	320.000000
0	10.807000	13.913043	240.000000	320.000000
0	10.838000	13.913043	240.000000	320.000000
0	10.869000	13.913043	240.000000	320.000000
0	10.900000	13.913043	240.000000	320.000000
0	10.947000	13.913043	240.000000	320.000000
0	10.978000	13.913043	240.000000	320.000000
0	11.010000	13.913043	240.000000	320.000000
0	11.041000	13.913043	240.000000	320.000000
0	11.072000	13.913043	240.000000	320.000000
0	11.103000	13.913043	240.000000	320.000000
0	11.134000	13.913043	240.000000	320.000000
0	11.181000	13.913043	240.000000	320.000000
0	11.212000	13.913043	240.000000	320.000000
0	11.244000	13.913043	240.000000	320.000000
0	11.275000	13.913043	240.000000	320.000000
0	11.306000	13.913043	240.000000	320.000000
0	11.337000	13.913043	240.000000	320.000000
0	11.368000	13.913043	240.000000	320.000000
0	11.415000	13.913043	240.000000	320.000000
0	11.446000	13.913043	240.000000	320.000000
0	11.478000	13.913043	240.000000	320.000000
0	11.509000	13.913043	240.000000	320.000000
0	11.540000	13.913043	240.000000	320.000000
0	11.571000	13.913043	240.000000	320.000000
0	11.602000	13.913043	240.000000	320.000000
0	11.634000	13.913043	240.000000	320.000000
0	11.680000	13.913043	240.000000	320.000000
0	11.712000	13.913043	240.000000	320.000000
0	11.743000	13.913043	240.000000	320.000000
0	11.774000	13.913043	240.000000	320.000000
0	11.805000	13.913043	240.000000	320.000000
0	11.836000	13.913043	240.000000	320.000000
0	11.868000	13.913043	240.000000	320.000000
0	11.914000	13.913043	240.000000	320.000000
0	11.946000	13.913043	240.000000	320.000000
0	11.977000	13.913043	240.000000	320.000000
0	12.008000	13.913043	240.000000	320.000000
0	12.039000	13.913043	240.000000	320.000000
0	12.070000	13.913043	240.000000	320.000000
0	12.102000	13.913043	240.000000	320.000000
0	12.148000	13.913043	240.000000	320.000000
0	12.180000	13.913043	240.000000	320.000000
0	12.211000	13.913043	240.000000	320.000000
0	12.242000	13.913043	240.000000	320.000000
0	12.273000	13.913043	240.000000	320.000000
0	12.304000	13.913043	240.000000	320.000000
0	12.336000	13.913043	240.000000	320.000000
0	12.367000	13.913043	240.000000	320.000000
0	12.414000	13.913043	240.000000	320.000000
0	12.445000	13.913043	240.000000	320.000000
0	12.476000	13.913043	240.000000	320.000000
0	12.507000	13.913043	240.000000	320.000000
0	12.538000	13.913043	240.000000	320.000000
0	12.570000	13.913043	240.000000	320.000000
0	12.601000	13.913043	240.000000	320.000000
0	12.648000	13.913043	240.000000	320.000000
0	12.679000	13.913043	240.000000	320.000000
0	12.710000	13.913043	240.000000	320.000000
0	12.741000	13.913043	240.000000	320.000000
0	12.772000	13.913043	240.000000	320.000000
0	12.804000	13.913043	240.000000	320.000000
0	12.835000	13.913043	240.000000	320.000000
0	12.882000	13.913043	240.000000	320.000000
0	12.913000	13.913043	240.000000	320.000000
0	12.944000	13.913043	240.000000	320.000000
0	12.975000	13.913043	240.000000	320.000000
0	13.006000	13.913043	240.000000	320.000000
0	13.038000	13.913043	240.000000	320.000000
0	13.069000	13.913043	240.000000	320.000000
0	13.100000	13.913043	240.000000	320.000000
0	13.147000	13.913043	240.000000	320.000000
0	13.178000	13.913043	240.000000	320.000000
0	13.209000	13.913043	240.000000	320.000000
0	13.240000	13.913043	240.000000	320.000000
0	13.272000	13.913043	240.000000	320.000000
0	13.303000	13.913043	240.000000	320.000000
0	13.334000	13.913043	240.000000	320.000000
0	13.381000	13.913043	240.000000	320.000000
0	13.412000	13.913043	240.000000	320.000000
0	13.443000	13.913043	240.000000	320.000000
0	13.474000	13.913043	240.000000	320.000000
0	13.506000	13.913043	240.000000	320.000000
0	13.537000	13.913043	240.000000	320.000000
0	13.568000	13.913043	240.000000	320.000000
0	13.599000	13.913043	240.000000	320.000000
0	13.646000	13.913043	240.000000	320.000000
0	13.677000	13.913043	240.000000	320.000000
0	13.708000	13.913043	240.000000	320.000000
0	13.740000	13.913043	240.000000	320.000000
0	13.771000	13.913043	240.000000	320.000000
0	13.802000	13.913043	240.000000	320.000000
0	13.833000	13.913043	240.000000	320.000000
0	13.880000	13.913043	240.000000	320.000000
0	13.911000	13.913043	240.000000	320.000000
0	13.942000	13.913043	240.000000	320.000000
0	13.974000	13.913043	240.000000	320.000000
0	14.005000	13.913043	240.000000	320.000000
0	14.036000	13.913043	240.000000	320.000000
0	14.067000	13.913043	240.000000	320.000000
0	14.114000	13.913043	240.000000	320.000000
0	14.145000	13.913043	240.000000	320.000000
0	14.176000	13.913043	240.000000	320.000000
0	14.208000	13.913043	240.000000	320.000000
0	14.239000	13.913043	240.000000	320.000000
0	14.270000	13.913043	240.000000	320.000000
0	14.301000	13.913043	240.000000	320.000000
0	14.332000	13.913043	240.000000	320.000000
0	14.379000	13.913043	240.000000	320.000000
0	14.410000	13.913043	240.000000	320.000000
0	14.442000	13.913043	240.000000	320.000000
0	14.473000	13.913043	240.000000	320.000000
0	14.504000	13.913043	240.000000	320.000000
0	14.535000	13.913043	240.000000	320.000000
0	14.566000	13.913043	240.000000	320.000000
0	14.613000	13.913043	240.000000	320.000000
0	14.644000	13.913043	240.000000	320.000000
0	14.676000	13.913043	240.000000	320.000000
0	14.707000	13.913043	240.000000	320.000000
0	14.738000	13.913043	240.000000	320.000000
0	14.769000	13.913043	240.000000	320.000000
0	14.800000	13.913043	240.000000	320.000000
0	14.847000	13.913043	240.000000	320.000000
0	14.878000	13.913043	240.000000	320.000000
0	14.910000	13.913043	240.000000	320.000000
0	14.941000	13.913043	240.000000	320.000000
0	14.972000	13.913043	240.000000	320.000000
0	15.003000	13.913043	240.000000	320.000000
0	15.034000	13.913043	240.000000	320.000000
0	15.066000	13.913043	240.000000	320.000000
0	15.112000	13.913043	240.000000	320.000000
0	15.144000	13.913043	240.000000	320.000000
0	15.175000	13.913043	240.000000	320.000000
0	15.206000	13.913043	240.000000	320.000000
0	15.237000	13.913043	240.000000	320.000000
0	15.268000	13.913043	240.000000	320.000000
0	15.300000	13.913043	240.000000	320.000000
0	15.346000	13.913043	240.000000	320.000000
0	15.378000	13.913043	240.000000	320.000000
0	15.409000	13.913043	240.000000	320.000000
0	15.440000	13.913043	240.000000	320.000000
0	15.471000	13.913043	240.000000	320.000000
0	15.502000	13.913043	240.000000	320.000000
0	15.534000	13.913043	240.000000	320.000000
0	15.565000	13.913043	240.000000	320.000000
0	15.612000	13.913043	240.000000	320.000000
0	15.643000	13.913043	240.000000	320.000000
0	15.674000	13.913043	240.000000	320.000000
0	15.705000	13.913043	240.000000	320.000000
0	15.736000	13.913043	240.000000	320.000000
0	15.768000	13.913043	240.000000	320.000000
0	15.799000	13.913043	240.000000	320.000000
0	15.846000	13.913043	240.000000	320.000000
0	15.877000	13.913043	240.000000	320.000000
0	15.908000	13.913043	240.000000	320.000000
0	15.939000	13.913043	240.000000	320.000000
0	15.970000	13.913043	240.000000	320.000000
0	16.002000	13.913043	240.000000	320.000000
0	16.033000	13.913043	240.000000	320.000000
0	16.080000	13.913043	240.000000	320.000000
0	16.111000	13.913043	240.000000	320.000000
0	16.142000	13.913043	240.000000	320.000000
0	16.173000	13.913043	240.000000	320.000000
0	16.204000	13.913043	240.000000	320.000000
0	16.236000	13.913043	240.000000	320.000000
0	16.267000	13.913043	240.000000	320.000000
0	16.298000	13.913043	240.000000	320.000000
0	16.345000	13.913043	240.000000	320.000000
0	16.376000	13.913043	240.000000	320.000000
0	16.407000	13.913043	240.000000	320.000000
0	16.438000	13.913043	240.000000	320.000000
0	16.470000	13.913043	240.000000	320.000000
0	16.501000	13.913043	240.000000	320.000000
0	16.532000	13.913043	240.000000	320.000000
0	16.579000	13.913043	240.000000	320.000000
0	16.610000	13.913043	240.000000	320.000000
0	16.641000	13.913043	240.000000	320.000000
0	16.672000	13.913043	240.000000	320.000000
0	16.704000	13.913043	240.000000	320.000000
0	16.735000	13.913043	240.000000	320.000000
0	16.766000	13.913043	240.000000	320.000000
0	16.813000	13.913043	240.000000	320.000000
0	16.844000	13.913043	240.000000	320.000000
0	16.875000	13.913043	240.000000	320.000000
0	16.906000	13.913043	240.000000	320.000000
0	16.938000	13.913043	240.000000	320.000000
0	16.969000	13.913043	240.000000	320.000000
0	17.000000	13.913043	240.000000	320.000000
0	17.031000	13.913043	240.000000	320.000000
0	17.078000	13.913043	240.000000	320.000000
0	17.109000	13.913043	240.000000	320.000000
0	17.140000	13.913043	240.000000	320.000000
0	17.172000	13.913043	240.000000	320.000000
0	17.203000	13.913043	240.000000	320.000000
0	17.234000	13.913043	240.000000	320.000000
0	17.265000	13.913043	240.000000	320.000000
0	17.312000	13.913043	240.000000	320.000000
0	17.343000	13.913043	240.000000	320.000000
0	17.374000	13.913043	240.000000	320.000000
0	17.406000	13.913043	240.000000	320.000000
0	17.437000	13.913043	240.000000	320.000000
0	17.468000	13.913043	240.000000	320.000000
0	17.499000	13.913043	240.000000	320.000000
0	17.530000	13.913043	240.000000	320.000000
0	17.577000	13.913043	240.000000	320.000000
0	17.608000	13.913043	240.000000	320.000000
0	17.640000	13.913043	240.000000	320.000000
0	17.671000	13.913043	240.000000	320.000000
0	17.702000	13.913043	240.000000	320.000000
0	17.733000	13.913043	240.000000	320.000000
0	17.764000	13.913043	240.000000	320.000000
0	17.811000	13.913043	240.000000	320.000000
0	17.842000	13.913043	240.000000	320.000000
0	17.874000	13.913043	240.000000	320.000000
0	17.905000	13.913043	240.000000	320.000000
0	17.936000	13.913043	240.000000	320.000000
0	17.967000	13.913043	240.000000	320.000000
0	17.998000	13.913043	240.000000	320.000000
<\LEFT-PUPIL-DATA>
<RIGHT-PUPIL-ANALYSIS>
1
0	0	17	542	0	0	0.509000	17.518999	0.510000	15.983889	0.000000	0.000000	0.000000	0	1	1	1	1	0	0	0	0.000000	0.000000	0.000000	0.000000	0.000000	0.000000	0.000000	-1.000000	0.000000	1	1.242812	0.927217	1.214890	0.675748	0.298000	-0.459380	-0.973730	-1.000000	0.175179	1	1.242812	0.927217	1.214890	0.675748	0.298000	-0.609957	-0.973735	-1.000000	0.175179
<\RIGHT-PUPIL-ANALYSIS>
<LEFT-PUPIL-ANALYSIS>
1
0	0	17	542	0	0	0.509000	17.518999	0.510000	15.983889	0.000000	0.000000	0.000000	0	1	1	1	1	0	0	0	0.000000	0.000000	0.000000	0.000000	0.000000	0.000000	0.000000	-1.000000	0.000000	0	-0.034783	-0.034783	0.000950	0.000950	0.002000	0.000000	0.000000	-1.000000	0.000000	1	-0.034783	-0.034783	0.000950	0.000950	0.002000	-1000000.000000	-1000000.000000	-1.000000	0.000000
<\LEFT-PUPIL-ANALYSIS>
%%%%%%%%%
%%%%%%%%%
%%%%%%%%%
%%%	Measurement Tiime is: 2017-09-05 10:01:56
%%%	Subject ID is: c57-1mois-M1-1.2r
%%%	Note: 
%%%	RSS: Default Human Relative Spectral Sensitivity
%%%	Pupil Analysis:
%%%
%%%
%%%
%%%	Pulse Index:	0
%%%	Stimulus Session Index:	0
%%%	Right Pupil Stimulated
%%%	Light Metric is Photopic
%%%	Stimulus Start Time(sec):	0.51
%%%	Stimulus Duration(sec):	17.52
%%%	Stimulus Pulse Duration(sec):	0.51
%%%	Right Pulse:	15.98	(Red  )	-	0.00	(Red  )	[Lux ]
%%%	Left Pulse:	0.00	(Red  )	-	0.00	(Red  )	[Lux ]
%%%
%%%		RIGHT	LEFT	R.Pupil Mean	L.Pupil Mean	R.Stim Mean	R.Stim Mean
%%%	INPUT:	RAW DATA	RAW DATA
%%%	STATE:	ABNORMAL	ABNORMAL	ABNORMAL	ABNORMAL	ABNORMAL	ABNORMAL
%%%	MAX(mm):	0.00	0.00	0.00	0.00	0.00	0.00
%%%	MIN(mm):	0.00	0.00	0.00	0.00	0.00	0.00
%%%	DELTA(mm):						
%%%	CH(%):						
%%%	LAT(sec):	0.00	0.00	0.00	0.00	0.00	0.00
%%%	CV(mm/s):	0.00	0.00	0.00	0.00	0.00	0.00
%%%	MCV(mm/s):	0.00	0.00	0.00	0.00	0.00	0.00
%%%	DV(mm/s):	0.00	0.00	0.00	0.00	0.00	0.00
%%%%%%%%%
%%%%%%%%%
%%%%%%%%%
%%%	Right Pupil Profile (1st row -> 1 == valid tracking, 0 == invalid tracking; 2nd row -> time; 3rd row -> diameter (mm))
%%%	1	1	1	1	1	1	1	1	1	1	1	1	1	1	1	1	1	1	1	1	1	1	1	1	1	1	1	1	1	1	1	1	1	1	1	1	1	1	1	1	1	1	1	1	1	1	1	1	1	1	0	1	1	1	1	1	1	1	1	1	1	1	1	1	1	1	1	1	1	1	1	1	1	1	1	1	1	1	1	1	1	1	1	1	1	1	1	1	1	1	1	1	1	1	1	1	1	1	1	1	1	1	1	1	1	1	1	1	1	1	1	1	1	1	1	1	1	1	1	1	1	1	1	1	1	1	1	1	1	1	1	1	1	1	1	1	1	1	1	1	1	1	1	0	1	1	1	1	1	1	1	1	1	1	1	1	1	1	1	0	1	1	1	1	1	1	1	1	1	1	0	1	1	1	1	1	1	1	1	1	1	1	1	1	1	1	1	1	0	1	1	1	1	1	1	1	1	1	1	1	1	1	1	1	1	1	1	1	0	1	0	0	1	1	0	1	1	1	1	1	1	1	1	1	1	1	1	1	1	1	1	1	1	1	1	1	1	1	1	1	1	1	1	1	1	1	1	1	1	1	1	1	1	1	1	1	1	1	1	1	1	1	1	1	1	1	1	1	1	1	1	1	1	1	1	1	1	0	0	0	1	1	0	1	0	1	0	1	1	0	1	1	0	1	1	1	1	0	0	1	0	0	0	0	0	1	0	0	1	1	1	1	0	1	1	1	1	0	0	1	1	1	0	1	0	1	1	1	1	1	1	1	1	1	1	1	1	1	1	1	0	1	1	0	1	1	1	0	1	1	1	0	1	1	1	1	0	1	1	1	1	1	1	1	1	1	1	0	0	0	0	1	0	1	0	1	1	1	1	0	0	1	1	1	0	0	1	1	1	0	1	1	0	0	0	1	1	0	1	1	0	0	1	0	1	1	1	0	0	0	1	1	1	0	1	1	0	0	0	0	1	1	1	1	0	1	0	1	0	1	0	1	1	1	1	1	1	1	1	1	0	1	1	1	1	1	0	1	1	0	1	1	1	1	1	1	1	1	1	1	1	1	1	1	1	1	1	1	1	1	1	1	1	1	0	1	1	1	1	1	1	1	1	0	0	0	0	1	1	1	1	1	1	0	1	0	0	1	1	1	1	1	1	1	1	1	1	1	1	0	1	0	0	0	0	1	1	1	1	0	0	1	1	0	1	1	1	0	1	1	1	1	1	1	1	1	1	1	1	1	1	0	1
%%%	-0.067000	-0.036000	0.011000	0.042000	0.074000	0.105000	0.136000	0.167000	0.198000	0.245000	0.276000	0.308000	0.339000	0.370000	0.401000	0.432000	0.464000	0.510000	0.542000	0.573000	0.604000	0.635000	0.666000	0.698000	0.744000	0.776000	0.807000	0.838000	0.869000	0.900000	0.932000	0.963000	1.010000	1.041000	1.072000	1.103000	1.134000	1.166000	1.197000	1.244000	1.275000	1.306000	1.337000	1.368000	1.400000	1.431000	1.478000	1.509000	1.540000	1.571000	1.602000	1.634000	1.665000	1.696000	1.743000	1.774000	1.805000	1.836000	1.868000	1.899000	1.930000	1.977000	2.008000	2.039000	2.070000	2.102000	2.133000	2.164000	2.211000	2.242000	2.273000	2.304000	2.336000	2.367000	2.398000	2.429000	2.476000	2.507000	2.538000	2.570000	2.601000	2.632000	2.663000	2.710000	2.741000	2.772000	2.804000	2.835000	2.866000	2.897000	2.944000	2.975000	3.006000	3.038000	3.069000	3.100000	3.131000	3.162000	3.209000	3.240000	3.272000	3.303000	3.334000	3.365000	3.396000	3.443000	3.474000	3.506000	3.537000	3.568000	3.599000	3.630000	3.662000	3.708000	3.740000	3.771000	3.802000	3.833000	3.864000	3.896000	3.942000	3.974000	4.005000	4.036000	4.067000	4.098000	4.130000	4.176000	4.208000	4.239000	4.270000	4.301000	4.332000	4.364000	4.395000	4.442000	4.473000	4.504000	4.535000	4.566000	4.598000	4.629000	4.676000	4.707000	4.738000	4.769000	4.800000	4.832000	4.863000	4.910000	4.941000	4.972000	5.003000	5.034000	5.066000	5.097000	5.128000	5.175000	5.206000	5.237000	5.268000	5.300000	5.331000	5.362000	5.409000	5.440000	5.471000	5.502000	5.534000	5.565000	5.596000	5.643000	5.674000	5.705000	5.736000	5.768000	5.799000	5.830000	5.861000	5.908000	5.939000	5.970000	6.002000	6.033000	6.064000	6.095000	6.142000	6.173000	6.204000	6.236000	6.267000	6.298000	6.329000	6.360000	6.407000	6.438000	6.470000	6.501000	6.532000	6.563000	6.594000	6.641000	6.672000	6.704000	6.735000	6.766000	6.797000	6.828000	6.875000	6.906000	6.938000	6.969000	7.000000	7.031000	7.062000	7.094000	7.140000	7.172000	7.203000	7.234000	7.265000	7.296000	7.328000	7.374000	7.406000	7.437000	7.468000	7.499000	7.530000	7.562000	7.593000	7.640000	7.671000	7.702000	7.733000	7.764000	7.796000	7.827000	7.874000	7.905000	7.936000	7.967000	7.998000	8.030000	8.061000	8.108000	8.139000	8.170000	8.201000	8.232000	8.264000	8.295000	8.326000	8.373000	8.404000	8.435000	8.466000	8.498000	8.529000	8.560000	8.607000	8.638000	8.669000	8.700000	8.732000	8.763000	8.794000	8.841000	8.872000	8.903000	8.934000	8.966000	8.997000	9.028000	9.059000	9.106000	9.137000	9.168000	9.200000	9.231000	9.262000	9.293000	9.340000	9.371000	9.402000	9.434000	9.465000	9.496000	9.527000	9.574000	9.605000	9.636000	9.668000	9.699000	9.730000	9.761000	9.792000	9.839000	9.870000	9.902000	9.933000	9.964000	9.995000	10.026000	10.073000	10.104000	10.136000	10.167000	10.198000	10.229000	10.260000	10.307000	10.338000	10.370000	10.401000	10.432000	10.463000	10.494000	10.526000	10.572000	10.604000	10.635000	10.666000	10.697000	10.728000	10.760000	10.806000	10.838000	10.869000	10.900000	10.931000	10.962000	10.994000	11.040000	11.072000	11.103000	11.134000	11.165000	11.196000	11.228000	11.259000	11.306000	11.337000	11.368000	11.399000	11.430000	11.462000	11.493000	11.524000	11.571000	11.602000	11.633000	11.664000	11.696000	11.727000	11.758000	11.805000	11.836000	11.867000	11.898000	11.930000	11.961000	11.992000	12.039000	12.070000	12.101000	12.132000	12.164000	12.195000	12.226000	12.257000	12.304000	12.335000	12.366000	12.398000	12.429000	12.460000	12.491000	12.538000	12.569000	12.600000	12.632000	12.663000	12.694000	12.725000	12.772000	12.803000	12.834000	12.866000	12.897000	12.928000	12.959000	12.990000	13.037000	13.068000	13.100000	13.131000	13.162000	13.193000	13.224000	13.271000	13.302000	13.334000	13.365000	13.396000	13.427000	13.458000	13.505000	13.536000	13.568000	13.599000	13.630000	13.661000	13.692000	13.724000	13.770000	13.802000	13.833000	13.864000	13.895000	13.926000	13.958000	14.004000	14.036000	14.067000	14.098000	14.129000	14.160000	14.192000	14.238000	14.270000	14.301000	14.332000	14.363000	14.394000	14.426000	14.457000	14.504000	14.535000	14.566000	14.597000	14.628000	14.660000	14.691000	14.738000	14.769000	14.800000	14.831000	14.862000	14.894000	14.925000	14.972000	15.003000	15.034000	15.065000	15.096000	15.128000	15.159000	15.190000	15.237000	15.268000	15.299000	15.330000	15.362000	15.393000	15.424000	15.455000	15.502000	15.533000	15.564000	15.596000	15.627000	15.658000	15.689000	15.736000	15.767000	15.798000	15.830000	15.861000	15.892000	15.923000	15.970000	16.001000	16.032000	16.064000	16.095000	16.126000	16.157000	16.188000	16.235000	16.266000	16.298000	16.329000	16.360000	16.391000	16.422000	16.469000	16.500000	16.532000	16.563000	16.594000	16.625000	16.656000	16.703000	16.734000	16.766000	16.797000	16.828000	16.859000	16.890000	16.922000	16.968000	17.000000	17.031000	17.062000	17.093000	17.124000	17.156000	17.202000	17.234000	17.265000	17.296000	17.327000	17.358000	17.390000	17.436000	17.468000	17.499000	17.530000	17.561000	17.592000	17.624000	17.655000	17.702000	17.733000	17.764000	17.795000	17.826000	17.858000	17.889000	17.936000	17.967000	17.998000
%%%	1.270290	1.262029	1.248840	1.240580	1.251014	1.236377	1.252754	1.246667	1.251594	1.238406	1.298551	1.224638	1.298986	1.241015	1.239710	1.238551	1.283623	1.274058	1.240725	1.151160	1.231159	1.205797	1.179420	1.179855	1.212029	1.176812	1.161594	1.156522	1.118841	1.107971	1.062029	1.014058	1.000725	1.033623	0.946232	0.952754	0.952029	0.925072	0.927246	0.881159	0.950580	0.968406	0.950580	0.981449	0.933623	0.973913	1.043478	1.008551	1.043478	0.950725	0.927536	1.048841	1.021159	1.097246	1.062319	1.080435	1.099420	1.090290	1.136232	1.078841	1.094493	1.089855	1.096812	1.081594	1.131449	1.098841	1.135797	1.124638	1.101449	1.118406	1.105942	1.136232	1.138116	1.140145	1.113043	1.159275	1.147826	1.127971	1.118986	1.108116	1.148551	1.146667	1.152899	1.125507	1.135507	1.104928	1.140580	1.135797	1.140725	1.153623	1.155507	1.142029	1.159420	1.165797	1.150580	1.146232	1.109710	1.126667	1.107102	1.131884	1.081159	1.101159	1.141449	1.077246	1.113043	1.079855	1.088551	1.096667	1.079420	1.110290	1.114638	1.098406	1.079420	1.134928	1.168116	1.113043	1.165942	1.172029	1.159855	1.151160	1.132754	1.142464	1.122899	1.129855	1.135942	1.138551	1.134928	1.174638	1.147826	1.183623	1.151160	1.123333	1.166667	1.141884	1.132029	1.147826	1.146232	1.150580	1.148986	1.164203	1.185942	1.163768	1.165217	0.840581	1.165362	1.155507	1.205797	1.205797	1.146232	1.149275	1.201594	1.147826	1.162464	1.165217	1.165362	1.168551	1.145942	1.159855	1.132754	0.775072	1.131884	1.117971	1.151594	1.115797	1.151014	1.140145	1.159420	1.153623	1.146667	1.131014	0.982754	1.142029	1.134928	1.132029	1.113043	1.165217	1.153623	1.178116	1.151160	1.140290	1.151160	1.146812	1.172464	1.142029	1.199275	1.118406	1.157971	1.147246	0.927536	1.205797	1.152464	1.183768	1.200000	1.149275	1.171159	1.173768	1.185942	1.169420	1.145797	1.179275	1.179855	1.150580	1.175073	1.149855	1.161014	1.170580	1.161884	1.194203	0.700290	1.190725	0.765217	1.100725	1.147826	1.177101	0.761594	1.182609	1.126812	1.149275	1.159275	1.169420	1.205797	1.171015	1.185362	1.164058	1.160145	1.181449	1.182609	1.149855	1.187681	1.185362	1.147826	1.153623	1.177246	1.202029	1.187102	1.173913	1.198840	1.198840	1.159420	1.211884	1.205507	1.204203	1.168551	1.220145	1.181594	1.167971	1.224638	1.222319	1.204638	1.205797	1.191884	1.192464	1.191884	1.184493	1.181159	1.175073	1.161449	1.178985	1.176667	1.187681	1.184203	1.172319	1.192899	1.170725	1.194203	1.196377	1.155797	1.191159	1.205797	1.194058	1.217246	1.174638	1.206377	1.203768	1.203188	1.201160	1.150580	0.556522	0.640290	1.000000	1.131884	1.123333	0.718841	1.113043	0.709420	0.707681	0.714203	1.121739	1.118551	0.701594	1.158116	1.152029	1.020290	1.113043	1.121159	1.151160	1.168551	0.742319	0.649275	0.733768	0.661884	1.113043	0.651159	0.659855	0.678116	1.182609	1.118406	0.664927	1.182754	1.202899	1.203623	1.228841	1.053333	1.204203	1.209855	1.205797	1.181449	0.649275	1.205797	1.183623	1.192899	1.211449	1.062029	1.163912	0.735942	1.228985	1.232319	1.203333	1.186957	1.176812	1.205797	1.237391	1.174493	1.207681	1.229275	1.200580	1.203333	1.220725	1.177681	1.216377	1.205797	1.159420	1.192319	0.712029	1.182464	1.187246	1.221739	1.126812	1.164638	1.199420	1.194348	0.689710	1.159855	1.208551	1.194058	1.183623	0.693769	1.194203	1.205942	1.182609	1.159420	1.204928	1.194203	1.192899	1.175073	1.189710	1.164058	0.707681	0.653624	1.079855	0.614058	1.118116	1.135797	1.131449	0.550290	1.164058	1.070145	1.144928	1.148840	0.642899	0.642319	1.171015	1.178985	1.160290	0.626087	0.742319	1.182464	1.202754	1.189855	1.043478	1.159710	1.194203	1.060290	0.657971	0.705942	1.138406	1.137536	1.076667	1.113043	1.147826	0.638116	0.635942	1.188986	1.056522	1.217971	1.205797	1.192899	0.684058	1.066812	0.574638	1.220145	1.171159	1.173913	0.659710	1.159855	1.161014	0.635797	0.596232	0.648841	0.617971	1.149710	1.165217	1.194203	1.139710	0.625507	1.165942	0.635218	1.162464	0.811594	1.178550	0.635797	1.209855	1.171160	1.194203	1.205797	1.200000	1.194493	1.181594	1.228841	1.205507	1.113043	1.228985	1.182609	1.226087	1.187101	1.155362	1.205797	1.182609	1.182609	0.579420	1.211884	1.194203	1.192319	1.205797	1.181594	1.179855	1.113188	1.201449	1.138986	1.160290	1.212464	1.175073	1.230580	1.168406	1.205797	1.222029	1.136232	1.191884	1.205507	1.212029	1.224927	1.224783	1.211449	1.205942	0.676667	1.208116	1.203188	1.212464	1.223333	1.188840	1.196666	1.196232	1.217391	1.118841	1.147826	1.083333	1.123333	1.197246	1.172464	1.235797	1.225073	1.220145	1.216232	0.740580	1.223188	0.707101	0.690145	1.220725	1.177101	1.189710	1.175073	1.222754	1.167971	1.159420	1.190145	1.216377	1.168406	1.185362	1.211449	0.679855	1.150725	0.660870	0.793768	1.298551	0.690290	1.192029	1.205797	1.165072	1.173188	0.627246	1.042898	1.203768	1.204492	1.060870	1.185362	1.205797	1.179855	0.717971	1.157101	1.171015	1.136812	1.142029	0.668551	1.160290	1.141159	1.113043	1.182609	1.162464	1.113043	1.159275	1.146377	0.690290	1.166377
%%%	Left Pupil Profile (1st row -> 1 == valid tracking, 0 == invalid tracking; 2nd row -> time; 3rd row -> diameter (mm))
%%%	0	0	0	0	0	0	0	0	0	0	0	0	0	0	0	0	0	0	0	0	0	0	0	0	0	0	0	0	0	0	0	0	0	0	0	0	0	0	0	0	0	0	0	0	0	0	0	0	0	0	0	0	0	0	0	0	0	0	0	0	0	0	0	0	0	0	0	0	0	0	0	0	0	0	0	0	0	0	0	0	0	0	0	0	0	0	0	0	0	0	0	0	0	0	0	0	0	0	0	0	0	0	0	0	0	0	0	0	0	0	0	0	0	0	0	0	0	0	0	0	0	0	0	0	0	0	0	0	0	0	0	0	0	0	0	0	0	0	0	0	0	0	0	0	0	0	0	0	0	0	0	0	0	0	0	0	0	0	0	0	0	0	0	0	0	0	0	0	0	0	0	0	0	0	0	0	0	0	0	0	0	0	0	0	0	0	0	0	0	0	0	0	0	0	0	0	0	0	0	0	0	0	0	0	0	0	0	0	0	0	0	0	0	0	0	0	0	0	0	0	0	0	0	0	0	0	0	0	0	0	0	0	0	0	0	0	0	0	0	0	0	0	0	0	0	0	0	0	0	0	0	0	0	0	0	0	0	0	0	0	0	0	0	0	0	0	0	0	0	0	0	0	0	0	0	0	0	0	0	0	0	0	0	0	0	0	0	0	0	0	0	0	0	0	0	0	0	0	0	0	0	0	0	0	0	0	0	0	0	0	0	0	0	0	0	0	0	0	0	0	0	0	0	0	0	0	0	0	0	0	0	0	0	0	0	0	0	0	0	0	0	0	0	0	0	0	0	0	0	0	0	0	0	0	0	0	0	0	0	0	0	0	0	0	0	0	0	0	0	0	0	0	0	0	0	0	0	0	0	0	0	0	0	0	0	0	0	0	0	0	0	0	0	0	0	0	0	0	0	0	0	0	0	0	0	0	0	0	0	0	0	0	0	0	0	0	0	0	0	0	0	0	0	0	0	0	0	0	0	0	0	0	0	0	0	0	0	0	0	0	0	0	0	0	0	0	0	0	0	0	0	0	0	0	0	0	0	0	0	0	0	0	0	0	0	0	0	0	0	0	0	0	0	0	0	0	0	0	0	0	0	0	0	0	0	0	0	0	0	0	0	0	0	0	0	0	0	0	0	0	0	0	0	0	0	0	0	0	0	0	0	0	0	0	0	0	0	0	0	0	0	0	0	0	0	0	0	0	0	0	0	0	0	0	0	0	0	0	0	0	0	0	0
%%%	-0.051000	-0.020000	0.012000	0.043000	0.074000	0.121000	0.152000	0.183000	0.214000	0.246000	0.277000	0.308000	0.355000	0.386000	0.417000	0.448000	0.480000	0.511000	0.542000	0.573000	0.620000	0.651000	0.682000	0.714000	0.745000	0.776000	0.807000	0.854000	0.885000	0.916000	0.948000	0.979000	1.010000	1.041000	1.088000	1.119000	1.150000	1.182000	1.213000	1.244000	1.275000	1.306000	1.353000	1.384000	1.416000	1.447000	1.478000	1.509000	1.540000	1.572000	1.618000	1.650000	1.681000	1.712000	1.743000	1.774000	1.806000	1.852000	1.884000	1.915000	1.946000	1.977000	2.008000	2.040000	2.086000	2.118000	2.149000	2.180000	2.211000	2.242000	2.274000	2.305000	2.352000	2.383000	2.414000	2.445000	2.476000	2.508000	2.539000	2.586000	2.617000	2.648000	2.679000	2.710000	2.742000	2.773000	2.820000	2.851000	2.882000	2.913000	2.944000	2.976000	3.007000	3.038000	3.085000	3.116000	3.147000	3.178000	3.210000	3.241000	3.272000	3.319000	3.350000	3.381000	3.412000	3.444000	3.475000	3.506000	3.553000	3.584000	3.615000	3.646000	3.678000	3.709000	3.740000	3.771000	3.818000	3.849000	3.880000	3.912000	3.943000	3.974000	4.005000	4.052000	4.083000	4.114000	4.146000	4.177000	4.208000	4.239000	4.286000	4.317000	4.348000	4.380000	4.411000	4.442000	4.473000	4.504000	4.551000	4.582000	4.614000	4.645000	4.676000	4.707000	4.738000	4.785000	4.816000	4.848000	4.879000	4.910000	4.941000	4.972000	5.019000	5.050000	5.082000	5.113000	5.144000	5.175000	5.206000	5.238000	5.284000	5.316000	5.347000	5.378000	5.409000	5.440000	5.472000	5.503000	5.550000	5.581000	5.612000	5.643000	5.674000	5.706000	5.737000	5.784000	5.815000	5.846000	5.877000	5.908000	5.940000	5.971000	6.018000	6.049000	6.080000	6.111000	6.142000	6.174000	6.205000	6.236000	6.283000	6.314000	6.345000	6.376000	6.408000	6.439000	6.470000	6.517000	6.548000	6.579000	6.610000	6.642000	6.673000	6.704000	6.751000	6.782000	6.813000	6.844000	6.876000	6.907000	6.938000	6.969000	7.016000	7.047000	7.078000	7.110000	7.141000	7.172000	7.203000	7.250000	7.281000	7.312000	7.344000	7.375000	7.406000	7.437000	7.484000	7.515000	7.546000	7.578000	7.609000	7.640000	7.671000	7.702000	7.749000	7.780000	7.812000	7.843000	7.874000	7.905000	7.936000	7.983000	8.014000	8.046000	8.077000	8.108000	8.139000	8.170000	8.217000	8.248000	8.280000	8.311000	8.342000	8.373000	8.404000	8.436000	8.482000	8.514000	8.545000	8.576000	8.607000	8.638000	8.670000	8.716000	8.748000	8.779000	8.810000	8.841000	8.872000	8.904000	8.950000	8.982000	9.013000	9.044000	9.075000	9.106000	9.138000	9.169000	9.216000	9.247000	9.278000	9.309000	9.340000	9.372000	9.403000	9.450000	9.481000	9.512000	9.543000	9.574000	9.606000	9.637000	9.668000	9.715000	9.746000	9.777000	9.808000	9.840000	9.871000	9.902000	9.949000	9.980000	10.011000	10.042000	10.074000	10.105000	10.136000	10.167000	10.214000	10.245000	10.276000	10.308000	10.339000	10.370000	10.401000	10.448000	10.479000	10.510000	10.542000	10.573000	10.604000	10.635000	10.682000	10.713000	10.744000	10.776000	10.807000	10.838000	10.869000	10.900000	10.947000	10.978000	11.010000	11.041000	11.072000	11.103000	11.134000	11.181000	11.212000	11.244000	11.275000	11.306000	11.337000	11.368000	11.415000	11.446000	11.478000	11.509000	11.540000	11.571000	11.602000	11.634000	11.680000	11.712000	11.743000	11.774000	11.805000	11.836000	11.868000	11.914000	11.946000	11.977000	12.008000	12.039000	12.070000	12.102000	12.148000	12.180000	12.211000	12.242000	12.273000	12.304000	12.336000	12.367000	12.414000	12.445000	12.476000	12.507000	12.538000	12.570000	12.601000	12.648000	12.679000	12.710000	12.741000	12.772000	12.804000	12.835000	12.882000	12.913000	12.944000	12.975000	13.006000	13.038000	13.069000	13.100000	13.147000	13.178000	13.209000	13.240000	13.272000	13.303000	13.334000	13.381000	13.412000	13.443000	13.474000	13.506000	13.537000	13.568000	13.599000	13.646000	13.677000	13.708000	13.740000	13.771000	13.802000	13.833000	13.880000	13.911000	13.942000	13.974000	14.005000	14.036000	14.067000	14.114000	14.145000	14.176000	14.208000	14.239000	14.270000	14.301000	14.332000	14.379000	14.410000	14.442000	14.473000	14.504000	14.535000	14.566000	14.613000	14.644000	14.676000	14.707000	14.738000	14.769000	14.800000	14.847000	14.878000	14.910000	14.941000	14.972000	15.003000	15.034000	15.066000	15.112000	15.144000	15.175000	15.206000	15.237000	15.268000	15.300000	15.346000	15.378000	15.409000	15.440000	15.471000	15.502000	15.534000	15.565000	15.612000	15.643000	15.674000	15.705000	15.736000	15.768000	15.799000	15.846000	15.877000	15.908000	15.939000	15.970000	16.002000	16.033000	16.080000	16.111000	16.142000	16.173000	16.204000	16.236000	16.267000	16.298000	16.345000	16.376000	16.407000	16.438000	16.470000	16.501000	16.532000	16.579000	16.610000	16.641000	16.672000	16.704000	16.735000	16.766000	16.813000	16.844000	16.875000	16.906000	16.938000	16.969000	17.000000	17.031000	17.078000	17.109000	17.140000	17.172000	17.203000	17.234000	17.265000	17.312000	17.343000	17.374000	17.406000	17.437000	17.468000	17.499000	17.530000	17.577000	17.608000	17.640000	17.671000	17.702000	17.733000	17.764000	17.811000	17.842000	17.874000	17.905000	17.936000	17.967000	17.998000
%%%	13.913043	13.913043	13.913043	13.913043	13.913043	13.913043	13.913043	13.913043	13.913043	13.913043	13.913043	13.913043	13.913043	13.913043	13.913043	13.913043	13.913043	13.913043	13.913043	13.913043	13.913043	13.913043	13.913043	13.913043	13.913043	13.913043	13.913043	13.913043	13.913043	13.913043	13.913043	13.913043	13.913043	13.913043	13.913043	13.913043	13.913043	13.913043	13.913043	13.913043	13.913043	13.913043	13.913043	13.913043	13.913043	13.913043	13.913043	13.913043	13.913043	13.913043	13.913043	13.913043	13.913043	13.913043	13.913043	13.913043	13.913043	13.913043	13.913043	13.913043	13.913043	13.913043	13.913043	13.913043	13.913043	13.913043	13.913043	13.913043	13.913043	13.913043	13.913043	13.913043	13.913043	13.913043	13.913043	13.913043	13.913043	13.913043	13.913043	13.913043	13.913043	13.913043	13.913043	13.913043	13.913043	13.913043	13.913043	13.913043	13.913043	13.913043	13.913043	13.913043	13.913043	13.913043	13.913043	13.913043	13.913043	13.913043	13.913043	13.913043	13.913043	13.913043	13.913043	13.913043	13.913043	13.913043	13.913043	13.913043	13.913043	13.913043	13.913043	13.913043	13.913043	13.913043	13.913043	13.913043	13.913043	13.913043	13.913043	13.913043	13.913043	13.913043	13.913043	13.913043	13.913043	13.913043	13.913043	13.913043	13.913043	13.913043	13.913043	13.913043	13.913043	13.913043	13.913043	13.913043	13.913043	13.913043	13.913043	13.913043	13.913043	13.913043	13.913043	13.913043	13.913043	13.913043	13.913043	13.913043	13.913043	13.913043	13.913043	13.913043	13.913043	13.913043	13.913043	13.913043	13.913043	13.913043	13.913043	13.913043	13.913043	13.913043	13.913043	13.913043	13.913043	13.913043	13.913043	13.913043	13.913043	13.913043	13.913043	13.913043	13.913043	13.913043	13.913043	13.913043	13.913043	13.913043	13.913043	13.913043	13.913043	13.913043	13.913043	13.913043	13.913043	13.913043	13.913043	13.913043	13.913043	13.913043	13.913043	13.913043	13.913043	13.913043	13.913043	13.913043	13.913043	13.913043	13.913043	13.913043	13.913043	13.913043	13.913043	13.913043	13.913043	13.913043	13.913043	13.913043	13.913043	13.913043	13.913043	13.913043	13.913043	13.913043	13.913043	13.913043	13.913043	13.913043	13.913043	13.913043	13.913043	13.913043	13.913043	13.913043	13.913043	13.913043	13.913043	13.913043	13.913043	13.913043	13.913043	13.913043	13.913043	13.913043	13.913043	13.913043	13.913043	13.913043	13.913043	13.913043	13.913043	13.913043	13.913043	13.913043	13.913043	13.913043	13.913043	13.913043	13.913043	13.913043	13.913043	13.913043	13.913043	13.913043	13.913043	13.913043	13.913043	13.913043	13.913043	13.913043	13.913043	13.913043	13.913043	13.913043	13.913043	13.913043	13.913043	13.913043	13.913043	13.913043	13.913043	13.913043	13.913043	13.913043	13.913043	13.913043	13.913043	13.913043	13.913043	13.913043	13.913043	13.913043	13.913043	13.913043	13.913043	13.913043	13.913043	13.913043	13.913043	13.913043	13.913043	13.913043	13.913043	13.913043	13.913043	13.913043	13.913043	13.913043	13.913043	13.913043	13.913043	13.913043	13.913043	13.913043	13.913043	13.913043	13.913043	13.913043	13.913043	13.913043	13.913043	13.913043	13.913043	13.913043	13.913043	13.913043	13.913043	13.913043	13.913043	13.913043	13.913043	13.913043	13.913043	13.913043	13.913043	13.913043	13.913043	13.913043	13.913043	13.913043	13.913043	13.913043	13.913043	13.913043	13.913043	13.913043	13.913043	13.913043	13.913043	13.913043	13.913043	13.913043	13.913043	13.913043	13.913043	13.913043	13.913043	13.913043	13.913043	13.913043	13.913043	13.913043	13.913043	13.913043	13.913043	13.913043	13.913043	13.913043	13.913043	13.913043	13.913043	13.913043	13.913043	13.913043	13.913043	13.913043	13.913043	13.913043	13.913043	13.913043	13.913043	13.913043	13.913043	13.913043	13.913043	13.913043	13.913043	13.913043	13.913043	13.913043	13.913043	13.913043	13.913043	13.913043	13.913043	13.913043	13.913043	13.913043	13.913043	13.913043	13.913043	13.913043	13.913043	13.913043	13.913043	13.913043	13.913043	13.913043	13.913043	13.913043	13.913043	13.913043	13.913043	13.913043	13.913043	13.913043	13.913043	13.913043	13.913043	13.913043	13.913043	13.913043	13.913043	13.913043	13.913043	13.913043	13.913043	13.913043	13.913043	13.913043	13.913043	13.913043	13.913043	13.913043	13.913043	13.913043	13.913043	13.913043	13.913043	13.913043	13.913043	13.913043	13.913043	13.913043	13.913043	13.913043	13.913043	13.913043	13.913043	13.913043	13.913043	13.913043	13.913043	13.913043	13.913043	13.913043	13.913043	13.913043	13.913043	13.913043	13.913043	13.913043	13.913043	13.913043	13.913043	13.913043	13.913043	13.913043	13.913043	13.913043	13.913043	13.913043	13.913043	13.913043	13.913043	13.913043	13.913043	13.913043	13.913043	13.913043	13.913043	13.913043	13.913043	13.913043	13.913043	13.913043	13.913043	13.913043	13.913043	13.913043	13.913043	13.913043	13.913043	13.913043	13.913043	13.913043	13.913043	13.913043	13.913043	13.913043	13.913043	13.913043	13.913043	13.913043	13.913043	13.913043	13.913043	13.913043	13.913043	13.913043	13.913043	13.913043	13.913043	13.913043	13.913043	13.913043	13.913043	13.913043	13.913043	13.913043	13.913043	13.913043	13.913043	13.913043	13.913043	13.913043	13.913043	13.913043	13.913043	13.913043	13.913043	13.913043	13.913043	13.913043	13.913043	13.913043	13.913043	13.913043	13.913043	13.913043	13.913043	13.913043	13.913043	13.913043	13.913043	13.913043	13.913043	13.913043	13.913043	13.913043	13.913043	13.913043	13.913043
%%%	Pulse Index	Stimulus Section Index	Stimulus Section Start Index	Stimulus Section End Index	Pupil Stimulated: 0 = Right, 1 = Left, 2 = Both	Light Metric: 0 = Photopic, 1 = Scopotic, 2 = Radiometric	Stimulus Start Time	Stimulus Duration	Stimulus Pulse Duration	Right Pulse Max Level	Right Pulse Max Color (0123 = WRGB)	Right Pulse Min Level	Right Pulse Min Color (0123 = WRGB)	Left Pulse Max Level	Left Pulse Max Color (0123 = WRGB)	Left Pulse Min Level	Left Pulse Min Color (0123 = WRGB)	Right Data Input Type (0 == RAW DATA, 1 == FITTED DATA, 2 == M. OVERRIDED)	Right ANALYSIS STATE (0 == ABNORMAL, 1 == NORMAL)	Right MAX (mm) (EMPTY if INVALID)	Right MIN (mm) (EMPTY if INVALID)	Right DELTA (mm) (EMPTY if INVALID)	Right CH (%) (EMPTY if INVALID)	Right LAT (sec) (EMPTY if INVALID)	Right CV (mm/s) (EMPTY if INVALID)	Right MCV (mm/s) (EMPTY if INVALID)	Right DV (mm/s) (EMPTY if INVALID)	Left Data Input Type (0 == RAW DATA, 1 == FITTED DATA, 2 == M. OVERRIDED)	Left ANALYSIS STATE (0 == ABNORMAL, 1 == NORMAL)	Left MAX (mm) (EMPTY if INVALID)	Left MIN (mm) (EMPTY if INVALID)	Left DELTA (mm) (EMPTY if INVALID)	Left CH (%) (EMPTY if INVALID)	Left LAT (sec) (EMPTY if INVALID)	Left CV (mm/s) (EMPTY if INVALID)	Left MCV (mm/s) (EMPTY if INVALID)	Left DV (mm/s) (EMPTY if INVALID)
%%%	0	0	17	542	0	0	0.51	17.52	0.51	15.98	1	0.00	1	0.00	1	0.00	1	0	0	0.00	0.00			0.00	0.00	0.00	0.00	0	0	0.00	0.00			0.00	0.00	0.00	0.00
%%%%%%%%%
%%%%%%%%%
%%%%%%%%%
<\SESSION>
