<SESSION>
<VERSION>
2
<\VERSION>
<DATE>
2017-09-05 09:56:21
<\DATE>
<SUBJECT-ID>
c57-1mois-F1-2r
<\SUBJECT-ID>
<NOTE>

<\NOTE>
<MIN-MAX-PLOT>
0.100000 51880.761719
<\MIN-MAX-PLOT>
<STIMULUS-DEFINED>
Default
Default Human Relative Spectral Sensitivity
1	0
1	0.500000	0.500000	17.000000	1	1	2.000000	-100.000000	0.100000	-100.000000	0
<\STIMULUS-DEFINED>
<STIMULUS-GENERATED>
4
0	0	0.000000	1	0.000000	0.000000	1	0.000000	0.000000
0	1	0.508000	1	0.406861	99.710426	1	0.000000	0.000000
0	4	1.018000	1	0.000000	0.000000	1	0.000000	0.000000
-1	5	18.028000	0	0.000000	0.000000	0	0.000000	0.000000
<\STIMULUS-GENERATED>
<RIGHT-PUPIL-DATA>
543	1
1	-0.051000	1.625942	326.631287	268.581177
1	-0.020000	1.588406	326.000000	271.000000
1	0.011000	1.620580	326.662506	275.475006
1	0.042000	1.576812	328.000000	283.000000
1	0.074000	1.574927	326.131256	289.868744
1	0.120000	1.583623	324.993744	297.743744
1	0.152000	1.591884	325.125000	301.125000
1	0.183000	1.565362	326.493744	300.743744
1	0.214000	1.559275	326.643738	296.643738
1	0.245000	1.557246	326.643738	291.643738
1	0.276000	1.623188	328.000000	287.000000
1	0.308000	1.601884	327.031250	283.968750
1	0.354000	1.621159	327.312500	281.362488
1	0.386000	1.600000	327.000000	280.000000
1	0.417000	1.611594	327.000000	277.000000
1	0.448000	1.620290	327.687500	275.687500
1	0.479000	1.609710	328.131256	273.631256
1	0.510000	1.626667	327.625000	271.750000
1	0.542000	1.628841	327.656250	270.456238
1	0.573000	1.633623	327.725006	269.337494
1	0.620000	1.625507	328.424988	267.575012
1	0.651000	1.635942	328.475006	266.475006
1	0.682000	1.669565	327.000000	264.000000
1	0.713000	1.636377	328.468750	264.656250
1	0.744000	1.646377	328.000000	263.000000
1	0.776000	1.634783	329.000000	263.000000
1	0.807000	1.662319	329.924988	262.887512
1	0.854000	1.634783	330.000000	263.000000
1	0.885000	1.662899	330.137482	262.912506
1	0.916000	1.669565	331.000000	264.000000
1	0.947000	1.618551	330.524994	262.475006
1	0.978000	1.606812	331.093719	262.981232
1	1.010000	1.592319	330.881256	262.856232
1	1.041000	1.574493	331.125000	262.625000
1	1.088000	1.518986	330.781250	262.906250
1	1.119000	1.521884	331.118744	262.118744
1	1.150000	1.513043	331.000000	263.000000
1	1.181000	1.484058	330.500000	263.500000
1	1.212000	1.488116	331.350006	264.100006
1	1.244000	1.472899	331.943756	265.318756
1	1.275000	1.460870	332.625000	266.125000
1	1.306000	1.442464	332.993744	267.893768
1	1.353000	1.449420	332.893738	269.893738
1	1.384000	1.415797	330.656250	272.343750
1	1.415000	1.414638	329.643738	273.843750
1	1.446000	1.402899	329.750000	273.750000
1	1.478000	1.379855	330.156250	274.156250
1	1.509000	1.298261	330.012512	283.825012
0	1.540000	0.972899	333.581268	298.993744
0	1.587000	0.927246	329.587494	315.149994
0	1.618000	0.910725	326.649994	321.649994
0	1.649000	0.469710	327.868744	331.256256
0	1.680000	0.347826	246.531860	333.000000
0	1.712000	0.347826	210.531860	333.000000
0	1.743000	0.347826	210.531860	333.000000
0	1.774000	0.347826	210.531860	333.000000
0	1.821000	0.347826	206.531860	333.000000
0	1.852000	0.347826	202.531860	333.000000
0	1.883000	0.347826	202.531860	333.000000
0	1.914000	0.347826	202.531860	333.000000
0	1.946000	0.347826	210.531860	333.000000
0	1.977000	0.347826	202.531860	333.000000
0	2.008000	0.347826	206.531860	333.000000
0	2.039000	0.347826	302.656250	333.000000
0	2.086000	0.347826	311.156250	333.000000
0	2.117000	0.347826	318.318756	333.000000
0	2.148000	0.467971	321.531250	329.156250
0	2.180000	0.492754	328.375000	323.125000
0	2.211000	0.885507	329.262512	325.262512
0	2.242000	0.857102	332.312500	323.687500
0	2.273000	1.096232	327.750000	322.250000
0	2.320000	1.243623	326.118744	320.131256
0	2.351000	1.253333	328.074982	319.975006
1	2.382000	1.321015	327.656250	319.018738
1	2.414000	1.376667	326.843750	318.218750
1	2.445000	1.437681	325.500000	316.500000
1	2.476000	1.427246	325.225006	314.475006
1	2.507000	1.457681	324.787506	313.225006
1	2.538000	1.446667	324.012482	311.725006
1	2.585000	1.486232	323.656250	311.393738
1	2.616000	1.477246	323.618744	310.193756
1	2.648000	1.391304	323.000000	308.000000
1	2.679000	1.469420	322.743744	309.118744
1	2.710000	1.511884	321.024994	311.837494
1	2.741000	1.384493	313.981079	318.106232
0	2.772000	1.114203	300.524994	321.975006
0	2.819000	0.778841	306.187500	326.812500
0	2.850000	0.472899	299.743744	330.643768
0	2.882000	0.347826	294.481262	333.000000
0	2.913000	0.347826	206.531860	333.000000
0	2.944000	0.347826	206.531860	333.000000
0	2.975000	0.347826	206.531860	333.000000
0	3.006000	0.347826	210.531860	333.000000
0	3.053000	0.347826	202.531860	333.000000
0	3.084000	0.347826	202.531860	333.000000
0	3.116000	0.347826	202.531860	333.000000
0	3.147000	0.347826	277.168701	329.681335
0	3.178000	0.933333	272.375000	324.625000
0	3.209000	0.731594	275.587494	327.475006
1	3.240000	0.347826	307.337494	301.475006
0	3.272000	1.484058	335.000000	264.000000
1	3.318000	1.553623	335.000000	258.000000
0	3.350000	0.708841	339.181244	288.818756
0	3.381000	0.483333	331.893768	322.056244
0	3.412000	0.349420	325.843750	332.968750
0	3.443000	0.348985	318.481262	332.168701
0	3.474000	0.458116	319.556213	331.343750
0	3.506000	0.347826	322.181335	323.481384
0	3.552000	0.451594	321.500000	320.437500
0	3.584000	0.522754	334.456268	327.706268
0	3.615000	0.801159	328.850006	323.100006
0	3.646000	0.557681	332.975006	321.975006
0	3.677000	0.596812	331.412506	319.637482
0	3.708000	0.618986	330.406250	317.718750
0	3.740000	0.635797	334.131256	322.631256
0	3.786000	0.831594	329.537506	319.587494
0	3.818000	0.777536	333.831238	324.206238
0	3.849000	0.672319	334.156250	321.343750
0	3.880000	0.788116	334.087494	322.337494
1	3.911000	1.313043	323.250000	319.250000
1	3.942000	1.438116	321.681244	317.318756
1	3.974000	1.454493	320.899994	317.100006
1	4.005000	1.530435	318.000000	317.000000
1	4.052000	1.537536	316.893738	315.856262
1	4.083000	1.459710	316.975006	314.274994
1	4.114000	1.481449	316.462494	311.324982
1	4.145000	1.484058	315.500000	307.500000
1	4.176000	1.547826	317.500000	303.500000
1	4.208000	1.564638	319.112488	299.549988
1	4.239000	1.547101	320.718750	294.518738
1	4.286000	1.556667	321.618744	290.181244
1	4.317000	1.575362	323.906250	284.968750
1	4.348000	1.575507	326.156250	280.843750
1	4.379000	1.576667	327.706238	276.343750
1	4.410000	1.594638	327.868744	273.181244
1	4.442000	1.601014	330.056244	269.256195
1	4.473000	1.551449	331.418762	265.581238
1	4.504000	1.587536	333.062500	262.937500
1	4.551000	1.548406	329.687500	267.250000
1	4.582000	1.598986	324.056244	275.943756
1	4.613000	1.530435	320.000000	287.000000
1	4.644000	1.576812	316.500000	296.500000
1	4.676000	1.594638	316.131256	298.181244
1	4.707000	1.591884	318.875000	296.125000
1	4.738000	1.581884	322.918762	289.981262
1	4.785000	1.576812	323.000000	288.000000
1	4.816000	1.593188	328.543732	281.881256
1	4.847000	1.588986	330.850006	278.600006
1	4.878000	1.574493	332.375000	276.125000
1	4.910000	1.600000	333.500000	273.500000
1	4.941000	1.622464	334.481262	270.168762
1	4.972000	1.609275	334.375000	266.862488
1	5.019000	1.609710	330.368744	264.168732
1	5.050000	1.603188	312.537506	258.037506
1	5.081000	1.609855	300.649994	256.649994
1	5.112000	1.622754	293.506256	256.556244
1	5.144000	1.602754	290.968750	254.031250
1	5.175000	1.583623	287.006256	249.743744
1	5.206000	1.600145	285.993744	237.493744
1	5.237000	1.576812	285.750000	234.750000
0	5.284000	1.391014	289.312469	253.312469
1	5.315000	1.547101	299.756287	270.706299
1	5.346000	1.610290	305.343750	276.343750
1	5.378000	1.576812	315.000000	276.000000
1	5.409000	1.588406	320.000000	275.000000
1	5.440000	1.629855	322.375000	274.625000
1	5.471000	1.621159	323.500000	273.812500
1	5.518000	1.634783	326.000000	268.000000
1	5.549000	1.628985	326.000000	263.500000
1	5.580000	1.603333	326.818756	258.943756
1	5.612000	1.662029	326.850006	256.850006
1	5.643000	1.634783	327.000000	253.000000
1	5.674000	1.609275	327.625000	247.375000
1	5.705000	1.657536	329.056244	246.131256
1	5.752000	1.635797	328.743744	247.256256
1	5.783000	1.629275	328.449982	248.649994
1	5.814000	1.669565	327.000000	248.000000
1	5.846000	1.655072	326.049988	248.424988
1	5.877000	1.620145	324.281250	251.531250
1	5.908000	1.634928	322.493744	254.306244
1	5.939000	1.634783	321.000000	255.000000
1	5.970000	1.620290	320.550049	257.500000
1	6.017000	1.627536	322.500000	259.375000
1	6.048000	1.598840	324.975006	260.212494
1	6.080000	1.602464	324.993835	262.018738
1	6.111000	1.612319	326.043762	262.418762
1	6.142000	1.626667	327.437500	265.375000
1	6.173000	1.602899	327.500000	267.750000
1	6.204000	1.609275	326.375000	270.937500
1	6.251000	1.603188	327.287506	271.037506
1	6.282000	1.588551	326.031250	277.781250
1	6.314000	1.594203	326.375000	277.875000
1	6.345000	1.578841	327.812500	277.937500
1	6.376000	1.530435	326.000000	281.000000
1	6.407000	1.553623	324.500000	284.500000
1	6.438000	1.538406	325.393738	285.393738
1	6.470000	1.502754	325.906250	283.906250
1	6.516000	1.507246	325.000000	283.000000
1	6.548000	1.576812	327.000000	284.000000
1	6.579000	1.578841	324.062500	285.375000
0	6.610000	1.484058	327.000000	288.000000
1	6.641000	1.576812	327.000000	284.000000
1	6.672000	1.521449	324.062500	284.312500
1	6.704000	1.565797	324.500000	281.500000
1	6.750000	1.576667	324.343750	281.093750
1	6.782000	1.576812	323.000000	284.000000
1	6.813000	1.570580	323.818756	280.318756
1	6.844000	1.575507	323.843750	278.093750
1	6.875000	1.565797	323.549988	277.500000
1	6.906000	1.574493	322.375000	276.875000
1	6.938000	1.579710	321.937500	277.312500
1	6.984000	1.583188	321.125000	278.000000
1	7.016000	1.558116	321.593750	279.406250
1	7.047000	1.566377	320.475006	279.475006
1	7.078000	1.566377	318.912506	280.475006
1	7.109000	1.576812	317.875000	281.125000
1	7.140000	1.564638	318.250000	282.250000
1	7.172000	1.568116	316.750000	284.250000
1	7.203000	1.484058	315.000000	284.000000
1	7.250000	1.531159	316.031250	285.231262
1	7.281000	1.495652	318.250000	284.250000
1	7.312000	1.576812	319.000000	284.000000
1	7.343000	1.546812	317.743744	284.256256
1	7.374000	1.530435	318.000000	283.000000
1	7.406000	1.536377	317.968750	282.668762
1	7.437000	1.578841	319.062500	282.062500
1	7.484000	1.547826	320.500000	279.500000
1	7.515000	1.576812	323.000000	276.000000
1	7.546000	1.576812	323.000000	276.000000
1	7.577000	1.484058	323.000000	276.000000
1	7.608000	1.552754	322.437500	271.562500
1	7.640000	1.547101	322.518738	268.718750
1	7.671000	1.533188	323.418762	264.918762
1	7.718000	1.518841	325.000000	262.000000
1	7.749000	1.566377	324.475006	261.524994
1	7.780000	1.570580	324.381256	261.306244
1	7.811000	1.576667	324.406250	261.656250
1	7.842000	1.574927	323.868744	262.868744
1	7.874000	1.544928	323.781250	263.656250
1	7.905000	1.564203	321.743744	266.543732
1	7.936000	1.578841	321.937500	267.299988
1	7.983000	1.484058	323.000000	268.000000
1	8.014000	1.538116	321.918732	267.868744
1	8.045000	1.557246	321.393738	268.643738
1	8.076000	1.567971	320.281250	270.031250
1	8.108000	1.484058	323.000000	272.000000
1	8.139000	1.530435	319.500000	270.500000
1	8.170000	1.530435	320.000000	269.000000
1	8.217000	1.484058	323.000000	268.000000
1	8.248000	1.513188	320.243744	268.006256
1	8.279000	1.529855	321.049988	268.250000
1	8.310000	1.531159	320.768738	269.768738
1	8.342000	1.525362	319.781250	270.018738
1	8.373000	1.482029	320.687500	269.562500
1	8.404000	1.481594	319.443756	268.443756
1	8.451000	1.576812	319.000000	268.000000
1	8.482000	1.503333	321.118744	265.118744
1	8.513000	1.494638	320.543732	264.568756
1	8.544000	1.463623	321.218750	263.906250
1	8.576000	1.509710	320.806244	262.193756
1	8.607000	1.492754	320.850037	262.450012
1	8.638000	1.477681	320.625000	262.375000
1	8.669000	1.484203	320.531250	263.306213
1	8.716000	1.481449	320.324982	262.537506
1	8.747000	1.495797	320.506256	263.806244
1	8.778000	1.484203	320.393738	264.393738
1	8.810000	1.482029	319.737488	265.062500
1	8.841000	1.463623	320.218750	264.781250
1	8.872000	1.494493	319.475006	264.587494
1	8.903000	1.484058	319.750000	264.250000
1	8.950000	1.478406	319.631256	263.743744
1	8.981000	1.481159	319.562500	263.562500
1	9.012000	1.485797	320.524994	263.137482
1	9.044000	1.496232	320.200012	262.450012
1	9.075000	1.484058	320.500000	261.500000
1	9.106000	1.530435	320.000000	261.000000
1	9.137000	1.482029	320.375000	261.562500
1	9.184000	1.484058	323.000000	264.000000
1	9.215000	1.488116	320.662506	263.649994
1	9.246000	1.482029	320.437500	263.562500
1	9.278000	1.492029	319.406250	263.543762
1	9.309000	1.518551	319.912506	262.837494
1	9.340000	1.484058	319.000000	260.000000
1	9.371000	1.576812	319.000000	264.000000
1	9.402000	1.480725	320.456268	260.556244
1	9.449000	1.487681	320.518738	260.643738
1	9.480000	1.488116	320.100006	260.512482
1	9.512000	1.489710	320.456238	260.706238
1	9.543000	1.488116	321.100006	260.350006
1	9.574000	1.490145	320.662506	260.537506
1	9.605000	1.477246	320.993744	261.506256
1	9.636000	1.496232	320.500000	262.500000
1	9.683000	1.483623	320.318756	263.368744
1	9.714000	1.484058	319.500000	261.500000
1	9.746000	1.530435	320.000000	261.000000
1	9.777000	1.484638	320.475006	259.649994
1	9.808000	1.494203	320.799988	259.549988
1	9.839000	1.507246	321.500000	258.500000
1	9.870000	1.576812	319.000000	260.000000
1	9.902000	1.576812	323.000000	256.000000
1	9.948000	1.505507	321.600006	257.600006
1	9.980000	1.484058	323.000000	260.000000
1	10.011000	1.520580	321.850006	259.037506
1	10.042000	1.513188	321.006256	260.243744
1	10.073000	1.513043	321.500000	260.500000
1	10.104000	1.521884	321.131256	259.943756
1	10.136000	1.495797	321.543732	259.568756
1	10.182000	1.472754	321.462494	259.462494
1	10.214000	1.493188	321.243744	259.393707
1	10.245000	1.503768	321.250000	259.312500
1	10.276000	1.484058	321.250000	258.750000
1	10.307000	1.576812	323.000000	256.000000
1	10.338000	1.494058	321.206268	259.518707
1	10.370000	1.491449	321.431244	260.481232
1	10.401000	1.488116	321.100006	261.350006
1	10.448000	1.485362	320.343750	262.656250
1	10.479000	1.487681	320.343719	262.493744
1	10.510000	1.486377	319.625000	262.500000
1	10.541000	1.520725	320.918732	261.893768
1	10.572000	1.507101	320.343750	262.156250
1	10.604000	1.576812	319.000000	264.000000
1	10.635000	1.495507	320.493744	261.618744
1	10.682000	1.576812	319.000000	264.000000
1	10.713000	1.486812	321.118744	261.368744
1	10.744000	1.513768	321.018738	260.968750
1	10.775000	1.482029	320.937500	260.562500
1	10.806000	1.505507	321.387482	261.725006
1	10.838000	1.507246	320.500000	262.500000
1	10.869000	1.501594	320.656250	262.343750
1	10.916000	1.521739	320.000000	262.250000
1	10.947000	1.576812	319.000000	264.000000
1	10.978000	1.553623	321.000000	260.000000
1	11.009000	1.576812	319.000000	264.000000
1	11.040000	1.513188	321.243744	260.006256
1	11.072000	1.576812	319.000000	260.000000
1	11.103000	1.529420	320.443756	259.006256
1	11.134000	1.521884	320.868744	258.868744
1	11.181000	1.492029	320.456238	258.456238
1	11.212000	1.484058	323.000000	260.000000
1	11.243000	1.484058	320.500000	259.500000
1	11.274000	1.528116	319.975006	260.975006
1	11.306000	1.530435	320.000000	261.000000
1	11.337000	1.531159	320.018738	260.768738
1	11.368000	1.484058	323.000000	260.000000
1	11.415000	1.484058	319.000000	260.000000
1	11.446000	1.576812	319.000000	260.000000
1	11.477000	1.527681	320.968750	259.018738
1	11.508000	1.527536	320.950012	258.950012
1	11.540000	1.576812	319.000000	260.000000
1	11.571000	1.523189	320.187531	259.499969
1	11.602000	1.530435	320.500000	260.500000
1	11.649000	1.576812	319.000000	264.000000
1	11.680000	1.518986	320.093750	261.906250
1	11.711000	1.527681	319.968750	262.018738
1	11.742000	1.576812	319.000000	264.000000
1	11.774000	1.540290	320.462494	260.274994
1	11.805000	1.531159	320.968750	260.231262
1	11.836000	1.530435	320.000000	259.000000
1	11.867000	1.542029	321.000000	260.000000
1	11.914000	1.490435	322.574982	258.975006
1	11.945000	1.576812	319.000000	260.000000
1	11.976000	1.530435	320.000000	259.000000
1	12.008000	1.521739	321.000000	259.750000
1	12.039000	1.511884	321.024994	260.774994
0	12.070000	1.576812	323.000000	264.000000
1	12.101000	1.530435	320.000000	261.000000
1	12.148000	1.536232	321.500000	259.500000
1	12.179000	1.588986	320.850006	259.199982
1	12.210000	1.518116	321.043762	258.206238
1	12.242000	1.576812	319.000000	260.000000
1	12.273000	1.576812	319.000000	260.000000
1	12.304000	1.530435	320.000000	259.000000
1	12.335000	1.530435	320.500000	259.500000
1	12.382000	1.530435	320.750000	261.250000
1	12.413000	1.576812	319.000000	264.000000
1	12.444000	1.501449	320.156250	262.531250
1	12.476000	1.521159	320.125000	261.125000
1	12.507000	1.542029	320.000000	261.000000
1	12.538000	1.503768	321.375000	259.875000
1	12.569000	1.538551	320.625000	259.875000
1	12.600000	1.530435	320.500000	258.500000
1	12.647000	1.520580	321.100006	258.537506
1	12.678000	1.537536	320.893738	259.656250
1	12.710000	1.513043	321.000000	260.500000
1	12.741000	1.529855	320.750000	261.125000
1	12.772000	1.503188	321.350006	260.712494
1	12.803000	1.529275	321.725006	259.975006
1	12.834000	1.548986	321.712494	259.475006
1	12.881000	1.484058	323.000000	260.000000
1	12.912000	1.484058	323.000000	260.000000
1	12.944000	1.484058	323.000000	260.000000
1	12.975000	1.576812	323.000000	256.000000
1	13.006000	1.576812	323.000000	256.000000
1	13.037000	1.484058	323.000000	260.000000
1	13.068000	1.530435	322.000000	259.000000
1	13.115000	1.518841	323.000000	258.000000
1	13.146000	1.539710	323.625000	257.625000
1	13.178000	1.546812	323.256256	255.743744
1	13.209000	1.548406	323.500000	255.250000
1	13.240000	1.544203	323.331238	254.706238
1	13.271000	1.542899	324.187500	254.687500
1	13.302000	1.553188	323.806244	254.943756
1	13.334000	1.484058	327.000000	256.000000
1	13.380000	1.537536	324.656250	255.843750
1	13.412000	1.507246	323.000000	256.000000
1	13.443000	1.546667	324.024994	256.725006
1	13.474000	1.484058	327.000000	256.000000
1	13.505000	1.576812	323.000000	256.000000
1	13.536000	1.552754	324.312500	253.812500
1	13.568000	1.518986	324.406250	252.906250
1	13.614000	1.590145	324.100006	253.087494
1	13.646000	1.576812	323.000000	256.000000
1	13.677000	1.528116	324.024994	253.975006
1	13.708000	1.576812	323.500000	255.500000
1	13.739000	1.522029	324.062500	255.150024
1	13.770000	1.553623	323.000000	254.000000
1	13.802000	1.576812	323.000000	256.000000
1	13.848000	1.501449	324.125000	253.625000
1	13.880000	1.576812	323.000000	256.000000
1	13.911000	1.518986	324.093750	253.156250
1	13.942000	1.507101	323.781250	253.343750
1	13.973000	1.546812	323.256256	254.443756
1	14.004000	1.555072	323.674988	256.187500
1	14.036000	1.521884	322.868744	256.868744
1	14.067000	1.556667	323.381256	256.381256
1	14.114000	1.540580	323.625000	254.875000
1	14.145000	1.548986	323.225006	254.725006
1	14.176000	1.484058	323.000000	256.000000
1	14.207000	1.522754	322.993744	253.868744
1	14.238000	1.484058	323.000000	256.000000
1	14.270000	1.531159	323.018738	254.768738
1	14.301000	1.524927	323.012512	254.937500
1	14.332000	1.528841	323.031250	256.018738
1	14.379000	1.547681	321.781250	256.493774
1	14.410000	1.530435	322.000000	257.000000
1	14.441000	1.528841	322.018738	256.031250
1	14.472000	1.530435	324.000000	255.000000
1	14.504000	1.558116	323.406250	255.593750
1	14.535000	1.565797	323.500000	254.500000
1	14.566000	1.533623	323.412506	253.274994
1	14.613000	1.575507	323.156250	253.156250
1	14.644000	1.547681	323.243744	253.256256
1	14.675000	1.553623	323.000000	254.000000
1	14.706000	1.512464	323.750000	254.000000
1	14.738000	1.527536	324.000000	253.987488
1	14.769000	1.532898	323.993744	252.943756
1	14.800000	1.520725	324.918518	252.168701
1	14.847000	1.530435	324.125000	251.375000
1	14.878000	1.484058	327.000000	252.000000
1	14.909000	1.529855	325.000000	251.000000
1	14.940000	1.484058	327.000000	252.000000
1	14.972000	1.484058	323.000000	252.000000
1	15.003000	1.529275	323.975006	252.975006
1	15.034000	1.547101	323.781250	254.268738
1	15.065000	1.548406	323.687500	254.500000
1	15.112000	1.538116	323.031250	254.618652
1	15.143000	1.529710	323.918762	253.581238
1	15.174000	1.530435	322.875000	253.375000
1	15.206000	1.519421	323.937225	253.062592
1	15.237000	1.521159	323.125000	254.125000
1	15.268000	1.527101	323.431244	254.556244
1	15.299000	1.522464	322.893738	255.143738
1	15.346000	1.557681	322.399994	255.600006
1	15.377000	1.547101	322.518738	256.518738
1	15.408000	1.566812	321.718750	257.468750
1	15.440000	1.521884	321.868774	257.168701
1	15.471000	1.548986	322.525055	256.712494
1	15.502000	1.530435	322.000000	257.000000
1	15.533000	1.551449	322.418762	256.706238
1	15.580000	1.530435	322.750000	256.250000
1	15.611000	1.529710	322.918762	256.418762
1	15.642000	1.561449	322.437500	257.187500
1	15.674000	1.509275	322.375061	257.625000
1	15.705000	1.484058	323.000000	260.000000
1	15.736000	1.528841	322.018738	259.031250
1	15.767000	1.514928	322.593750	259.168762
1	15.798000	1.530435	322.000000	259.000000
1	15.845000	1.533333	322.249969	258.299957
1	15.876000	1.529275	321.725006	258.074982
1	15.908000	1.576812	323.000000	256.000000
1	15.939000	1.528116	323.225006	258.024994
1	15.970000	1.512464	322.187500	258.000000
1	16.001000	1.521594	322.068756	257.881256
1	16.032000	1.554347	322.768799	258.781128
1	16.079000	1.524927	323.037506	258.787506
1	16.110000	1.509420	323.081238	259.331238
1	16.142000	1.553623	323.000000	258.000000
1	16.173000	1.521884	322.868744	258.131256
1	16.204000	1.483188	323.500000	257.625000
1	16.235000	1.512898	324.156250	257.031250
1	16.266000	1.566232	324.493744	257.493744
1	16.313000	1.504348	325.250000	256.250000
1	16.344000	1.513768	324.893738	255.981262
1	16.376000	1.541159	325.637329	255.637573
1	16.407000	1.507536	324.699982	257.287506
1	16.438000	1.576812	327.000000	260.000000
1	16.469000	1.525073	324.681244	258.068756
1	16.500000	1.561449	323.687500	258.437500
1	16.532000	1.565797	324.500000	257.500000
1	16.578000	1.576812	323.000000	260.000000
1	16.610000	1.553623	323.000000	258.000000
1	16.641000	1.530435	324.500000	256.500000
1	16.672000	1.530435	324.500000	255.500000
1	16.703000	1.531014	324.950012	255.562500
1	16.734000	1.576812	327.000000	256.000000
1	16.766000	1.552754	324.437500	257.437500
1	16.812000	1.576812	323.000000	260.000000
1	16.844000	1.521739	323.250000	258.500000
1	16.875000	1.522754	322.993744	257.918732
1	16.906000	1.484058	323.000000	260.000000
1	16.937000	1.527536	323.000000	257.000000
1	16.968000	1.552319	323.318756	256.318756
1	17.000000	1.558116	323.406250	255.906250
1	17.046000	1.576812	323.000000	256.000000
1	17.078000	1.531159	323.031250	255.768738
1	17.109000	1.529275	322.975006	256.274994
1	17.140000	1.548986	322.725006	256.737579
1	17.171000	1.531159	322.231262	257.231262
1	17.202000	1.550725	322.000000	258.250000
1	17.234000	1.557681	323.600006	257.600006
1	17.265000	1.530435	322.000000	257.000000
1	17.312000	1.557536	322.618744	256.618744
1	17.343000	2.026667	327.125000	245.250000
1	17.374000	1.546812	323.306244	255.256256
1	17.405000	1.592899	323.831238	255.143738
1	17.436000	1.561884	323.443756	254.743744
1	17.468000	1.626667	324.375000	255.625000
1	17.499000	1.618841	323.299988	255.512512
1	17.546000	1.589275	323.212494	255.774994
1	17.577000	1.565797	322.500000	255.500000
1	17.608000	1.583188	323.250000	255.000000
1	17.639000	1.598840	322.787506	253.975006
1	17.671000	1.590290	323.131256	253.818756
1	17.702000	1.603333	323.943756	252.943756
1	17.733000	1.565797	324.250000	252.500000
1	17.780000	1.594638	324.193756	253.106232
1	17.811000	1.625507	323.424988	254.424988
1	17.842000	1.624348	324.137451	254.487488
1	17.873000	1.620145	323.831238	254.331238
1	17.905000	1.605362	324.106232	254.881256
1	17.936000	1.604493	324.306183	253.006256
1	17.967000	1.648551	324.843750	253.143738
1	17.998000	1.669565	323.000000	252.000000
<\RIGHT-PUPIL-DATA>
<LEFT-PUPIL-DATA>
543	0
0	-0.051000	13.913043	240.000000	320.000000
0	-0.020000	13.913043	240.000000	320.000000
0	0.011000	13.913043	240.000000	320.000000
0	0.042000	13.913043	240.000000	320.000000
0	0.074000	13.913043	240.000000	320.000000
0	0.105000	13.913043	240.000000	320.000000
0	0.152000	13.913043	240.000000	320.000000
0	0.183000	13.913043	240.000000	320.000000
0	0.214000	13.913043	240.000000	320.000000
0	0.245000	13.913043	240.000000	320.000000
0	0.276000	13.913043	240.000000	320.000000
0	0.308000	13.913043	240.000000	320.000000
0	0.339000	13.913043	240.000000	320.000000
0	0.370000	13.913043	240.000000	320.000000
0	0.417000	13.913043	240.000000	320.000000
0	0.448000	13.913043	240.000000	320.000000
0	0.479000	13.913043	240.000000	320.000000
0	0.510000	13.913043	240.000000	320.000000
0	0.542000	13.913043	240.000000	320.000000
0	0.573000	13.913043	240.000000	320.000000
0	0.604000	13.913043	240.000000	320.000000
0	0.651000	13.913043	240.000000	320.000000
0	0.682000	13.913043	240.000000	320.000000
0	0.713000	13.913043	240.000000	320.000000
0	0.744000	13.913043	240.000000	320.000000
0	0.776000	13.913043	240.000000	320.000000
0	0.807000	13.913043	240.000000	320.000000
0	0.838000	13.913043	240.000000	320.000000
0	0.869000	13.913043	240.000000	320.000000
0	0.916000	13.913043	240.000000	320.000000
0	0.947000	13.913043	240.000000	320.000000
0	0.978000	13.913043	240.000000	320.000000
0	1.010000	13.913043	240.000000	320.000000
0	1.041000	13.913043	240.000000	320.000000
0	1.072000	13.913043	240.000000	320.000000
0	1.103000	13.913043	240.000000	320.000000
0	1.150000	13.913043	240.000000	320.000000
0	1.181000	13.913043	240.000000	320.000000
0	1.212000	13.913043	240.000000	320.000000
0	1.244000	13.913043	240.000000	320.000000
0	1.275000	13.913043	240.000000	320.000000
0	1.306000	13.913043	240.000000	320.000000
0	1.337000	13.913043	240.000000	320.000000
0	1.368000	13.913043	240.000000	320.000000
0	1.415000	13.913043	240.000000	320.000000
0	1.446000	13.913043	240.000000	320.000000
0	1.478000	13.913043	240.000000	320.000000
0	1.509000	13.913043	240.000000	320.000000
0	1.540000	13.913043	240.000000	320.000000
0	1.571000	13.913043	240.000000	320.000000
0	1.602000	13.913043	240.000000	320.000000
0	1.649000	13.913043	240.000000	320.000000
0	1.680000	13.913043	240.000000	320.000000
0	1.712000	13.913043	240.000000	320.000000
0	1.743000	13.913043	240.000000	320.000000
0	1.774000	13.913043	240.000000	320.000000
0	1.805000	13.913043	240.000000	320.000000
0	1.836000	13.913043	240.000000	320.000000
0	1.883000	13.913043	240.000000	320.000000
0	1.914000	13.913043	240.000000	320.000000
0	1.946000	13.913043	240.000000	320.000000
0	1.977000	13.913043	240.000000	320.000000
0	2.008000	13.913043	240.000000	320.000000
0	2.039000	13.913043	240.000000	320.000000
0	2.070000	13.913043	240.000000	320.000000
0	2.102000	13.913043	240.000000	320.000000
0	2.148000	13.913043	240.000000	320.000000
0	2.180000	13.913043	240.000000	320.000000
0	2.211000	13.913043	240.000000	320.000000
0	2.242000	13.913043	240.000000	320.000000
0	2.273000	13.913043	240.000000	320.000000
0	2.304000	13.913043	240.000000	320.000000
0	2.336000	13.913043	240.000000	320.000000
0	2.382000	13.913043	240.000000	320.000000
0	2.414000	13.913043	240.000000	320.000000
0	2.445000	13.913043	240.000000	320.000000
0	2.476000	13.913043	240.000000	320.000000
0	2.507000	13.913043	240.000000	320.000000
0	2.538000	13.913043	240.000000	320.000000
0	2.570000	13.913043	240.000000	320.000000
0	2.616000	13.913043	240.000000	320.000000
0	2.648000	13.913043	240.000000	320.000000
0	2.679000	13.913043	240.000000	320.000000
0	2.710000	13.913043	240.000000	320.000000
0	2.741000	13.913043	240.000000	320.000000
0	2.772000	13.913043	240.000000	320.000000
0	2.804000	13.913043	240.000000	320.000000
0	2.835000	13.913043	240.000000	320.000000
0	2.882000	13.913043	240.000000	320.000000
0	2.913000	13.913043	240.000000	320.000000
0	2.944000	13.913043	240.000000	320.000000
0	2.975000	13.913043	240.000000	320.000000
0	3.006000	13.913043	240.000000	320.000000
0	3.038000	13.913043	240.000000	320.000000
0	3.069000	13.913043	240.000000	320.000000
0	3.116000	13.913043	240.000000	320.000000
0	3.147000	13.913043	240.000000	320.000000
0	3.178000	13.913043	240.000000	320.000000
0	3.209000	13.913043	240.000000	320.000000
0	3.240000	13.913043	240.000000	320.000000
0	3.272000	13.913043	240.000000	320.000000
0	3.303000	13.913043	240.000000	320.000000
0	3.350000	13.913043	240.000000	320.000000
0	3.381000	13.913043	240.000000	320.000000
0	3.412000	13.913043	240.000000	320.000000
0	3.443000	13.913043	240.000000	320.000000
0	3.474000	13.913043	240.000000	320.000000
0	3.506000	13.913043	240.000000	320.000000
0	3.537000	13.913043	240.000000	320.000000
0	3.568000	13.913043	240.000000	320.000000
0	3.615000	13.913043	240.000000	320.000000
0	3.646000	13.913043	240.000000	320.000000
0	3.677000	13.913043	240.000000	320.000000
0	3.708000	13.913043	240.000000	320.000000
0	3.740000	13.913043	240.000000	320.000000
0	3.771000	13.913043	240.000000	320.000000
0	3.802000	13.913043	240.000000	320.000000
0	3.849000	13.913043	240.000000	320.000000
0	3.880000	13.913043	240.000000	320.000000
0	3.911000	13.913043	240.000000	320.000000
0	3.942000	13.913043	240.000000	320.000000
0	3.974000	13.913043	240.000000	320.000000
0	4.005000	13.913043	240.000000	320.000000
0	4.036000	13.913043	240.000000	320.000000
0	4.083000	13.913043	240.000000	320.000000
0	4.114000	13.913043	240.000000	320.000000
0	4.145000	13.913043	240.000000	320.000000
0	4.176000	13.913043	240.000000	320.000000
0	4.208000	13.913043	240.000000	320.000000
0	4.239000	13.913043	240.000000	320.000000
0	4.270000	13.913043	240.000000	320.000000
0	4.301000	13.913043	240.000000	320.000000
0	4.348000	13.913043	240.000000	320.000000
0	4.379000	13.913043	240.000000	320.000000
0	4.410000	13.913043	240.000000	320.000000
0	4.442000	13.913043	240.000000	320.000000
0	4.473000	13.913043	240.000000	320.000000
0	4.504000	13.913043	240.000000	320.000000
0	4.535000	13.913043	240.000000	320.000000
0	4.582000	13.913043	240.000000	320.000000
0	4.613000	13.913043	240.000000	320.000000
0	4.644000	13.913043	240.000000	320.000000
0	4.676000	13.913043	240.000000	320.000000
0	4.707000	13.913043	240.000000	320.000000
0	4.738000	13.913043	240.000000	320.000000
0	4.769000	13.913043	240.000000	320.000000
0	4.816000	13.913043	240.000000	320.000000
0	4.847000	13.913043	240.000000	320.000000
0	4.878000	13.913043	240.000000	320.000000
0	4.910000	13.913043	240.000000	320.000000
0	4.941000	13.913043	240.000000	320.000000
0	4.972000	13.913043	240.000000	320.000000
0	5.003000	13.913043	240.000000	320.000000
0	5.034000	13.913043	240.000000	320.000000
0	5.081000	13.913043	240.000000	320.000000
0	5.112000	13.913043	240.000000	320.000000
0	5.144000	13.913043	240.000000	320.000000
0	5.175000	13.913043	240.000000	320.000000
0	5.206000	13.913043	240.000000	320.000000
0	5.237000	13.913043	240.000000	320.000000
0	5.268000	13.913043	240.000000	320.000000
0	5.300000	13.913043	240.000000	320.000000
0	5.346000	13.913043	240.000000	320.000000
0	5.378000	13.913043	240.000000	320.000000
0	5.409000	13.913043	240.000000	320.000000
0	5.440000	13.913043	240.000000	320.000000
0	5.471000	13.913043	240.000000	320.000000
0	5.502000	13.913043	240.000000	320.000000
0	5.534000	13.913043	240.000000	320.000000
0	5.580000	13.913043	240.000000	320.000000
0	5.612000	13.913043	240.000000	320.000000
0	5.643000	13.913043	240.000000	320.000000
0	5.674000	13.913043	240.000000	320.000000
0	5.705000	13.913043	240.000000	320.000000
0	5.736000	13.913043	240.000000	320.000000
0	5.768000	13.913043	240.000000	320.000000
0	5.814000	13.913043	240.000000	320.000000
0	5.846000	13.913043	240.000000	320.000000
0	5.877000	13.913043	240.000000	320.000000
0	5.908000	13.913043	240.000000	320.000000
0	5.939000	13.913043	240.000000	320.000000
0	5.970000	13.913043	240.000000	320.000000
0	6.002000	13.913043	240.000000	320.000000
0	6.033000	13.913043	240.000000	320.000000
0	6.080000	13.913043	240.000000	320.000000
0	6.111000	13.913043	240.000000	320.000000
0	6.142000	13.913043	240.000000	320.000000
0	6.173000	13.913043	240.000000	320.000000
0	6.204000	13.913043	240.000000	320.000000
0	6.236000	13.913043	240.000000	320.000000
0	6.267000	13.913043	240.000000	320.000000
0	6.314000	13.913043	240.000000	320.000000
0	6.345000	13.913043	240.000000	320.000000
0	6.376000	13.913043	240.000000	320.000000
0	6.407000	13.913043	240.000000	320.000000
0	6.438000	13.913043	240.000000	320.000000
0	6.470000	13.913043	240.000000	320.000000
0	6.501000	13.913043	240.000000	320.000000
0	6.548000	13.913043	240.000000	320.000000
0	6.579000	13.913043	240.000000	320.000000
0	6.610000	13.913043	240.000000	320.000000
0	6.641000	13.913043	240.000000	320.000000
0	6.672000	13.913043	240.000000	320.000000
0	6.704000	13.913043	240.000000	320.000000
0	6.735000	13.913043	240.000000	320.000000
0	6.766000	13.913043	240.000000	320.000000
0	6.813000	13.913043	240.000000	320.000000
0	6.844000	13.913043	240.000000	320.000000
0	6.875000	13.913043	240.000000	320.000000
0	6.906000	13.913043	240.000000	320.000000
0	6.938000	13.913043	240.000000	320.000000
0	6.969000	13.913043	240.000000	320.000000
0	7.000000	13.913043	240.000000	320.000000
0	7.047000	13.913043	240.000000	320.000000
0	7.078000	13.913043	240.000000	320.000000
0	7.109000	13.913043	240.000000	320.000000
0	7.140000	13.913043	240.000000	320.000000
0	7.172000	13.913043	240.000000	320.000000
0	7.203000	13.913043	240.000000	320.000000
0	7.234000	13.913043	240.000000	320.000000
0	7.281000	13.913043	240.000000	320.000000
0	7.312000	13.913043	240.000000	320.000000
0	7.343000	13.913043	240.000000	320.000000
0	7.374000	13.913043	240.000000	320.000000
0	7.406000	13.913043	240.000000	320.000000
0	7.437000	13.913043	240.000000	320.000000
0	7.468000	13.913043	240.000000	320.000000
0	7.499000	13.913043	240.000000	320.000000
0	7.546000	13.913043	240.000000	320.000000
0	7.577000	13.913043	240.000000	320.000000
0	7.608000	13.913043	240.000000	320.000000
0	7.640000	13.913043	240.000000	320.000000
0	7.671000	13.913043	240.000000	320.000000
0	7.702000	13.913043	240.000000	320.000000
0	7.733000	13.913043	240.000000	320.000000
0	7.780000	13.913043	240.000000	320.000000
0	7.811000	13.913043	240.000000	320.000000
0	7.842000	13.913043	240.000000	320.000000
0	7.874000	13.913043	240.000000	320.000000
0	7.905000	13.913043	240.000000	320.000000
0	7.936000	13.913043	240.000000	320.000000
0	7.967000	13.913043	240.000000	320.000000
0	8.014000	13.913043	240.000000	320.000000
0	8.045000	13.913043	240.000000	320.000000
0	8.076000	13.913043	240.000000	320.000000
0	8.108000	13.913043	240.000000	320.000000
0	8.139000	13.913043	240.000000	320.000000
0	8.170000	13.913043	240.000000	320.000000
0	8.201000	13.913043	240.000000	320.000000
0	8.232000	13.913043	240.000000	320.000000
0	8.279000	13.913043	240.000000	320.000000
0	8.310000	13.913043	240.000000	320.000000
0	8.342000	13.913043	240.000000	320.000000
0	8.373000	13.913043	240.000000	320.000000
0	8.404000	13.913043	240.000000	320.000000
0	8.435000	13.913043	240.000000	320.000000
0	8.466000	13.913043	240.000000	320.000000
0	8.513000	13.913043	240.000000	320.000000
0	8.544000	13.913043	240.000000	320.000000
0	8.576000	13.913043	240.000000	320.000000
0	8.607000	13.913043	240.000000	320.000000
0	8.638000	13.913043	240.000000	320.000000
0	8.669000	13.913043	240.000000	320.000000
0	8.700000	13.913043	240.000000	320.000000
0	8.747000	13.913043	240.000000	320.000000
0	8.778000	13.913043	240.000000	320.000000
0	8.810000	13.913043	240.000000	320.000000
0	8.841000	13.913043	240.000000	320.000000
0	8.872000	13.913043	240.000000	320.000000
0	8.903000	13.913043	240.000000	320.000000
0	8.934000	13.913043	240.000000	320.000000
0	8.966000	13.913043	240.000000	320.000000
0	9.012000	13.913043	240.000000	320.000000
0	9.044000	13.913043	240.000000	320.000000
0	9.075000	13.913043	240.000000	320.000000
0	9.106000	13.913043	240.000000	320.000000
0	9.137000	13.913043	240.000000	320.000000
0	9.168000	13.913043	240.000000	320.000000
0	9.200000	13.913043	240.000000	320.000000
0	9.246000	13.913043	240.000000	320.000000
0	9.278000	13.913043	240.000000	320.000000
0	9.309000	13.913043	240.000000	320.000000
0	9.340000	13.913043	240.000000	320.000000
0	9.371000	13.913043	240.000000	320.000000
0	9.402000	13.913043	240.000000	320.000000
0	9.434000	13.913043	240.000000	320.000000
0	9.465000	13.913043	240.000000	320.000000
0	9.512000	13.913043	240.000000	320.000000
0	9.543000	13.913043	240.000000	320.000000
0	9.574000	13.913043	240.000000	320.000000
0	9.605000	13.913043	240.000000	320.000000
0	9.636000	13.913043	240.000000	320.000000
0	9.668000	13.913043	240.000000	320.000000
0	9.699000	13.913043	240.000000	320.000000
0	9.746000	13.913043	240.000000	320.000000
0	9.777000	13.913043	240.000000	320.000000
0	9.808000	13.913043	240.000000	320.000000
0	9.839000	13.913043	240.000000	320.000000
0	9.870000	13.913043	240.000000	320.000000
0	9.902000	13.913043	240.000000	320.000000
0	9.933000	13.913043	240.000000	320.000000
0	9.964000	13.913043	240.000000	320.000000
0	10.011000	13.913043	240.000000	320.000000
0	10.042000	13.913043	240.000000	320.000000
0	10.073000	13.913043	240.000000	320.000000
0	10.104000	13.913043	240.000000	320.000000
0	10.136000	13.913043	240.000000	320.000000
0	10.167000	13.913043	240.000000	320.000000
0	10.198000	13.913043	240.000000	320.000000
0	10.245000	13.913043	240.000000	320.000000
0	10.276000	13.913043	240.000000	320.000000
0	10.307000	13.913043	240.000000	320.000000
0	10.338000	13.913043	240.000000	320.000000
0	10.370000	13.913043	240.000000	320.000000
0	10.401000	13.913043	240.000000	320.000000
0	10.432000	13.913043	240.000000	320.000000
0	10.479000	13.913043	240.000000	320.000000
0	10.510000	13.913043	240.000000	320.000000
0	10.541000	13.913043	240.000000	320.000000
0	10.572000	13.913043	240.000000	320.000000
0	10.604000	13.913043	240.000000	320.000000
0	10.635000	13.913043	240.000000	320.000000
0	10.666000	13.913043	240.000000	320.000000
0	10.697000	13.913043	240.000000	320.000000
0	10.744000	13.913043	240.000000	320.000000
0	10.775000	13.913043	240.000000	320.000000
0	10.806000	13.913043	240.000000	320.000000
0	10.838000	13.913043	240.000000	320.000000
0	10.869000	13.913043	240.000000	320.000000
0	10.900000	13.913043	240.000000	320.000000
0	10.931000	13.913043	240.000000	320.000000
0	10.978000	13.913043	240.000000	320.000000
0	11.009000	13.913043	240.000000	320.000000
0	11.040000	13.913043	240.000000	320.000000
0	11.072000	13.913043	240.000000	320.000000
0	11.103000	13.913043	240.000000	320.000000
0	11.134000	13.913043	240.000000	320.000000
0	11.165000	13.913043	240.000000	320.000000
0	11.212000	13.913043	240.000000	320.000000
0	11.243000	13.913043	240.000000	320.000000
0	11.274000	13.913043	240.000000	320.000000
0	11.306000	13.913043	240.000000	320.000000
0	11.337000	13.913043	240.000000	320.000000
0	11.368000	13.913043	240.000000	320.000000
0	11.399000	13.913043	240.000000	320.000000
0	11.430000	13.913043	240.000000	320.000000
0	11.477000	13.913043	240.000000	320.000000
0	11.508000	13.913043	240.000000	320.000000
0	11.540000	13.913043	240.000000	320.000000
0	11.571000	13.913043	240.000000	320.000000
0	11.602000	13.913043	240.000000	320.000000
0	11.633000	13.913043	240.000000	320.000000
0	11.664000	13.913043	240.000000	320.000000
0	11.711000	13.913043	240.000000	320.000000
0	11.742000	13.913043	240.000000	320.000000
0	11.774000	13.913043	240.000000	320.000000
0	11.805000	13.913043	240.000000	320.000000
0	11.836000	13.913043	240.000000	320.000000
0	11.867000	13.913043	240.000000	320.000000
0	11.898000	13.913043	240.000000	320.000000
0	11.945000	13.913043	240.000000	320.000000
0	11.976000	13.913043	240.000000	320.000000
0	12.008000	13.913043	240.000000	320.000000
0	12.039000	13.913043	240.000000	320.000000
0	12.070000	13.913043	240.000000	320.000000
0	12.101000	13.913043	240.000000	320.000000
0	12.132000	13.913043	240.000000	320.000000
0	12.164000	13.913043	240.000000	320.000000
0	12.210000	13.913043	240.000000	320.000000
0	12.242000	13.913043	240.000000	320.000000
0	12.273000	13.913043	240.000000	320.000000
0	12.304000	13.913043	240.000000	320.000000
0	12.335000	13.913043	240.000000	320.000000
0	12.366000	13.913043	240.000000	320.000000
0	12.398000	13.913043	240.000000	320.000000
0	12.444000	13.913043	240.000000	320.000000
0	12.476000	13.913043	240.000000	320.000000
0	12.507000	13.913043	240.000000	320.000000
0	12.538000	13.913043	240.000000	320.000000
0	12.569000	13.913043	240.000000	320.000000
0	12.600000	13.913043	240.000000	320.000000
0	12.632000	13.913043	240.000000	320.000000
0	12.678000	13.913043	240.000000	320.000000
0	12.710000	13.913043	240.000000	320.000000
0	12.741000	13.913043	240.000000	320.000000
0	12.772000	13.913043	240.000000	320.000000
0	12.803000	13.913043	240.000000	320.000000
0	12.834000	13.913043	240.000000	320.000000
0	12.866000	13.913043	240.000000	320.000000
0	12.897000	13.913043	240.000000	320.000000
0	12.944000	13.913043	240.000000	320.000000
0	12.975000	13.913043	240.000000	320.000000
0	13.006000	13.913043	240.000000	320.000000
0	13.037000	13.913043	240.000000	320.000000
0	13.068000	13.913043	240.000000	320.000000
0	13.100000	13.913043	240.000000	320.000000
0	13.131000	13.913043	240.000000	320.000000
0	13.178000	13.913043	240.000000	320.000000
0	13.209000	13.913043	240.000000	320.000000
0	13.240000	13.913043	240.000000	320.000000
0	13.271000	13.913043	240.000000	320.000000
0	13.302000	13.913043	240.000000	320.000000
0	13.334000	13.913043	240.000000	320.000000
0	13.365000	13.913043	240.000000	320.000000
0	13.396000	13.913043	240.000000	320.000000
0	13.443000	13.913043	240.000000	320.000000
0	13.474000	13.913043	240.000000	320.000000
0	13.505000	13.913043	240.000000	320.000000
0	13.536000	13.913043	240.000000	320.000000
0	13.568000	13.913043	240.000000	320.000000
0	13.599000	13.913043	240.000000	320.000000
0	13.630000	13.913043	240.000000	320.000000
0	13.677000	13.913043	240.000000	320.000000
0	13.708000	13.913043	240.000000	320.000000
0	13.739000	13.913043	240.000000	320.000000
0	13.770000	13.913043	240.000000	320.000000
0	13.802000	13.913043	240.000000	320.000000
0	13.833000	13.913043	240.000000	320.000000
0	13.864000	13.913043	240.000000	320.000000
0	13.911000	13.913043	240.000000	320.000000
0	13.942000	13.913043	240.000000	320.000000
0	13.973000	13.913043	240.000000	320.000000
0	14.004000	13.913043	240.000000	320.000000
0	14.036000	13.913043	240.000000	320.000000
0	14.067000	13.913043	240.000000	320.000000
0	14.098000	13.913043	240.000000	320.000000
0	14.129000	13.913043	240.000000	320.000000
0	14.176000	13.913043	240.000000	320.000000
0	14.207000	13.913043	240.000000	320.000000
0	14.238000	13.913043	240.000000	320.000000
0	14.270000	13.913043	240.000000	320.000000
0	14.301000	13.913043	240.000000	320.000000
0	14.332000	13.913043	240.000000	320.000000
0	14.363000	13.913043	240.000000	320.000000
0	14.410000	13.913043	240.000000	320.000000
0	14.441000	13.913043	240.000000	320.000000
0	14.472000	13.913043	240.000000	320.000000
0	14.504000	13.913043	240.000000	320.000000
0	14.535000	13.913043	240.000000	320.000000
0	14.566000	13.913043	240.000000	320.000000
0	14.597000	13.913043	240.000000	320.000000
0	14.644000	13.913043	240.000000	320.000000
0	14.675000	13.913043	240.000000	320.000000
0	14.706000	13.913043	240.000000	320.000000
0	14.738000	13.913043	240.000000	320.000000
0	14.769000	13.913043	240.000000	320.000000
0	14.800000	13.913043	240.000000	320.000000
0	14.831000	13.913043	240.000000	320.000000
0	14.862000	13.913043	240.000000	320.000000
0	14.909000	13.913043	240.000000	320.000000
0	14.940000	13.913043	240.000000	320.000000
0	14.972000	13.913043	240.000000	320.000000
0	15.003000	13.913043	240.000000	320.000000
0	15.034000	13.913043	240.000000	320.000000
0	15.065000	13.913043	240.000000	320.000000
0	15.096000	13.913043	240.000000	320.000000
0	15.143000	13.913043	240.000000	320.000000
0	15.174000	13.913043	240.000000	320.000000
0	15.206000	13.913043	240.000000	320.000000
0	15.237000	13.913043	240.000000	320.000000
0	15.268000	13.913043	240.000000	320.000000
0	15.299000	13.913043	240.000000	320.000000
0	15.330000	13.913043	240.000000	320.000000
0	15.362000	13.913043	240.000000	320.000000
0	15.408000	13.913043	240.000000	320.000000
0	15.440000	13.913043	240.000000	320.000000
0	15.471000	13.913043	240.000000	320.000000
0	15.502000	13.913043	240.000000	320.000000
0	15.533000	13.913043	240.000000	320.000000
0	15.564000	13.913043	240.000000	320.000000
0	15.596000	13.913043	240.000000	320.000000
0	15.642000	13.913043	240.000000	320.000000
0	15.674000	13.913043	240.000000	320.000000
0	15.705000	13.913043	240.000000	320.000000
0	15.736000	13.913043	240.000000	320.000000
0	15.767000	13.913043	240.000000	320.000000
0	15.798000	13.913043	240.000000	320.000000
0	15.830000	13.913043	240.000000	320.000000
0	15.876000	13.913043	240.000000	320.000000
0	15.908000	13.913043	240.000000	320.000000
0	15.939000	13.913043	240.000000	320.000000
0	15.970000	13.913043	240.000000	320.000000
0	16.001000	13.913043	240.000000	320.000000
0	16.032000	13.913043	240.000000	320.000000
0	16.064000	13.913043	240.000000	320.000000
0	16.095000	13.913043	240.000000	320.000000
0	16.142000	13.913043	240.000000	320.000000
0	16.173000	13.913043	240.000000	320.000000
0	16.204000	13.913043	240.000000	320.000000
0	16.235000	13.913043	240.000000	320.000000
0	16.266000	13.913043	240.000000	320.000000
0	16.298000	13.913043	240.000000	320.000000
0	16.329000	13.913043	240.000000	320.000000
0	16.376000	13.913043	240.000000	320.000000
0	16.407000	13.913043	240.000000	320.000000
0	16.438000	13.913043	240.000000	320.000000
0	16.469000	13.913043	240.000000	320.000000
0	16.500000	13.913043	240.000000	320.000000
0	16.532000	13.913043	240.000000	320.000000
0	16.563000	13.913043	240.000000	320.000000
0	16.610000	13.913043	240.000000	320.000000
0	16.641000	13.913043	240.000000	320.000000
0	16.672000	13.913043	240.000000	320.000000
0	16.703000	13.913043	240.000000	320.000000
0	16.734000	13.913043	240.000000	320.000000
0	16.766000	13.913043	240.000000	320.000000
0	16.797000	13.913043	240.000000	320.000000
0	16.828000	13.913043	240.000000	320.000000
0	16.875000	13.913043	240.000000	320.000000
0	16.906000	13.913043	240.000000	320.000000
0	16.937000	13.913043	240.000000	320.000000
0	16.968000	13.913043	240.000000	320.000000
0	17.000000	13.913043	240.000000	320.000000
0	17.031000	13.913043	240.000000	320.000000
0	17.062000	13.913043	240.000000	320.000000
0	17.109000	13.913043	240.000000	320.000000
0	17.140000	13.913043	240.000000	320.000000
0	17.171000	13.913043	240.000000	320.000000
0	17.202000	13.913043	240.000000	320.000000
0	17.234000	13.913043	240.000000	320.000000
0	17.265000	13.913043	240.000000	320.000000
0	17.296000	13.913043	240.000000	320.000000
0	17.327000	13.913043	240.000000	320.000000
0	17.374000	13.913043	240.000000	320.000000
0	17.405000	13.913043	240.000000	320.000000
0	17.436000	13.913043	240.000000	320.000000
0	17.468000	13.913043	240.000000	320.000000
0	17.499000	13.913043	240.000000	320.000000
0	17.530000	13.913043	240.000000	320.000000
0	17.561000	13.913043	240.000000	320.000000
0	17.608000	13.913043	240.000000	320.000000
0	17.639000	13.913043	240.000000	320.000000
0	17.671000	13.913043	240.000000	320.000000
0	17.702000	13.913043	240.000000	320.000000
0	17.733000	13.913043	240.000000	320.000000
0	17.764000	13.913043	240.000000	320.000000
0	17.795000	13.913043	240.000000	320.000000
0	17.842000	13.913043	240.000000	320.000000
0	17.873000	13.913043	240.000000	320.000000
0	17.905000	13.913043	240.000000	320.000000
0	17.936000	13.913043	240.000000	320.000000
0	17.967000	13.913043	240.000000	320.000000
0	17.998000	13.913043	240.000000	320.000000
<\LEFT-PUPIL-DATA>
<RIGHT-PUPIL-ANALYSIS>
1
0	0	17	542	0	0	0.508000	17.520000	0.510000	99.710426	0.000000	0.000000	0.000000	0	1	1	1	1	0	0	0	0.000000	0.000000	0.000000	0.000000	0.000000	0.000000	0.000000	-1.000000	0.000000	1	1.652870	1.376891	2.145865	1.488980	0.408000	-0.184354	-0.941123	-1.000000	0.094446	1	1.652870	1.376891	2.145865	1.488980	0.408000	-0.182193	-0.941124	-1.000000	0.087605
<\RIGHT-PUPIL-ANALYSIS>
<LEFT-PUPIL-ANALYSIS>
1
0	0	17	542	0	0	0.508000	17.520000	0.510000	99.710426	0.000000	0.000000	0.000000	0	1	1	1	1	0	0	0	0.000000	0.000000	0.000000	0.000000	0.000000	0.000000	0.000000	-1.000000	0.000000	0	-0.034783	-0.034783	0.000950	0.000950	0.002000	0.000000	0.000000	-1.000000	0.000000	1	-0.034783	-0.034783	0.000950	0.000950	0.002000	-1000000.000000	-1000000.000000	-1.000000	0.000000
<\LEFT-PUPIL-ANALYSIS>
%%%%%%%%%
%%%%%%%%%
%%%%%%%%%
%%%	Measurement Tiime is: 2017-09-05 09:56:21
%%%	Subject ID is: c57-1mois-F1-2r
%%%	Note: 
%%%	RSS: Default Human Relative Spectral Sensitivity
%%%	Pupil Analysis:
%%%
%%%
%%%
%%%	Pulse Index:	0
%%%	Stimulus Session Index:	0
%%%	Right Pupil Stimulated
%%%	Light Metric is Photopic
%%%	Stimulus Start Time(sec):	0.51
%%%	Stimulus Duration(sec):	17.52
%%%	Stimulus Pulse Duration(sec):	0.51
%%%	Right Pulse:	99.71	(Red  )	-	0.00	(Red  )	[Lux ]
%%%	Left Pulse:	0.00	(Red  )	-	0.00	(Red  )	[Lux ]
%%%
%%%		RIGHT	LEFT	R.Pupil Mean	L.Pupil Mean	R.Stim Mean	R.Stim Mean
%%%	INPUT:	RAW DATA	RAW DATA
%%%	STATE:	ABNORMAL	ABNORMAL	ABNORMAL	ABNORMAL	ABNORMAL	ABNORMAL
%%%	MAX(mm):	0.00	0.00	0.00	0.00	0.00	0.00
%%%	MIN(mm):	0.00	0.00	0.00	0.00	0.00	0.00
%%%	DELTA(mm):						
%%%	CH(%):						
%%%	LAT(sec):	0.00	0.00	0.00	0.00	0.00	0.00
%%%	CV(mm/s):	0.00	0.00	0.00	0.00	0.00	0.00
%%%	MCV(mm/s):	0.00	0.00	0.00	0.00	0.00	0.00
%%%	DV(mm/s):	0.00	0.00	0.00	0.00	0.00	0.00
%%%%%%%%%
%%%%%%%%%
%%%%%%%%%
%%%	Right Pupil Profile (1st row -> 1 == valid tracking, 0 == invalid tracking; 2nd row -> time; 3rd row -> diameter (mm))
%%%	1	1	1	1	1	1	1	1	1	1	1	1	1	1	1	1	1	1	1	1	1	1	1	1	1	1	1	1	1	1	1	1	1	1	1	1	1	1	1	1	1	1	1	1	1	1	1	1	0	0	0	0	0	0	0	0	0	0	0	0	0	0	0	0	0	0	0	0	0	0	0	0	0	1	1	1	1	1	1	1	1	1	1	1	1	0	0	0	0	0	0	0	0	0	0	0	0	0	0	1	0	1	0	0	0	0	0	0	0	0	0	0	0	0	0	0	0	0	0	1	1	1	1	1	1	1	1	1	1	1	1	1	1	1	1	1	1	1	1	1	1	1	1	1	1	1	1	1	1	1	1	1	1	1	1	1	1	1	1	1	0	1	1	1	1	1	1	1	1	1	1	1	1	1	1	1	1	1	1	1	1	1	1	1	1	1	1	1	1	1	1	1	1	1	1	1	1	1	1	1	0	1	1	1	1	1	1	1	1	1	1	1	1	1	1	1	1	1	1	1	1	1	1	1	1	1	1	1	1	1	1	1	1	1	1	1	1	1	1	1	1	1	1	1	1	1	1	1	1	1	1	1	1	1	1	1	1	1	1	1	1	1	1	1	1	1	1	1	1	1	1	1	1	1	1	1	1	1	1	1	1	1	1	1	1	1	1	1	1	1	1	1	1	1	1	1	1	1	1	1	1	1	1	1	1	1	1	1	1	1	1	1	1	1	1	1	1	1	1	1	1	1	1	1	1	1	1	1	1	1	1	1	1	1	1	1	1	1	1	1	1	1	1	1	1	1	1	1	1	1	1	1	1	1	1	1	1	1	1	1	1	1	1	1	0	1	1	1	1	1	1	1	1	1	1	1	1	1	1	1	1	1	1	1	1	1	1	1	1	1	1	1	1	1	1	1	1	1	1	1	1	1	1	1	1	1	1	1	1	1	1	1	1	1	1	1	1	1	1	1	1	1	1	1	1	1	1	1	1	1	1	1	1	1	1	1	1	1	1	1	1	1	1	1	1	1	1	1	1	1	1	1	1	1	1	1	1	1	1	1	1	1	1	1	1	1	1	1	1	1	1	1	1	1	1	1	1	1	1	1	1	1	1	1	1	1	1	1	1	1	1	1	1	1	1	1	1	1	1	1	1	1	1	1	1	1	1	1	1	1	1	1	1	1	1	1	1	1	1	1	1	1	1	1	1	1	1	1	1	1	1	1	1	1	1	1	1	1	1	1	1	1	1
%%%	-0.051000	-0.020000	0.011000	0.042000	0.074000	0.120000	0.152000	0.183000	0.214000	0.245000	0.276000	0.308000	0.354000	0.386000	0.417000	0.448000	0.479000	0.510000	0.542000	0.573000	0.620000	0.651000	0.682000	0.713000	0.744000	0.776000	0.807000	0.854000	0.885000	0.916000	0.947000	0.978000	1.010000	1.041000	1.088000	1.119000	1.150000	1.181000	1.212000	1.244000	1.275000	1.306000	1.353000	1.384000	1.415000	1.446000	1.478000	1.509000	1.540000	1.587000	1.618000	1.649000	1.680000	1.712000	1.743000	1.774000	1.821000	1.852000	1.883000	1.914000	1.946000	1.977000	2.008000	2.039000	2.086000	2.117000	2.148000	2.180000	2.211000	2.242000	2.273000	2.320000	2.351000	2.382000	2.414000	2.445000	2.476000	2.507000	2.538000	2.585000	2.616000	2.648000	2.679000	2.710000	2.741000	2.772000	2.819000	2.850000	2.882000	2.913000	2.944000	2.975000	3.006000	3.053000	3.084000	3.116000	3.147000	3.178000	3.209000	3.240000	3.272000	3.318000	3.350000	3.381000	3.412000	3.443000	3.474000	3.506000	3.552000	3.584000	3.615000	3.646000	3.677000	3.708000	3.740000	3.786000	3.818000	3.849000	3.880000	3.911000	3.942000	3.974000	4.005000	4.052000	4.083000	4.114000	4.145000	4.176000	4.208000	4.239000	4.286000	4.317000	4.348000	4.379000	4.410000	4.442000	4.473000	4.504000	4.551000	4.582000	4.613000	4.644000	4.676000	4.707000	4.738000	4.785000	4.816000	4.847000	4.878000	4.910000	4.941000	4.972000	5.019000	5.050000	5.081000	5.112000	5.144000	5.175000	5.206000	5.237000	5.284000	5.315000	5.346000	5.378000	5.409000	5.440000	5.471000	5.518000	5.549000	5.580000	5.612000	5.643000	5.674000	5.705000	5.752000	5.783000	5.814000	5.846000	5.877000	5.908000	5.939000	5.970000	6.017000	6.048000	6.080000	6.111000	6.142000	6.173000	6.204000	6.251000	6.282000	6.314000	6.345000	6.376000	6.407000	6.438000	6.470000	6.516000	6.548000	6.579000	6.610000	6.641000	6.672000	6.704000	6.750000	6.782000	6.813000	6.844000	6.875000	6.906000	6.938000	6.984000	7.016000	7.047000	7.078000	7.109000	7.140000	7.172000	7.203000	7.250000	7.281000	7.312000	7.343000	7.374000	7.406000	7.437000	7.484000	7.515000	7.546000	7.577000	7.608000	7.640000	7.671000	7.718000	7.749000	7.780000	7.811000	7.842000	7.874000	7.905000	7.936000	7.983000	8.014000	8.045000	8.076000	8.108000	8.139000	8.170000	8.217000	8.248000	8.279000	8.310000	8.342000	8.373000	8.404000	8.451000	8.482000	8.513000	8.544000	8.576000	8.607000	8.638000	8.669000	8.716000	8.747000	8.778000	8.810000	8.841000	8.872000	8.903000	8.950000	8.981000	9.012000	9.044000	9.075000	9.106000	9.137000	9.184000	9.215000	9.246000	9.278000	9.309000	9.340000	9.371000	9.402000	9.449000	9.480000	9.512000	9.543000	9.574000	9.605000	9.636000	9.683000	9.714000	9.746000	9.777000	9.808000	9.839000	9.870000	9.902000	9.948000	9.980000	10.011000	10.042000	10.073000	10.104000	10.136000	10.182000	10.214000	10.245000	10.276000	10.307000	10.338000	10.370000	10.401000	10.448000	10.479000	10.510000	10.541000	10.572000	10.604000	10.635000	10.682000	10.713000	10.744000	10.775000	10.806000	10.838000	10.869000	10.916000	10.947000	10.978000	11.009000	11.040000	11.072000	11.103000	11.134000	11.181000	11.212000	11.243000	11.274000	11.306000	11.337000	11.368000	11.415000	11.446000	11.477000	11.508000	11.540000	11.571000	11.602000	11.649000	11.680000	11.711000	11.742000	11.774000	11.805000	11.836000	11.867000	11.914000	11.945000	11.976000	12.008000	12.039000	12.070000	12.101000	12.148000	12.179000	12.210000	12.242000	12.273000	12.304000	12.335000	12.382000	12.413000	12.444000	12.476000	12.507000	12.538000	12.569000	12.600000	12.647000	12.678000	12.710000	12.741000	12.772000	12.803000	12.834000	12.881000	12.912000	12.944000	12.975000	13.006000	13.037000	13.068000	13.115000	13.146000	13.178000	13.209000	13.240000	13.271000	13.302000	13.334000	13.380000	13.412000	13.443000	13.474000	13.505000	13.536000	13.568000	13.614000	13.646000	13.677000	13.708000	13.739000	13.770000	13.802000	13.848000	13.880000	13.911000	13.942000	13.973000	14.004000	14.036000	14.067000	14.114000	14.145000	14.176000	14.207000	14.238000	14.270000	14.301000	14.332000	14.379000	14.410000	14.441000	14.472000	14.504000	14.535000	14.566000	14.613000	14.644000	14.675000	14.706000	14.738000	14.769000	14.800000	14.847000	14.878000	14.909000	14.940000	14.972000	15.003000	15.034000	15.065000	15.112000	15.143000	15.174000	15.206000	15.237000	15.268000	15.299000	15.346000	15.377000	15.408000	15.440000	15.471000	15.502000	15.533000	15.580000	15.611000	15.642000	15.674000	15.705000	15.736000	15.767000	15.798000	15.845000	15.876000	15.908000	15.939000	15.970000	16.001000	16.032000	16.079000	16.110000	16.142000	16.173000	16.204000	16.235000	16.266000	16.313000	16.344000	16.376000	16.407000	16.438000	16.469000	16.500000	16.532000	16.578000	16.610000	16.641000	16.672000	16.703000	16.734000	16.766000	16.812000	16.844000	16.875000	16.906000	16.937000	16.968000	17.000000	17.046000	17.078000	17.109000	17.140000	17.171000	17.202000	17.234000	17.265000	17.312000	17.343000	17.374000	17.405000	17.436000	17.468000	17.499000	17.546000	17.577000	17.608000	17.639000	17.671000	17.702000	17.733000	17.780000	17.811000	17.842000	17.873000	17.905000	17.936000	17.967000	17.998000
%%%	1.625942	1.588406	1.620580	1.576812	1.574927	1.583623	1.591884	1.565362	1.559275	1.557246	1.623188	1.601884	1.621159	1.600000	1.611594	1.620290	1.609710	1.626667	1.628841	1.633623	1.625507	1.635942	1.669565	1.636377	1.646377	1.634783	1.662319	1.634783	1.662899	1.669565	1.618551	1.606812	1.592319	1.574493	1.518986	1.521884	1.513043	1.484058	1.488116	1.472899	1.460870	1.442464	1.449420	1.415797	1.414638	1.402899	1.379855	1.298261	0.972899	0.927246	0.910725	0.469710	0.347826	0.347826	0.347826	0.347826	0.347826	0.347826	0.347826	0.347826	0.347826	0.347826	0.347826	0.347826	0.347826	0.347826	0.467971	0.492754	0.885507	0.857102	1.096232	1.243623	1.253333	1.321015	1.376667	1.437681	1.427246	1.457681	1.446667	1.486232	1.477246	1.391304	1.469420	1.511884	1.384493	1.114203	0.778841	0.472899	0.347826	0.347826	0.347826	0.347826	0.347826	0.347826	0.347826	0.347826	0.347826	0.933333	0.731594	0.347826	1.484058	1.553623	0.708841	0.483333	0.349420	0.348985	0.458116	0.347826	0.451594	0.522754	0.801159	0.557681	0.596812	0.618986	0.635797	0.831594	0.777536	0.672319	0.788116	1.313043	1.438116	1.454493	1.530435	1.537536	1.459710	1.481449	1.484058	1.547826	1.564638	1.547101	1.556667	1.575362	1.575507	1.576667	1.594638	1.601014	1.551449	1.587536	1.548406	1.598986	1.530435	1.576812	1.594638	1.591884	1.581884	1.576812	1.593188	1.588986	1.574493	1.600000	1.622464	1.609275	1.609710	1.603188	1.609855	1.622754	1.602754	1.583623	1.600145	1.576812	1.391014	1.547101	1.610290	1.576812	1.588406	1.629855	1.621159	1.634783	1.628985	1.603333	1.662029	1.634783	1.609275	1.657536	1.635797	1.629275	1.669565	1.655072	1.620145	1.634928	1.634783	1.620290	1.627536	1.598840	1.602464	1.612319	1.626667	1.602899	1.609275	1.603188	1.588551	1.594203	1.578841	1.530435	1.553623	1.538406	1.502754	1.507246	1.576812	1.578841	1.484058	1.576812	1.521449	1.565797	1.576667	1.576812	1.570580	1.575507	1.565797	1.574493	1.579710	1.583188	1.558116	1.566377	1.566377	1.576812	1.564638	1.568116	1.484058	1.531159	1.495652	1.576812	1.546812	1.530435	1.536377	1.578841	1.547826	1.576812	1.576812	1.484058	1.552754	1.547101	1.533188	1.518841	1.566377	1.570580	1.576667	1.574927	1.544928	1.564203	1.578841	1.484058	1.538116	1.557246	1.567971	1.484058	1.530435	1.530435	1.484058	1.513188	1.529855	1.531159	1.525362	1.482029	1.481594	1.576812	1.503333	1.494638	1.463623	1.509710	1.492754	1.477681	1.484203	1.481449	1.495797	1.484203	1.482029	1.463623	1.494493	1.484058	1.478406	1.481159	1.485797	1.496232	1.484058	1.530435	1.482029	1.484058	1.488116	1.482029	1.492029	1.518551	1.484058	1.576812	1.480725	1.487681	1.488116	1.489710	1.488116	1.490145	1.477246	1.496232	1.483623	1.484058	1.530435	1.484638	1.494203	1.507246	1.576812	1.576812	1.505507	1.484058	1.520580	1.513188	1.513043	1.521884	1.495797	1.472754	1.493188	1.503768	1.484058	1.576812	1.494058	1.491449	1.488116	1.485362	1.487681	1.486377	1.520725	1.507101	1.576812	1.495507	1.576812	1.486812	1.513768	1.482029	1.505507	1.507246	1.501594	1.521739	1.576812	1.553623	1.576812	1.513188	1.576812	1.529420	1.521884	1.492029	1.484058	1.484058	1.528116	1.530435	1.531159	1.484058	1.484058	1.576812	1.527681	1.527536	1.576812	1.523189	1.530435	1.576812	1.518986	1.527681	1.576812	1.540290	1.531159	1.530435	1.542029	1.490435	1.576812	1.530435	1.521739	1.511884	1.576812	1.530435	1.536232	1.588986	1.518116	1.576812	1.576812	1.530435	1.530435	1.530435	1.576812	1.501449	1.521159	1.542029	1.503768	1.538551	1.530435	1.520580	1.537536	1.513043	1.529855	1.503188	1.529275	1.548986	1.484058	1.484058	1.484058	1.576812	1.576812	1.484058	1.530435	1.518841	1.539710	1.546812	1.548406	1.544203	1.542899	1.553188	1.484058	1.537536	1.507246	1.546667	1.484058	1.576812	1.552754	1.518986	1.590145	1.576812	1.528116	1.576812	1.522029	1.553623	1.576812	1.501449	1.576812	1.518986	1.507101	1.546812	1.555072	1.521884	1.556667	1.540580	1.548986	1.484058	1.522754	1.484058	1.531159	1.524927	1.528841	1.547681	1.530435	1.528841	1.530435	1.558116	1.565797	1.533623	1.575507	1.547681	1.553623	1.512464	1.527536	1.532898	1.520725	1.530435	1.484058	1.529855	1.484058	1.484058	1.529275	1.547101	1.548406	1.538116	1.529710	1.530435	1.519421	1.521159	1.527101	1.522464	1.557681	1.547101	1.566812	1.521884	1.548986	1.530435	1.551449	1.530435	1.529710	1.561449	1.509275	1.484058	1.528841	1.514928	1.530435	1.533333	1.529275	1.576812	1.528116	1.512464	1.521594	1.554347	1.524927	1.509420	1.553623	1.521884	1.483188	1.512898	1.566232	1.504348	1.513768	1.541159	1.507536	1.576812	1.525073	1.561449	1.565797	1.576812	1.553623	1.530435	1.530435	1.531014	1.576812	1.552754	1.576812	1.521739	1.522754	1.484058	1.527536	1.552319	1.558116	1.576812	1.531159	1.529275	1.548986	1.531159	1.550725	1.557681	1.530435	1.557536	2.026667	1.546812	1.592899	1.561884	1.626667	1.618841	1.589275	1.565797	1.583188	1.598840	1.590290	1.603333	1.565797	1.594638	1.625507	1.624348	1.620145	1.605362	1.604493	1.648551	1.669565
%%%	Left Pupil Profile (1st row -> 1 == valid tracking, 0 == invalid tracking; 2nd row -> time; 3rd row -> diameter (mm))
%%%	0	0	0	0	0	0	0	0	0	0	0	0	0	0	0	0	0	0	0	0	0	0	0	0	0	0	0	0	0	0	0	0	0	0	0	0	0	0	0	0	0	0	0	0	0	0	0	0	0	0	0	0	0	0	0	0	0	0	0	0	0	0	0	0	0	0	0	0	0	0	0	0	0	0	0	0	0	0	0	0	0	0	0	0	0	0	0	0	0	0	0	0	0	0	0	0	0	0	0	0	0	0	0	0	0	0	0	0	0	0	0	0	0	0	0	0	0	0	0	0	0	0	0	0	0	0	0	0	0	0	0	0	0	0	0	0	0	0	0	0	0	0	0	0	0	0	0	0	0	0	0	0	0	0	0	0	0	0	0	0	0	0	0	0	0	0	0	0	0	0	0	0	0	0	0	0	0	0	0	0	0	0	0	0	0	0	0	0	0	0	0	0	0	0	0	0	0	0	0	0	0	0	0	0	0	0	0	0	0	0	0	0	0	0	0	0	0	0	0	0	0	0	0	0	0	0	0	0	0	0	0	0	0	0	0	0	0	0	0	0	0	0	0	0	0	0	0	0	0	0	0	0	0	0	0	0	0	0	0	0	0	0	0	0	0	0	0	0	0	0	0	0	0	0	0	0	0	0	0	0	0	0	0	0	0	0	0	0	0	0	0	0	0	0	0	0	0	0	0	0	0	0	0	0	0	0	0	0	0	0	0	0	0	0	0	0	0	0	0	0	0	0	0	0	0	0	0	0	0	0	0	0	0	0	0	0	0	0	0	0	0	0	0	0	0	0	0	0	0	0	0	0	0	0	0	0	0	0	0	0	0	0	0	0	0	0	0	0	0	0	0	0	0	0	0	0	0	0	0	0	0	0	0	0	0	0	0	0	0	0	0	0	0	0	0	0	0	0	0	0	0	0	0	0	0	0	0	0	0	0	0	0	0	0	0	0	0	0	0	0	0	0	0	0	0	0	0	0	0	0	0	0	0	0	0	0	0	0	0	0	0	0	0	0	0	0	0	0	0	0	0	0	0	0	0	0	0	0	0	0	0	0	0	0	0	0	0	0	0	0	0	0	0	0	0	0	0	0	0	0	0	0	0	0	0	0	0	0	0	0	0	0	0	0	0	0	0	0	0	0	0	0	0	0	0	0	0	0	0	0	0	0	0	0	0	0	0	0	0	0	0	0	0	0	0	0	0	0	0	0	0	0	0	0	0	0	0	0	0	0	0	0	0
%%%	-0.051000	-0.020000	0.011000	0.042000	0.074000	0.105000	0.152000	0.183000	0.214000	0.245000	0.276000	0.308000	0.339000	0.370000	0.417000	0.448000	0.479000	0.510000	0.542000	0.573000	0.604000	0.651000	0.682000	0.713000	0.744000	0.776000	0.807000	0.838000	0.869000	0.916000	0.947000	0.978000	1.010000	1.041000	1.072000	1.103000	1.150000	1.181000	1.212000	1.244000	1.275000	1.306000	1.337000	1.368000	1.415000	1.446000	1.478000	1.509000	1.540000	1.571000	1.602000	1.649000	1.680000	1.712000	1.743000	1.774000	1.805000	1.836000	1.883000	1.914000	1.946000	1.977000	2.008000	2.039000	2.070000	2.102000	2.148000	2.180000	2.211000	2.242000	2.273000	2.304000	2.336000	2.382000	2.414000	2.445000	2.476000	2.507000	2.538000	2.570000	2.616000	2.648000	2.679000	2.710000	2.741000	2.772000	2.804000	2.835000	2.882000	2.913000	2.944000	2.975000	3.006000	3.038000	3.069000	3.116000	3.147000	3.178000	3.209000	3.240000	3.272000	3.303000	3.350000	3.381000	3.412000	3.443000	3.474000	3.506000	3.537000	3.568000	3.615000	3.646000	3.677000	3.708000	3.740000	3.771000	3.802000	3.849000	3.880000	3.911000	3.942000	3.974000	4.005000	4.036000	4.083000	4.114000	4.145000	4.176000	4.208000	4.239000	4.270000	4.301000	4.348000	4.379000	4.410000	4.442000	4.473000	4.504000	4.535000	4.582000	4.613000	4.644000	4.676000	4.707000	4.738000	4.769000	4.816000	4.847000	4.878000	4.910000	4.941000	4.972000	5.003000	5.034000	5.081000	5.112000	5.144000	5.175000	5.206000	5.237000	5.268000	5.300000	5.346000	5.378000	5.409000	5.440000	5.471000	5.502000	5.534000	5.580000	5.612000	5.643000	5.674000	5.705000	5.736000	5.768000	5.814000	5.846000	5.877000	5.908000	5.939000	5.970000	6.002000	6.033000	6.080000	6.111000	6.142000	6.173000	6.204000	6.236000	6.267000	6.314000	6.345000	6.376000	6.407000	6.438000	6.470000	6.501000	6.548000	6.579000	6.610000	6.641000	6.672000	6.704000	6.735000	6.766000	6.813000	6.844000	6.875000	6.906000	6.938000	6.969000	7.000000	7.047000	7.078000	7.109000	7.140000	7.172000	7.203000	7.234000	7.281000	7.312000	7.343000	7.374000	7.406000	7.437000	7.468000	7.499000	7.546000	7.577000	7.608000	7.640000	7.671000	7.702000	7.733000	7.780000	7.811000	7.842000	7.874000	7.905000	7.936000	7.967000	8.014000	8.045000	8.076000	8.108000	8.139000	8.170000	8.201000	8.232000	8.279000	8.310000	8.342000	8.373000	8.404000	8.435000	8.466000	8.513000	8.544000	8.576000	8.607000	8.638000	8.669000	8.700000	8.747000	8.778000	8.810000	8.841000	8.872000	8.903000	8.934000	8.966000	9.012000	9.044000	9.075000	9.106000	9.137000	9.168000	9.200000	9.246000	9.278000	9.309000	9.340000	9.371000	9.402000	9.434000	9.465000	9.512000	9.543000	9.574000	9.605000	9.636000	9.668000	9.699000	9.746000	9.777000	9.808000	9.839000	9.870000	9.902000	9.933000	9.964000	10.011000	10.042000	10.073000	10.104000	10.136000	10.167000	10.198000	10.245000	10.276000	10.307000	10.338000	10.370000	10.401000	10.432000	10.479000	10.510000	10.541000	10.572000	10.604000	10.635000	10.666000	10.697000	10.744000	10.775000	10.806000	10.838000	10.869000	10.900000	10.931000	10.978000	11.009000	11.040000	11.072000	11.103000	11.134000	11.165000	11.212000	11.243000	11.274000	11.306000	11.337000	11.368000	11.399000	11.430000	11.477000	11.508000	11.540000	11.571000	11.602000	11.633000	11.664000	11.711000	11.742000	11.774000	11.805000	11.836000	11.867000	11.898000	11.945000	11.976000	12.008000	12.039000	12.070000	12.101000	12.132000	12.164000	12.210000	12.242000	12.273000	12.304000	12.335000	12.366000	12.398000	12.444000	12.476000	12.507000	12.538000	12.569000	12.600000	12.632000	12.678000	12.710000	12.741000	12.772000	12.803000	12.834000	12.866000	12.897000	12.944000	12.975000	13.006000	13.037000	13.068000	13.100000	13.131000	13.178000	13.209000	13.240000	13.271000	13.302000	13.334000	13.365000	13.396000	13.443000	13.474000	13.505000	13.536000	13.568000	13.599000	13.630000	13.677000	13.708000	13.739000	13.770000	13.802000	13.833000	13.864000	13.911000	13.942000	13.973000	14.004000	14.036000	14.067000	14.098000	14.129000	14.176000	14.207000	14.238000	14.270000	14.301000	14.332000	14.363000	14.410000	14.441000	14.472000	14.504000	14.535000	14.566000	14.597000	14.644000	14.675000	14.706000	14.738000	14.769000	14.800000	14.831000	14.862000	14.909000	14.940000	14.972000	15.003000	15.034000	15.065000	15.096000	15.143000	15.174000	15.206000	15.237000	15.268000	15.299000	15.330000	15.362000	15.408000	15.440000	15.471000	15.502000	15.533000	15.564000	15.596000	15.642000	15.674000	15.705000	15.736000	15.767000	15.798000	15.830000	15.876000	15.908000	15.939000	15.970000	16.001000	16.032000	16.064000	16.095000	16.142000	16.173000	16.204000	16.235000	16.266000	16.298000	16.329000	16.376000	16.407000	16.438000	16.469000	16.500000	16.532000	16.563000	16.610000	16.641000	16.672000	16.703000	16.734000	16.766000	16.797000	16.828000	16.875000	16.906000	16.937000	16.968000	17.000000	17.031000	17.062000	17.109000	17.140000	17.171000	17.202000	17.234000	17.265000	17.296000	17.327000	17.374000	17.405000	17.436000	17.468000	17.499000	17.530000	17.561000	17.608000	17.639000	17.671000	17.702000	17.733000	17.764000	17.795000	17.842000	17.873000	17.905000	17.936000	17.967000	17.998000
%%%	13.913043	13.913043	13.913043	13.913043	13.913043	13.913043	13.913043	13.913043	13.913043	13.913043	13.913043	13.913043	13.913043	13.913043	13.913043	13.913043	13.913043	13.913043	13.913043	13.913043	13.913043	13.913043	13.913043	13.913043	13.913043	13.913043	13.913043	13.913043	13.913043	13.913043	13.913043	13.913043	13.913043	13.913043	13.913043	13.913043	13.913043	13.913043	13.913043	13.913043	13.913043	13.913043	13.913043	13.913043	13.913043	13.913043	13.913043	13.913043	13.913043	13.913043	13.913043	13.913043	13.913043	13.913043	13.913043	13.913043	13.913043	13.913043	13.913043	13.913043	13.913043	13.913043	13.913043	13.913043	13.913043	13.913043	13.913043	13.913043	13.913043	13.913043	13.913043	13.913043	13.913043	13.913043	13.913043	13.913043	13.913043	13.913043	13.913043	13.913043	13.913043	13.913043	13.913043	13.913043	13.913043	13.913043	13.913043	13.913043	13.913043	13.913043	13.913043	13.913043	13.913043	13.913043	13.913043	13.913043	13.913043	13.913043	13.913043	13.913043	13.913043	13.913043	13.913043	13.913043	13.913043	13.913043	13.913043	13.913043	13.913043	13.913043	13.913043	13.913043	13.913043	13.913043	13.913043	13.913043	13.913043	13.913043	13.913043	13.913043	13.913043	13.913043	13.913043	13.913043	13.913043	13.913043	13.913043	13.913043	13.913043	13.913043	13.913043	13.913043	13.913043	13.913043	13.913043	13.913043	13.913043	13.913043	13.913043	13.913043	13.913043	13.913043	13.913043	13.913043	13.913043	13.913043	13.913043	13.913043	13.913043	13.913043	13.913043	13.913043	13.913043	13.913043	13.913043	13.913043	13.913043	13.913043	13.913043	13.913043	13.913043	13.913043	13.913043	13.913043	13.913043	13.913043	13.913043	13.913043	13.913043	13.913043	13.913043	13.913043	13.913043	13.913043	13.913043	13.913043	13.913043	13.913043	13.913043	13.913043	13.913043	13.913043	13.913043	13.913043	13.913043	13.913043	13.913043	13.913043	13.913043	13.913043	13.913043	13.913043	13.913043	13.913043	13.913043	13.913043	13.913043	13.913043	13.913043	13.913043	13.913043	13.913043	13.913043	13.913043	13.913043	13.913043	13.913043	13.913043	13.913043	13.913043	13.913043	13.913043	13.913043	13.913043	13.913043	13.913043	13.913043	13.913043	13.913043	13.913043	13.913043	13.913043	13.913043	13.913043	13.913043	13.913043	13.913043	13.913043	13.913043	13.913043	13.913043	13.913043	13.913043	13.913043	13.913043	13.913043	13.913043	13.913043	13.913043	13.913043	13.913043	13.913043	13.913043	13.913043	13.913043	13.913043	13.913043	13.913043	13.913043	13.913043	13.913043	13.913043	13.913043	13.913043	13.913043	13.913043	13.913043	13.913043	13.913043	13.913043	13.913043	13.913043	13.913043	13.913043	13.913043	13.913043	13.913043	13.913043	13.913043	13.913043	13.913043	13.913043	13.913043	13.913043	13.913043	13.913043	13.913043	13.913043	13.913043	13.913043	13.913043	13.913043	13.913043	13.913043	13.913043	13.913043	13.913043	13.913043	13.913043	13.913043	13.913043	13.913043	13.913043	13.913043	13.913043	13.913043	13.913043	13.913043	13.913043	13.913043	13.913043	13.913043	13.913043	13.913043	13.913043	13.913043	13.913043	13.913043	13.913043	13.913043	13.913043	13.913043	13.913043	13.913043	13.913043	13.913043	13.913043	13.913043	13.913043	13.913043	13.913043	13.913043	13.913043	13.913043	13.913043	13.913043	13.913043	13.913043	13.913043	13.913043	13.913043	13.913043	13.913043	13.913043	13.913043	13.913043	13.913043	13.913043	13.913043	13.913043	13.913043	13.913043	13.913043	13.913043	13.913043	13.913043	13.913043	13.913043	13.913043	13.913043	13.913043	13.913043	13.913043	13.913043	13.913043	13.913043	13.913043	13.913043	13.913043	13.913043	13.913043	13.913043	13.913043	13.913043	13.913043	13.913043	13.913043	13.913043	13.913043	13.913043	13.913043	13.913043	13.913043	13.913043	13.913043	13.913043	13.913043	13.913043	13.913043	13.913043	13.913043	13.913043	13.913043	13.913043	13.913043	13.913043	13.913043	13.913043	13.913043	13.913043	13.913043	13.913043	13.913043	13.913043	13.913043	13.913043	13.913043	13.913043	13.913043	13.913043	13.913043	13.913043	13.913043	13.913043	13.913043	13.913043	13.913043	13.913043	13.913043	13.913043	13.913043	13.913043	13.913043	13.913043	13.913043	13.913043	13.913043	13.913043	13.913043	13.913043	13.913043	13.913043	13.913043	13.913043	13.913043	13.913043	13.913043	13.913043	13.913043	13.913043	13.913043	13.913043	13.913043	13.913043	13.913043	13.913043	13.913043	13.913043	13.913043	13.913043	13.913043	13.913043	13.913043	13.913043	13.913043	13.913043	13.913043	13.913043	13.913043	13.913043	13.913043	13.913043	13.913043	13.913043	13.913043	13.913043	13.913043	13.913043	13.913043	13.913043	13.913043	13.913043	13.913043	13.913043	13.913043	13.913043	13.913043	13.913043	13.913043	13.913043	13.913043	13.913043	13.913043	13.913043	13.913043	13.913043	13.913043	13.913043	13.913043	13.913043	13.913043	13.913043	13.913043	13.913043	13.913043	13.913043	13.913043	13.913043	13.913043	13.913043	13.913043	13.913043	13.913043	13.913043	13.913043	13.913043	13.913043	13.913043	13.913043	13.913043	13.913043	13.913043	13.913043	13.913043	13.913043	13.913043	13.913043	13.913043	13.913043	13.913043	13.913043	13.913043	13.913043	13.913043	13.913043	13.913043	13.913043	13.913043	13.913043	13.913043	13.913043	13.913043	13.913043	13.913043	13.913043	13.913043	13.913043	13.913043	13.913043	13.913043	13.913043	13.913043	13.913043	13.913043	13.913043	13.913043	13.913043	13.913043	13.913043	13.913043	13.913043	13.913043	13.913043
%%%	Pulse Index	Stimulus Section Index	Stimulus Section Start Index	Stimulus Section End Index	Pupil Stimulated: 0 = Right, 1 = Left, 2 = Both	Light Metric: 0 = Photopic, 1 = Scopotic, 2 = Radiometric	Stimulus Start Time	Stimulus Duration	Stimulus Pulse Duration	Right Pulse Max Level	Right Pulse Max Color (0123 = WRGB)	Right Pulse Min Level	Right Pulse Min Color (0123 = WRGB)	Left Pulse Max Level	Left Pulse Max Color (0123 = WRGB)	Left Pulse Min Level	Left Pulse Min Color (0123 = WRGB)	Right Data Input Type (0 == RAW DATA, 1 == FITTED DATA, 2 == M. OVERRIDED)	Right ANALYSIS STATE (0 == ABNORMAL, 1 == NORMAL)	Right MAX (mm) (EMPTY if INVALID)	Right MIN (mm) (EMPTY if INVALID)	Right DELTA (mm) (EMPTY if INVALID)	Right CH (%) (EMPTY if INVALID)	Right LAT (sec) (EMPTY if INVALID)	Right CV (mm/s) (EMPTY if INVALID)	Right MCV (mm/s) (EMPTY if INVALID)	Right DV (mm/s) (EMPTY if INVALID)	Left Data Input Type (0 == RAW DATA, 1 == FITTED DATA, 2 == M. OVERRIDED)	Left ANALYSIS STATE (0 == ABNORMAL, 1 == NORMAL)	Left MAX (mm) (EMPTY if INVALID)	Left MIN (mm) (EMPTY if INVALID)	Left DELTA (mm) (EMPTY if INVALID)	Left CH (%) (EMPTY if INVALID)	Left LAT (sec) (EMPTY if INVALID)	Left CV (mm/s) (EMPTY if INVALID)	Left MCV (mm/s) (EMPTY if INVALID)	Left DV (mm/s) (EMPTY if INVALID)
%%%	0	0	17	542	0	0	0.51	17.52	0.51	99.71	1	0.00	1	0.00	1	0.00	1	0	0	0.00	0.00			0.00	0.00	0.00	0.00	0	0	0.00	0.00			0.00	0.00	0.00	0.00
%%%%%%%%%
%%%%%%%%%
%%%%%%%%%
<\SESSION>
