<SESSION>
<VERSION>
2
<\VERSION>
<DATE>
2017-09-05 10:38:21
<\DATE>
<SUBJECT-ID>
c57-1mois-M3-2r
<\SUBJECT-ID>
<NOTE>

<\NOTE>
<MIN-MAX-PLOT>
0.100000 51880.761719
<\MIN-MAX-PLOT>
<STIMULUS-DEFINED>
Default
Default Human Relative Spectral Sensitivity
1	0
1	0.500000	0.500000	17.000000	1	1	2.000000	-100.000000	0.100000	-100.000000	0
<\STIMULUS-DEFINED>
<STIMULUS-GENERATED>
4
0	0	0.000000	1	0.000000	0.000000	1	0.000000	0.000000
0	1	0.509000	1	0.406861	99.710426	1	0.000000	0.000000
0	4	1.019000	1	0.000000	0.000000	1	0.000000	0.000000
-1	5	18.028000	0	0.000000	0.000000	0	0.000000	0.000000
<\STIMULUS-GENERATED>
<RIGHT-PUPIL-DATA>
543	1
1	-0.067000	1.518406	392.881256	336.568756
1	-0.035000	1.490290	392.418701	338.131226
1	-0.004000	1.509420	391.706238	338.081238
1	0.027000	1.503188	391.299988	338.275024
1	0.058000	1.449275	392.000000	337.000000
1	0.105000	1.503768	391.875000	337.125000
1	0.136000	1.481159	392.750000	336.500000
1	0.167000	1.490145	392.587494	336.412506
1	0.199000	1.491449	393.131256	336.568756
1	0.230000	1.481594	392.443756	337.556244
1	0.261000	1.512029	392.206268	337.993744
1	0.292000	1.518986	392.093750	338.093750
1	0.339000	1.518406	392.431244	337.931244
1	0.370000	1.502754	392.906250	336.906250
1	0.401000	1.518841	393.125000	336.875000
1	0.433000	1.538406	393.393738	336.606262
1	0.464000	1.507246	394.250000	336.750000
1	0.495000	1.495652	394.000000	338.000000
1	0.526000	1.529420	393.793732	338.993744
1	0.573000	1.490145	392.587494	339.412506
1	0.604000	1.490290	392.681244	338.681244
1	0.635000	1.497246	393.518738	337.356262
1	0.667000	1.487536	393.125000	338.487488
1	0.698000	1.490725	394.312500	338.375000
1	0.729000	1.527101	393.993744	337.768707
1	0.760000	1.502754	394.093750	339.093750
1	0.791000	1.460870	393.000000	339.000000
1	0.838000	1.405797	393.750000	338.750000
1	0.869000	1.403333	392.743744	338.993744
1	0.901000	1.327681	393.468750	337.493774
1	0.932000	1.252174	394.000000	337.000000
1	0.963000	1.238551	393.812500	336.812500
1	0.994000	1.163623	394.268738	336.156250
1	1.025000	1.108116	394.250000	336.924988
0	1.057000	0.904493	398.043732	338.406219
0	1.103000	0.984203	393.943756	335.981232
0	1.135000	0.973913	394.500000	337.500000
1	1.166000	0.707536	399.837494	340.162506
1	1.197000	0.989855	394.687500	334.799988
1	1.228000	0.690725	399.937500	339.000000
0	1.259000	0.788116	398.337494	337.699982
0	1.291000	0.900580	396.049988	335.937500
0	1.337000	0.885507	396.299988	336.262512
0	1.369000	0.753623	397.750000	338.750000
1	1.400000	0.881449	395.662506	337.337494
0	1.431000	0.852029	396.243744	336.793732
1	1.462000	0.670725	399.287506	339.212494
0	1.493000	0.794493	396.712494	335.537506
0	1.525000	0.808696	397.000000	335.500000
0	1.571000	0.811449	397.843750	335.406250
0	1.603000	0.801015	397.443756	338.006256
0	1.634000	0.634203	399.125000	341.125000
1	1.665000	0.729275	398.475006	338.912506
1	1.696000	0.984928	394.299957	336.812225
1	1.727000	1.008696	394.000000	335.000000
0	1.759000	0.914492	397.587524	335.287598
0	1.790000	0.948841	396.681244	333.806244
0	1.837000	0.904348	397.000000	333.000000
0	1.868000	0.920725	396.243744	333.756256
1	1.899000	0.690145	399.587494	340.975006
0	1.930000	1.066667	393.500000	335.500000
0	1.961000	0.950580	396.156250	335.156250
1	1.993000	1.097246	394.369019	334.768677
0	2.024000	0.974058	396.993744	334.131256
0	2.071000	0.973913	399.000000	335.000000
1	2.102000	1.062464	396.281250	334.281250
1	2.133000	1.044638	395.024994	333.975006
1	2.164000	1.105507	394.649994	335.350006
1	2.195000	1.057536	394.818756	334.181244
1	2.227000	1.137536	394.843750	335.831238
1	2.258000	0.967246	398.162506	334.087494
1	2.305000	1.107102	395.718750	333.718750
1	2.336000	1.084203	396.968750	332.781250
1	2.367000	1.124638	395.000000	332.000000
1	2.398000	1.147971	395.743744	332.993744
0	2.429000	1.089855	397.000000	333.000000
0	2.461000	0.956522	398.000000	333.500000
1	2.492000	1.162899	394.475006	335.149994
1	2.523000	1.089855	393.500000	333.500000
0	2.570000	0.962319	398.000000	332.000000
1	2.601000	1.181448	396.575287	333.249725
1	2.632000	1.140725	396.156250	332.593750
1	2.663000	1.077101	396.475006	330.962494
1	2.695000	1.133188	395.768738	333.768738
0	2.726000	1.071594	395.337494	332.399994
1	2.757000	1.081594	394.443756	333.443756
0	2.804000	1.079275	396.493744	333.993744
1	2.835000	1.132029	395.281250	333.281250
1	2.866000	0.987971	398.693756	331.943756
1	2.897000	1.152319	396.431244	333.006256
1	2.929000	1.146812	396.743744	332.743744
0	2.960000	1.025942	396.756256	331.756256
1	2.991000	1.135942	395.587494	333.537506
1	3.038000	1.078116	395.743744	333.368744
1	3.069000	1.169420	394.756256	334.881256
0	3.100000	1.031884	397.250000	332.250000
1	3.131000	1.136232	396.500000	331.500000
1	3.163000	1.154928	396.406250	332.593750
1	3.194000	1.179275	395.681244	331.981232
0	3.225000	1.099275	396.293762	331.206238
0	3.256000	1.066667	397.500000	331.500000
1	3.303000	1.165362	395.243744	333.506256
1	3.334000	1.122899	395.024994	333.100006
0	3.365000	1.008696	399.000000	332.000000
1	3.397000	1.124493	396.406250	332.093750
1	3.428000	1.100580	396.937500	331.187500
0	3.459000	1.110870	396.993744	331.006256
0	3.490000	1.069420	397.181244	330.868744
0	3.537000	1.103768	398.687500	332.875000
0	3.568000	1.066667	399.000000	331.000000
1	3.599000	1.168551	396.193756	334.193756
0	3.631000	1.079275	397.006256	332.506256
1	3.662000	1.117971	396.112488	332.937500
1	3.693000	1.159420	397.500000	332.500000
1	3.724000	1.174493	396.625000	332.062500
1	3.771000	1.083623	397.068756	330.506256
1	3.802000	1.155507	396.993744	332.381256
1	3.833000	1.118841	398.500000	332.000000
1	3.865000	1.165942	396.156250	332.481262
1	3.896000	1.095652	396.000000	331.500000
1	3.927000	1.160289	396.337433	331.899872
1	3.958000	1.115507	395.993744	330.318756
1	3.989000	1.153768	397.018738	330.731262
0	4.036000	1.121884	396.868744	330.993744
1	4.067000	1.066667	396.500000	328.500000
1	4.099000	1.159275	396.531250	331.093750
1	4.130000	1.212029	395.818756	332.931244
1	4.161000	1.155942	395.625000	332.375000
0	4.192000	1.078841	396.000000	330.500000
1	4.223000	1.136812	397.149994	332.149994
1	4.270000	1.146812	396.256256	331.256256
0	4.301000	1.087101	397.443756	330.368744
1	4.333000	1.137101	397.212494	330.787506
1	4.364000	1.138985	397.181274	331.368713
1	4.395000	1.164058	397.162506	332.524994
1	4.426000	1.150580	396.656250	331.456238
1	4.457000	1.151160	396.056244	332.943756
1	4.504000	1.174493	395.875000	332.375000
0	4.535000	1.136232	398.000000	331.000000
1	4.567000	1.185797	396.225006	331.074982
1	4.598000	1.100725	396.718750	329.668762
0	4.629000	0.814058	403.193756	334.693756
1	4.660000	1.165942	398.156250	330.268738
1	4.691000	1.192319	396.868744	331.868744
1	4.723000	1.166377	396.837494	332.600006
1	4.769000	1.239275	396.231232	333.381256
1	4.801000	1.186232	397.562500	332.062500
1	4.832000	1.214638	396.468750	330.543762
1	4.863000	1.217391	397.000000	330.000000
1	4.894000	1.167971	397.781250	329.781250
1	4.925000	1.192899	397.156250	330.906250
1	4.957000	1.207681	396.743744	331.756256
1	5.003000	1.194927	396.106384	331.580994
1	5.035000	1.131449	396.743744	330.743744
1	5.066000	1.157971	395.887512	331.112488
0	5.097000	1.066667	399.000000	327.000000
1	5.128000	1.220145	396.531250	329.968750
1	5.159000	1.194203	397.000000	330.000000
1	5.191000	1.159275	397.093750	329.093750
1	5.222000	1.205797	396.312500	330.312500
1	5.269000	1.182609	397.000000	331.000000
1	5.300000	1.203623	396.281250	330.268738
1	5.331000	1.199420	395.187500	330.625000
1	5.362000	1.208696	396.250000	330.000000
1	5.393000	1.269710	395.368744	328.756256
1	5.425000	1.162754	396.281250	327.143738
1	5.456000	1.217391	397.000000	329.000000
0	5.503000	1.113043	398.500000	327.500000
1	5.534000	1.212464	396.812500	329.812500
1	5.565000	1.224493	396.593750	330.031250
1	5.596000	1.221159	395.937500	330.312500
1	5.627000	1.240580	396.250000	329.750000
1	5.659000	1.237971	396.787506	328.787506
1	5.690000	1.234203	396.125000	327.875000
1	5.737000	1.275362	397.000000	329.000000
1	5.768000	1.211884	397.087494	327.337494
1	5.799000	1.216232	397.024994	327.475006
1	5.830000	1.200000	397.000000	328.500000
1	5.861000	1.221739	396.875000	328.500000
1	5.893000	1.194058	396.493744	329.581268
1	5.924000	1.194638	396.568756	329.568756
1	5.955000	1.171015	397.000000	328.000000
1	6.002000	1.205942	396.718750	328.281250
1	6.033000	1.213768	398.193665	327.693787
1	6.064000	1.202754	397.468750	329.281250
1	6.095000	1.207536	396.899994	330.225006
1	6.127000	1.208116	396.687500	330.250000
1	6.158000	1.182609	397.000000	331.000000
1	6.189000	1.275362	397.000000	329.000000
1	6.236000	1.253623	396.612488	328.750000
1	6.267000	1.238116	396.193756	327.193756
1	6.298000	1.191884	396.875000	327.812500
1	6.329000	1.252174	395.750000	327.250000
1	6.361000	1.257536	395.806244	327.681244
1	6.392000	1.231884	396.750000	327.750000
1	6.423000	1.252174	396.000000	328.000000
1	6.470000	1.252174	395.000000	328.000000
1	6.501000	1.274927	395.818756	326.818756
1	6.532000	1.246667	396.337494	327.524994
1	6.563000	1.262029	396.100006	327.512482
1	6.595000	1.263768	396.299988	327.487488
1	6.626000	1.286957	396.750000	328.250000
1	6.657000	1.253333	396.274994	329.587494
1	6.688000	1.247246	395.937500	328.687500
1	6.735000	1.229855	395.687500	329.362488
1	6.766000	1.251594	396.000000	328.000000
1	6.797000	1.263768	396.000000	326.000000
1	6.829000	1.275362	397.000000	327.000000
1	6.860000	1.229275	395.912506	326.337494
1	6.891000	1.241884	396.281250	325.718750
1	6.922000	1.206232	396.331268	326.956207
1	6.969000	1.232609	396.437500	327.125000
1	7.000000	1.226812	396.750000	327.937500
1	7.031000	1.216812	396.250000	328.125000
1	7.063000	1.237681	397.187500	327.375000
1	7.094000	1.263768	397.000000	327.000000
1	7.125000	1.217391	398.000000	327.000000
1	7.156000	1.220580	397.037506	326.962494
1	7.187000	1.220145	396.968750	328.781250
1	7.234000	1.220580	396.587494	328.962494
1	7.265000	1.237971	396.212494	328.787506
1	7.297000	1.251014	396.399994	328.975006
1	7.328000	1.226812	396.793762	328.006226
1	7.359000	1.238551	396.812500	327.812500
1	7.390000	1.252174	395.000000	327.000000
1	7.421000	1.252174	395.000000	327.000000
1	7.468000	1.206377	397.975006	328.725006
1	7.499000	1.248986	397.462494	328.462494
1	7.531000	1.241884	397.093750	328.656250
1	7.562000	1.262319	397.562500	328.862488
1	7.593000	1.257246	397.581238	328.418762
1	7.624000	1.243478	397.531250	328.031250
1	7.655000	1.228985	397.000000	327.000000
1	7.702000	1.252174	397.500000	327.500000
1	7.733000	1.268406	398.100006	327.225006
1	7.765000	1.251014	398.600006	327.587494
1	7.796000	1.252174	399.000000	327.000000
1	7.827000	1.238551	397.812500	327.812500
1	7.858000	1.252174	399.000000	327.000000
1	7.889000	1.264638	397.312500	328.250000
1	7.921000	1.216232	397.475006	327.149994
1	7.967000	1.211884	398.162506	327.287506
1	7.999000	1.202754	398.031250	328.281250
1	8.030000	1.247101	398.531250	326.706238
1	8.061000	1.239710	397.750000	327.562500
1	8.092000	1.182609	399.000000	327.000000
1	8.123000	1.265942	397.256226	327.643738
1	8.155000	1.252174	399.000000	327.000000
1	8.201000	1.253768	397.718750	325.718750
1	8.233000	1.181014	398.968750	326.593750
1	8.264000	1.261014	397.868744	325.506256
1	8.295000	1.233623	398.149994	325.574982
1	8.326000	1.237971	398.212494	325.787506
1	8.357000	1.235942	398.162506	325.537506
1	8.389000	1.278841	397.000000	325.937500
1	8.435000	1.240290	397.600006	325.587494
1	8.467000	1.257246	397.418762	324.418762
1	8.498000	1.229420	397.506256	323.731232
1	8.529000	1.275362	399.000000	323.000000
1	8.560000	1.229275	397.662506	323.662506
1	8.591000	1.249420	398.331238	323.643738
1	8.623000	1.228841	397.906250	324.331238
1	8.654000	1.220145	397.031250	324.968750
1	8.701000	1.229420	397.818756	325.181244
1	8.732000	1.238116	397.806244	324.806244
1	8.763000	1.222754	397.468781	323.993744
1	8.794000	1.222319	397.437500	323.762512
1	8.825000	1.194638	397.818756	323.431244
1	8.857000	1.264638	397.812500	323.562500
1	8.888000	1.211884	396.837494	324.337494
1	8.935000	1.177246	397.318756	323.106232
1	8.966000	1.225073	397.131256	324.256256
1	8.997000	1.255942	396.562500	323.437500
1	9.028000	1.246812	397.318756	322.881256
1	9.059000	1.252174	399.000000	323.000000
1	9.091000	1.238986	397.568756	321.568756
1	9.122000	1.248406	397.562500	321.437500
1	9.153000	1.272754	398.149994	320.962494
1	9.200000	1.257536	397.506256	321.106232
1	9.231000	1.265362	397.568756	321.131256
1	9.262000	1.299275	397.706238	321.331238
1	9.293000	1.281594	398.056244	319.756256
1	9.325000	1.281594	398.018738	319.231262
1	9.356000	1.285797	398.975006	318.975006
1	9.387000	1.296812	398.162506	318.600006
1	9.434000	1.281594	398.756256	318.943756
1	9.465000	1.275362	398.250000	318.750000
1	9.496000	1.251014	397.587494	318.649994
1	9.527000	1.288406	397.924988	319.062500
1	9.559000	1.281594	397.193756	318.756256
1	9.590000	1.278261	398.000000	318.000000
1	9.621000	1.225507	398.375000	318.375000
1	9.668000	1.244058	397.500000	317.875000
1	9.699000	1.273188	397.750000	317.812500
1	9.730000	1.252174	399.000000	319.000000
1	9.761000	1.272754	397.287506	318.837494
1	9.793000	1.257536	397.056244	319.181244
1	9.824000	1.281159	396.500000	320.000000
1	9.855000	1.275362	397.500000	318.500000
1	9.886000	1.281159	396.500000	318.500000
1	9.933000	1.291159	397.068756	317.931244
1	9.964000	1.263768	397.000000	317.000000
1	9.995000	1.263623	397.218750	317.281250
0	10.027000	1.078116	398.056305	314.743744
1	10.058000	1.252174	395.000000	319.000000
1	10.089000	1.288986	396.512482	317.899994
1	10.120000	1.273333	397.062500	317.312500
1	10.167000	1.285797	395.975006	316.024994
1	10.198000	1.275073	396.287506	315.162506
1	10.229000	1.295797	396.368744	316.668732
1	10.261000	1.272754	397.712494	315.712494
1	10.292000	1.248406	396.687500	316.437500
1	10.323000	1.238116	396.193756	316.806244
1	10.354000	1.205942	396.981262	317.281250
0	10.401000	1.020145	397.156250	312.343750
1	10.432000	1.237681	397.125000	315.237488
1	10.463000	1.216812	396.500000	314.500000
1	10.495000	1.166232	396.806244	314.193756
1	10.526000	1.202319	396.774994	313.399994
1	10.557000	1.192319	396.868744	314.493744
1	10.588000	1.184203	396.718750	315.281250
1	10.619000	1.172754	396.350006	315.350006
1	10.666000	1.155507	397.431213	315.368713
1	10.697000	1.202754	396.718750	313.968750
0	10.729000	1.008696	399.000000	310.000000
1	10.760000	1.178261	397.375000	313.875000
1	10.791000	1.181594	397.618744	314.006256
1	10.822000	1.153623	397.049988	315.424988
1	10.853000	1.192319	396.556244	315.881256
0	10.900000	1.137971	396.799988	314.400024
1	10.931000	1.205797	396.500000	317.500000
0	10.963000	1.104928	399.250000	314.875000
1	10.994000	1.182609	398.000000	315.000000
1	11.025000	1.208116	396.750000	315.250000
0	11.056000	1.081594	397.506256	311.443756
1	11.087000	1.225073	398.556244	314.418732
1	11.134000	1.252174	397.406250	314.968750
1	11.165000	1.257101	396.812500	315.687500
1	11.197000	1.239710	396.562500	315.437500
1	11.228000	1.238986	396.806244	315.431244
1	11.259000	1.259710	396.475006	315.137482
1	11.290000	1.272899	396.868744	315.256256
1	11.321000	1.294493	397.274994	314.337494
1	11.353000	1.285362	397.968750	314.968750
1	11.399000	1.252174	399.000000	315.000000
1	11.431000	1.288116	397.962494	316.475006
1	11.462000	1.307536	396.837494	316.787506
1	11.493000	1.329275	397.537506	317.462494
1	11.524000	1.290580	397.906250	316.106262
1	11.555000	1.253333	398.274994	315.975006
1	11.587000	1.285797	397.475006	315.975006
1	11.633000	1.316812	398.099976	315.387512
1	11.665000	1.310145	397.750000	316.250000
1	11.696000	1.296812	397.975006	316.850006
1	11.727000	1.257101	397.687500	317.812500
1	11.758000	1.286957	397.000000	318.000000
1	11.789000	1.311449	398.331238	318.668762
1	11.821000	1.288116	398.475006	316.475006
1	11.867000	1.305942	398.218750	316.781250
1	11.899000	1.268986	398.125000	316.375000
1	11.930000	1.294493	398.350006	316.149994
1	11.961000	1.300580	398.187500	317.062500
1	11.992000	1.310290	398.593658	317.156281
1	12.023000	1.326667	398.562500	318.487488
1	12.055000	1.286957	398.750000	318.250000
1	12.086000	1.323188	398.500000	317.000000
1	12.133000	1.300580	398.750000	316.937500
1	12.164000	1.286232	398.893738	317.293762
1	12.195000	1.292464	398.087494	317.087494
1	12.226000	1.314058	399.368744	317.368744
1	12.257000	1.344928	400.000000	318.000000
1	12.289000	1.321739	399.000000	319.000000
1	12.320000	1.324927	399.074982	318.462494
1	12.367000	1.315942	399.000000	318.500000
1	12.398000	1.285797	399.087494	316.975006
1	12.429000	1.344928	400.000000	318.000000
1	12.460000	1.278261	399.250000	317.750000
1	12.491000	1.285217	400.299988	317.762512
1	12.523000	1.298551	399.750000	317.750000
1	12.554000	1.309855	399.787506	318.287506
1	12.601000	1.252174	399.000000	319.000000
1	12.632000	1.252174	399.000000	319.000000
1	12.663000	1.287971	399.118744	318.056244
1	12.694000	1.324493	399.481262	317.468750
1	12.725000	1.283188	399.437500	317.812500
1	12.757000	1.291884	399.062500	317.687500
1	12.788000	1.274058	399.306244	318.181244
1	12.819000	1.328841	397.543762	317.468750
1	12.866000	1.324927	398.475006	317.524994
1	12.897000	1.297101	398.375000	318.750000
1	12.928000	1.320290	399.049988	316.612488
1	12.959000	1.291159	398.481232	317.068756
1	12.991000	1.295507	398.868744	316.993744
1	13.022000	1.287536	398.500000	317.125000
1	13.053000	1.292899	398.956268	317.056244
1	13.084000	1.295652	398.250000	317.750000
1	13.131000	1.304928	398.125000	318.125000
1	13.162000	1.295072	398.875000	317.125122
1	13.193000	1.295652	398.250000	316.750000
1	13.225000	1.307971	398.718750	316.331238
1	13.256000	1.327681	398.531250	317.468750
1	13.287000	1.252174	399.000000	319.000000
1	13.318000	1.333333	399.000000	318.000000
1	13.365000	1.322899	398.975006	317.475006
1	13.396000	1.329565	398.462494	318.537506
1	13.427000	1.252174	399.000000	319.000000
1	13.459000	1.312029	399.181244	317.181244
1	13.490000	1.314058	399.631256	316.881256
1	13.521000	1.288986	398.487518	317.100006
1	13.552000	1.321739	399.500000	316.500000
1	13.599000	1.308696	398.875000	317.125000
1	13.630000	1.339710	399.375000	317.312500
1	13.661000	1.344928	398.000000	318.000000
1	13.693000	1.333333	398.250000	317.750000
1	13.724000	1.312029	398.818756	317.318756
1	13.755000	1.344638	398.337494	316.662506
1	13.786000	1.320290	399.312500	316.049988
1	13.817000	1.321739	399.000000	315.000000
1	13.864000	1.304348	399.375000	316.125000
1	13.895000	1.338551	399.250000	315.625000
1	13.927000	1.344638	398.662506	316.287506
1	13.958000	1.344638	398.337494	316.337494
1	13.989000	1.309855	399.149994	316.837494
1	14.020000	1.277536	398.643738	315.393738
1	14.051000	1.326232	399.506256	315.568756
1	14.098000	1.309855	399.712494	314.587494
1	14.129000	1.327246	399.475006	315.462494
1	14.161000	1.338551	399.375000	315.625000
1	14.192000	1.311449	398.593750	316.093750
1	14.223000	1.329420	398.556274	316.443726
1	14.254000	1.370145	398.937500	316.937500
1	14.285000	1.327101	399.443756	315.681244
1	14.332000	1.321739	398.500000	316.500000
0	14.363000	1.183188	400.250000	312.000000
1	14.395000	1.342319	399.699982	315.337494
1	14.426000	1.326667	399.487488	315.562500
1	14.457000	1.288986	399.899994	316.100006
1	14.488000	1.283623	399.856232	317.006256
1	14.519000	1.327246	398.587494	316.412506
1	14.551000	1.298551	400.000000	316.000000
1	14.597000	1.313188	399.118744	315.756256
1	14.629000	1.326812	399.406250	315.481262
1	14.660000	1.370145	399.062500	315.937500
1	14.691000	1.288986	399.100006	314.962494
1	14.722000	1.331884	398.500000	315.625000
1	14.753000	1.299275	399.081238	316.656250
1	14.785000	1.333333	399.000000	316.000000
1	14.831000	1.209998	400.081726	316.380920
1	14.863000	1.326232	399.106232	315.493744
1	14.894000	1.303768	399.250000	315.237488
1	14.925000	1.302754	399.756226	315.068726
1	14.956000	1.252174	399.000000	315.000000
1	14.987000	1.310145	401.000000	315.000000
1	15.019000	1.286957	400.000000	316.000000
1	15.065000	1.334638	399.181244	316.506256
1	15.097000	1.302754	400.093750	316.781250
1	15.128000	1.302753	399.281219	316.231232
1	15.159000	1.304928	400.125000	315.799988
1	15.190000	1.290580	399.581238	315.331238
1	15.221000	1.304928	400.187500	314.875000
1	15.253000	1.307971	399.750000	315.125000
1	15.284000	1.292754	399.825012	314.987488
1	15.331000	1.281884	400.168762	315.981262
1	15.362000	1.302754	400.218750	315.843750
1	15.393000	1.252174	399.000000	315.000000
1	15.424000	1.310145	400.250000	316.250000
1	15.455000	1.281014	400.218750	315.956238
1	15.487000	1.294058	400.643738	315.156250
1	15.518000	1.283188	400.474976	315.937500
1	15.565000	1.312464	400.812500	315.562500
1	15.596000	1.253768	400.656250	315.593750
1	15.627000	1.252174	403.000000	315.000000
1	15.658000	1.277101	399.975006	315.899994
1	15.689000	1.239710	399.812500	316.237488
1	15.721000	1.239855	400.218689	315.418823
1	15.752000	1.249275	399.987488	315.049988
1	15.799000	1.268406	399.649994	314.175018
1	15.830000	1.281014	400.768677	314.031250
1	15.861000	1.270290	399.393738	313.781250
1	15.892000	1.270145	400.250000	314.875000
1	15.923000	1.290580	400.043762	314.906250
1	15.955000	1.252174	399.000000	315.000000
1	15.986000	1.286812	399.868744	314.993744
1	16.017000	1.275362	400.500000	313.500000
1	16.064000	1.313623	399.875000	313.625000
1	16.095000	1.321739	399.500000	313.500000
1	16.126000	1.330435	399.437500	314.437500
1	16.157000	1.344493	399.631256	314.681244
1	16.189000	1.342319	399.712494	314.300018
1	16.220000	1.309710	399.568756	313.431244
1	16.251000	1.309710	398.818756	313.818756
1	16.298000	1.252174	400.000000	312.000000
1	16.329000	1.333333	400.000000	312.000000
1	16.360000	1.370725	399.037506	312.087494
1	16.391000	1.304928	399.799988	311.875000
1	16.423000	1.322899	399.587494	312.475006
1	16.454000	1.328985	399.500000	312.487488
1	16.485000	1.354928	398.093750	312.518738
1	16.532000	1.344493	398.631256	312.681244
1	16.563000	1.367391	398.806244	311.006256
1	16.594000	1.328985	398.562500	311.487488
1	16.625000	1.344638	398.337494	310.662506
1	16.657000	1.344638	399.662506	310.274994
1	16.688000	1.344638	398.837494	310.337494
1	16.719000	1.321739	398.500000	310.500000
1	16.750000	1.356377	397.831207	311.256195
1	16.797000	1.345507	398.274994	310.337494
1	16.828000	1.383188	397.250000	309.875000
1	16.859000	1.368551	398.043732	309.956268
0	16.891000	0.973913	404.000000	310.000000
1	16.922000	1.344638	398.337494	309.337494
1	16.953000	1.344493	397.681244	309.818756
1	16.984000	1.344928	397.250000	310.750000
1	17.015000	1.368116	397.500000	311.500000
1	17.062000	1.351014	397.024994	311.100006
1	17.093000	1.378841	397.062500	310.137512
1	17.125000	1.344058	397.687500	309.812500
1	17.156000	1.344493	397.681244	309.318756
1	17.187000	1.345072	397.343750	309.718750
1	17.218000	1.362029	397.087494	309.912506
1	17.249000	1.329855	397.500000	311.112488
1	17.296000	1.344638	397.337494	311.287506
1	17.327000	1.344928	397.500000	311.500000
1	17.359000	1.321594	396.681244	311.568756
1	17.390000	1.290145	398.062714	310.912506
1	17.421000	1.329275	398.462494	311.074982
1	17.452000	1.315942	398.000000	311.000000
1	17.483000	1.314058	398.631256	311.381256
1	17.530000	1.269420	398.193756	311.243744
1	17.561000	1.321159	397.687500	312.000000
1	17.593000	1.302899	397.362488	312.774963
1	17.624000	1.325507	396.974976	312.437500
1	17.655000	1.309275	397.187500	311.812500
0	17.686000	1.140725	399.593750	308.406250
1	17.717000	1.302899	398.725006	310.725006
1	17.749000	1.242319	398.649994	311.462494
1	17.795000	1.187680	399.931213	308.480957
1	17.827000	1.286957	398.000000	311.000000
1	17.858000	1.310290	398.156250	310.843750
1	17.889000	1.304348	398.500000	311.500000
1	17.920000	1.285217	398.737488	312.000000
1	17.951000	1.302754	398.218750	311.218750
1	17.983000	1.320290	398.887512	311.312500
<\RIGHT-PUPIL-DATA>
<LEFT-PUPIL-DATA>
543	0
0	-0.067000	13.913043	240.000000	320.000000
0	-0.035000	13.913043	240.000000	320.000000
0	0.011000	13.913043	240.000000	320.000000
0	0.043000	13.913043	240.000000	320.000000
0	0.074000	13.913043	240.000000	320.000000
0	0.105000	13.913043	240.000000	320.000000
0	0.136000	13.913043	240.000000	320.000000
0	0.167000	13.913043	240.000000	320.000000
0	0.199000	13.913043	240.000000	320.000000
0	0.230000	13.913043	240.000000	320.000000
0	0.277000	13.913043	240.000000	320.000000
0	0.308000	13.913043	240.000000	320.000000
0	0.339000	13.913043	240.000000	320.000000
0	0.370000	13.913043	240.000000	320.000000
0	0.401000	13.913043	240.000000	320.000000
0	0.433000	13.913043	240.000000	320.000000
0	0.464000	13.913043	240.000000	320.000000
0	0.511000	13.913043	240.000000	320.000000
0	0.542000	13.913043	240.000000	320.000000
0	0.573000	13.913043	240.000000	320.000000
0	0.604000	13.913043	240.000000	320.000000
0	0.635000	13.913043	240.000000	320.000000
0	0.667000	13.913043	240.000000	320.000000
0	0.698000	13.913043	240.000000	320.000000
0	0.745000	13.913043	240.000000	320.000000
0	0.776000	13.913043	240.000000	320.000000
0	0.807000	13.913043	240.000000	320.000000
0	0.838000	13.913043	240.000000	320.000000
0	0.869000	13.913043	240.000000	320.000000
0	0.901000	13.913043	240.000000	320.000000
0	0.932000	13.913043	240.000000	320.000000
0	0.963000	13.913043	240.000000	320.000000
0	1.010000	13.913043	240.000000	320.000000
0	1.041000	13.913043	240.000000	320.000000
0	1.072000	13.913043	240.000000	320.000000
0	1.103000	13.913043	240.000000	320.000000
0	1.135000	13.913043	240.000000	320.000000
0	1.166000	13.913043	240.000000	320.000000
0	1.197000	13.913043	240.000000	320.000000
0	1.244000	13.913043	240.000000	320.000000
0	1.275000	13.913043	240.000000	320.000000
0	1.306000	13.913043	240.000000	320.000000
0	1.337000	13.913043	240.000000	320.000000
0	1.369000	13.913043	240.000000	320.000000
0	1.400000	13.913043	240.000000	320.000000
0	1.431000	13.913043	240.000000	320.000000
0	1.478000	13.913043	240.000000	320.000000
0	1.509000	13.913043	240.000000	320.000000
0	1.540000	13.913043	240.000000	320.000000
0	1.571000	13.913043	240.000000	320.000000
0	1.603000	13.913043	240.000000	320.000000
0	1.634000	13.913043	240.000000	320.000000
0	1.665000	13.913043	240.000000	320.000000
0	1.696000	13.913043	240.000000	320.000000
0	1.743000	13.913043	240.000000	320.000000
0	1.774000	13.913043	240.000000	320.000000
0	1.805000	13.913043	240.000000	320.000000
0	1.837000	13.913043	240.000000	320.000000
0	1.868000	13.913043	240.000000	320.000000
0	1.899000	13.913043	240.000000	320.000000
0	1.930000	13.913043	240.000000	320.000000
0	1.977000	13.913043	240.000000	320.000000
0	2.008000	13.913043	240.000000	320.000000
0	2.039000	13.913043	240.000000	320.000000
0	2.071000	13.913043	240.000000	320.000000
0	2.102000	13.913043	240.000000	320.000000
0	2.133000	13.913043	240.000000	320.000000
0	2.164000	13.913043	240.000000	320.000000
0	2.211000	13.913043	240.000000	320.000000
0	2.242000	13.913043	240.000000	320.000000
0	2.273000	13.913043	240.000000	320.000000
0	2.305000	13.913043	240.000000	320.000000
0	2.336000	13.913043	240.000000	320.000000
0	2.367000	13.913043	240.000000	320.000000
0	2.398000	13.913043	240.000000	320.000000
0	2.429000	13.913043	240.000000	320.000000
0	2.476000	13.913043	240.000000	320.000000
0	2.507000	13.913043	240.000000	320.000000
0	2.539000	13.913043	240.000000	320.000000
0	2.570000	13.913043	240.000000	320.000000
0	2.601000	13.913043	240.000000	320.000000
0	2.632000	13.913043	240.000000	320.000000
0	2.663000	13.913043	240.000000	320.000000
0	2.695000	13.913043	240.000000	320.000000
0	2.741000	13.913043	240.000000	320.000000
0	2.773000	13.913043	240.000000	320.000000
0	2.804000	13.913043	240.000000	320.000000
0	2.835000	13.913043	240.000000	320.000000
0	2.866000	13.913043	240.000000	320.000000
0	2.897000	13.913043	240.000000	320.000000
0	2.929000	13.913043	240.000000	320.000000
0	2.975000	13.913043	240.000000	320.000000
0	3.007000	13.913043	240.000000	320.000000
0	3.038000	13.913043	240.000000	320.000000
0	3.069000	13.913043	240.000000	320.000000
0	3.100000	13.913043	240.000000	320.000000
0	3.131000	13.913043	240.000000	320.000000
0	3.163000	13.913043	240.000000	320.000000
0	3.209000	13.913043	240.000000	320.000000
0	3.241000	13.913043	240.000000	320.000000
0	3.272000	13.913043	240.000000	320.000000
0	3.303000	13.913043	240.000000	320.000000
0	3.334000	13.913043	240.000000	320.000000
0	3.365000	13.913043	240.000000	320.000000
0	3.397000	13.913043	240.000000	320.000000
0	3.428000	13.913043	240.000000	320.000000
0	3.475000	13.913043	240.000000	320.000000
0	3.506000	13.913043	240.000000	320.000000
0	3.537000	13.913043	240.000000	320.000000
0	3.568000	13.913043	240.000000	320.000000
0	3.599000	13.913043	240.000000	320.000000
0	3.631000	13.913043	240.000000	320.000000
0	3.662000	13.913043	240.000000	320.000000
0	3.709000	13.913043	240.000000	320.000000
0	3.740000	13.913043	240.000000	320.000000
0	3.771000	13.913043	240.000000	320.000000
0	3.802000	13.913043	240.000000	320.000000
0	3.833000	13.913043	240.000000	320.000000
0	3.865000	13.913043	240.000000	320.000000
0	3.896000	13.913043	240.000000	320.000000
0	3.943000	13.913043	240.000000	320.000000
0	3.974000	13.913043	240.000000	320.000000
0	4.005000	13.913043	240.000000	320.000000
0	4.036000	13.913043	240.000000	320.000000
0	4.067000	13.913043	240.000000	320.000000
0	4.099000	13.913043	240.000000	320.000000
0	4.130000	13.913043	240.000000	320.000000
0	4.161000	13.913043	240.000000	320.000000
0	4.208000	13.913043	240.000000	320.000000
0	4.239000	13.913043	240.000000	320.000000
0	4.270000	13.913043	240.000000	320.000000
0	4.301000	13.913043	240.000000	320.000000
0	4.333000	13.913043	240.000000	320.000000
0	4.364000	13.913043	240.000000	320.000000
0	4.395000	13.913043	240.000000	320.000000
0	4.442000	13.913043	240.000000	320.000000
0	4.473000	13.913043	240.000000	320.000000
0	4.504000	13.913043	240.000000	320.000000
0	4.535000	13.913043	240.000000	320.000000
0	4.567000	13.913043	240.000000	320.000000
0	4.598000	13.913043	240.000000	320.000000
0	4.629000	13.913043	240.000000	320.000000
0	4.676000	13.913043	240.000000	320.000000
0	4.707000	13.913043	240.000000	320.000000
0	4.738000	13.913043	240.000000	320.000000
0	4.769000	13.913043	240.000000	320.000000
0	4.801000	13.913043	240.000000	320.000000
0	4.832000	13.913043	240.000000	320.000000
0	4.863000	13.913043	240.000000	320.000000
0	4.894000	13.913043	240.000000	320.000000
0	4.941000	13.913043	240.000000	320.000000
0	4.972000	13.913043	240.000000	320.000000
0	5.003000	13.913043	240.000000	320.000000
0	5.035000	13.913043	240.000000	320.000000
0	5.066000	13.913043	240.000000	320.000000
0	5.097000	13.913043	240.000000	320.000000
0	5.128000	13.913043	240.000000	320.000000
0	5.175000	13.913043	240.000000	320.000000
0	5.206000	13.913043	240.000000	320.000000
0	5.237000	13.913043	240.000000	320.000000
0	5.269000	13.913043	240.000000	320.000000
0	5.300000	13.913043	240.000000	320.000000
0	5.331000	13.913043	240.000000	320.000000
0	5.362000	13.913043	240.000000	320.000000
0	5.409000	13.913043	240.000000	320.000000
0	5.440000	13.913043	240.000000	320.000000
0	5.471000	13.913043	240.000000	320.000000
0	5.503000	13.913043	240.000000	320.000000
0	5.534000	13.913043	240.000000	320.000000
0	5.565000	13.913043	240.000000	320.000000
0	5.596000	13.913043	240.000000	320.000000
0	5.627000	13.913043	240.000000	320.000000
0	5.674000	13.913043	240.000000	320.000000
0	5.705000	13.913043	240.000000	320.000000
0	5.737000	13.913043	240.000000	320.000000
0	5.768000	13.913043	240.000000	320.000000
0	5.799000	13.913043	240.000000	320.000000
0	5.830000	13.913043	240.000000	320.000000
0	5.861000	13.913043	240.000000	320.000000
0	5.908000	13.913043	240.000000	320.000000
0	5.939000	13.913043	240.000000	320.000000
0	5.971000	13.913043	240.000000	320.000000
0	6.002000	13.913043	240.000000	320.000000
0	6.033000	13.913043	240.000000	320.000000
0	6.064000	13.913043	240.000000	320.000000
0	6.095000	13.913043	240.000000	320.000000
0	6.142000	13.913043	240.000000	320.000000
0	6.173000	13.913043	240.000000	320.000000
0	6.205000	13.913043	240.000000	320.000000
0	6.236000	13.913043	240.000000	320.000000
0	6.267000	13.913043	240.000000	320.000000
0	6.298000	13.913043	240.000000	320.000000
0	6.329000	13.913043	240.000000	320.000000
0	6.361000	13.913043	240.000000	320.000000
0	6.407000	13.913043	240.000000	320.000000
0	6.439000	13.913043	240.000000	320.000000
0	6.470000	13.913043	240.000000	320.000000
0	6.501000	13.913043	240.000000	320.000000
0	6.532000	13.913043	240.000000	320.000000
0	6.563000	13.913043	240.000000	320.000000
0	6.595000	13.913043	240.000000	320.000000
0	6.626000	13.913043	240.000000	320.000000
0	6.673000	13.913043	240.000000	320.000000
0	6.704000	13.913043	240.000000	320.000000
0	6.735000	13.913043	240.000000	320.000000
0	6.766000	13.913043	240.000000	320.000000
0	6.797000	13.913043	240.000000	320.000000
0	6.829000	13.913043	240.000000	320.000000
0	6.860000	13.913043	240.000000	320.000000
0	6.907000	13.913043	240.000000	320.000000
0	6.938000	13.913043	240.000000	320.000000
0	6.969000	13.913043	240.000000	320.000000
0	7.000000	13.913043	240.000000	320.000000
0	7.031000	13.913043	240.000000	320.000000
0	7.063000	13.913043	240.000000	320.000000
0	7.094000	13.913043	240.000000	320.000000
0	7.141000	13.913043	240.000000	320.000000
0	7.172000	13.913043	240.000000	320.000000
0	7.203000	13.913043	240.000000	320.000000
0	7.234000	13.913043	240.000000	320.000000
0	7.265000	13.913043	240.000000	320.000000
0	7.297000	13.913043	240.000000	320.000000
0	7.328000	13.913043	240.000000	320.000000
0	7.359000	13.913043	240.000000	320.000000
0	7.406000	13.913043	240.000000	320.000000
0	7.437000	13.913043	240.000000	320.000000
0	7.468000	13.913043	240.000000	320.000000
0	7.499000	13.913043	240.000000	320.000000
0	7.531000	13.913043	240.000000	320.000000
0	7.562000	13.913043	240.000000	320.000000
0	7.593000	13.913043	240.000000	320.000000
0	7.640000	13.913043	240.000000	320.000000
0	7.671000	13.913043	240.000000	320.000000
0	7.702000	13.913043	240.000000	320.000000
0	7.733000	13.913043	240.000000	320.000000
0	7.765000	13.913043	240.000000	320.000000
0	7.796000	13.913043	240.000000	320.000000
0	7.827000	13.913043	240.000000	320.000000
0	7.874000	13.913043	240.000000	320.000000
0	7.905000	13.913043	240.000000	320.000000
0	7.936000	13.913043	240.000000	320.000000
0	7.967000	13.913043	240.000000	320.000000
0	7.999000	13.913043	240.000000	320.000000
0	8.030000	13.913043	240.000000	320.000000
0	8.061000	13.913043	240.000000	320.000000
0	8.092000	13.913043	240.000000	320.000000
0	8.139000	13.913043	240.000000	320.000000
0	8.170000	13.913043	240.000000	320.000000
0	8.201000	13.913043	240.000000	320.000000
0	8.233000	13.913043	240.000000	320.000000
0	8.264000	13.913043	240.000000	320.000000
0	8.295000	13.913043	240.000000	320.000000
0	8.326000	13.913043	240.000000	320.000000
0	8.373000	13.913043	240.000000	320.000000
0	8.404000	13.913043	240.000000	320.000000
0	8.435000	13.913043	240.000000	320.000000
0	8.467000	13.913043	240.000000	320.000000
0	8.498000	13.913043	240.000000	320.000000
0	8.529000	13.913043	240.000000	320.000000
0	8.560000	13.913043	240.000000	320.000000
0	8.607000	13.913043	240.000000	320.000000
0	8.638000	13.913043	240.000000	320.000000
0	8.669000	13.913043	240.000000	320.000000
0	8.701000	13.913043	240.000000	320.000000
0	8.732000	13.913043	240.000000	320.000000
0	8.763000	13.913043	240.000000	320.000000
0	8.794000	13.913043	240.000000	320.000000
0	8.825000	13.913043	240.000000	320.000000
0	8.872000	13.913043	240.000000	320.000000
0	8.903000	13.913043	240.000000	320.000000
0	8.935000	13.913043	240.000000	320.000000
0	8.966000	13.913043	240.000000	320.000000
0	8.997000	13.913043	240.000000	320.000000
0	9.028000	13.913043	240.000000	320.000000
0	9.059000	13.913043	240.000000	320.000000
0	9.106000	13.913043	240.000000	320.000000
0	9.137000	13.913043	240.000000	320.000000
0	9.169000	13.913043	240.000000	320.000000
0	9.200000	13.913043	240.000000	320.000000
0	9.231000	13.913043	240.000000	320.000000
0	9.262000	13.913043	240.000000	320.000000
0	9.293000	13.913043	240.000000	320.000000
0	9.340000	13.913043	240.000000	320.000000
0	9.371000	13.913043	240.000000	320.000000
0	9.403000	13.913043	240.000000	320.000000
0	9.434000	13.913043	240.000000	320.000000
0	9.465000	13.913043	240.000000	320.000000
0	9.496000	13.913043	240.000000	320.000000
0	9.527000	13.913043	240.000000	320.000000
0	9.559000	13.913043	240.000000	320.000000
0	9.605000	13.913043	240.000000	320.000000
0	9.637000	13.913043	240.000000	320.000000
0	9.668000	13.913043	240.000000	320.000000
0	9.699000	13.913043	240.000000	320.000000
0	9.730000	13.913043	240.000000	320.000000
0	9.761000	13.913043	240.000000	320.000000
0	9.793000	13.913043	240.000000	320.000000
0	9.839000	13.913043	240.000000	320.000000
0	9.871000	13.913043	240.000000	320.000000
0	9.902000	13.913043	240.000000	320.000000
0	9.933000	13.913043	240.000000	320.000000
0	9.964000	13.913043	240.000000	320.000000
0	9.995000	13.913043	240.000000	320.000000
0	10.027000	13.913043	240.000000	320.000000
0	10.073000	13.913043	240.000000	320.000000
0	10.105000	13.913043	240.000000	320.000000
0	10.136000	13.913043	240.000000	320.000000
0	10.167000	13.913043	240.000000	320.000000
0	10.198000	13.913043	240.000000	320.000000
0	10.229000	13.913043	240.000000	320.000000
0	10.261000	13.913043	240.000000	320.000000
0	10.292000	13.913043	240.000000	320.000000
0	10.339000	13.913043	240.000000	320.000000
0	10.370000	13.913043	240.000000	320.000000
0	10.401000	13.913043	240.000000	320.000000
0	10.432000	13.913043	240.000000	320.000000
0	10.463000	13.913043	240.000000	320.000000
0	10.495000	13.913043	240.000000	320.000000
0	10.526000	13.913043	240.000000	320.000000
0	10.573000	13.913043	240.000000	320.000000
0	10.604000	13.913043	240.000000	320.000000
0	10.635000	13.913043	240.000000	320.000000
0	10.666000	13.913043	240.000000	320.000000
0	10.697000	13.913043	240.000000	320.000000
0	10.729000	13.913043	240.000000	320.000000
0	10.760000	13.913043	240.000000	320.000000
0	10.791000	13.913043	240.000000	320.000000
0	10.838000	13.913043	240.000000	320.000000
0	10.869000	13.913043	240.000000	320.000000
0	10.900000	13.913043	240.000000	320.000000
0	10.931000	13.913043	240.000000	320.000000
0	10.963000	13.913043	240.000000	320.000000
0	10.994000	13.913043	240.000000	320.000000
0	11.025000	13.913043	240.000000	320.000000
0	11.072000	13.913043	240.000000	320.000000
0	11.103000	13.913043	240.000000	320.000000
0	11.134000	13.913043	240.000000	320.000000
0	11.165000	13.913043	240.000000	320.000000
0	11.197000	13.913043	240.000000	320.000000
0	11.228000	13.913043	240.000000	320.000000
0	11.259000	13.913043	240.000000	320.000000
0	11.290000	13.913043	240.000000	320.000000
0	11.337000	13.913043	240.000000	320.000000
0	11.368000	13.913043	240.000000	320.000000
0	11.399000	13.913043	240.000000	320.000000
0	11.431000	13.913043	240.000000	320.000000
0	11.462000	13.913043	240.000000	320.000000
0	11.493000	13.913043	240.000000	320.000000
0	11.524000	13.913043	240.000000	320.000000
0	11.571000	13.913043	240.000000	320.000000
0	11.602000	13.913043	240.000000	320.000000
0	11.633000	13.913043	240.000000	320.000000
0	11.665000	13.913043	240.000000	320.000000
0	11.696000	13.913043	240.000000	320.000000
0	11.727000	13.913043	240.000000	320.000000
0	11.758000	13.913043	240.000000	320.000000
0	11.805000	13.913043	240.000000	320.000000
0	11.836000	13.913043	240.000000	320.000000
0	11.867000	13.913043	240.000000	320.000000
0	11.899000	13.913043	240.000000	320.000000
0	11.930000	13.913043	240.000000	320.000000
0	11.961000	13.913043	240.000000	320.000000
0	11.992000	13.913043	240.000000	320.000000
0	12.023000	13.913043	240.000000	320.000000
0	12.070000	13.913043	240.000000	320.000000
0	12.101000	13.913043	240.000000	320.000000
0	12.133000	13.913043	240.000000	320.000000
0	12.164000	13.913043	240.000000	320.000000
0	12.195000	13.913043	240.000000	320.000000
0	12.226000	13.913043	240.000000	320.000000
0	12.257000	13.913043	240.000000	320.000000
0	12.304000	13.913043	240.000000	320.000000
0	12.335000	13.913043	240.000000	320.000000
0	12.367000	13.913043	240.000000	320.000000
0	12.398000	13.913043	240.000000	320.000000
0	12.429000	13.913043	240.000000	320.000000
0	12.460000	13.913043	240.000000	320.000000
0	12.491000	13.913043	240.000000	320.000000
0	12.538000	13.913043	240.000000	320.000000
0	12.569000	13.913043	240.000000	320.000000
0	12.601000	13.913043	240.000000	320.000000
0	12.632000	13.913043	240.000000	320.000000
0	12.663000	13.913043	240.000000	320.000000
0	12.694000	13.913043	240.000000	320.000000
0	12.725000	13.913043	240.000000	320.000000
0	12.757000	13.913043	240.000000	320.000000
0	12.803000	13.913043	240.000000	320.000000
0	12.835000	13.913043	240.000000	320.000000
0	12.866000	13.913043	240.000000	320.000000
0	12.897000	13.913043	240.000000	320.000000
0	12.928000	13.913043	240.000000	320.000000
0	12.959000	13.913043	240.000000	320.000000
0	12.991000	13.913043	240.000000	320.000000
0	13.037000	13.913043	240.000000	320.000000
0	13.069000	13.913043	240.000000	320.000000
0	13.100000	13.913043	240.000000	320.000000
0	13.131000	13.913043	240.000000	320.000000
0	13.162000	13.913043	240.000000	320.000000
0	13.193000	13.913043	240.000000	320.000000
0	13.225000	13.913043	240.000000	320.000000
0	13.271000	13.913043	240.000000	320.000000
0	13.303000	13.913043	240.000000	320.000000
0	13.334000	13.913043	240.000000	320.000000
0	13.365000	13.913043	240.000000	320.000000
0	13.396000	13.913043	240.000000	320.000000
0	13.427000	13.913043	240.000000	320.000000
0	13.459000	13.913043	240.000000	320.000000
0	13.490000	13.913043	240.000000	320.000000
0	13.537000	13.913043	240.000000	320.000000
0	13.568000	13.913043	240.000000	320.000000
0	13.599000	13.913043	240.000000	320.000000
0	13.630000	13.913043	240.000000	320.000000
0	13.661000	13.913043	240.000000	320.000000
0	13.693000	13.913043	240.000000	320.000000
0	13.724000	13.913043	240.000000	320.000000
0	13.771000	13.913043	240.000000	320.000000
0	13.802000	13.913043	240.000000	320.000000
0	13.833000	13.913043	240.000000	320.000000
0	13.864000	13.913043	240.000000	320.000000
0	13.895000	13.913043	240.000000	320.000000
0	13.927000	13.913043	240.000000	320.000000
0	13.958000	13.913043	240.000000	320.000000
0	14.005000	13.913043	240.000000	320.000000
0	14.036000	13.913043	240.000000	320.000000
0	14.067000	13.913043	240.000000	320.000000
0	14.098000	13.913043	240.000000	320.000000
0	14.129000	13.913043	240.000000	320.000000
0	14.161000	13.913043	240.000000	320.000000
0	14.192000	13.913043	240.000000	320.000000
0	14.223000	13.913043	240.000000	320.000000
0	14.270000	13.913043	240.000000	320.000000
0	14.301000	13.913043	240.000000	320.000000
0	14.332000	13.913043	240.000000	320.000000
0	14.363000	13.913043	240.000000	320.000000
0	14.395000	13.913043	240.000000	320.000000
0	14.426000	13.913043	240.000000	320.000000
0	14.457000	13.913043	240.000000	320.000000
0	14.504000	13.913043	240.000000	320.000000
0	14.535000	13.913043	240.000000	320.000000
0	14.566000	13.913043	240.000000	320.000000
0	14.597000	13.913043	240.000000	320.000000
0	14.629000	13.913043	240.000000	320.000000
0	14.660000	13.913043	240.000000	320.000000
0	14.691000	13.913043	240.000000	320.000000
0	14.722000	13.913043	240.000000	320.000000
0	14.769000	13.913043	240.000000	320.000000
0	14.800000	13.913043	240.000000	320.000000
0	14.831000	13.913043	240.000000	320.000000
0	14.863000	13.913043	240.000000	320.000000
0	14.894000	13.913043	240.000000	320.000000
0	14.925000	13.913043	240.000000	320.000000
0	14.956000	13.913043	240.000000	320.000000
0	15.003000	13.913043	240.000000	320.000000
0	15.034000	13.913043	240.000000	320.000000
0	15.065000	13.913043	240.000000	320.000000
0	15.097000	13.913043	240.000000	320.000000
0	15.128000	13.913043	240.000000	320.000000
0	15.159000	13.913043	240.000000	320.000000
0	15.190000	13.913043	240.000000	320.000000
0	15.237000	13.913043	240.000000	320.000000
0	15.268000	13.913043	240.000000	320.000000
0	15.299000	13.913043	240.000000	320.000000
0	15.331000	13.913043	240.000000	320.000000
0	15.362000	13.913043	240.000000	320.000000
0	15.393000	13.913043	240.000000	320.000000
0	15.424000	13.913043	240.000000	320.000000
0	15.455000	13.913043	240.000000	320.000000
0	15.502000	13.913043	240.000000	320.000000
0	15.533000	13.913043	240.000000	320.000000
0	15.565000	13.913043	240.000000	320.000000
0	15.596000	13.913043	240.000000	320.000000
0	15.627000	13.913043	240.000000	320.000000
0	15.658000	13.913043	240.000000	320.000000
0	15.689000	13.913043	240.000000	320.000000
0	15.736000	13.913043	240.000000	320.000000
0	15.767000	13.913043	240.000000	320.000000
0	15.799000	13.913043	240.000000	320.000000
0	15.830000	13.913043	240.000000	320.000000
0	15.861000	13.913043	240.000000	320.000000
0	15.892000	13.913043	240.000000	320.000000
0	15.923000	13.913043	240.000000	320.000000
0	15.970000	13.913043	240.000000	320.000000
0	16.001000	13.913043	240.000000	320.000000
0	16.033000	13.913043	240.000000	320.000000
0	16.064000	13.913043	240.000000	320.000000
0	16.095000	13.913043	240.000000	320.000000
0	16.126000	13.913043	240.000000	320.000000
0	16.157000	13.913043	240.000000	320.000000
0	16.189000	13.913043	240.000000	320.000000
0	16.235000	13.913043	240.000000	320.000000
0	16.267000	13.913043	240.000000	320.000000
0	16.298000	13.913043	240.000000	320.000000
0	16.329000	13.913043	240.000000	320.000000
0	16.360000	13.913043	240.000000	320.000000
0	16.391000	13.913043	240.000000	320.000000
0	16.423000	13.913043	240.000000	320.000000
0	16.469000	13.913043	240.000000	320.000000
0	16.501000	13.913043	240.000000	320.000000
0	16.532000	13.913043	240.000000	320.000000
0	16.563000	13.913043	240.000000	320.000000
0	16.594000	13.913043	240.000000	320.000000
0	16.625000	13.913043	240.000000	320.000000
0	16.657000	13.913043	240.000000	320.000000
0	16.703000	13.913043	240.000000	320.000000
0	16.735000	13.913043	240.000000	320.000000
0	16.766000	13.913043	240.000000	320.000000
0	16.797000	13.913043	240.000000	320.000000
0	16.828000	13.913043	240.000000	320.000000
0	16.859000	13.913043	240.000000	320.000000
0	16.891000	13.913043	240.000000	320.000000
0	16.922000	13.913043	240.000000	320.000000
0	16.969000	13.913043	240.000000	320.000000
0	17.000000	13.913043	240.000000	320.000000
0	17.031000	13.913043	240.000000	320.000000
0	17.062000	13.913043	240.000000	320.000000
0	17.093000	13.913043	240.000000	320.000000
0	17.125000	13.913043	240.000000	320.000000
0	17.156000	13.913043	240.000000	320.000000
0	17.203000	13.913043	240.000000	320.000000
0	17.234000	13.913043	240.000000	320.000000
0	17.265000	13.913043	240.000000	320.000000
0	17.296000	13.913043	240.000000	320.000000
0	17.327000	13.913043	240.000000	320.000000
0	17.359000	13.913043	240.000000	320.000000
0	17.390000	13.913043	240.000000	320.000000
0	17.421000	13.913043	240.000000	320.000000
0	17.468000	13.913043	240.000000	320.000000
0	17.499000	13.913043	240.000000	320.000000
0	17.530000	13.913043	240.000000	320.000000
0	17.561000	13.913043	240.000000	320.000000
0	17.593000	13.913043	240.000000	320.000000
0	17.624000	13.913043	240.000000	320.000000
0	17.655000	13.913043	240.000000	320.000000
0	17.702000	13.913043	240.000000	320.000000
0	17.733000	13.913043	240.000000	320.000000
0	17.764000	13.913043	240.000000	320.000000
0	17.795000	13.913043	240.000000	320.000000
0	17.827000	13.913043	240.000000	320.000000
0	17.858000	13.913043	240.000000	320.000000
0	17.889000	13.913043	240.000000	320.000000
0	17.936000	13.913043	240.000000	320.000000
0	17.967000	13.913043	240.000000	320.000000
0	17.998000	13.913043	240.000000	320.000000
<\LEFT-PUPIL-DATA>
<RIGHT-PUPIL-ANALYSIS>
1
0	0	18	542	0	0	0.509000	17.518999	0.510000	99.710426	0.000000	0.000000	0.000000	0	1	1	1	1	0	0	0	0.000000	0.000000	0.000000	0.000000	0.000000	0.000000	0.000000	-1.000000	0.000000	1	1.513739	0.985542	1.799955	0.762852	0.282000	-0.476712	-1.717715	-1.000000	0.085912	1	1.513739	0.985542	1.799955	0.762852	0.282000	-0.556904	-1.717713	-1.000000	0.085912
<\RIGHT-PUPIL-ANALYSIS>
<LEFT-PUPIL-ANALYSIS>
1
0	0	17	542	0	0	0.509000	17.518999	0.510000	99.710426	0.000000	0.000000	0.000000	0	1	1	1	1	0	0	0	0.000000	0.000000	0.000000	0.000000	0.000000	0.000000	0.000000	-1.000000	0.000000	0	-0.034783	-0.034783	0.000950	0.000950	0.002000	0.000000	0.000000	-1.000000	0.000000	1	-0.034783	-0.034783	0.000950	0.000950	0.002000	-1000000.000000	-1000000.000000	-1.000000	0.000000
<\LEFT-PUPIL-ANALYSIS>
%%%%%%%%%
%%%%%%%%%
%%%%%%%%%
%%%	Measurement Tiime is: 2017-09-05 10:38:21
%%%	Subject ID is: c57-1mois-M3-2r
%%%	Note: 
%%%	RSS: Default Human Relative Spectral Sensitivity
%%%	Pupil Analysis:
%%%
%%%
%%%
%%%	Pulse Index:	0
%%%	Stimulus Session Index:	0
%%%	Right Pupil Stimulated
%%%	Light Metric is Photopic
%%%	Stimulus Start Time(sec):	0.51
%%%	Stimulus Duration(sec):	17.52
%%%	Stimulus Pulse Duration(sec):	0.51
%%%	Right Pulse:	99.71	(Red  )	-	0.00	(Red  )	[Lux ]
%%%	Left Pulse:	0.00	(Red  )	-	0.00	(Red  )	[Lux ]
%%%
%%%		RIGHT	LEFT	R.Pupil Mean	L.Pupil Mean	R.Stim Mean	R.Stim Mean
%%%	INPUT:	RAW DATA	RAW DATA
%%%	STATE:	ABNORMAL	ABNORMAL	ABNORMAL	ABNORMAL	ABNORMAL	ABNORMAL
%%%	MAX(mm):	0.00	0.00	0.00	0.00	0.00	0.00
%%%	MIN(mm):	0.00	0.00	0.00	0.00	0.00	0.00
%%%	DELTA(mm):						
%%%	CH(%):						
%%%	LAT(sec):	0.00	0.00	0.00	0.00	0.00	0.00
%%%	CV(mm/s):	0.00	0.00	0.00	0.00	0.00	0.00
%%%	MCV(mm/s):	0.00	0.00	0.00	0.00	0.00	0.00
%%%	DV(mm/s):	0.00	0.00	0.00	0.00	0.00	0.00
%%%%%%%%%
%%%%%%%%%
%%%%%%%%%
%%%	Right Pupil Profile (1st row -> 1 == valid tracking, 0 == invalid tracking; 2nd row -> time; 3rd row -> diameter (mm))
%%%	1	1	1	1	1	1	1	1	1	1	1	1	1	1	1	1	1	1	1	1	1	1	1	1	1	1	1	1	1	1	1	1	1	1	0	0	0	1	1	1	0	0	0	0	1	0	1	0	0	0	0	0	1	1	1	0	0	0	0	1	0	0	1	0	0	1	1	1	1	1	1	1	1	1	1	0	0	1	1	0	1	1	1	1	0	1	0	1	1	1	1	0	1	1	1	0	1	1	1	0	0	1	1	0	1	1	0	0	0	0	1	0	1	1	1	1	1	1	1	1	1	1	1	0	1	1	1	1	0	1	1	0	1	1	1	1	1	1	0	1	1	0	1	1	1	1	1	1	1	1	1	1	1	1	1	0	1	1	1	1	1	1	1	1	1	1	1	0	1	1	1	1	1	1	1	1	1	1	1	1	1	1	1	1	1	1	1	1	1	1	1	1	1	1	1	1	1	1	1	1	1	1	1	1	1	1	1	1	1	1	1	1	1	1	1	1	1	1	1	1	1	1	1	1	1	1	1	1	1	1	1	1	1	1	1	1	1	1	1	1	1	1	1	1	1	1	1	1	1	1	1	1	1	1	1	1	1	1	1	1	1	1	1	1	1	1	1	1	1	1	1	1	1	1	1	1	1	1	1	1	1	1	1	1	1	1	1	1	1	1	1	1	1	1	1	1	1	1	1	1	1	1	1	0	1	1	1	1	1	1	1	1	1	1	0	1	1	1	1	1	1	1	1	1	0	1	1	1	1	0	1	0	1	1	0	1	1	1	1	1	1	1	1	1	1	1	1	1	1	1	1	1	1	1	1	1	1	1	1	1	1	1	1	1	1	1	1	1	1	1	1	1	1	1	1	1	1	1	1	1	1	1	1	1	1	1	1	1	1	1	1	1	1	1	1	1	1	1	1	1	1	1	1	1	1	1	1	1	1	1	1	1	1	1	1	1	1	1	1	1	1	1	1	1	1	1	1	1	1	1	1	1	1	0	1	1	1	1	1	1	1	1	1	1	1	1	1	1	1	1	1	1	1	1	1	1	1	1	1	1	1	1	1	1	1	1	1	1	1	1	1	1	1	1	1	1	1	1	1	1	1	1	1	1	1	1	1	1	1	1	1	1	1	1	1	1	1	1	1	1	1	1	1	1	1	1	1	1	1	0	1	1	1	1	1	1	1	1	1	1	1	1	1	1	1	1	1	1	1	1	1	1	1	0	1	1	1	1	1	1	1	1	1
%%%	-0.067000	-0.035000	-0.004000	0.027000	0.058000	0.105000	0.136000	0.167000	0.199000	0.230000	0.261000	0.292000	0.339000	0.370000	0.401000	0.433000	0.464000	0.495000	0.526000	0.573000	0.604000	0.635000	0.667000	0.698000	0.729000	0.760000	0.791000	0.838000	0.869000	0.901000	0.932000	0.963000	0.994000	1.025000	1.057000	1.103000	1.135000	1.166000	1.197000	1.228000	1.259000	1.291000	1.337000	1.369000	1.400000	1.431000	1.462000	1.493000	1.525000	1.571000	1.603000	1.634000	1.665000	1.696000	1.727000	1.759000	1.790000	1.837000	1.868000	1.899000	1.930000	1.961000	1.993000	2.024000	2.071000	2.102000	2.133000	2.164000	2.195000	2.227000	2.258000	2.305000	2.336000	2.367000	2.398000	2.429000	2.461000	2.492000	2.523000	2.570000	2.601000	2.632000	2.663000	2.695000	2.726000	2.757000	2.804000	2.835000	2.866000	2.897000	2.929000	2.960000	2.991000	3.038000	3.069000	3.100000	3.131000	3.163000	3.194000	3.225000	3.256000	3.303000	3.334000	3.365000	3.397000	3.428000	3.459000	3.490000	3.537000	3.568000	3.599000	3.631000	3.662000	3.693000	3.724000	3.771000	3.802000	3.833000	3.865000	3.896000	3.927000	3.958000	3.989000	4.036000	4.067000	4.099000	4.130000	4.161000	4.192000	4.223000	4.270000	4.301000	4.333000	4.364000	4.395000	4.426000	4.457000	4.504000	4.535000	4.567000	4.598000	4.629000	4.660000	4.691000	4.723000	4.769000	4.801000	4.832000	4.863000	4.894000	4.925000	4.957000	5.003000	5.035000	5.066000	5.097000	5.128000	5.159000	5.191000	5.222000	5.269000	5.300000	5.331000	5.362000	5.393000	5.425000	5.456000	5.503000	5.534000	5.565000	5.596000	5.627000	5.659000	5.690000	5.737000	5.768000	5.799000	5.830000	5.861000	5.893000	5.924000	5.955000	6.002000	6.033000	6.064000	6.095000	6.127000	6.158000	6.189000	6.236000	6.267000	6.298000	6.329000	6.361000	6.392000	6.423000	6.470000	6.501000	6.532000	6.563000	6.595000	6.626000	6.657000	6.688000	6.735000	6.766000	6.797000	6.829000	6.860000	6.891000	6.922000	6.969000	7.000000	7.031000	7.063000	7.094000	7.125000	7.156000	7.187000	7.234000	7.265000	7.297000	7.328000	7.359000	7.390000	7.421000	7.468000	7.499000	7.531000	7.562000	7.593000	7.624000	7.655000	7.702000	7.733000	7.765000	7.796000	7.827000	7.858000	7.889000	7.921000	7.967000	7.999000	8.030000	8.061000	8.092000	8.123000	8.155000	8.201000	8.233000	8.264000	8.295000	8.326000	8.357000	8.389000	8.435000	8.467000	8.498000	8.529000	8.560000	8.591000	8.623000	8.654000	8.701000	8.732000	8.763000	8.794000	8.825000	8.857000	8.888000	8.935000	8.966000	8.997000	9.028000	9.059000	9.091000	9.122000	9.153000	9.200000	9.231000	9.262000	9.293000	9.325000	9.356000	9.387000	9.434000	9.465000	9.496000	9.527000	9.559000	9.590000	9.621000	9.668000	9.699000	9.730000	9.761000	9.793000	9.824000	9.855000	9.886000	9.933000	9.964000	9.995000	10.027000	10.058000	10.089000	10.120000	10.167000	10.198000	10.229000	10.261000	10.292000	10.323000	10.354000	10.401000	10.432000	10.463000	10.495000	10.526000	10.557000	10.588000	10.619000	10.666000	10.697000	10.729000	10.760000	10.791000	10.822000	10.853000	10.900000	10.931000	10.963000	10.994000	11.025000	11.056000	11.087000	11.134000	11.165000	11.197000	11.228000	11.259000	11.290000	11.321000	11.353000	11.399000	11.431000	11.462000	11.493000	11.524000	11.555000	11.587000	11.633000	11.665000	11.696000	11.727000	11.758000	11.789000	11.821000	11.867000	11.899000	11.930000	11.961000	11.992000	12.023000	12.055000	12.086000	12.133000	12.164000	12.195000	12.226000	12.257000	12.289000	12.320000	12.367000	12.398000	12.429000	12.460000	12.491000	12.523000	12.554000	12.601000	12.632000	12.663000	12.694000	12.725000	12.757000	12.788000	12.819000	12.866000	12.897000	12.928000	12.959000	12.991000	13.022000	13.053000	13.084000	13.131000	13.162000	13.193000	13.225000	13.256000	13.287000	13.318000	13.365000	13.396000	13.427000	13.459000	13.490000	13.521000	13.552000	13.599000	13.630000	13.661000	13.693000	13.724000	13.755000	13.786000	13.817000	13.864000	13.895000	13.927000	13.958000	13.989000	14.020000	14.051000	14.098000	14.129000	14.161000	14.192000	14.223000	14.254000	14.285000	14.332000	14.363000	14.395000	14.426000	14.457000	14.488000	14.519000	14.551000	14.597000	14.629000	14.660000	14.691000	14.722000	14.753000	14.785000	14.831000	14.863000	14.894000	14.925000	14.956000	14.987000	15.019000	15.065000	15.097000	15.128000	15.159000	15.190000	15.221000	15.253000	15.284000	15.331000	15.362000	15.393000	15.424000	15.455000	15.487000	15.518000	15.565000	15.596000	15.627000	15.658000	15.689000	15.721000	15.752000	15.799000	15.830000	15.861000	15.892000	15.923000	15.955000	15.986000	16.017000	16.064000	16.095000	16.126000	16.157000	16.189000	16.220000	16.251000	16.298000	16.329000	16.360000	16.391000	16.423000	16.454000	16.485000	16.532000	16.563000	16.594000	16.625000	16.657000	16.688000	16.719000	16.750000	16.797000	16.828000	16.859000	16.891000	16.922000	16.953000	16.984000	17.015000	17.062000	17.093000	17.125000	17.156000	17.187000	17.218000	17.249000	17.296000	17.327000	17.359000	17.390000	17.421000	17.452000	17.483000	17.530000	17.561000	17.593000	17.624000	17.655000	17.686000	17.717000	17.749000	17.795000	17.827000	17.858000	17.889000	17.920000	17.951000	17.983000
%%%	1.518406	1.490290	1.509420	1.503188	1.449275	1.503768	1.481159	1.490145	1.491449	1.481594	1.512029	1.518986	1.518406	1.502754	1.518841	1.538406	1.507246	1.495652	1.529420	1.490145	1.490290	1.497246	1.487536	1.490725	1.527101	1.502754	1.460870	1.405797	1.403333	1.327681	1.252174	1.238551	1.163623	1.108116	0.904493	0.984203	0.973913	0.707536	0.989855	0.690725	0.788116	0.900580	0.885507	0.753623	0.881449	0.852029	0.670725	0.794493	0.808696	0.811449	0.801015	0.634203	0.729275	0.984928	1.008696	0.914492	0.948841	0.904348	0.920725	0.690145	1.066667	0.950580	1.097246	0.974058	0.973913	1.062464	1.044638	1.105507	1.057536	1.137536	0.967246	1.107102	1.084203	1.124638	1.147971	1.089855	0.956522	1.162899	1.089855	0.962319	1.181448	1.140725	1.077101	1.133188	1.071594	1.081594	1.079275	1.132029	0.987971	1.152319	1.146812	1.025942	1.135942	1.078116	1.169420	1.031884	1.136232	1.154928	1.179275	1.099275	1.066667	1.165362	1.122899	1.008696	1.124493	1.100580	1.110870	1.069420	1.103768	1.066667	1.168551	1.079275	1.117971	1.159420	1.174493	1.083623	1.155507	1.118841	1.165942	1.095652	1.160289	1.115507	1.153768	1.121884	1.066667	1.159275	1.212029	1.155942	1.078841	1.136812	1.146812	1.087101	1.137101	1.138985	1.164058	1.150580	1.151160	1.174493	1.136232	1.185797	1.100725	0.814058	1.165942	1.192319	1.166377	1.239275	1.186232	1.214638	1.217391	1.167971	1.192899	1.207681	1.194927	1.131449	1.157971	1.066667	1.220145	1.194203	1.159275	1.205797	1.182609	1.203623	1.199420	1.208696	1.269710	1.162754	1.217391	1.113043	1.212464	1.224493	1.221159	1.240580	1.237971	1.234203	1.275362	1.211884	1.216232	1.200000	1.221739	1.194058	1.194638	1.171015	1.205942	1.213768	1.202754	1.207536	1.208116	1.182609	1.275362	1.253623	1.238116	1.191884	1.252174	1.257536	1.231884	1.252174	1.252174	1.274927	1.246667	1.262029	1.263768	1.286957	1.253333	1.247246	1.229855	1.251594	1.263768	1.275362	1.229275	1.241884	1.206232	1.232609	1.226812	1.216812	1.237681	1.263768	1.217391	1.220580	1.220145	1.220580	1.237971	1.251014	1.226812	1.238551	1.252174	1.252174	1.206377	1.248986	1.241884	1.262319	1.257246	1.243478	1.228985	1.252174	1.268406	1.251014	1.252174	1.238551	1.252174	1.264638	1.216232	1.211884	1.202754	1.247101	1.239710	1.182609	1.265942	1.252174	1.253768	1.181014	1.261014	1.233623	1.237971	1.235942	1.278841	1.240290	1.257246	1.229420	1.275362	1.229275	1.249420	1.228841	1.220145	1.229420	1.238116	1.222754	1.222319	1.194638	1.264638	1.211884	1.177246	1.225073	1.255942	1.246812	1.252174	1.238986	1.248406	1.272754	1.257536	1.265362	1.299275	1.281594	1.281594	1.285797	1.296812	1.281594	1.275362	1.251014	1.288406	1.281594	1.278261	1.225507	1.244058	1.273188	1.252174	1.272754	1.257536	1.281159	1.275362	1.281159	1.291159	1.263768	1.263623	1.078116	1.252174	1.288986	1.273333	1.285797	1.275073	1.295797	1.272754	1.248406	1.238116	1.205942	1.020145	1.237681	1.216812	1.166232	1.202319	1.192319	1.184203	1.172754	1.155507	1.202754	1.008696	1.178261	1.181594	1.153623	1.192319	1.137971	1.205797	1.104928	1.182609	1.208116	1.081594	1.225073	1.252174	1.257101	1.239710	1.238986	1.259710	1.272899	1.294493	1.285362	1.252174	1.288116	1.307536	1.329275	1.290580	1.253333	1.285797	1.316812	1.310145	1.296812	1.257101	1.286957	1.311449	1.288116	1.305942	1.268986	1.294493	1.300580	1.310290	1.326667	1.286957	1.323188	1.300580	1.286232	1.292464	1.314058	1.344928	1.321739	1.324927	1.315942	1.285797	1.344928	1.278261	1.285217	1.298551	1.309855	1.252174	1.252174	1.287971	1.324493	1.283188	1.291884	1.274058	1.328841	1.324927	1.297101	1.320290	1.291159	1.295507	1.287536	1.292899	1.295652	1.304928	1.295072	1.295652	1.307971	1.327681	1.252174	1.333333	1.322899	1.329565	1.252174	1.312029	1.314058	1.288986	1.321739	1.308696	1.339710	1.344928	1.333333	1.312029	1.344638	1.320290	1.321739	1.304348	1.338551	1.344638	1.344638	1.309855	1.277536	1.326232	1.309855	1.327246	1.338551	1.311449	1.329420	1.370145	1.327101	1.321739	1.183188	1.342319	1.326667	1.288986	1.283623	1.327246	1.298551	1.313188	1.326812	1.370145	1.288986	1.331884	1.299275	1.333333	1.209998	1.326232	1.303768	1.302754	1.252174	1.310145	1.286957	1.334638	1.302754	1.302753	1.304928	1.290580	1.304928	1.307971	1.292754	1.281884	1.302754	1.252174	1.310145	1.281014	1.294058	1.283188	1.312464	1.253768	1.252174	1.277101	1.239710	1.239855	1.249275	1.268406	1.281014	1.270290	1.270145	1.290580	1.252174	1.286812	1.275362	1.313623	1.321739	1.330435	1.344493	1.342319	1.309710	1.309710	1.252174	1.333333	1.370725	1.304928	1.322899	1.328985	1.354928	1.344493	1.367391	1.328985	1.344638	1.344638	1.344638	1.321739	1.356377	1.345507	1.383188	1.368551	0.973913	1.344638	1.344493	1.344928	1.368116	1.351014	1.378841	1.344058	1.344493	1.345072	1.362029	1.329855	1.344638	1.344928	1.321594	1.290145	1.329275	1.315942	1.314058	1.269420	1.321159	1.302899	1.325507	1.309275	1.140725	1.302899	1.242319	1.187680	1.286957	1.310290	1.304348	1.285217	1.302754	1.320290
%%%	Left Pupil Profile (1st row -> 1 == valid tracking, 0 == invalid tracking; 2nd row -> time; 3rd row -> diameter (mm))
%%%	0	0	0	0	0	0	0	0	0	0	0	0	0	0	0	0	0	0	0	0	0	0	0	0	0	0	0	0	0	0	0	0	0	0	0	0	0	0	0	0	0	0	0	0	0	0	0	0	0	0	0	0	0	0	0	0	0	0	0	0	0	0	0	0	0	0	0	0	0	0	0	0	0	0	0	0	0	0	0	0	0	0	0	0	0	0	0	0	0	0	0	0	0	0	0	0	0	0	0	0	0	0	0	0	0	0	0	0	0	0	0	0	0	0	0	0	0	0	0	0	0	0	0	0	0	0	0	0	0	0	0	0	0	0	0	0	0	0	0	0	0	0	0	0	0	0	0	0	0	0	0	0	0	0	0	0	0	0	0	0	0	0	0	0	0	0	0	0	0	0	0	0	0	0	0	0	0	0	0	0	0	0	0	0	0	0	0	0	0	0	0	0	0	0	0	0	0	0	0	0	0	0	0	0	0	0	0	0	0	0	0	0	0	0	0	0	0	0	0	0	0	0	0	0	0	0	0	0	0	0	0	0	0	0	0	0	0	0	0	0	0	0	0	0	0	0	0	0	0	0	0	0	0	0	0	0	0	0	0	0	0	0	0	0	0	0	0	0	0	0	0	0	0	0	0	0	0	0	0	0	0	0	0	0	0	0	0	0	0	0	0	0	0	0	0	0	0	0	0	0	0	0	0	0	0	0	0	0	0	0	0	0	0	0	0	0	0	0	0	0	0	0	0	0	0	0	0	0	0	0	0	0	0	0	0	0	0	0	0	0	0	0	0	0	0	0	0	0	0	0	0	0	0	0	0	0	0	0	0	0	0	0	0	0	0	0	0	0	0	0	0	0	0	0	0	0	0	0	0	0	0	0	0	0	0	0	0	0	0	0	0	0	0	0	0	0	0	0	0	0	0	0	0	0	0	0	0	0	0	0	0	0	0	0	0	0	0	0	0	0	0	0	0	0	0	0	0	0	0	0	0	0	0	0	0	0	0	0	0	0	0	0	0	0	0	0	0	0	0	0	0	0	0	0	0	0	0	0	0	0	0	0	0	0	0	0	0	0	0	0	0	0	0	0	0	0	0	0	0	0	0	0	0	0	0	0	0	0	0	0	0	0	0	0	0	0	0	0	0	0	0	0	0	0	0	0	0	0	0	0	0	0	0	0	0	0	0	0	0	0	0	0	0	0	0	0	0	0	0	0	0	0	0	0	0	0	0	0	0	0	0	0	0
%%%	-0.067000	-0.035000	0.011000	0.043000	0.074000	0.105000	0.136000	0.167000	0.199000	0.230000	0.277000	0.308000	0.339000	0.370000	0.401000	0.433000	0.464000	0.511000	0.542000	0.573000	0.604000	0.635000	0.667000	0.698000	0.745000	0.776000	0.807000	0.838000	0.869000	0.901000	0.932000	0.963000	1.010000	1.041000	1.072000	1.103000	1.135000	1.166000	1.197000	1.244000	1.275000	1.306000	1.337000	1.369000	1.400000	1.431000	1.478000	1.509000	1.540000	1.571000	1.603000	1.634000	1.665000	1.696000	1.743000	1.774000	1.805000	1.837000	1.868000	1.899000	1.930000	1.977000	2.008000	2.039000	2.071000	2.102000	2.133000	2.164000	2.211000	2.242000	2.273000	2.305000	2.336000	2.367000	2.398000	2.429000	2.476000	2.507000	2.539000	2.570000	2.601000	2.632000	2.663000	2.695000	2.741000	2.773000	2.804000	2.835000	2.866000	2.897000	2.929000	2.975000	3.007000	3.038000	3.069000	3.100000	3.131000	3.163000	3.209000	3.241000	3.272000	3.303000	3.334000	3.365000	3.397000	3.428000	3.475000	3.506000	3.537000	3.568000	3.599000	3.631000	3.662000	3.709000	3.740000	3.771000	3.802000	3.833000	3.865000	3.896000	3.943000	3.974000	4.005000	4.036000	4.067000	4.099000	4.130000	4.161000	4.208000	4.239000	4.270000	4.301000	4.333000	4.364000	4.395000	4.442000	4.473000	4.504000	4.535000	4.567000	4.598000	4.629000	4.676000	4.707000	4.738000	4.769000	4.801000	4.832000	4.863000	4.894000	4.941000	4.972000	5.003000	5.035000	5.066000	5.097000	5.128000	5.175000	5.206000	5.237000	5.269000	5.300000	5.331000	5.362000	5.409000	5.440000	5.471000	5.503000	5.534000	5.565000	5.596000	5.627000	5.674000	5.705000	5.737000	5.768000	5.799000	5.830000	5.861000	5.908000	5.939000	5.971000	6.002000	6.033000	6.064000	6.095000	6.142000	6.173000	6.205000	6.236000	6.267000	6.298000	6.329000	6.361000	6.407000	6.439000	6.470000	6.501000	6.532000	6.563000	6.595000	6.626000	6.673000	6.704000	6.735000	6.766000	6.797000	6.829000	6.860000	6.907000	6.938000	6.969000	7.000000	7.031000	7.063000	7.094000	7.141000	7.172000	7.203000	7.234000	7.265000	7.297000	7.328000	7.359000	7.406000	7.437000	7.468000	7.499000	7.531000	7.562000	7.593000	7.640000	7.671000	7.702000	7.733000	7.765000	7.796000	7.827000	7.874000	7.905000	7.936000	7.967000	7.999000	8.030000	8.061000	8.092000	8.139000	8.170000	8.201000	8.233000	8.264000	8.295000	8.326000	8.373000	8.404000	8.435000	8.467000	8.498000	8.529000	8.560000	8.607000	8.638000	8.669000	8.701000	8.732000	8.763000	8.794000	8.825000	8.872000	8.903000	8.935000	8.966000	8.997000	9.028000	9.059000	9.106000	9.137000	9.169000	9.200000	9.231000	9.262000	9.293000	9.340000	9.371000	9.403000	9.434000	9.465000	9.496000	9.527000	9.559000	9.605000	9.637000	9.668000	9.699000	9.730000	9.761000	9.793000	9.839000	9.871000	9.902000	9.933000	9.964000	9.995000	10.027000	10.073000	10.105000	10.136000	10.167000	10.198000	10.229000	10.261000	10.292000	10.339000	10.370000	10.401000	10.432000	10.463000	10.495000	10.526000	10.573000	10.604000	10.635000	10.666000	10.697000	10.729000	10.760000	10.791000	10.838000	10.869000	10.900000	10.931000	10.963000	10.994000	11.025000	11.072000	11.103000	11.134000	11.165000	11.197000	11.228000	11.259000	11.290000	11.337000	11.368000	11.399000	11.431000	11.462000	11.493000	11.524000	11.571000	11.602000	11.633000	11.665000	11.696000	11.727000	11.758000	11.805000	11.836000	11.867000	11.899000	11.930000	11.961000	11.992000	12.023000	12.070000	12.101000	12.133000	12.164000	12.195000	12.226000	12.257000	12.304000	12.335000	12.367000	12.398000	12.429000	12.460000	12.491000	12.538000	12.569000	12.601000	12.632000	12.663000	12.694000	12.725000	12.757000	12.803000	12.835000	12.866000	12.897000	12.928000	12.959000	12.991000	13.037000	13.069000	13.100000	13.131000	13.162000	13.193000	13.225000	13.271000	13.303000	13.334000	13.365000	13.396000	13.427000	13.459000	13.490000	13.537000	13.568000	13.599000	13.630000	13.661000	13.693000	13.724000	13.771000	13.802000	13.833000	13.864000	13.895000	13.927000	13.958000	14.005000	14.036000	14.067000	14.098000	14.129000	14.161000	14.192000	14.223000	14.270000	14.301000	14.332000	14.363000	14.395000	14.426000	14.457000	14.504000	14.535000	14.566000	14.597000	14.629000	14.660000	14.691000	14.722000	14.769000	14.800000	14.831000	14.863000	14.894000	14.925000	14.956000	15.003000	15.034000	15.065000	15.097000	15.128000	15.159000	15.190000	15.237000	15.268000	15.299000	15.331000	15.362000	15.393000	15.424000	15.455000	15.502000	15.533000	15.565000	15.596000	15.627000	15.658000	15.689000	15.736000	15.767000	15.799000	15.830000	15.861000	15.892000	15.923000	15.970000	16.001000	16.033000	16.064000	16.095000	16.126000	16.157000	16.189000	16.235000	16.267000	16.298000	16.329000	16.360000	16.391000	16.423000	16.469000	16.501000	16.532000	16.563000	16.594000	16.625000	16.657000	16.703000	16.735000	16.766000	16.797000	16.828000	16.859000	16.891000	16.922000	16.969000	17.000000	17.031000	17.062000	17.093000	17.125000	17.156000	17.203000	17.234000	17.265000	17.296000	17.327000	17.359000	17.390000	17.421000	17.468000	17.499000	17.530000	17.561000	17.593000	17.624000	17.655000	17.702000	17.733000	17.764000	17.795000	17.827000	17.858000	17.889000	17.936000	17.967000	17.998000
%%%	13.913043	13.913043	13.913043	13.913043	13.913043	13.913043	13.913043	13.913043	13.913043	13.913043	13.913043	13.913043	13.913043	13.913043	13.913043	13.913043	13.913043	13.913043	13.913043	13.913043	13.913043	13.913043	13.913043	13.913043	13.913043	13.913043	13.913043	13.913043	13.913043	13.913043	13.913043	13.913043	13.913043	13.913043	13.913043	13.913043	13.913043	13.913043	13.913043	13.913043	13.913043	13.913043	13.913043	13.913043	13.913043	13.913043	13.913043	13.913043	13.913043	13.913043	13.913043	13.913043	13.913043	13.913043	13.913043	13.913043	13.913043	13.913043	13.913043	13.913043	13.913043	13.913043	13.913043	13.913043	13.913043	13.913043	13.913043	13.913043	13.913043	13.913043	13.913043	13.913043	13.913043	13.913043	13.913043	13.913043	13.913043	13.913043	13.913043	13.913043	13.913043	13.913043	13.913043	13.913043	13.913043	13.913043	13.913043	13.913043	13.913043	13.913043	13.913043	13.913043	13.913043	13.913043	13.913043	13.913043	13.913043	13.913043	13.913043	13.913043	13.913043	13.913043	13.913043	13.913043	13.913043	13.913043	13.913043	13.913043	13.913043	13.913043	13.913043	13.913043	13.913043	13.913043	13.913043	13.913043	13.913043	13.913043	13.913043	13.913043	13.913043	13.913043	13.913043	13.913043	13.913043	13.913043	13.913043	13.913043	13.913043	13.913043	13.913043	13.913043	13.913043	13.913043	13.913043	13.913043	13.913043	13.913043	13.913043	13.913043	13.913043	13.913043	13.913043	13.913043	13.913043	13.913043	13.913043	13.913043	13.913043	13.913043	13.913043	13.913043	13.913043	13.913043	13.913043	13.913043	13.913043	13.913043	13.913043	13.913043	13.913043	13.913043	13.913043	13.913043	13.913043	13.913043	13.913043	13.913043	13.913043	13.913043	13.913043	13.913043	13.913043	13.913043	13.913043	13.913043	13.913043	13.913043	13.913043	13.913043	13.913043	13.913043	13.913043	13.913043	13.913043	13.913043	13.913043	13.913043	13.913043	13.913043	13.913043	13.913043	13.913043	13.913043	13.913043	13.913043	13.913043	13.913043	13.913043	13.913043	13.913043	13.913043	13.913043	13.913043	13.913043	13.913043	13.913043	13.913043	13.913043	13.913043	13.913043	13.913043	13.913043	13.913043	13.913043	13.913043	13.913043	13.913043	13.913043	13.913043	13.913043	13.913043	13.913043	13.913043	13.913043	13.913043	13.913043	13.913043	13.913043	13.913043	13.913043	13.913043	13.913043	13.913043	13.913043	13.913043	13.913043	13.913043	13.913043	13.913043	13.913043	13.913043	13.913043	13.913043	13.913043	13.913043	13.913043	13.913043	13.913043	13.913043	13.913043	13.913043	13.913043	13.913043	13.913043	13.913043	13.913043	13.913043	13.913043	13.913043	13.913043	13.913043	13.913043	13.913043	13.913043	13.913043	13.913043	13.913043	13.913043	13.913043	13.913043	13.913043	13.913043	13.913043	13.913043	13.913043	13.913043	13.913043	13.913043	13.913043	13.913043	13.913043	13.913043	13.913043	13.913043	13.913043	13.913043	13.913043	13.913043	13.913043	13.913043	13.913043	13.913043	13.913043	13.913043	13.913043	13.913043	13.913043	13.913043	13.913043	13.913043	13.913043	13.913043	13.913043	13.913043	13.913043	13.913043	13.913043	13.913043	13.913043	13.913043	13.913043	13.913043	13.913043	13.913043	13.913043	13.913043	13.913043	13.913043	13.913043	13.913043	13.913043	13.913043	13.913043	13.913043	13.913043	13.913043	13.913043	13.913043	13.913043	13.913043	13.913043	13.913043	13.913043	13.913043	13.913043	13.913043	13.913043	13.913043	13.913043	13.913043	13.913043	13.913043	13.913043	13.913043	13.913043	13.913043	13.913043	13.913043	13.913043	13.913043	13.913043	13.913043	13.913043	13.913043	13.913043	13.913043	13.913043	13.913043	13.913043	13.913043	13.913043	13.913043	13.913043	13.913043	13.913043	13.913043	13.913043	13.913043	13.913043	13.913043	13.913043	13.913043	13.913043	13.913043	13.913043	13.913043	13.913043	13.913043	13.913043	13.913043	13.913043	13.913043	13.913043	13.913043	13.913043	13.913043	13.913043	13.913043	13.913043	13.913043	13.913043	13.913043	13.913043	13.913043	13.913043	13.913043	13.913043	13.913043	13.913043	13.913043	13.913043	13.913043	13.913043	13.913043	13.913043	13.913043	13.913043	13.913043	13.913043	13.913043	13.913043	13.913043	13.913043	13.913043	13.913043	13.913043	13.913043	13.913043	13.913043	13.913043	13.913043	13.913043	13.913043	13.913043	13.913043	13.913043	13.913043	13.913043	13.913043	13.913043	13.913043	13.913043	13.913043	13.913043	13.913043	13.913043	13.913043	13.913043	13.913043	13.913043	13.913043	13.913043	13.913043	13.913043	13.913043	13.913043	13.913043	13.913043	13.913043	13.913043	13.913043	13.913043	13.913043	13.913043	13.913043	13.913043	13.913043	13.913043	13.913043	13.913043	13.913043	13.913043	13.913043	13.913043	13.913043	13.913043	13.913043	13.913043	13.913043	13.913043	13.913043	13.913043	13.913043	13.913043	13.913043	13.913043	13.913043	13.913043	13.913043	13.913043	13.913043	13.913043	13.913043	13.913043	13.913043	13.913043	13.913043	13.913043	13.913043	13.913043	13.913043	13.913043	13.913043	13.913043	13.913043	13.913043	13.913043	13.913043	13.913043	13.913043	13.913043	13.913043	13.913043	13.913043	13.913043	13.913043	13.913043	13.913043	13.913043	13.913043	13.913043	13.913043	13.913043	13.913043	13.913043	13.913043	13.913043	13.913043	13.913043	13.913043	13.913043	13.913043	13.913043	13.913043	13.913043	13.913043	13.913043	13.913043	13.913043	13.913043	13.913043	13.913043	13.913043	13.913043	13.913043	13.913043	13.913043	13.913043	13.913043	13.913043	13.913043	13.913043
%%%	Pulse Index	Stimulus Section Index	Stimulus Section Start Index	Stimulus Section End Index	Pupil Stimulated: 0 = Right, 1 = Left, 2 = Both	Light Metric: 0 = Photopic, 1 = Scopotic, 2 = Radiometric	Stimulus Start Time	Stimulus Duration	Stimulus Pulse Duration	Right Pulse Max Level	Right Pulse Max Color (0123 = WRGB)	Right Pulse Min Level	Right Pulse Min Color (0123 = WRGB)	Left Pulse Max Level	Left Pulse Max Color (0123 = WRGB)	Left Pulse Min Level	Left Pulse Min Color (0123 = WRGB)	Right Data Input Type (0 == RAW DATA, 1 == FITTED DATA, 2 == M. OVERRIDED)	Right ANALYSIS STATE (0 == ABNORMAL, 1 == NORMAL)	Right MAX (mm) (EMPTY if INVALID)	Right MIN (mm) (EMPTY if INVALID)	Right DELTA (mm) (EMPTY if INVALID)	Right CH (%) (EMPTY if INVALID)	Right LAT (sec) (EMPTY if INVALID)	Right CV (mm/s) (EMPTY if INVALID)	Right MCV (mm/s) (EMPTY if INVALID)	Right DV (mm/s) (EMPTY if INVALID)	Left Data Input Type (0 == RAW DATA, 1 == FITTED DATA, 2 == M. OVERRIDED)	Left ANALYSIS STATE (0 == ABNORMAL, 1 == NORMAL)	Left MAX (mm) (EMPTY if INVALID)	Left MIN (mm) (EMPTY if INVALID)	Left DELTA (mm) (EMPTY if INVALID)	Left CH (%) (EMPTY if INVALID)	Left LAT (sec) (EMPTY if INVALID)	Left CV (mm/s) (EMPTY if INVALID)	Left MCV (mm/s) (EMPTY if INVALID)	Left DV (mm/s) (EMPTY if INVALID)
%%%	0	0	18	542	0	0	0.51	17.52	0.51	99.71	1	0.00	1	0.00	1	0.00	1	0	0	0.00	0.00			0.00	0.00	0.00	0.00	0	0	0.00	0.00			0.00	0.00	0.00	0.00
%%%%%%%%%
%%%%%%%%%
%%%%%%%%%
<\SESSION>
