<SESSION>
<VERSION>
2
<\VERSION>
<DATE>
2017-09-05 10:22:10
<\DATE>
<SUBJECT-ID>
c57-1mois-M2-4.5r
<\SUBJECT-ID>
<NOTE>

<\NOTE>
<MIN-MAX-PLOT>
0.100000 51880.761719
<\MIN-MAX-PLOT>
<STIMULUS-DEFINED>
Default
Default Human Relative Spectral Sensitivity
1	0
1	0.500000	0.500000	17.000000	1	1	4.500000	-100.000000	0.100000	-100.000000	0
<\STIMULUS-DEFINED>
<STIMULUS-GENERATED>
4
0	0	0.000000	1	0.000000	0.000000	1	0.000000	0.000000
0	1	0.509000	1	129.044220	31625.173828	1	0.000000	0.000000
0	4	1.018000	1	0.000000	0.000000	1	0.000000	0.000000
-1	5	18.027000	0	0.000000	0.000000	0	0.000000	0.000000
<\STIMULUS-GENERATED>
<RIGHT-PUPIL-DATA>
543	1
1	-0.066000	1.344638	323.337494	325.337494
1	-0.035000	1.366232	323.006256	324.993744
1	0.012000	1.381449	322.787506	325.100006
1	0.043000	1.391014	322.337494	325.312469
1	0.074000	1.375073	321.975006	325.100006
1	0.106000	1.344928	322.500000	325.500000
1	0.137000	1.388551	323.468750	324.718750
1	0.168000	1.379710	323.187500	323.862488
1	0.199000	1.375073	323.899994	324.225006
1	0.246000	1.378841	323.812500	324.862488
1	0.277000	1.356522	323.500000	324.500000
1	0.308000	1.368116	323.987488	325.012512
1	0.340000	1.375073	323.100006	325.899994
1	0.371000	1.374203	322.912476	326.087524
1	0.402000	1.370580	323.056244	325.943756
1	0.433000	1.375073	323.725006	325.899994
1	0.480000	1.389855	323.687500	326.012512
1	0.511000	1.344058	324.312500	325.687500
1	0.542000	1.344058	324.312500	325.687500
1	0.574000	1.347536	324.212524	325.712524
1	0.605000	1.348406	323.612488	325.375000
1	0.636000	1.344638	323.337494	326.662506
1	0.667000	1.344928	323.500000	327.500000
1	0.698000	1.377246	322.131256	327.868744
1	0.745000	1.356522	323.000000	327.000000
1	0.776000	1.386377	322.750000	327.000000
1	0.808000	1.335797	323.443756	326.443756
1	0.839000	1.331594	323.475006	326.587494
1	0.870000	1.290145	323.412506	326.850006
1	0.901000	1.217391	324.000000	327.000000
1	0.932000	1.105362	325.256256	327.756256
1	0.979000	1.139710	322.375000	327.375000
1	1.010000	1.161884	322.631256	329.381256
1	1.042000	1.078841	324.000000	328.562500
1	1.073000	1.081594	323.556244	329.006256
1	1.104000	1.031015	323.437500	328.312500
1	1.135000	1.013623	323.312500	328.312500
0	1.166000	0.915942	324.500000	327.500000
1	1.213000	0.950580	323.156250	328.343750
1	1.244000	0.931449	323.618744	328.368744
1	1.276000	0.927246	322.537506	328.837494
1	1.307000	0.881159	322.250000	328.750000
1	1.338000	0.869565	323.000000	330.000000
1	1.369000	0.870580	322.131256	329.543732
1	1.400000	0.857102	322.062500	329.187500
0	1.432000	0.486812	325.268707	335.031219
1	1.478000	0.805507	322.162506	328.837494
1	1.510000	0.825072	322.918732	329.381256
1	1.541000	0.818551	322.725006	329.225006
1	1.572000	0.798406	322.518738	329.518738
1	1.603000	0.796667	322.056244	329.606232
1	1.634000	0.794493	322.087494	330.024994
1	1.666000	0.757246	322.518738	330.331238
0	1.712000	0.776812	321.500000	326.500000
0	1.744000	0.464638	326.562500	333.562500
1	1.775000	0.782609	322.500000	329.500000
1	1.806000	0.760290	322.562500	329.562500
0	1.837000	0.500000	327.000000	333.000000
0	1.868000	0.495072	326.924988	333.875000
1	1.900000	0.770725	322.800018	330.399994
0	1.946000	0.495362	325.875000	334.437500
1	1.978000	0.779275	321.806244	331.143768
0	2.009000	0.417971	324.799988	336.200012
0	2.040000	0.452899	325.643738	335.768738
0	2.071000	0.464493	326.781250	334.706238
1	2.102000	0.779710	322.799988	330.237488
0	2.134000	0.452899	326.518738	334.518738
0	2.165000	0.390290	324.131256	336.381256
0	2.212000	0.459275	325.718750	334.593750
0	2.243000	0.495072	325.875000	335.875000
0	2.274000	0.412029	326.068756	335.318756
1	2.305000	0.779855	321.418732	330.831268
0	2.336000	0.477681	324.062500	335.375000
1	2.368000	0.774493	322.562500	330.250000
1	2.399000	0.778841	322.812500	330.187500
1	2.446000	0.778406	323.068726	329.793762
1	2.477000	0.768116	322.937500	329.687500
1	2.508000	0.782609	323.000000	329.500000
0	2.539000	0.512029	328.506256	333.681244
1	2.570000	0.791304	323.000000	330.000000
0	2.602000	0.446377	325.500000	336.500000
1	2.633000	0.814638	322.331238	330.281250
1	2.680000	0.794493	321.962494	330.962494
1	2.711000	0.796232	322.937500	330.750000
1	2.742000	0.822319	322.562500	329.687500
1	2.773000	0.835942	322.975006	329.975006
0	2.804000	0.496377	326.156250	335.143738
1	2.836000	0.829855	323.937500	329.437500
1	2.867000	0.865797	323.187500	329.062500
0	2.898000	0.557681	327.087494	334.274994
1	2.945000	0.859710	322.600006	330.712494
1	2.976000	0.868406	322.837494	331.087494
1	3.007000	0.881159	323.500000	330.500000
0	3.038000	0.805362	325.006256	330.818756
1	3.070000	0.883188	323.687500	329.312500
1	3.101000	0.912899	323.318756	328.681244
1	3.132000	0.900580	324.487488	329.462524
1	3.179000	0.896812	324.100006	328.850006
1	3.210000	0.912899	324.318756	329.318756
1	3.241000	0.904348	323.625000	329.375000
1	3.272000	0.892754	323.500000	330.500000
1	3.304000	0.938551	323.000000	330.000000
1	3.335000	0.848406	323.187500	330.625000
1	3.366000	0.894203	323.375000	329.625000
1	3.397000	0.869565	323.750000	329.750000
1	3.444000	0.909855	323.712494	328.949982
0	3.475000	0.764058	326.475006	330.774994
1	3.506000	0.888116	323.725006	328.725006
1	3.538000	0.929855	323.562500	328.437500
1	3.569000	0.920725	323.243744	329.243744
1	3.600000	0.927101	323.443756	329.443756
1	3.631000	0.907971	322.331238	329.356262
1	3.678000	0.929855	323.125000	329.125000
1	3.709000	0.917971	323.687500	328.562500
1	3.740000	0.886957	324.000000	328.000000
1	3.772000	0.935362	324.000000	328.362488
1	3.803000	0.913623	324.312500	328.125000
1	3.834000	0.904348	324.500000	327.500000
1	3.865000	0.921595	323.793732	328.243805
1	3.912000	0.903768	323.187500	328.549988
1	3.943000	0.931594	322.600006	329.399994
1	3.974000	0.929275	323.100006	329.350006
1	4.006000	0.942029	323.750000	328.500000
1	4.037000	0.944493	323.806244	328.881256
1	4.068000	0.962319	324.500000	329.500000
1	4.099000	0.968985	324.062500	328.062500
1	4.130000	0.888551	325.218750	329.343750
1	4.177000	0.968551	323.068756	329.443756
1	4.208000	0.962319	322.875000	330.625000
1	4.240000	0.891594	324.062469	330.350006
1	4.271000	0.939855	322.518738	331.031250
1	4.302000	0.962319	321.500000	330.500000
1	4.333000	0.973913	322.500000	329.500000
1	4.364000	0.929275	323.587494	329.587494
1	4.411000	0.973913	323.500000	328.500000
1	4.442000	0.938116	323.993744	328.006256
1	4.474000	0.935362	324.125000	328.000000
1	4.505000	0.973913	323.500000	329.500000
1	4.536000	1.000145	322.881256	329.756256
1	4.567000	0.951594	322.187500	330.812500
1	4.598000	0.973188	322.018738	330.518738
1	4.645000	0.969565	323.000000	329.500000
1	4.676000	0.973913	323.750000	329.750000
1	4.708000	0.964928	323.349945	328.975067
1	4.739000	0.968406	323.037506	329.787506
1	4.770000	0.972319	323.093750	329.031250
1	4.801000	1.000725	323.418762	328.856262
1	4.832000	0.969710	323.068756	329.568756
1	4.864000	0.965217	322.937500	329.437500
1	4.910000	0.951594	323.187500	330.312500
0	4.942000	0.694493	324.975006	335.975006
1	4.973000	0.967102	322.893768	330.443634
1	5.004000	0.974928	323.056244	330.431244
1	5.035000	0.936667	324.081360	329.506348
1	5.066000	0.939130	323.500000	328.500000
1	5.098000	0.999275	323.881256	329.218719
1	5.144000	0.942464	323.306244	330.306244
1	5.176000	0.940290	323.524994	330.024994
1	5.207000	0.969130	322.031250	331.956238
1	5.238000	0.973768	321.993744	331.556244
1	5.269000	0.957246	323.118591	330.731201
1	5.300000	0.977101	323.024994	331.037506
1	5.332000	0.931594	323.475006	330.399994
1	5.378000	0.915942	324.500000	329.500000
1	5.410000	0.981015	323.093750	330.781250
1	5.441000	0.927681	323.406250	331.031250
1	5.472000	0.955797	322.906250	332.768738
1	5.503000	0.979710	322.062500	333.937500
1	5.534000	0.959275	323.031250	333.818726
1	5.566000	1.021014	322.368713	333.218750
1	5.597000	0.988551	323.281250	332.206238
1	5.644000	0.975507	323.581238	331.081238
1	5.675000	1.005797	323.500000	332.000000
1	5.706000	0.960290	323.562500	332.062500
1	5.737000	0.902029	324.475006	332.524994
1	5.768000	0.978406	323.056244	333.056244
1	5.800000	1.008696	322.000000	334.000000
1	5.831000	0.947101	323.381256	333.368744
1	5.878000	0.962464	323.093750	331.406250
1	5.909000	1.018406	323.618744	331.681244
1	5.940000	1.024493	323.718750	332.218750
1	5.971000	1.003188	323.975006	332.524994
1	6.002000	1.008696	324.500000	331.500000
1	6.034000	1.000145	323.118744	332.618744
0	6.065000	0.921739	324.000000	332.500000
1	6.096000	1.066667	322.250000	334.250000
1	6.143000	1.000145	322.181244	334.881256
1	6.174000	1.018985	322.156250	334.656250
1	6.205000	1.049275	322.500000	334.500000
1	6.236000	1.020145	323.656250	334.706238
1	6.268000	1.007536	322.975006	335.274994
1	6.299000	1.043623	323.493744	335.506256
0	6.330000	0.955942	323.125000	335.250000
1	6.377000	0.998985	322.818756	335.881256
1	6.408000	0.982029	322.875000	336.625000
1	6.439000	0.988116	322.287506	336.712494
1	6.470000	0.997101	323.149994	337.550018
1	6.502000	0.938116	323.993744	337.493744
1	6.533000	0.978841	323.062500	338.012512
1	6.564000	1.007536	322.975006	336.975006
1	6.611000	0.981449	323.350006	335.649994
0	6.642000	0.915942	324.500000	337.500000
1	6.673000	0.932029	322.593719	336.393768
1	6.704000	0.948551	323.393768	336.793732
1	6.736000	0.962319	321.500000	338.500000
0	6.767000	0.745072	324.331238	341.218750
1	6.798000	0.973333	323.500000	335.500000
1	6.829000	1.017391	322.750000	334.250000
1	6.876000	1.008696	323.000000	334.000000
1	6.907000	1.061449	323.737488	333.750000
1	6.938000	1.017971	323.625000	332.312500
1	6.970000	1.045797	322.874969	333.024994
1	7.001000	0.999420	322.875000	333.875000
1	7.032000	1.017536	321.868744	334.668732
1	7.063000	1.007536	321.975006	335.024994
1	7.110000	0.955942	323.750000	333.125000
1	7.141000	0.997971	322.537506	333.850006
1	7.172000	1.027246	322.774994	333.737518
1	7.204000	1.053333	322.100006	333.899994
1	7.235000	1.048985	321.462494	333.962494
1	7.266000	1.042898	321.450012	334.000000
1	7.297000	1.049275	320.500000	334.000000
1	7.328000	1.044058	320.562500	335.000000
1	7.375000	0.962319	321.500000	334.500000
1	7.406000	1.043623	321.468750	334.031250
1	7.438000	1.031884	322.500000	333.862488
1	7.469000	1.008841	322.993744	334.256256
1	7.500000	1.031884	323.500000	334.500000
1	7.531000	0.988986	323.275055	333.624969
1	7.562000	1.042754	322.481262	334.168701
1	7.609000	1.050145	322.087494	334.975006
1	7.640000	1.018985	322.368774	333.343750
1	7.672000	1.038986	322.931244	333.556244
0	7.703000	0.939130	323.500000	332.500000
0	7.734000	0.957246	324.856262	331.268738
1	7.765000	1.029855	324.700012	331.812500
1	7.796000	1.037681	323.500000	332.000000
1	7.843000	1.038406	323.543762	332.581238
1	7.874000	1.043478	323.500000	332.500000
1	7.906000	1.043333	322.993744	332.993744
1	7.937000	0.951449	324.293762	333.331238
1	7.968000	1.053188	323.168732	332.881256
1	7.999000	1.079420	323.587494	331.975006
1	8.030000	1.061884	323.256256	331.743744
1	8.062000	1.061014	324.243805	330.743805
1	8.108000	1.066812	323.718750	331.718750
1	8.140000	1.061884	323.243744	332.243744
1	8.171000	1.026667	323.750000	332.250000
1	8.202000	1.089855	321.875000	333.375000
1	8.233000	1.038406	323.418762	332.956238
1	8.264000	1.044058	323.500000	333.000000
1	8.296000	1.060870	323.000000	333.000000
0	8.342000	0.959855	324.681244	331.231232
1	8.374000	1.059710	323.274994	332.274994
1	8.405000	1.013188	323.931244	332.381256
1	8.436000	1.061449	323.250000	333.250000
1	8.467000	1.044058	322.000000	333.500000
1	8.498000	1.059710	321.774994	334.024994
1	8.530000	1.019420	322.649994	334.649994
1	8.576000	0.985507	323.500000	332.500000
1	8.608000	0.999420	323.125000	333.362488
1	8.639000	1.044638	321.975006	332.975006
1	8.670000	1.062464	322.781250	333.218750
1	8.701000	1.078261	322.250000	333.750000
1	8.732000	1.008696	322.000000	334.000000
1	8.764000	1.017971	321.962524	334.637512
1	8.795000	1.038986	321.556244	334.556244
1	8.842000	1.033623	321.524994	335.387482
1	8.873000	1.022319	322.362488	334.187500
1	8.904000	1.025072	322.431244	334.243744
1	8.935000	1.021159	322.687500	333.375000
1	8.966000	1.031884	323.500000	334.500000
1	8.998000	0.973913	323.500000	331.500000
1	9.029000	0.915942	324.500000	331.500000
0	9.076000	0.939130	323.500000	332.500000
1	9.107000	1.014928	322.581268	334.781219
1	9.138000	0.972754	321.975006	334.074982
1	9.169000	1.019710	321.337494	336.287506
1	9.200000	0.999420	322.125000	333.875000
1	9.232000	0.951159	323.806244	334.806244
1	9.263000	1.008696	322.500000	335.500000
1	9.310000	0.983768	322.975006	333.975006
1	9.341000	1.042754	322.518738	334.518738
1	9.372000	1.030725	322.175018	333.887482
1	9.403000	1.022319	322.362488	333.750000
1	9.434000	1.021159	321.687500	335.674988
1	9.466000	1.044638	320.975006	335.975006
1	9.497000	1.037681	322.000000	335.000000
1	9.528000	1.046812	321.993744	334.993744
1	9.575000	1.044058	322.000000	335.000000
1	9.606000	1.044638	321.975006	334.475006
1	9.637000	1.084058	323.000000	334.000000
1	9.668000	1.059855	322.743744	333.243744
0	9.700000	0.972319	323.468750	334.093750
1	9.731000	0.962319	321.500000	334.500000
1	9.762000	1.025797	322.237488	334.237549
1	9.809000	1.049275	321.500000	335.500000
0	9.840000	0.974493	322.062500	334.875000
1	9.871000	1.034203	322.500000	335.125000
1	9.902000	1.031884	321.750000	334.750000
1	9.934000	1.053333	322.100006	334.100006
1	9.965000	0.997101	322.500000	332.500000
1	9.996000	1.031449	322.568756	333.568756
1	10.043000	1.044058	322.500000	333.625000
1	10.074000	0.985507	323.500000	332.500000
1	10.105000	1.046377	322.012482	335.012482
1	10.136000	1.055072	322.000000	336.000000
1	10.168000	1.008696	322.500000	335.500000
1	10.199000	1.009420	321.768738	335.481262
1	10.230000	0.972319	323.018738	333.518738
1	10.261000	1.021159	322.625000	334.674988
1	10.308000	1.001159	322.700012	334.549988
1	10.339000	1.034058	322.356262	334.606262
1	10.370000	1.044058	322.500000	335.049988
1	10.402000	0.985507	321.500000	334.500000
1	10.433000	1.007102	322.468750	336.531250
1	10.464000	1.015072	321.100128	336.637543
1	10.495000	1.020145	321.343750	336.281250
0	10.542000	0.869565	321.500000	334.500000
0	10.573000	0.730435	324.000000	341.000000
1	10.604000	1.043333	322.043732	334.568756
1	10.636000	1.044058	322.375000	335.000000
1	10.667000	1.008116	321.750000	334.037537
1	10.698000	1.008696	322.500000	335.500000
1	10.729000	1.025362	322.218750	335.768738
0	10.776000	1.055072	321.500000	338.500000
0	10.807000	0.929275	321.600006	336.537506
0	10.838000	0.672899	326.818756	339.181244
1	10.870000	1.026667	321.750000	335.250000
1	10.901000	0.966377	322.149994	335.037506
1	10.932000	1.017391	322.250000	334.750000
0	10.963000	0.927536	322.500000	336.500000
0	10.994000	0.742029	324.674988	340.312500
0	11.041000	0.874638	323.856262	336.143738
1	11.072000	0.940290	321.475006	335.475006
0	11.104000	0.927246	322.337494	337.287506
1	11.135000	0.983768	320.975006	336.225006
1	11.166000	1.014638	322.718750	335.406250
1	11.197000	1.024493	321.781250	335.218750
1	11.228000	0.987536	322.687500	334.937500
1	11.260000	1.044638	321.975006	334.975006
1	11.306000	1.019130	322.312500	335.625000
1	11.338000	1.027681	322.268738	335.581238
0	11.369000	0.776812	321.500000	338.500000
1	11.400000	0.979710	322.000000	335.500000
1	11.431000	1.048985	320.837494	336.537506
1	11.462000	1.017971	321.362488	334.625000
1	11.494000	1.026087	321.500000	335.000000
1	11.540000	0.997246	322.156250	335.593750
0	11.572000	1.044058	322.000000	334.000000
1	11.603000	1.049275	322.500000	335.500000
1	11.634000	1.045072	322.018738	335.893738
0	11.665000	0.684058	324.500000	341.500000
1	11.696000	0.985942	321.068756	334.743744
0	11.728000	0.761594	322.543762	342.406250
1	11.774000	1.007681	321.993744	335.993744
1	11.806000	1.062464	321.281250	335.718750
1	11.837000	1.043333	321.993744	335.006256
1	11.868000	1.062029	321.774994	335.274994
1	11.899000	0.990145	322.899994	334.649994
1	11.930000	1.042754	322.268738	335.518738
1	11.962000	1.043478	321.750000	334.750000
1	11.993000	1.029275	321.537506	336.162506
1	12.040000	0.999855	321.181244	336.868744
1	12.071000	0.937536	321.531250	335.406250
1	12.102000	1.017536	321.681244	335.331268
1	12.133000	0.983623	322.006256	335.318756
1	12.164000	1.055072	321.000000	334.000000
1	12.196000	1.018841	321.674988	333.375000
1	12.227000	1.043478	321.562500	334.437500
1	12.274000	1.031884	321.750000	334.250000
1	12.305000	0.995652	322.000000	333.875000
1	12.336000	0.983188	322.000000	334.125000
1	12.367000	1.062319	320.775085	334.749939
1	12.398000	1.037681	321.000000	335.000000
1	12.430000	1.061594	321.937500	334.187500
1	12.461000	1.044058	322.500000	333.500000
1	12.508000	1.042754	322.418762	332.481262
1	12.539000	1.031884	323.000000	333.000000
1	12.570000	1.017391	323.250000	333.500000
1	12.601000	1.044493	322.618744	333.381256
1	12.632000	0.985507	323.500000	332.500000
1	12.664000	1.062029	322.274994	334.225006
1	12.695000	1.043333	322.006256	335.006256
1	12.726000	1.049275	321.500000	334.500000
0	12.773000	0.684058	325.500000	342.500000
0	12.804000	0.953188	323.881256	332.743744
1	12.835000	1.068116	321.912506	333.287506
0	12.866000	0.812899	325.118744	337.993744
1	12.898000	1.062464	322.281250	333.218750
1	12.929000	1.059855	321.943756	334.193756
1	12.960000	0.958116	321.718750	332.906250
1	13.007000	0.979710	321.625000	335.625000
1	13.038000	1.027246	321.587494	335.225006
1	13.069000	1.009855	322.012482	334.462494
1	13.100000	1.006377	322.475006	334.475006
1	13.132000	1.020725	321.681244	334.306244
1	13.163000	1.055072	322.500000	333.500000
1	13.194000	1.008696	321.750000	333.750000
0	13.241000	0.972754	322.975006	336.100006
1	13.272000	1.005797	321.750000	336.250000
1	13.303000	1.049275	321.000000	336.500000
1	13.334000	1.037536	320.556244	337.056244
1	13.366000	1.044638	320.524994	337.024994
1	13.397000	1.009420	321.768738	335.468750
1	13.428000	1.025508	321.750061	334.500000
1	13.459000	1.008696	322.500000	333.500000
1	13.506000	1.078261	322.000000	335.000000
0	13.537000	0.742464	325.731232	338.681244
1	13.568000	1.059710	322.725006	334.774994
1	13.600000	1.070580	321.918732	335.868744
1	13.631000	1.043333	321.506256	336.493744
1	13.662000	1.039710	321.437500	336.562500
1	13.693000	1.024493	320.781250	337.218750
1	13.740000	0.994058	322.281250	335.843750
1	13.771000	1.069565	321.250000	336.250000
1	13.802000	1.017391	322.187500	335.312500
1	13.834000	0.990290	323.243744	335.318756
1	13.865000	1.048406	322.062500	333.937500
1	13.896000	1.021014	322.656250	334.206238
1	13.927000	0.957536	323.068756	334.256256
1	13.974000	1.007536	321.975006	334.725006
0	14.005000	0.887247	324.287476	336.025024
0	14.036000	0.973768	322.993744	335.106232
1	14.068000	1.007536	321.225006	336.574982
1	14.099000	1.017391	320.750000	337.000000
1	14.130000	0.731594	321.475006	342.587494
1	14.161000	0.996232	321.562500	335.437500
1	14.192000	1.008696	322.500000	333.500000
1	14.239000	0.976812	322.250000	334.750000
1	14.270000	0.731449	323.931244	340.431244
1	14.302000	1.043333	321.506256	334.493744
0	14.333000	0.848841	324.068756	337.806244
1	14.364000	1.002464	321.818756	334.881256
0	14.395000	0.730435	325.437500	339.187500
1	14.426000	0.978406	321.806244	335.056244
0	14.473000	0.881159	322.500000	335.500000
1	14.504000	0.985507	322.000000	335.000000
1	14.536000	1.008696	322.500000	335.500000
1	14.567000	0.997101	322.500000	334.500000
0	14.598000	0.736377	323.593750	340.281250
1	14.629000	1.008841	322.443756	335.006256
0	14.660000	0.918985	323.343750	335.281250
0	14.707000	0.690290	324.431244	340.931244
1	14.738000	1.010145	321.962463	335.725037
1	14.770000	1.034783	321.500000	336.000000
1	14.801000	1.008696	321.000000	336.000000
1	14.832000	1.038406	320.418762	337.043762
1	14.863000	1.033623	320.537506	336.100006
1	14.894000	0.981594	321.368744	334.368744
1	14.926000	1.042898	320.875000	336.000000
1	14.972000	1.031884	321.500000	334.500000
0	15.004000	1.055072	321.500000	338.500000
1	15.035000	0.985507	321.500000	334.500000
1	15.066000	0.765217	322.437500	341.562500
1	15.097000	1.051159	320.568726	337.431030
1	15.128000	0.716812	320.937500	344.062500
0	15.160000	0.931015	322.375000	336.375000
1	15.191000	1.027246	320.774994	336.774994
1	15.238000	1.043333	321.543732	336.043732
1	15.269000	0.985507	323.500000	334.500000
1	15.300000	1.035942	321.100006	335.574982
0	15.331000	0.939130	322.750000	335.250000
1	15.362000	0.743623	322.268768	342.681244
1	15.394000	1.046232	321.031250	335.981262
1	15.425000	0.985362	321.281250	336.906250
0	15.472000	0.749420	321.593750	342.668762
1	15.503000	1.007536	320.975006	336.725006
1	15.534000	0.997681	323.174988	335.825012
1	15.565000	0.998406	322.106262	335.856262
1	15.596000	1.045072	322.481262	336.018738
1	15.628000	1.040290	321.475006	336.274994
1	15.659000	1.015797	322.656250	336.643738
1	15.706000	1.057536	321.681244	336.318756
1	15.737000	0.997101	321.500000	336.500000
1	15.768000	1.040580	321.012573	337.487488
1	15.799000	1.053333	321.287506	337.899994
1	15.830000	1.020725	321.681244	336.681244
0	15.862000	0.955797	323.106262	336.731262
1	15.893000	1.034928	322.118744	336.118744
0	15.924000	0.962319	321.500000	338.500000
1	15.971000	1.066232	321.318756	336.681244
1	16.002000	1.020725	322.306244	336.693756
1	16.033000	1.057681	321.162506	336.787506
0	16.064000	0.765217	322.500000	343.500000
0	16.096000	1.044058	320.500000	339.000000
1	16.127000	1.008116	321.000000	338.549988
0	16.158000	0.760290	322.562500	342.437500
0	16.205000	0.764638	324.500000	341.625000
0	16.236000	0.733768	324.943756	341.443756
1	16.267000	0.984058	322.656250	336.093750
0	16.298000	0.947246	323.200012	336.375000
0	16.330000	0.662029	325.475006	341.774994
1	16.361000	1.025942	322.243744	336.243744
1	16.392000	0.994928	321.156189	336.843750
1	16.439000	1.031884	320.750000	337.750000
0	16.470000	0.741449	322.687469	343.337494
0	16.501000	0.742464	323.681244	341.306244
1	16.532000	1.008696	322.000000	337.000000
1	16.564000	0.730435	324.250000	342.250000
0	16.595000	0.753623	324.000000	342.000000
1	16.626000	1.028841	322.406250	336.156250
0	16.657000	0.708116	323.812500	342.187500
0	16.704000	0.947246	323.375000	336.125000
0	16.735000	0.937971	322.499817	335.462402
0	16.766000	0.753188	322.456238	342.543762
0	16.798000	0.742898	322.687500	342.437500
0	16.829000	0.747971	323.618744	340.618744
1	16.860000	1.023188	322.212463	334.762512
1	16.891000	0.962319	321.500000	334.500000
1	16.938000	1.070580	322.868744	334.868744
1	16.969000	1.008841	323.256256	334.006256
1	17.000000	1.007681	322.506256	334.493744
1	17.032000	1.055072	321.500000	334.500000
1	17.063000	1.017536	321.331451	336.731049
0	17.094000	1.055072	321.500000	338.500000
1	17.125000	1.023768	320.787506	336.600006
0	17.172000	0.939275	322.493744	333.706207
1	17.203000	1.039276	322.568726	334.068726
1	17.234000	0.989710	323.218750	333.781250
0	17.266000	0.915942	324.500000	331.500000
1	17.297000	1.034058	322.606262	335.393738
1	17.328000	1.035507	321.656250	336.143738
1	17.359000	1.026667	321.750000	336.375000
0	17.390000	0.733623	324.462494	342.212494
0	17.437000	0.757246	321.481262	344.406250
1	17.468000	1.025942	320.756256	337.743744
1	17.500000	1.049420	321.043762	336.668762
0	17.531000	0.791884	323.000000	342.000000
1	17.562000	1.021014	322.668762	335.206238
1	17.593000	1.061594	321.768738	335.781250
1	17.624000	1.026667	322.750000	335.250000
0	17.671000	0.747246	323.375000	342.375000
0	17.702000	0.759275	324.543762	340.043762
1	17.734000	1.034783	321.500000	337.750000
1	17.765000	1.006666	321.474884	338.499786
0	17.796000	0.774928	322.206268	344.868744
1	17.827000	1.061449	320.750000	338.187500
1	17.858000	1.035507	322.143738	336.143738
1	17.905000	0.976377	322.718750	335.106323
1	17.936000	1.096812	321.225006	336.225006
1	17.968000	1.044058	322.500000	335.500000
1	17.999000	1.055072	321.000000	336.000000
<\RIGHT-PUPIL-DATA>
<LEFT-PUPIL-DATA>
542	0
0	-0.066000	13.913043	240.000000	320.000000
0	-0.035000	13.913043	240.000000	320.000000
0	0.012000	13.913043	240.000000	320.000000
0	0.043000	13.913043	240.000000	320.000000
0	0.074000	13.913043	240.000000	320.000000
0	0.105000	13.913043	240.000000	320.000000
0	0.136000	13.913043	240.000000	320.000000
0	0.168000	13.913043	240.000000	320.000000
0	0.199000	13.913043	240.000000	320.000000
0	0.230000	13.913043	240.000000	320.000000
0	0.277000	13.913043	240.000000	320.000000
0	0.308000	13.913043	240.000000	320.000000
0	0.339000	13.913043	240.000000	320.000000
0	0.370000	13.913043	240.000000	320.000000
0	0.402000	13.913043	240.000000	320.000000
0	0.433000	13.913043	240.000000	320.000000
0	0.464000	13.913043	240.000000	320.000000
0	0.511000	13.913043	240.000000	320.000000
0	0.542000	13.913043	240.000000	320.000000
0	0.573000	13.913043	240.000000	320.000000
0	0.604000	13.913043	240.000000	320.000000
0	0.636000	13.913043	240.000000	320.000000
0	0.667000	13.913043	240.000000	320.000000
0	0.698000	13.913043	240.000000	320.000000
0	0.745000	13.913043	240.000000	320.000000
0	0.776000	13.913043	240.000000	320.000000
0	0.807000	13.913043	240.000000	320.000000
0	0.838000	13.913043	240.000000	320.000000
0	0.870000	13.913043	240.000000	320.000000
0	0.901000	13.913043	240.000000	320.000000
0	0.932000	13.913043	240.000000	320.000000
0	0.963000	13.913043	240.000000	320.000000
0	1.010000	13.913043	240.000000	320.000000
0	1.041000	13.913043	240.000000	320.000000
0	1.072000	13.913043	240.000000	320.000000
0	1.104000	13.913043	240.000000	320.000000
0	1.135000	13.913043	240.000000	320.000000
0	1.166000	13.913043	240.000000	320.000000
0	1.197000	13.913043	240.000000	320.000000
0	1.244000	13.913043	240.000000	320.000000
0	1.275000	13.913043	240.000000	320.000000
0	1.306000	13.913043	240.000000	320.000000
0	1.338000	13.913043	240.000000	320.000000
0	1.369000	13.913043	240.000000	320.000000
0	1.400000	13.913043	240.000000	320.000000
0	1.431000	13.913043	240.000000	320.000000
0	1.478000	13.913043	240.000000	320.000000
0	1.509000	13.913043	240.000000	320.000000
0	1.540000	13.913043	240.000000	320.000000
0	1.572000	13.913043	240.000000	320.000000
0	1.603000	13.913043	240.000000	320.000000
0	1.634000	13.913043	240.000000	320.000000
0	1.665000	13.913043	240.000000	320.000000
0	1.696000	13.913043	240.000000	320.000000
0	1.743000	13.913043	240.000000	320.000000
0	1.774000	13.913043	240.000000	320.000000
0	1.806000	13.913043	240.000000	320.000000
0	1.837000	13.913043	240.000000	320.000000
0	1.868000	13.913043	240.000000	320.000000
0	1.899000	13.913043	240.000000	320.000000
0	1.930000	13.913043	240.000000	320.000000
0	1.977000	13.913043	240.000000	320.000000
0	2.008000	13.913043	240.000000	320.000000
0	2.040000	13.913043	240.000000	320.000000
0	2.071000	13.913043	240.000000	320.000000
0	2.102000	13.913043	240.000000	320.000000
0	2.133000	13.913043	240.000000	320.000000
0	2.164000	13.913043	240.000000	320.000000
0	2.211000	13.913043	240.000000	320.000000
0	2.242000	13.913043	240.000000	320.000000
0	2.274000	13.913043	240.000000	320.000000
0	2.305000	13.913043	240.000000	320.000000
0	2.336000	13.913043	240.000000	320.000000
0	2.367000	13.913043	240.000000	320.000000
0	2.398000	13.913043	240.000000	320.000000
0	2.430000	13.913043	240.000000	320.000000
0	2.476000	13.913043	240.000000	320.000000
0	2.508000	13.913043	240.000000	320.000000
0	2.539000	13.913043	240.000000	320.000000
0	2.570000	13.913043	240.000000	320.000000
0	2.601000	13.913043	240.000000	320.000000
0	2.632000	13.913043	240.000000	320.000000
0	2.664000	13.913043	240.000000	320.000000
0	2.710000	13.913043	240.000000	320.000000
0	2.742000	13.913043	240.000000	320.000000
0	2.773000	13.913043	240.000000	320.000000
0	2.804000	13.913043	240.000000	320.000000
0	2.835000	13.913043	240.000000	320.000000
0	2.866000	13.913043	240.000000	320.000000
0	2.898000	13.913043	240.000000	320.000000
0	2.944000	13.913043	240.000000	320.000000
0	2.976000	13.913043	240.000000	320.000000
0	3.007000	13.913043	240.000000	320.000000
0	3.038000	13.913043	240.000000	320.000000
0	3.069000	13.913043	240.000000	320.000000
0	3.100000	13.913043	240.000000	320.000000
0	3.132000	13.913043	240.000000	320.000000
0	3.163000	13.913043	240.000000	320.000000
0	3.210000	13.913043	240.000000	320.000000
0	3.241000	13.913043	240.000000	320.000000
0	3.272000	13.913043	240.000000	320.000000
0	3.303000	13.913043	240.000000	320.000000
0	3.334000	13.913043	240.000000	320.000000
0	3.366000	13.913043	240.000000	320.000000
0	3.397000	13.913043	240.000000	320.000000
0	3.444000	13.913043	240.000000	320.000000
0	3.475000	13.913043	240.000000	320.000000
0	3.506000	13.913043	240.000000	320.000000
0	3.537000	13.913043	240.000000	320.000000
0	3.568000	13.913043	240.000000	320.000000
0	3.600000	13.913043	240.000000	320.000000
0	3.631000	13.913043	240.000000	320.000000
0	3.678000	13.913043	240.000000	320.000000
0	3.709000	13.913043	240.000000	320.000000
0	3.740000	13.913043	240.000000	320.000000
0	3.771000	13.913043	240.000000	320.000000
0	3.802000	13.913043	240.000000	320.000000
0	3.834000	13.913043	240.000000	320.000000
0	3.865000	13.913043	240.000000	320.000000
0	3.896000	13.913043	240.000000	320.000000
0	3.943000	13.913043	240.000000	320.000000
0	3.974000	13.913043	240.000000	320.000000
0	4.005000	13.913043	240.000000	320.000000
0	4.036000	13.913043	240.000000	320.000000
0	4.068000	13.913043	240.000000	320.000000
0	4.099000	13.913043	240.000000	320.000000
0	4.130000	13.913043	240.000000	320.000000
0	4.161000	13.913043	240.000000	320.000000
0	4.208000	13.913043	240.000000	320.000000
0	4.239000	13.913043	240.000000	320.000000
0	4.270000	13.913043	240.000000	320.000000
0	4.302000	13.913043	240.000000	320.000000
0	4.333000	13.913043	240.000000	320.000000
0	4.364000	13.913043	240.000000	320.000000
0	4.395000	13.913043	240.000000	320.000000
0	4.442000	13.913043	240.000000	320.000000
0	4.473000	13.913043	240.000000	320.000000
0	4.504000	13.913043	240.000000	320.000000
0	4.536000	13.913043	240.000000	320.000000
0	4.567000	13.913043	240.000000	320.000000
0	4.598000	13.913043	240.000000	320.000000
0	4.629000	13.913043	240.000000	320.000000
0	4.676000	13.913043	240.000000	320.000000
0	4.707000	13.913043	240.000000	320.000000
0	4.738000	13.913043	240.000000	320.000000
0	4.770000	13.913043	240.000000	320.000000
0	4.801000	13.913043	240.000000	320.000000
0	4.832000	13.913043	240.000000	320.000000
0	4.863000	13.913043	240.000000	320.000000
0	4.894000	13.913043	240.000000	320.000000
0	4.941000	13.913043	240.000000	320.000000
0	4.972000	13.913043	240.000000	320.000000
0	5.004000	13.913043	240.000000	320.000000
0	5.035000	13.913043	240.000000	320.000000
0	5.066000	13.913043	240.000000	320.000000
0	5.097000	13.913043	240.000000	320.000000
0	5.128000	13.913043	240.000000	320.000000
0	5.175000	13.913043	240.000000	320.000000
0	5.206000	13.913043	240.000000	320.000000
0	5.238000	13.913043	240.000000	320.000000
0	5.269000	13.913043	240.000000	320.000000
0	5.300000	13.913043	240.000000	320.000000
0	5.331000	13.913043	240.000000	320.000000
0	5.362000	13.913043	240.000000	320.000000
0	5.409000	13.913043	240.000000	320.000000
0	5.440000	13.913043	240.000000	320.000000
0	5.472000	13.913043	240.000000	320.000000
0	5.503000	13.913043	240.000000	320.000000
0	5.534000	13.913043	240.000000	320.000000
0	5.565000	13.913043	240.000000	320.000000
0	5.596000	13.913043	240.000000	320.000000
0	5.628000	13.913043	240.000000	320.000000
0	5.674000	13.913043	240.000000	320.000000
0	5.706000	13.913043	240.000000	320.000000
0	5.737000	13.913043	240.000000	320.000000
0	5.768000	13.913043	240.000000	320.000000
0	5.799000	13.913043	240.000000	320.000000
0	5.830000	13.913043	240.000000	320.000000
0	5.862000	13.913043	240.000000	320.000000
0	5.908000	13.913043	240.000000	320.000000
0	5.940000	13.913043	240.000000	320.000000
0	5.971000	13.913043	240.000000	320.000000
0	6.002000	13.913043	240.000000	320.000000
0	6.033000	13.913043	240.000000	320.000000
0	6.064000	13.913043	240.000000	320.000000
0	6.096000	13.913043	240.000000	320.000000
0	6.142000	13.913043	240.000000	320.000000
0	6.174000	13.913043	240.000000	320.000000
0	6.205000	13.913043	240.000000	320.000000
0	6.236000	13.913043	240.000000	320.000000
0	6.267000	13.913043	240.000000	320.000000
0	6.298000	13.913043	240.000000	320.000000
0	6.330000	13.913043	240.000000	320.000000
0	6.361000	13.913043	240.000000	320.000000
0	6.408000	13.913043	240.000000	320.000000
0	6.439000	13.913043	240.000000	320.000000
0	6.470000	13.913043	240.000000	320.000000
0	6.501000	13.913043	240.000000	320.000000
0	6.532000	13.913043	240.000000	320.000000
0	6.564000	13.913043	240.000000	320.000000
0	6.595000	13.913043	240.000000	320.000000
0	6.642000	13.913043	240.000000	320.000000
0	6.673000	13.913043	240.000000	320.000000
0	6.704000	13.913043	240.000000	320.000000
0	6.735000	13.913043	240.000000	320.000000
0	6.766000	13.913043	240.000000	320.000000
0	6.798000	13.913043	240.000000	320.000000
0	6.829000	13.913043	240.000000	320.000000
0	6.876000	13.913043	240.000000	320.000000
0	6.907000	13.913043	240.000000	320.000000
0	6.938000	13.913043	240.000000	320.000000
0	6.969000	13.913043	240.000000	320.000000
0	7.000000	13.913043	240.000000	320.000000
0	7.032000	13.913043	240.000000	320.000000
0	7.063000	13.913043	240.000000	320.000000
0	7.094000	13.913043	240.000000	320.000000
0	7.141000	13.913043	240.000000	320.000000
0	7.172000	13.913043	240.000000	320.000000
0	7.203000	13.913043	240.000000	320.000000
0	7.234000	13.913043	240.000000	320.000000
0	7.266000	13.913043	240.000000	320.000000
0	7.297000	13.913043	240.000000	320.000000
0	7.328000	13.913043	240.000000	320.000000
0	7.375000	13.913043	240.000000	320.000000
0	7.406000	13.913043	240.000000	320.000000
0	7.437000	13.913043	240.000000	320.000000
0	7.468000	13.913043	240.000000	320.000000
0	7.500000	13.913043	240.000000	320.000000
0	7.531000	13.913043	240.000000	320.000000
0	7.562000	13.913043	240.000000	320.000000
0	7.609000	13.913043	240.000000	320.000000
0	7.640000	13.913043	240.000000	320.000000
0	7.671000	13.913043	240.000000	320.000000
0	7.702000	13.913043	240.000000	320.000000
0	7.734000	13.913043	240.000000	320.000000
0	7.765000	13.913043	240.000000	320.000000
0	7.796000	13.913043	240.000000	320.000000
0	7.827000	13.913043	240.000000	320.000000
0	7.874000	13.913043	240.000000	320.000000
0	7.905000	13.913043	240.000000	320.000000
0	7.936000	13.913043	240.000000	320.000000
0	7.968000	13.913043	240.000000	320.000000
0	7.999000	13.913043	240.000000	320.000000
0	8.030000	13.913043	240.000000	320.000000
0	8.061000	13.913043	240.000000	320.000000
0	8.092000	13.913043	240.000000	320.000000
0	8.139000	13.913043	240.000000	320.000000
0	8.170000	13.913043	240.000000	320.000000
0	8.202000	13.913043	240.000000	320.000000
0	8.233000	13.913043	240.000000	320.000000
0	8.264000	13.913043	240.000000	320.000000
0	8.295000	13.913043	240.000000	320.000000
0	8.326000	13.913043	240.000000	320.000000
0	8.373000	13.913043	240.000000	320.000000
0	8.404000	13.913043	240.000000	320.000000
0	8.436000	13.913043	240.000000	320.000000
0	8.467000	13.913043	240.000000	320.000000
0	8.498000	13.913043	240.000000	320.000000
0	8.529000	13.913043	240.000000	320.000000
0	8.560000	13.913043	240.000000	320.000000
0	8.607000	13.913043	240.000000	320.000000
0	8.638000	13.913043	240.000000	320.000000
0	8.670000	13.913043	240.000000	320.000000
0	8.701000	13.913043	240.000000	320.000000
0	8.732000	13.913043	240.000000	320.000000
0	8.763000	13.913043	240.000000	320.000000
0	8.794000	13.913043	240.000000	320.000000
0	8.826000	13.913043	240.000000	320.000000
0	8.872000	13.913043	240.000000	320.000000
0	8.904000	13.913043	240.000000	320.000000
0	8.935000	13.913043	240.000000	320.000000
0	8.966000	13.913043	240.000000	320.000000
0	8.997000	13.913043	240.000000	320.000000
0	9.028000	13.913043	240.000000	320.000000
0	9.060000	13.913043	240.000000	320.000000
0	9.106000	13.913043	240.000000	320.000000
0	9.138000	13.913043	240.000000	320.000000
0	9.169000	13.913043	240.000000	320.000000
0	9.200000	13.913043	240.000000	320.000000
0	9.231000	13.913043	240.000000	320.000000
0	9.262000	13.913043	240.000000	320.000000
0	9.294000	13.913043	240.000000	320.000000
0	9.340000	13.913043	240.000000	320.000000
0	9.372000	13.913043	240.000000	320.000000
0	9.403000	13.913043	240.000000	320.000000
0	9.434000	13.913043	240.000000	320.000000
0	9.465000	13.913043	240.000000	320.000000
0	9.496000	13.913043	240.000000	320.000000
0	9.528000	13.913043	240.000000	320.000000
0	9.559000	13.913043	240.000000	320.000000
0	9.606000	13.913043	240.000000	320.000000
0	9.637000	13.913043	240.000000	320.000000
0	9.668000	13.913043	240.000000	320.000000
0	9.699000	13.913043	240.000000	320.000000
0	9.730000	13.913043	240.000000	320.000000
0	9.762000	13.913043	240.000000	320.000000
0	9.793000	13.913043	240.000000	320.000000
0	9.840000	13.913043	240.000000	320.000000
0	9.871000	13.913043	240.000000	320.000000
0	9.902000	13.913043	240.000000	320.000000
0	9.933000	13.913043	240.000000	320.000000
0	9.964000	13.913043	240.000000	320.000000
0	9.996000	13.913043	240.000000	320.000000
0	10.027000	13.913043	240.000000	320.000000
0	10.074000	13.913043	240.000000	320.000000
0	10.105000	13.913043	240.000000	320.000000
0	10.136000	13.913043	240.000000	320.000000
0	10.167000	13.913043	240.000000	320.000000
0	10.198000	13.913043	240.000000	320.000000
0	10.230000	13.913043	240.000000	320.000000
0	10.261000	13.913043	240.000000	320.000000
0	10.292000	13.913043	240.000000	320.000000
0	10.339000	13.913043	240.000000	320.000000
0	10.370000	13.913043	240.000000	320.000000
0	10.401000	13.913043	240.000000	320.000000
0	10.432000	13.913043	240.000000	320.000000
0	10.464000	13.913043	240.000000	320.000000
0	10.495000	13.913043	240.000000	320.000000
0	10.526000	13.913043	240.000000	320.000000
0	10.573000	13.913043	240.000000	320.000000
0	10.604000	13.913043	240.000000	320.000000
0	10.635000	13.913043	240.000000	320.000000
0	10.666000	13.913043	240.000000	320.000000
0	10.698000	13.913043	240.000000	320.000000
0	10.729000	13.913043	240.000000	320.000000
0	10.760000	13.913043	240.000000	320.000000
0	10.807000	13.913043	240.000000	320.000000
0	10.838000	13.913043	240.000000	320.000000
0	10.869000	13.913043	240.000000	320.000000
0	10.900000	13.913043	240.000000	320.000000
0	10.932000	13.913043	240.000000	320.000000
0	10.963000	13.913043	240.000000	320.000000
0	10.994000	13.913043	240.000000	320.000000
0	11.025000	13.913043	240.000000	320.000000
0	11.072000	13.913043	240.000000	320.000000
0	11.103000	13.913043	240.000000	320.000000
0	11.134000	13.913043	240.000000	320.000000
0	11.166000	13.913043	240.000000	320.000000
0	11.197000	13.913043	240.000000	320.000000
0	11.228000	13.913043	240.000000	320.000000
0	11.259000	13.913043	240.000000	320.000000
0	11.306000	13.913043	240.000000	320.000000
0	11.337000	13.913043	240.000000	320.000000
0	11.368000	13.913043	240.000000	320.000000
0	11.400000	13.913043	240.000000	320.000000
0	11.431000	13.913043	240.000000	320.000000
0	11.462000	13.913043	240.000000	320.000000
0	11.493000	13.913043	240.000000	320.000000
0	11.540000	13.913043	240.000000	320.000000
0	11.571000	13.913043	240.000000	320.000000
0	11.602000	13.913043	240.000000	320.000000
0	11.634000	13.913043	240.000000	320.000000
0	11.665000	13.913043	240.000000	320.000000
0	11.696000	13.913043	240.000000	320.000000
0	11.727000	13.913043	240.000000	320.000000
0	11.758000	13.913043	240.000000	320.000000
0	11.805000	13.913043	240.000000	320.000000
0	11.836000	13.913043	240.000000	320.000000
0	11.868000	13.913043	240.000000	320.000000
0	11.899000	13.913043	240.000000	320.000000
0	11.930000	13.913043	240.000000	320.000000
0	11.961000	13.913043	240.000000	320.000000
0	11.992000	13.913043	240.000000	320.000000
0	12.039000	13.913043	240.000000	320.000000
0	12.070000	13.913043	240.000000	320.000000
0	12.102000	13.913043	240.000000	320.000000
0	12.133000	13.913043	240.000000	320.000000
0	12.164000	13.913043	240.000000	320.000000
0	12.195000	13.913043	240.000000	320.000000
0	12.226000	13.913043	240.000000	320.000000
0	12.258000	13.913043	240.000000	320.000000
0	12.304000	13.913043	240.000000	320.000000
0	12.336000	13.913043	240.000000	320.000000
0	12.367000	13.913043	240.000000	320.000000
0	12.398000	13.913043	240.000000	320.000000
0	12.429000	13.913043	240.000000	320.000000
0	12.460000	13.913043	240.000000	320.000000
0	12.492000	13.913043	240.000000	320.000000
0	12.538000	13.913043	240.000000	320.000000
0	12.570000	13.913043	240.000000	320.000000
0	12.601000	13.913043	240.000000	320.000000
0	12.632000	13.913043	240.000000	320.000000
0	12.663000	13.913043	240.000000	320.000000
0	12.694000	13.913043	240.000000	320.000000
0	12.726000	13.913043	240.000000	320.000000
0	12.772000	13.913043	240.000000	320.000000
0	12.804000	13.913043	240.000000	320.000000
0	12.835000	13.913043	240.000000	320.000000
0	12.866000	13.913043	240.000000	320.000000
0	12.897000	13.913043	240.000000	320.000000
0	12.928000	13.913043	240.000000	320.000000
0	12.960000	13.913043	240.000000	320.000000
0	12.991000	13.913043	240.000000	320.000000
0	13.038000	13.913043	240.000000	320.000000
0	13.069000	13.913043	240.000000	320.000000
0	13.100000	13.913043	240.000000	320.000000
0	13.131000	13.913043	240.000000	320.000000
0	13.162000	13.913043	240.000000	320.000000
0	13.194000	13.913043	240.000000	320.000000
0	13.225000	13.913043	240.000000	320.000000
0	13.272000	13.913043	240.000000	320.000000
0	13.303000	13.913043	240.000000	320.000000
0	13.334000	13.913043	240.000000	320.000000
0	13.365000	13.913043	240.000000	320.000000
0	13.396000	13.913043	240.000000	320.000000
0	13.428000	13.913043	240.000000	320.000000
0	13.459000	13.913043	240.000000	320.000000
0	13.490000	13.913043	240.000000	320.000000
0	13.537000	13.913043	240.000000	320.000000
0	13.568000	13.913043	240.000000	320.000000
0	13.599000	13.913043	240.000000	320.000000
0	13.630000	13.913043	240.000000	320.000000
0	13.662000	13.913043	240.000000	320.000000
0	13.693000	13.913043	240.000000	320.000000
0	13.724000	13.913043	240.000000	320.000000
0	13.771000	13.913043	240.000000	320.000000
0	13.802000	13.913043	240.000000	320.000000
0	13.833000	13.913043	240.000000	320.000000
0	13.864000	13.913043	240.000000	320.000000
0	13.896000	13.913043	240.000000	320.000000
0	13.927000	13.913043	240.000000	320.000000
0	13.958000	13.913043	240.000000	320.000000
0	14.005000	13.913043	240.000000	320.000000
0	14.036000	13.913043	240.000000	320.000000
0	14.067000	13.913043	240.000000	320.000000
0	14.098000	13.913043	240.000000	320.000000
0	14.130000	13.913043	240.000000	320.000000
0	14.161000	13.913043	240.000000	320.000000
0	14.192000	13.913043	240.000000	320.000000
0	14.223000	13.913043	240.000000	320.000000
0	14.270000	13.913043	240.000000	320.000000
0	14.301000	13.913043	240.000000	320.000000
0	14.332000	13.913043	240.000000	320.000000
0	14.364000	13.913043	240.000000	320.000000
0	14.395000	13.913043	240.000000	320.000000
0	14.426000	13.913043	240.000000	320.000000
0	14.457000	13.913043	240.000000	320.000000
0	14.504000	13.913043	240.000000	320.000000
0	14.535000	13.913043	240.000000	320.000000
0	14.566000	13.913043	240.000000	320.000000
0	14.598000	13.913043	240.000000	320.000000
0	14.629000	13.913043	240.000000	320.000000
0	14.660000	13.913043	240.000000	320.000000
0	14.691000	13.913043	240.000000	320.000000
0	14.738000	13.913043	240.000000	320.000000
0	14.769000	13.913043	240.000000	320.000000
0	14.800000	13.913043	240.000000	320.000000
0	14.832000	13.913043	240.000000	320.000000
0	14.863000	13.913043	240.000000	320.000000
0	14.894000	13.913043	240.000000	320.000000
0	14.925000	13.913043	240.000000	320.000000
0	14.956000	13.913043	240.000000	320.000000
0	15.003000	13.913043	240.000000	320.000000
0	15.034000	13.913043	240.000000	320.000000
0	15.066000	13.913043	240.000000	320.000000
0	15.097000	13.913043	240.000000	320.000000
0	15.128000	13.913043	240.000000	320.000000
0	15.159000	13.913043	240.000000	320.000000
0	15.190000	13.913043	240.000000	320.000000
0	15.237000	13.913043	240.000000	320.000000
0	15.268000	13.913043	240.000000	320.000000
0	15.300000	13.913043	240.000000	320.000000
0	15.331000	13.913043	240.000000	320.000000
0	15.362000	13.913043	240.000000	320.000000
0	15.393000	13.913043	240.000000	320.000000
0	15.424000	13.913043	240.000000	320.000000
0	15.471000	13.913043	240.000000	320.000000
0	15.502000	13.913043	240.000000	320.000000
0	15.534000	13.913043	240.000000	320.000000
0	15.565000	13.913043	240.000000	320.000000
0	15.596000	13.913043	240.000000	320.000000
0	15.627000	13.913043	240.000000	320.000000
0	15.658000	13.913043	240.000000	320.000000
0	15.690000	13.913043	240.000000	320.000000
0	15.736000	13.913043	240.000000	320.000000
0	15.768000	13.913043	240.000000	320.000000
0	15.799000	13.913043	240.000000	320.000000
0	15.830000	13.913043	240.000000	320.000000
0	15.861000	13.913043	240.000000	320.000000
0	15.892000	13.913043	240.000000	320.000000
0	15.924000	13.913043	240.000000	320.000000
0	15.970000	13.913043	240.000000	320.000000
0	16.002000	13.913043	240.000000	320.000000
0	16.033000	13.913043	240.000000	320.000000
0	16.064000	13.913043	240.000000	320.000000
0	16.095000	13.913043	240.000000	320.000000
0	16.126000	13.913043	240.000000	320.000000
0	16.158000	13.913043	240.000000	320.000000
0	16.189000	13.913043	240.000000	320.000000
0	16.236000	13.913043	240.000000	320.000000
0	16.267000	13.913043	240.000000	320.000000
0	16.298000	13.913043	240.000000	320.000000
0	16.329000	13.913043	240.000000	320.000000
0	16.360000	13.913043	240.000000	320.000000
0	16.392000	13.913043	240.000000	320.000000
0	16.423000	13.913043	240.000000	320.000000
0	16.470000	13.913043	240.000000	320.000000
0	16.501000	13.913043	240.000000	320.000000
0	16.532000	13.913043	240.000000	320.000000
0	16.563000	13.913043	240.000000	320.000000
0	16.594000	13.913043	240.000000	320.000000
0	16.626000	13.913043	240.000000	320.000000
0	16.657000	13.913043	240.000000	320.000000
0	16.704000	13.913043	240.000000	320.000000
0	16.735000	13.913043	240.000000	320.000000
0	16.766000	13.913043	240.000000	320.000000
0	16.797000	13.913043	240.000000	320.000000
0	16.828000	13.913043	240.000000	320.000000
0	16.860000	13.913043	240.000000	320.000000
0	16.891000	13.913043	240.000000	320.000000
0	16.922000	13.913043	240.000000	320.000000
0	16.969000	13.913043	240.000000	320.000000
0	17.000000	13.913043	240.000000	320.000000
0	17.031000	13.913043	240.000000	320.000000
0	17.062000	13.913043	240.000000	320.000000
0	17.094000	13.913043	240.000000	320.000000
0	17.125000	13.913043	240.000000	320.000000
0	17.156000	13.913043	240.000000	320.000000
0	17.203000	13.913043	240.000000	320.000000
0	17.234000	13.913043	240.000000	320.000000
0	17.265000	13.913043	240.000000	320.000000
0	17.296000	13.913043	240.000000	320.000000
0	17.328000	13.913043	240.000000	320.000000
0	17.359000	13.913043	240.000000	320.000000
0	17.390000	13.913043	240.000000	320.000000
0	17.437000	13.913043	240.000000	320.000000
0	17.468000	13.913043	240.000000	320.000000
0	17.499000	13.913043	240.000000	320.000000
0	17.530000	13.913043	240.000000	320.000000
0	17.562000	13.913043	240.000000	320.000000
0	17.593000	13.913043	240.000000	320.000000
0	17.624000	13.913043	240.000000	320.000000
0	17.655000	13.913043	240.000000	320.000000
0	17.702000	13.913043	240.000000	320.000000
0	17.733000	13.913043	240.000000	320.000000
0	17.764000	13.913043	240.000000	320.000000
0	17.796000	13.913043	240.000000	320.000000
0	17.827000	13.913043	240.000000	320.000000
0	17.858000	13.913043	240.000000	320.000000
0	17.889000	13.913043	240.000000	320.000000
0	17.936000	13.913043	240.000000	320.000000
0	17.967000	13.913043	240.000000	320.000000
<\LEFT-PUPIL-DATA>
<RIGHT-PUPIL-ANALYSIS>
1
0	0	17	542	0	0	0.509000	17.518000	0.509000	31625.173828	0.000000	0.000000	0.000000	0	1	1	1	1	0	0	0	0.000000	0.000000	0.000000	0.000000	0.000000	0.000000	0.000000	-1.000000	0.000000	1	1.361942	0.774736	1.457051	0.471421	0.267000	-0.330077	-1.812996	-1.000000	0.112205	1	1.361942	0.774736	1.457051	0.471421	0.267000	-0.342368	-1.812995	-1.000000	0.112205
<\RIGHT-PUPIL-ANALYSIS>
<LEFT-PUPIL-ANALYSIS>
1
0	0	17	541	0	0	0.509000	17.518000	0.509000	31625.173828	0.000000	0.000000	0.000000	0	1	1	1	1	0	0	0	0.000000	0.000000	0.000000	0.000000	0.000000	0.000000	0.000000	-1.000000	0.000000	0	-0.034783	-0.034783	0.000950	0.000950	0.002000	0.000000	0.000000	-1.000000	0.000000	1	-0.034783	-0.034783	0.000950	0.000950	0.002000	-1000000.000000	-1000000.000000	-1.000000	0.000000
<\LEFT-PUPIL-ANALYSIS>
%%%%%%%%%
%%%%%%%%%
%%%%%%%%%
%%%	Measurement Tiime is: 2017-09-05 10:22:10
%%%	Subject ID is: c57-1mois-M2-4.5r
%%%	Note: 
%%%	RSS: Default Human Relative Spectral Sensitivity
%%%	Pupil Analysis:
%%%
%%%
%%%
%%%	Pulse Index:	0
%%%	Stimulus Session Index:	0
%%%	Right Pupil Stimulated
%%%	Light Metric is Photopic
%%%	Stimulus Start Time(sec):	0.51
%%%	Stimulus Duration(sec):	17.52
%%%	Stimulus Pulse Duration(sec):	0.51
%%%	Right Pulse:	31625.17	(Red  )	-	0.00	(Red  )	[Lux ]
%%%	Left Pulse:	0.00	(Red  )	-	0.00	(Red  )	[Lux ]
%%%
%%%		RIGHT	LEFT	R.Pupil Mean	L.Pupil Mean	R.Stim Mean	R.Stim Mean
%%%	INPUT:	RAW DATA	RAW DATA
%%%	STATE:	ABNORMAL	ABNORMAL	ABNORMAL	ABNORMAL	ABNORMAL	ABNORMAL
%%%	MAX(mm):	0.00	0.00	0.00	0.00	0.00	0.00
%%%	MIN(mm):	0.00	0.00	0.00	0.00	0.00	0.00
%%%	DELTA(mm):						
%%%	CH(%):						
%%%	LAT(sec):	0.00	0.00	0.00	0.00	0.00	0.00
%%%	CV(mm/s):	0.00	0.00	0.00	0.00	0.00	0.00
%%%	MCV(mm/s):	0.00	0.00	0.00	0.00	0.00	0.00
%%%	DV(mm/s):	0.00	0.00	0.00	0.00	0.00	0.00
%%%%%%%%%
%%%%%%%%%
%%%%%%%%%
%%%	Right Pupil Profile (1st row -> 1 == valid tracking, 0 == invalid tracking; 2nd row -> time; 3rd row -> diameter (mm))
%%%	1	1	1	1	1	1	1	1	1	1	1	1	1	1	1	1	1	1	1	1	1	1	1	1	1	1	1	1	1	1	1	1	1	1	1	1	1	0	1	1	1	1	1	1	1	0	1	1	1	1	1	1	1	0	0	1	1	0	0	1	0	1	0	0	0	1	0	0	0	0	0	1	0	1	1	1	1	1	0	1	0	1	1	1	1	1	0	1	1	0	1	1	1	0	1	1	1	1	1	1	1	1	1	1	1	1	0	1	1	1	1	1	1	1	1	1	1	1	1	1	1	1	1	1	1	1	1	1	1	1	1	1	1	1	1	1	1	1	1	1	1	1	1	1	1	1	1	1	1	1	0	1	1	1	1	1	1	1	1	1	1	1	1	1	1	1	1	1	1	1	1	1	1	1	1	1	1	1	1	1	1	1	1	1	0	1	1	1	1	1	1	1	0	1	1	1	1	1	1	1	1	0	1	1	1	0	1	1	1	1	1	1	1	1	1	1	1	1	1	1	1	1	1	1	1	1	1	1	1	1	1	1	1	0	0	1	1	1	1	1	1	1	1	1	1	1	1	1	1	1	1	1	0	1	1	1	1	1	1	1	1	1	1	1	1	1	1	1	1	1	1	1	1	1	0	1	1	1	1	1	1	1	1	1	1	1	1	1	1	1	1	1	1	0	1	1	1	0	1	1	1	1	1	1	1	1	1	1	1	1	1	1	1	1	1	1	1	1	0	0	1	1	1	1	1	0	0	0	1	1	1	0	0	0	1	0	1	1	1	1	1	1	1	0	1	1	1	1	1	0	1	1	0	1	0	1	1	1	1	1	1	1	1	1	1	1	1	1	1	1	1	1	1	1	1	1	1	1	1	1	1	1	1	1	1	0	0	1	0	1	1	1	1	1	1	1	1	1	1	0	1	1	1	1	1	1	1	1	0	1	1	1	1	1	1	1	1	1	1	1	1	1	0	0	1	1	1	1	1	1	1	1	0	1	0	1	0	1	1	1	0	1	0	0	1	1	1	1	1	1	1	1	0	1	1	1	1	0	1	1	1	1	0	1	1	1	0	1	1	1	1	1	1	1	1	1	1	1	0	1	0	1	1	1	0	0	1	0	0	0	1	0	0	1	1	1	0	0	1	1	0	1	0	0	0	0	0	0	1	1	1	1	1	1	1	0	1	0	1	1	0	1	1	1	0	0	1	1	0	1	1	1	0	0	1	1	0	1	1	1	1	1	1
%%%	-0.066000	-0.035000	0.012000	0.043000	0.074000	0.106000	0.137000	0.168000	0.199000	0.246000	0.277000	0.308000	0.340000	0.371000	0.402000	0.433000	0.480000	0.511000	0.542000	0.574000	0.605000	0.636000	0.667000	0.698000	0.745000	0.776000	0.808000	0.839000	0.870000	0.901000	0.932000	0.979000	1.010000	1.042000	1.073000	1.104000	1.135000	1.166000	1.213000	1.244000	1.276000	1.307000	1.338000	1.369000	1.400000	1.432000	1.478000	1.510000	1.541000	1.572000	1.603000	1.634000	1.666000	1.712000	1.744000	1.775000	1.806000	1.837000	1.868000	1.900000	1.946000	1.978000	2.009000	2.040000	2.071000	2.102000	2.134000	2.165000	2.212000	2.243000	2.274000	2.305000	2.336000	2.368000	2.399000	2.446000	2.477000	2.508000	2.539000	2.570000	2.602000	2.633000	2.680000	2.711000	2.742000	2.773000	2.804000	2.836000	2.867000	2.898000	2.945000	2.976000	3.007000	3.038000	3.070000	3.101000	3.132000	3.179000	3.210000	3.241000	3.272000	3.304000	3.335000	3.366000	3.397000	3.444000	3.475000	3.506000	3.538000	3.569000	3.600000	3.631000	3.678000	3.709000	3.740000	3.772000	3.803000	3.834000	3.865000	3.912000	3.943000	3.974000	4.006000	4.037000	4.068000	4.099000	4.130000	4.177000	4.208000	4.240000	4.271000	4.302000	4.333000	4.364000	4.411000	4.442000	4.474000	4.505000	4.536000	4.567000	4.598000	4.645000	4.676000	4.708000	4.739000	4.770000	4.801000	4.832000	4.864000	4.910000	4.942000	4.973000	5.004000	5.035000	5.066000	5.098000	5.144000	5.176000	5.207000	5.238000	5.269000	5.300000	5.332000	5.378000	5.410000	5.441000	5.472000	5.503000	5.534000	5.566000	5.597000	5.644000	5.675000	5.706000	5.737000	5.768000	5.800000	5.831000	5.878000	5.909000	5.940000	5.971000	6.002000	6.034000	6.065000	6.096000	6.143000	6.174000	6.205000	6.236000	6.268000	6.299000	6.330000	6.377000	6.408000	6.439000	6.470000	6.502000	6.533000	6.564000	6.611000	6.642000	6.673000	6.704000	6.736000	6.767000	6.798000	6.829000	6.876000	6.907000	6.938000	6.970000	7.001000	7.032000	7.063000	7.110000	7.141000	7.172000	7.204000	7.235000	7.266000	7.297000	7.328000	7.375000	7.406000	7.438000	7.469000	7.500000	7.531000	7.562000	7.609000	7.640000	7.672000	7.703000	7.734000	7.765000	7.796000	7.843000	7.874000	7.906000	7.937000	7.968000	7.999000	8.030000	8.062000	8.108000	8.140000	8.171000	8.202000	8.233000	8.264000	8.296000	8.342000	8.374000	8.405000	8.436000	8.467000	8.498000	8.530000	8.576000	8.608000	8.639000	8.670000	8.701000	8.732000	8.764000	8.795000	8.842000	8.873000	8.904000	8.935000	8.966000	8.998000	9.029000	9.076000	9.107000	9.138000	9.169000	9.200000	9.232000	9.263000	9.310000	9.341000	9.372000	9.403000	9.434000	9.466000	9.497000	9.528000	9.575000	9.606000	9.637000	9.668000	9.700000	9.731000	9.762000	9.809000	9.840000	9.871000	9.902000	9.934000	9.965000	9.996000	10.043000	10.074000	10.105000	10.136000	10.168000	10.199000	10.230000	10.261000	10.308000	10.339000	10.370000	10.402000	10.433000	10.464000	10.495000	10.542000	10.573000	10.604000	10.636000	10.667000	10.698000	10.729000	10.776000	10.807000	10.838000	10.870000	10.901000	10.932000	10.963000	10.994000	11.041000	11.072000	11.104000	11.135000	11.166000	11.197000	11.228000	11.260000	11.306000	11.338000	11.369000	11.400000	11.431000	11.462000	11.494000	11.540000	11.572000	11.603000	11.634000	11.665000	11.696000	11.728000	11.774000	11.806000	11.837000	11.868000	11.899000	11.930000	11.962000	11.993000	12.040000	12.071000	12.102000	12.133000	12.164000	12.196000	12.227000	12.274000	12.305000	12.336000	12.367000	12.398000	12.430000	12.461000	12.508000	12.539000	12.570000	12.601000	12.632000	12.664000	12.695000	12.726000	12.773000	12.804000	12.835000	12.866000	12.898000	12.929000	12.960000	13.007000	13.038000	13.069000	13.100000	13.132000	13.163000	13.194000	13.241000	13.272000	13.303000	13.334000	13.366000	13.397000	13.428000	13.459000	13.506000	13.537000	13.568000	13.600000	13.631000	13.662000	13.693000	13.740000	13.771000	13.802000	13.834000	13.865000	13.896000	13.927000	13.974000	14.005000	14.036000	14.068000	14.099000	14.130000	14.161000	14.192000	14.239000	14.270000	14.302000	14.333000	14.364000	14.395000	14.426000	14.473000	14.504000	14.536000	14.567000	14.598000	14.629000	14.660000	14.707000	14.738000	14.770000	14.801000	14.832000	14.863000	14.894000	14.926000	14.972000	15.004000	15.035000	15.066000	15.097000	15.128000	15.160000	15.191000	15.238000	15.269000	15.300000	15.331000	15.362000	15.394000	15.425000	15.472000	15.503000	15.534000	15.565000	15.596000	15.628000	15.659000	15.706000	15.737000	15.768000	15.799000	15.830000	15.862000	15.893000	15.924000	15.971000	16.002000	16.033000	16.064000	16.096000	16.127000	16.158000	16.205000	16.236000	16.267000	16.298000	16.330000	16.361000	16.392000	16.439000	16.470000	16.501000	16.532000	16.564000	16.595000	16.626000	16.657000	16.704000	16.735000	16.766000	16.798000	16.829000	16.860000	16.891000	16.938000	16.969000	17.000000	17.032000	17.063000	17.094000	17.125000	17.172000	17.203000	17.234000	17.266000	17.297000	17.328000	17.359000	17.390000	17.437000	17.468000	17.500000	17.531000	17.562000	17.593000	17.624000	17.671000	17.702000	17.734000	17.765000	17.796000	17.827000	17.858000	17.905000	17.936000	17.968000	17.999000
%%%	1.344638	1.366232	1.381449	1.391014	1.375073	1.344928	1.388551	1.379710	1.375073	1.378841	1.356522	1.368116	1.375073	1.374203	1.370580	1.375073	1.389855	1.344058	1.344058	1.347536	1.348406	1.344638	1.344928	1.377246	1.356522	1.386377	1.335797	1.331594	1.290145	1.217391	1.105362	1.139710	1.161884	1.078841	1.081594	1.031015	1.013623	0.915942	0.950580	0.931449	0.927246	0.881159	0.869565	0.870580	0.857102	0.486812	0.805507	0.825072	0.818551	0.798406	0.796667	0.794493	0.757246	0.776812	0.464638	0.782609	0.760290	0.500000	0.495072	0.770725	0.495362	0.779275	0.417971	0.452899	0.464493	0.779710	0.452899	0.390290	0.459275	0.495072	0.412029	0.779855	0.477681	0.774493	0.778841	0.778406	0.768116	0.782609	0.512029	0.791304	0.446377	0.814638	0.794493	0.796232	0.822319	0.835942	0.496377	0.829855	0.865797	0.557681	0.859710	0.868406	0.881159	0.805362	0.883188	0.912899	0.900580	0.896812	0.912899	0.904348	0.892754	0.938551	0.848406	0.894203	0.869565	0.909855	0.764058	0.888116	0.929855	0.920725	0.927101	0.907971	0.929855	0.917971	0.886957	0.935362	0.913623	0.904348	0.921595	0.903768	0.931594	0.929275	0.942029	0.944493	0.962319	0.968985	0.888551	0.968551	0.962319	0.891594	0.939855	0.962319	0.973913	0.929275	0.973913	0.938116	0.935362	0.973913	1.000145	0.951594	0.973188	0.969565	0.973913	0.964928	0.968406	0.972319	1.000725	0.969710	0.965217	0.951594	0.694493	0.967102	0.974928	0.936667	0.939130	0.999275	0.942464	0.940290	0.969130	0.973768	0.957246	0.977101	0.931594	0.915942	0.981015	0.927681	0.955797	0.979710	0.959275	1.021014	0.988551	0.975507	1.005797	0.960290	0.902029	0.978406	1.008696	0.947101	0.962464	1.018406	1.024493	1.003188	1.008696	1.000145	0.921739	1.066667	1.000145	1.018985	1.049275	1.020145	1.007536	1.043623	0.955942	0.998985	0.982029	0.988116	0.997101	0.938116	0.978841	1.007536	0.981449	0.915942	0.932029	0.948551	0.962319	0.745072	0.973333	1.017391	1.008696	1.061449	1.017971	1.045797	0.999420	1.017536	1.007536	0.955942	0.997971	1.027246	1.053333	1.048985	1.042898	1.049275	1.044058	0.962319	1.043623	1.031884	1.008841	1.031884	0.988986	1.042754	1.050145	1.018985	1.038986	0.939130	0.957246	1.029855	1.037681	1.038406	1.043478	1.043333	0.951449	1.053188	1.079420	1.061884	1.061014	1.066812	1.061884	1.026667	1.089855	1.038406	1.044058	1.060870	0.959855	1.059710	1.013188	1.061449	1.044058	1.059710	1.019420	0.985507	0.999420	1.044638	1.062464	1.078261	1.008696	1.017971	1.038986	1.033623	1.022319	1.025072	1.021159	1.031884	0.973913	0.915942	0.939130	1.014928	0.972754	1.019710	0.999420	0.951159	1.008696	0.983768	1.042754	1.030725	1.022319	1.021159	1.044638	1.037681	1.046812	1.044058	1.044638	1.084058	1.059855	0.972319	0.962319	1.025797	1.049275	0.974493	1.034203	1.031884	1.053333	0.997101	1.031449	1.044058	0.985507	1.046377	1.055072	1.008696	1.009420	0.972319	1.021159	1.001159	1.034058	1.044058	0.985507	1.007102	1.015072	1.020145	0.869565	0.730435	1.043333	1.044058	1.008116	1.008696	1.025362	1.055072	0.929275	0.672899	1.026667	0.966377	1.017391	0.927536	0.742029	0.874638	0.940290	0.927246	0.983768	1.014638	1.024493	0.987536	1.044638	1.019130	1.027681	0.776812	0.979710	1.048985	1.017971	1.026087	0.997246	1.044058	1.049275	1.045072	0.684058	0.985942	0.761594	1.007681	1.062464	1.043333	1.062029	0.990145	1.042754	1.043478	1.029275	0.999855	0.937536	1.017536	0.983623	1.055072	1.018841	1.043478	1.031884	0.995652	0.983188	1.062319	1.037681	1.061594	1.044058	1.042754	1.031884	1.017391	1.044493	0.985507	1.062029	1.043333	1.049275	0.684058	0.953188	1.068116	0.812899	1.062464	1.059855	0.958116	0.979710	1.027246	1.009855	1.006377	1.020725	1.055072	1.008696	0.972754	1.005797	1.049275	1.037536	1.044638	1.009420	1.025508	1.008696	1.078261	0.742464	1.059710	1.070580	1.043333	1.039710	1.024493	0.994058	1.069565	1.017391	0.990290	1.048406	1.021014	0.957536	1.007536	0.887247	0.973768	1.007536	1.017391	0.731594	0.996232	1.008696	0.976812	0.731449	1.043333	0.848841	1.002464	0.730435	0.978406	0.881159	0.985507	1.008696	0.997101	0.736377	1.008841	0.918985	0.690290	1.010145	1.034783	1.008696	1.038406	1.033623	0.981594	1.042898	1.031884	1.055072	0.985507	0.765217	1.051159	0.716812	0.931015	1.027246	1.043333	0.985507	1.035942	0.939130	0.743623	1.046232	0.985362	0.749420	1.007536	0.997681	0.998406	1.045072	1.040290	1.015797	1.057536	0.997101	1.040580	1.053333	1.020725	0.955797	1.034928	0.962319	1.066232	1.020725	1.057681	0.765217	1.044058	1.008116	0.760290	0.764638	0.733768	0.984058	0.947246	0.662029	1.025942	0.994928	1.031884	0.741449	0.742464	1.008696	0.730435	0.753623	1.028841	0.708116	0.947246	0.937971	0.753188	0.742898	0.747971	1.023188	0.962319	1.070580	1.008841	1.007681	1.055072	1.017536	1.055072	1.023768	0.939275	1.039276	0.989710	0.915942	1.034058	1.035507	1.026667	0.733623	0.757246	1.025942	1.049420	0.791884	1.021014	1.061594	1.026667	0.747246	0.759275	1.034783	1.006666	0.774928	1.061449	1.035507	0.976377	1.096812	1.044058	1.055072
%%%	Left Pupil Profile (1st row -> 1 == valid tracking, 0 == invalid tracking; 2nd row -> time; 3rd row -> diameter (mm))
%%%	0	0	0	0	0	0	0	0	0	0	0	0	0	0	0	0	0	0	0	0	0	0	0	0	0	0	0	0	0	0	0	0	0	0	0	0	0	0	0	0	0	0	0	0	0	0	0	0	0	0	0	0	0	0	0	0	0	0	0	0	0	0	0	0	0	0	0	0	0	0	0	0	0	0	0	0	0	0	0	0	0	0	0	0	0	0	0	0	0	0	0	0	0	0	0	0	0	0	0	0	0	0	0	0	0	0	0	0	0	0	0	0	0	0	0	0	0	0	0	0	0	0	0	0	0	0	0	0	0	0	0	0	0	0	0	0	0	0	0	0	0	0	0	0	0	0	0	0	0	0	0	0	0	0	0	0	0	0	0	0	0	0	0	0	0	0	0	0	0	0	0	0	0	0	0	0	0	0	0	0	0	0	0	0	0	0	0	0	0	0	0	0	0	0	0	0	0	0	0	0	0	0	0	0	0	0	0	0	0	0	0	0	0	0	0	0	0	0	0	0	0	0	0	0	0	0	0	0	0	0	0	0	0	0	0	0	0	0	0	0	0	0	0	0	0	0	0	0	0	0	0	0	0	0	0	0	0	0	0	0	0	0	0	0	0	0	0	0	0	0	0	0	0	0	0	0	0	0	0	0	0	0	0	0	0	0	0	0	0	0	0	0	0	0	0	0	0	0	0	0	0	0	0	0	0	0	0	0	0	0	0	0	0	0	0	0	0	0	0	0	0	0	0	0	0	0	0	0	0	0	0	0	0	0	0	0	0	0	0	0	0	0	0	0	0	0	0	0	0	0	0	0	0	0	0	0	0	0	0	0	0	0	0	0	0	0	0	0	0	0	0	0	0	0	0	0	0	0	0	0	0	0	0	0	0	0	0	0	0	0	0	0	0	0	0	0	0	0	0	0	0	0	0	0	0	0	0	0	0	0	0	0	0	0	0	0	0	0	0	0	0	0	0	0	0	0	0	0	0	0	0	0	0	0	0	0	0	0	0	0	0	0	0	0	0	0	0	0	0	0	0	0	0	0	0	0	0	0	0	0	0	0	0	0	0	0	0	0	0	0	0	0	0	0	0	0	0	0	0	0	0	0	0	0	0	0	0	0	0	0	0	0	0	0	0	0	0	0	0	0	0	0	0	0	0	0	0	0	0	0	0	0	0	0	0	0	0	0	0	0	0	0	0	0	0	0	0	0	0	0	0	0	0	0	0	0	0	0	0	0	0	0
%%%	-0.066000	-0.035000	0.012000	0.043000	0.074000	0.105000	0.136000	0.168000	0.199000	0.230000	0.277000	0.308000	0.339000	0.370000	0.402000	0.433000	0.464000	0.511000	0.542000	0.573000	0.604000	0.636000	0.667000	0.698000	0.745000	0.776000	0.807000	0.838000	0.870000	0.901000	0.932000	0.963000	1.010000	1.041000	1.072000	1.104000	1.135000	1.166000	1.197000	1.244000	1.275000	1.306000	1.338000	1.369000	1.400000	1.431000	1.478000	1.509000	1.540000	1.572000	1.603000	1.634000	1.665000	1.696000	1.743000	1.774000	1.806000	1.837000	1.868000	1.899000	1.930000	1.977000	2.008000	2.040000	2.071000	2.102000	2.133000	2.164000	2.211000	2.242000	2.274000	2.305000	2.336000	2.367000	2.398000	2.430000	2.476000	2.508000	2.539000	2.570000	2.601000	2.632000	2.664000	2.710000	2.742000	2.773000	2.804000	2.835000	2.866000	2.898000	2.944000	2.976000	3.007000	3.038000	3.069000	3.100000	3.132000	3.163000	3.210000	3.241000	3.272000	3.303000	3.334000	3.366000	3.397000	3.444000	3.475000	3.506000	3.537000	3.568000	3.600000	3.631000	3.678000	3.709000	3.740000	3.771000	3.802000	3.834000	3.865000	3.896000	3.943000	3.974000	4.005000	4.036000	4.068000	4.099000	4.130000	4.161000	4.208000	4.239000	4.270000	4.302000	4.333000	4.364000	4.395000	4.442000	4.473000	4.504000	4.536000	4.567000	4.598000	4.629000	4.676000	4.707000	4.738000	4.770000	4.801000	4.832000	4.863000	4.894000	4.941000	4.972000	5.004000	5.035000	5.066000	5.097000	5.128000	5.175000	5.206000	5.238000	5.269000	5.300000	5.331000	5.362000	5.409000	5.440000	5.472000	5.503000	5.534000	5.565000	5.596000	5.628000	5.674000	5.706000	5.737000	5.768000	5.799000	5.830000	5.862000	5.908000	5.940000	5.971000	6.002000	6.033000	6.064000	6.096000	6.142000	6.174000	6.205000	6.236000	6.267000	6.298000	6.330000	6.361000	6.408000	6.439000	6.470000	6.501000	6.532000	6.564000	6.595000	6.642000	6.673000	6.704000	6.735000	6.766000	6.798000	6.829000	6.876000	6.907000	6.938000	6.969000	7.000000	7.032000	7.063000	7.094000	7.141000	7.172000	7.203000	7.234000	7.266000	7.297000	7.328000	7.375000	7.406000	7.437000	7.468000	7.500000	7.531000	7.562000	7.609000	7.640000	7.671000	7.702000	7.734000	7.765000	7.796000	7.827000	7.874000	7.905000	7.936000	7.968000	7.999000	8.030000	8.061000	8.092000	8.139000	8.170000	8.202000	8.233000	8.264000	8.295000	8.326000	8.373000	8.404000	8.436000	8.467000	8.498000	8.529000	8.560000	8.607000	8.638000	8.670000	8.701000	8.732000	8.763000	8.794000	8.826000	8.872000	8.904000	8.935000	8.966000	8.997000	9.028000	9.060000	9.106000	9.138000	9.169000	9.200000	9.231000	9.262000	9.294000	9.340000	9.372000	9.403000	9.434000	9.465000	9.496000	9.528000	9.559000	9.606000	9.637000	9.668000	9.699000	9.730000	9.762000	9.793000	9.840000	9.871000	9.902000	9.933000	9.964000	9.996000	10.027000	10.074000	10.105000	10.136000	10.167000	10.198000	10.230000	10.261000	10.292000	10.339000	10.370000	10.401000	10.432000	10.464000	10.495000	10.526000	10.573000	10.604000	10.635000	10.666000	10.698000	10.729000	10.760000	10.807000	10.838000	10.869000	10.900000	10.932000	10.963000	10.994000	11.025000	11.072000	11.103000	11.134000	11.166000	11.197000	11.228000	11.259000	11.306000	11.337000	11.368000	11.400000	11.431000	11.462000	11.493000	11.540000	11.571000	11.602000	11.634000	11.665000	11.696000	11.727000	11.758000	11.805000	11.836000	11.868000	11.899000	11.930000	11.961000	11.992000	12.039000	12.070000	12.102000	12.133000	12.164000	12.195000	12.226000	12.258000	12.304000	12.336000	12.367000	12.398000	12.429000	12.460000	12.492000	12.538000	12.570000	12.601000	12.632000	12.663000	12.694000	12.726000	12.772000	12.804000	12.835000	12.866000	12.897000	12.928000	12.960000	12.991000	13.038000	13.069000	13.100000	13.131000	13.162000	13.194000	13.225000	13.272000	13.303000	13.334000	13.365000	13.396000	13.428000	13.459000	13.490000	13.537000	13.568000	13.599000	13.630000	13.662000	13.693000	13.724000	13.771000	13.802000	13.833000	13.864000	13.896000	13.927000	13.958000	14.005000	14.036000	14.067000	14.098000	14.130000	14.161000	14.192000	14.223000	14.270000	14.301000	14.332000	14.364000	14.395000	14.426000	14.457000	14.504000	14.535000	14.566000	14.598000	14.629000	14.660000	14.691000	14.738000	14.769000	14.800000	14.832000	14.863000	14.894000	14.925000	14.956000	15.003000	15.034000	15.066000	15.097000	15.128000	15.159000	15.190000	15.237000	15.268000	15.300000	15.331000	15.362000	15.393000	15.424000	15.471000	15.502000	15.534000	15.565000	15.596000	15.627000	15.658000	15.690000	15.736000	15.768000	15.799000	15.830000	15.861000	15.892000	15.924000	15.970000	16.002000	16.033000	16.064000	16.095000	16.126000	16.158000	16.189000	16.236000	16.267000	16.298000	16.329000	16.360000	16.392000	16.423000	16.470000	16.501000	16.532000	16.563000	16.594000	16.626000	16.657000	16.704000	16.735000	16.766000	16.797000	16.828000	16.860000	16.891000	16.922000	16.969000	17.000000	17.031000	17.062000	17.094000	17.125000	17.156000	17.203000	17.234000	17.265000	17.296000	17.328000	17.359000	17.390000	17.437000	17.468000	17.499000	17.530000	17.562000	17.593000	17.624000	17.655000	17.702000	17.733000	17.764000	17.796000	17.827000	17.858000	17.889000	17.936000	17.967000
%%%	13.913043	13.913043	13.913043	13.913043	13.913043	13.913043	13.913043	13.913043	13.913043	13.913043	13.913043	13.913043	13.913043	13.913043	13.913043	13.913043	13.913043	13.913043	13.913043	13.913043	13.913043	13.913043	13.913043	13.913043	13.913043	13.913043	13.913043	13.913043	13.913043	13.913043	13.913043	13.913043	13.913043	13.913043	13.913043	13.913043	13.913043	13.913043	13.913043	13.913043	13.913043	13.913043	13.913043	13.913043	13.913043	13.913043	13.913043	13.913043	13.913043	13.913043	13.913043	13.913043	13.913043	13.913043	13.913043	13.913043	13.913043	13.913043	13.913043	13.913043	13.913043	13.913043	13.913043	13.913043	13.913043	13.913043	13.913043	13.913043	13.913043	13.913043	13.913043	13.913043	13.913043	13.913043	13.913043	13.913043	13.913043	13.913043	13.913043	13.913043	13.913043	13.913043	13.913043	13.913043	13.913043	13.913043	13.913043	13.913043	13.913043	13.913043	13.913043	13.913043	13.913043	13.913043	13.913043	13.913043	13.913043	13.913043	13.913043	13.913043	13.913043	13.913043	13.913043	13.913043	13.913043	13.913043	13.913043	13.913043	13.913043	13.913043	13.913043	13.913043	13.913043	13.913043	13.913043	13.913043	13.913043	13.913043	13.913043	13.913043	13.913043	13.913043	13.913043	13.913043	13.913043	13.913043	13.913043	13.913043	13.913043	13.913043	13.913043	13.913043	13.913043	13.913043	13.913043	13.913043	13.913043	13.913043	13.913043	13.913043	13.913043	13.913043	13.913043	13.913043	13.913043	13.913043	13.913043	13.913043	13.913043	13.913043	13.913043	13.913043	13.913043	13.913043	13.913043	13.913043	13.913043	13.913043	13.913043	13.913043	13.913043	13.913043	13.913043	13.913043	13.913043	13.913043	13.913043	13.913043	13.913043	13.913043	13.913043	13.913043	13.913043	13.913043	13.913043	13.913043	13.913043	13.913043	13.913043	13.913043	13.913043	13.913043	13.913043	13.913043	13.913043	13.913043	13.913043	13.913043	13.913043	13.913043	13.913043	13.913043	13.913043	13.913043	13.913043	13.913043	13.913043	13.913043	13.913043	13.913043	13.913043	13.913043	13.913043	13.913043	13.913043	13.913043	13.913043	13.913043	13.913043	13.913043	13.913043	13.913043	13.913043	13.913043	13.913043	13.913043	13.913043	13.913043	13.913043	13.913043	13.913043	13.913043	13.913043	13.913043	13.913043	13.913043	13.913043	13.913043	13.913043	13.913043	13.913043	13.913043	13.913043	13.913043	13.913043	13.913043	13.913043	13.913043	13.913043	13.913043	13.913043	13.913043	13.913043	13.913043	13.913043	13.913043	13.913043	13.913043	13.913043	13.913043	13.913043	13.913043	13.913043	13.913043	13.913043	13.913043	13.913043	13.913043	13.913043	13.913043	13.913043	13.913043	13.913043	13.913043	13.913043	13.913043	13.913043	13.913043	13.913043	13.913043	13.913043	13.913043	13.913043	13.913043	13.913043	13.913043	13.913043	13.913043	13.913043	13.913043	13.913043	13.913043	13.913043	13.913043	13.913043	13.913043	13.913043	13.913043	13.913043	13.913043	13.913043	13.913043	13.913043	13.913043	13.913043	13.913043	13.913043	13.913043	13.913043	13.913043	13.913043	13.913043	13.913043	13.913043	13.913043	13.913043	13.913043	13.913043	13.913043	13.913043	13.913043	13.913043	13.913043	13.913043	13.913043	13.913043	13.913043	13.913043	13.913043	13.913043	13.913043	13.913043	13.913043	13.913043	13.913043	13.913043	13.913043	13.913043	13.913043	13.913043	13.913043	13.913043	13.913043	13.913043	13.913043	13.913043	13.913043	13.913043	13.913043	13.913043	13.913043	13.913043	13.913043	13.913043	13.913043	13.913043	13.913043	13.913043	13.913043	13.913043	13.913043	13.913043	13.913043	13.913043	13.913043	13.913043	13.913043	13.913043	13.913043	13.913043	13.913043	13.913043	13.913043	13.913043	13.913043	13.913043	13.913043	13.913043	13.913043	13.913043	13.913043	13.913043	13.913043	13.913043	13.913043	13.913043	13.913043	13.913043	13.913043	13.913043	13.913043	13.913043	13.913043	13.913043	13.913043	13.913043	13.913043	13.913043	13.913043	13.913043	13.913043	13.913043	13.913043	13.913043	13.913043	13.913043	13.913043	13.913043	13.913043	13.913043	13.913043	13.913043	13.913043	13.913043	13.913043	13.913043	13.913043	13.913043	13.913043	13.913043	13.913043	13.913043	13.913043	13.913043	13.913043	13.913043	13.913043	13.913043	13.913043	13.913043	13.913043	13.913043	13.913043	13.913043	13.913043	13.913043	13.913043	13.913043	13.913043	13.913043	13.913043	13.913043	13.913043	13.913043	13.913043	13.913043	13.913043	13.913043	13.913043	13.913043	13.913043	13.913043	13.913043	13.913043	13.913043	13.913043	13.913043	13.913043	13.913043	13.913043	13.913043	13.913043	13.913043	13.913043	13.913043	13.913043	13.913043	13.913043	13.913043	13.913043	13.913043	13.913043	13.913043	13.913043	13.913043	13.913043	13.913043	13.913043	13.913043	13.913043	13.913043	13.913043	13.913043	13.913043	13.913043	13.913043	13.913043	13.913043	13.913043	13.913043	13.913043	13.913043	13.913043	13.913043	13.913043	13.913043	13.913043	13.913043	13.913043	13.913043	13.913043	13.913043	13.913043	13.913043	13.913043	13.913043	13.913043	13.913043	13.913043	13.913043	13.913043	13.913043	13.913043	13.913043	13.913043	13.913043	13.913043	13.913043	13.913043	13.913043	13.913043	13.913043	13.913043	13.913043	13.913043	13.913043	13.913043	13.913043	13.913043	13.913043	13.913043	13.913043	13.913043	13.913043	13.913043	13.913043	13.913043	13.913043	13.913043	13.913043	13.913043	13.913043	13.913043	13.913043	13.913043	13.913043	13.913043	13.913043	13.913043	13.913043	13.913043	13.913043
%%%	Pulse Index	Stimulus Section Index	Stimulus Section Start Index	Stimulus Section End Index	Pupil Stimulated: 0 = Right, 1 = Left, 2 = Both	Light Metric: 0 = Photopic, 1 = Scopotic, 2 = Radiometric	Stimulus Start Time	Stimulus Duration	Stimulus Pulse Duration	Right Pulse Max Level	Right Pulse Max Color (0123 = WRGB)	Right Pulse Min Level	Right Pulse Min Color (0123 = WRGB)	Left Pulse Max Level	Left Pulse Max Color (0123 = WRGB)	Left Pulse Min Level	Left Pulse Min Color (0123 = WRGB)	Right Data Input Type (0 == RAW DATA, 1 == FITTED DATA, 2 == M. OVERRIDED)	Right ANALYSIS STATE (0 == ABNORMAL, 1 == NORMAL)	Right MAX (mm) (EMPTY if INVALID)	Right MIN (mm) (EMPTY if INVALID)	Right DELTA (mm) (EMPTY if INVALID)	Right CH (%) (EMPTY if INVALID)	Right LAT (sec) (EMPTY if INVALID)	Right CV (mm/s) (EMPTY if INVALID)	Right MCV (mm/s) (EMPTY if INVALID)	Right DV (mm/s) (EMPTY if INVALID)	Left Data Input Type (0 == RAW DATA, 1 == FITTED DATA, 2 == M. OVERRIDED)	Left ANALYSIS STATE (0 == ABNORMAL, 1 == NORMAL)	Left MAX (mm) (EMPTY if INVALID)	Left MIN (mm) (EMPTY if INVALID)	Left DELTA (mm) (EMPTY if INVALID)	Left CH (%) (EMPTY if INVALID)	Left LAT (sec) (EMPTY if INVALID)	Left CV (mm/s) (EMPTY if INVALID)	Left MCV (mm/s) (EMPTY if INVALID)	Left DV (mm/s) (EMPTY if INVALID)
%%%	0	0	17	542	0	0	0.51	17.52	0.51	31625.17	1	0.00	1	0.00	1	0.00	1	0	0	0.00	0.00			0.00	0.00	0.00	0.00	0	0	0.00	0.00			0.00	0.00	0.00	0.00
%%%%%%%%%
%%%%%%%%%
%%%%%%%%%
<\SESSION>
