<SESSION>
<VERSION>
2
<\VERSION>
<DATE>
2017-09-05 10:27:35
<\DATE>
<SUBJECT-ID>
c57-1mois-F3-2r
<\SUBJECT-ID>
<NOTE>

<\NOTE>
<MIN-MAX-PLOT>
0.100000 51880.761719
<\MIN-MAX-PLOT>
<STIMULUS-DEFINED>
Default
Default Human Relative Spectral Sensitivity
1	0
1	0.500000	0.500000	17.000000	1	1	2.000000	-100.000000	0.100000	-100.000000	0
<\STIMULUS-DEFINED>
<STIMULUS-GENERATED>
4
0	0	0.000000	1	0.000000	0.000000	1	0.000000	0.000000
0	1	0.509000	1	0.406861	99.710426	1	0.000000	0.000000
0	4	1.019000	1	0.000000	0.000000	1	0.000000	0.000000
-1	5	18.028000	0	0.000000	0.000000	0	0.000000	0.000000
<\STIMULUS-GENERATED>
<RIGHT-PUPIL-DATA>
542	1
1	-0.051000	1.466667	335.500000	331.500000
1	-0.020000	1.426087	333.500000	330.500000
1	0.011000	1.452899	335.581238	331.856262
1	0.042000	1.472464	335.549988	331.450012
1	0.074000	1.455942	335.450012	331.825012
1	0.105000	1.476667	335.018738	332.531250
1	0.136000	1.479420	336.225006	331.475006
1	0.167000	1.487391	335.193695	332.906494
1	0.214000	1.464058	335.087494	332.962494
1	0.245000	1.462899	334.787506	333.024994
1	0.276000	1.455797	334.831238	332.956238
1	0.308000	1.462464	335.206238	332.718750
1	0.339000	1.460145	335.206238	332.456238
1	0.370000	1.467971	335.406250	332.893738
1	0.401000	1.472464	335.125000	332.625000
1	0.448000	1.426087	336.500000	331.500000
1	0.479000	1.426667	335.250000	332.500000
1	0.510000	1.444493	334.993744	332.793732
1	0.542000	1.472319	335.343750	333.343750
1	0.573000	1.472319	335.406250	333.468750
1	0.604000	1.481449	335.537506	334.324982
1	0.635000	1.460725	335.181244	334.181244
1	0.682000	1.468986	335.562500	334.062500
1	0.713000	1.477681	335.500000	333.375000
1	0.744000	1.464058	335.537506	332.787506
1	0.776000	1.425073	335.706268	333.206207
1	0.807000	1.377681	335.987488	332.862488
1	0.838000	1.344058	336.312500	332.687500
1	0.869000	1.299420	336.137512	332.687500
1	0.900000	1.240580	336.500000	331.500000
1	0.947000	1.227101	335.493744	332.943756
1	0.978000	1.150725	336.000000	332.000000
1	1.010000	1.063768	339.593750	332.718750
1	1.041000	1.018551	338.649994	332.600006
1	1.072000	1.032029	337.593750	332.331238
1	1.103000	1.022319	336.750000	332.187500
1	1.134000	0.962319	337.500000	330.500000
1	1.181000	0.920580	338.225006	331.262482
1	1.212000	0.920580	337.725006	331.725006
1	1.244000	0.921014	337.606262	331.468750
1	1.275000	0.922899	337.600006	331.662506
0	1.306000	0.869565	337.500000	330.500000
1	1.337000	0.912464	337.437500	332.250000
1	1.368000	0.913188	337.868744	332.368744
1	1.400000	0.901449	337.450012	332.750000
1	1.446000	0.869565	337.500000	334.500000
1	1.478000	0.894638	337.868744	332.868744
1	1.509000	0.828841	338.656250	332.656250
1	1.540000	0.903768	337.625000	333.000000
1	1.571000	0.861594	338.281250	333.268738
1	1.602000	0.886232	337.768738	332.968750
1	1.634000	0.913768	336.893738	333.656250
1	1.680000	0.920145	336.781250	333.768738
1	1.712000	0.903623	337.981262	334.018738
1	1.743000	0.921594	336.631256	334.243744
1	1.774000	0.947536	337.362488	334.400024
1	1.805000	0.920580	337.225006	333.774994
1	1.836000	0.968840	336.993744	333.531281
1	1.868000	0.972464	336.875000	333.250000
1	1.899000	0.981594	337.368744	333.381256
1	1.946000	0.956522	337.375000	333.625000
1	1.977000	0.985507	337.375000	333.625000
1	2.008000	0.962319	337.500000	334.500000
1	2.039000	1.035362	337.375000	334.375000
0	2.070000	1.055072	337.500000	330.500000
1	2.102000	1.017391	338.000000	334.250000
1	2.133000	1.044638	336.475006	334.975006
1	2.180000	1.018116	337.106262	334.393738
1	2.211000	1.016667	337.306183	334.143707
1	2.242000	1.007102	338.731201	333.518738
1	2.273000	0.985507	337.500000	334.500000
1	2.304000	0.998985	338.168732	333.418732
1	2.336000	0.939130	338.000000	332.000000
1	2.367000	0.967971	337.468750	332.843750
1	2.414000	0.973913	336.500000	332.500000
1	2.445000	0.988551	337.706238	333.718750
1	2.476000	0.968406	337.037506	334.087494
1	2.507000	0.947246	337.375000	334.375000
1	2.538000	0.973333	338.000000	333.500000
1	2.570000	1.010580	336.581238	335.031250
1	2.601000	1.031884	335.500000	334.500000
1	2.632000	0.969420	337.943756	334.143707
1	2.679000	1.024493	337.218750	334.218750
1	2.710000	0.962319	337.500000	334.500000
1	2.741000	0.954928	338.718750	333.281250
1	2.772000	1.024928	338.225006	333.225006
1	2.804000	1.045652	338.062500	333.187500
1	2.835000	1.007102	338.518738	333.518738
1	2.866000	1.087536	336.875000	334.062500
1	2.913000	1.081449	336.024994	334.462494
1	2.944000	1.025072	337.293732	334.193756
1	2.975000	1.062029	336.724884	334.274872
1	3.006000	0.994638	337.618744	333.256256
1	3.038000	1.018694	338.319214	333.130920
1	3.069000	1.061014	338.193756	333.743744
1	3.100000	1.050725	336.875000	333.125000
1	3.147000	1.072464	336.000000	333.500000
1	3.178000	1.053188	336.618744	334.131256
1	3.209000	1.019855	337.318787	334.631226
1	3.240000	1.016812	337.674988	334.575012
1	3.272000	0.998841	337.850006	334.899994
1	3.303000	0.989710	337.593750	335.343750
1	3.334000	0.996232	337.812500	335.437500
1	3.365000	0.990145	337.225006	335.337494
1	3.412000	0.990290	337.243744	334.681244
1	3.443000	1.066377	336.287506	335.787506
1	3.474000	0.991304	337.500000	334.500000
1	3.506000	0.947681	337.868744	334.618744
1	3.537000	0.990290	337.243744	334.756256
1	3.568000	0.985942	338.681244	335.318756
1	3.599000	0.972754	337.975006	334.774994
1	3.646000	1.043333	336.493744	336.493744
1	3.677000	0.990725	338.062500	335.750000
1	3.708000	0.990290	337.243744	335.756256
1	3.740000	1.038841	336.462494	335.537506
1	3.771000	1.062753	336.768921	335.268921
1	3.802000	1.014493	338.000000	335.000000
1	3.833000	1.009420	338.518738	334.981262
1	3.880000	1.007102	337.518738	334.518738
0	3.911000	0.983188	338.000000	334.250000
1	3.942000	1.118551	335.912506	335.537506
1	3.974000	0.969565	337.000000	334.125000
1	4.005000	1.098985	335.756256	336.643768
0	4.036000	0.996232	337.812500	335.812500
1	4.067000	1.024058	336.387543	335.837494
1	4.098000	1.094638	335.243744	336.868744
1	4.145000	0.974493	337.500000	336.000000
1	4.176000	1.033188	337.468750	337.656250
1	4.208000	1.024638	336.762390	335.212524
1	4.239000	1.026087	337.125000	336.875000
0	4.270000	0.985797	336.912506	335.975006
0	4.301000	0.988551	336.281250	334.281250
1	4.332000	0.978406	337.381256	337.056244
1	4.379000	0.978261	337.968750	337.156250
1	4.410000	1.078261	335.500000	338.500000
1	4.442000	1.062464	335.756226	337.281250
1	4.473000	1.047246	336.112488	337.062500
1	4.504000	1.072319	335.993713	337.281250
1	4.535000	1.075507	336.068848	337.930908
1	4.566000	1.033768	337.468567	336.831299
1	4.613000	1.114203	336.274994	336.850006
1	4.644000	1.081594	336.243683	336.993805
1	4.676000	1.034638	336.368744	336.368744
1	4.707000	1.095652	336.375000	337.125000
0	4.738000	0.968406	336.962494	335.537506
0	4.769000	0.962319	337.500000	334.500000
1	4.800000	1.008696	338.000000	338.000000
1	4.832000	1.017681	337.862488	338.625000
1	4.878000	1.059855	335.306244	337.756256
1	4.910000	1.094638	336.368744	339.193756
1	4.941000	1.089855	336.750000	338.750000
1	4.972000	1.098841	336.712494	338.712494
1	5.003000	1.113768	337.018738	339.293762
1	5.034000	1.062029	337.774994	339.225006
0	5.066000	1.008696	338.000000	338.000000
1	5.112000	1.051449	337.456329	338.593719
1	5.144000	1.079855	335.968750	339.968750
1	5.175000	1.031884	338.000000	339.000000
1	5.206000	1.060725	336.306244	339.243744
1	5.237000	1.080435	336.006256	339.993744
1	5.268000	1.031594	337.712494	339.524994
1	5.300000	1.095797	336.243744	339.243744
1	5.331000	1.062029	336.774994	339.712494
1	5.378000	0.962319	338.875000	337.875000
1	5.409000	1.016377	337.618713	338.681213
0	5.440000	0.968985	337.062500	337.062500
1	5.471000	1.034058	337.606262	339.143738
0	5.502000	1.009420	337.468750	338.981262
1	5.534000	1.072319	336.281250	339.906250
1	5.565000	1.017971	337.625000	339.674988
0	5.612000	1.020290	337.375000	338.137512
0	5.643000	0.920145	339.218750	338.781250
1	5.674000	1.081594	336.493744	339.993744
0	5.705000	0.977246	337.868744	338.568756
0	5.736000	1.007246	338.049988	338.987427
1	5.768000	1.070145	337.125000	339.612488
1	5.799000	1.053333	337.899994	340.100006
0	5.846000	0.968116	337.625000	337.875000
1	5.877000	1.104928	336.625000	340.250000
1	5.908000	1.055072	337.500000	342.500000
1	5.939000	1.089855	335.500000	340.500000
1	5.970000	1.025362	337.731262	340.768738
1	6.002000	1.026087	337.500000	340.000000
1	6.033000	1.138551	336.424988	340.325012
1	6.064000	1.081449	336.537506	340.462494
1	6.111000	1.100580	335.700012	340.187500
1	6.142000	1.043333	338.006256	340.493744
1	6.173000	1.047102	338.068665	339.543701
1	6.204000	1.018985	337.656250	339.656250
1	6.236000	1.132029	336.281250	340.281250
1	6.267000	1.033623	336.524994	338.475006
1	6.298000	1.094058	335.843750	341.218750
0	6.345000	0.939855	337.031250	338.518738
1	6.376000	1.078841	336.000000	340.487488
1	6.407000	1.122754	336.381256	340.381256
1	6.438000	1.100725	335.668762	339.668762
1	6.470000	1.123333	335.968750	340.406250
1	6.501000	1.118841	335.500000	340.000000
0	6.532000	1.013188	338.393768	338.393768
1	6.579000	1.133768	336.193756	339.743744
1	6.610000	1.147826	337.500000	338.500000
1	6.641000	1.147826	337.500000	338.500000
1	6.672000	1.133768	335.806244	340.806244
1	6.704000	1.136232	335.531250	340.218750
1	6.735000	1.044058	337.987488	340.500000
1	6.766000	1.049420	336.656250	340.093750
1	6.797000	1.098406	336.331238	340.718750
1	6.844000	1.068116	336.262512	340.674988
0	6.875000	1.005797	338.549988	339.450012
0	6.906000	1.009420	338.018738	339.981262
1	6.938000	1.071159	336.331238	339.893738
1	6.969000	1.097971	336.274994	341.162506
1	7.000000	1.065797	336.312500	340.687500
1	7.031000	1.026667	337.750000	341.250000
1	7.078000	1.046667	336.975006	340.899994
1	7.109000	1.059855	337.243744	342.493744
1	7.140000	1.137971	335.850067	342.799896
1	7.172000	1.118986	335.906250	342.468750
1	7.203000	1.066667	337.500000	340.500000
1	7.234000	1.150580	336.031250	342.656250
1	7.265000	1.147826	336.500000	341.500000
1	7.296000	1.146812	336.256256	342.443756
1	7.343000	1.139710	336.187500	342.625000
1	7.374000	1.062029	337.762482	342.225006
1	7.406000	1.133188	336.231262	342.518738
1	7.437000	1.142029	336.612488	341.825012
1	7.468000	1.171015	335.500000	342.500000
1	7.499000	1.147971	335.543732	342.943756
1	7.530000	1.087536	336.875000	342.125122
1	7.577000	1.144493	335.506256	343.068756
1	7.608000	1.136232	336.500000	342.500000
1	7.640000	1.165942	336.156250	342.481262
1	7.671000	1.127101	336.068756	341.806244
1	7.702000	1.159420	336.500000	342.500000
1	7.733000	1.044638	338.024994	342.975006
1	7.764000	1.113623	337.000000	341.500000
1	7.811000	1.139855	335.831238	342.606262
0	7.842000	0.996812	338.587494	341.287506
1	7.874000	1.062029	337.762482	343.725006
1	7.905000	1.159420	335.500000	343.500000
1	7.936000	1.133333	335.700012	343.700012
1	7.967000	1.118551	336.537506	342.962494
1	7.998000	1.146812	336.368744	343.256256
0	8.030000	1.044058	338.000000	342.000000
1	8.076000	1.159710	336.162506	342.337494
1	8.108000	1.131449	336.743744	342.256256
1	8.139000	1.101884	336.906250	341.156250
1	8.170000	1.158551	336.087494	342.649994
1	8.201000	1.147826	336.500000	343.500000
1	8.232000	1.140145	336.131256	342.868744
1	8.264000	1.135797	336.193756	343.193756
1	8.310000	1.136232	336.500000	343.500000
1	8.342000	1.159710	336.187531	343.337494
1	8.373000	1.152464	336.575012	343.000000
1	8.404000	1.181594	336.993744	342.993744
1	8.435000	1.152319	337.006256	343.431244
1	8.466000	1.147826	337.500000	342.500000
1	8.498000	1.164638	337.350037	342.825012
1	8.544000	1.191884	336.500000	342.875000
1	8.576000	1.203768	336.687500	342.687500
1	8.607000	1.192899	336.581238	343.418762
1	8.638000	1.181014	336.406250	343.031250
1	8.669000	1.188406	336.500000	343.112488
1	8.700000	1.207681	336.743744	342.756256
1	8.732000	1.159855	337.556244	342.068756
1	8.763000	1.185797	336.462494	342.537506
1	8.810000	1.168551	336.193756	343.193756
1	8.841000	1.213188	336.556244	343.118744
1	8.872000	1.176667	336.406250	343.656250
1	8.903000	1.211449	335.906250	344.093750
1	8.934000	1.202754	336.281250	344.718750
1	8.966000	1.194203	336.000000	345.000000
1	8.997000	1.191159	336.431244	345.443756
1	9.044000	1.184203	335.718750	345.281250
1	9.075000	1.165217	337.000000	344.500000
1	9.106000	1.200145	335.743744	344.743744
1	9.137000	1.203333	335.943756	344.693756
1	9.168000	1.159420	335.500000	343.500000
1	9.200000	1.181449	335.475006	344.024994
1	9.231000	1.201160	335.725006	344.225006
1	9.262000	1.200000	336.000000	344.500000
1	9.309000	1.203333	336.306244	343.693756
1	9.340000	1.209855	336.212494	343.337494
1	9.371000	1.182609	335.500000	344.500000
1	9.402000	1.202754	335.718750	344.281250
1	9.434000	1.203768	336.312500	344.312500
0	9.465000	1.398986	343.131256	336.618744
1	9.496000	1.203333	335.943756	344.306244
1	9.543000	1.194927	335.818787	344.606201
1	9.574000	1.234783	335.875000	344.125000
1	9.605000	1.214493	335.750000	344.000000
1	9.636000	1.220145	335.781250	344.456238
1	9.668000	1.217391	335.500000	344.500000
1	9.699000	1.200145	335.943756	344.743744
1	9.730000	1.211449	336.156250	345.281250
1	9.777000	1.203333	335.693756	345.306244
1	9.808000	1.218406	335.831207	345.543732
1	9.839000	1.203188	335.212494	345.337494
1	9.870000	1.212029	335.381256	345.818756
0	9.902000	1.081594	338.556244	346.443756
0	9.933000	1.065797	338.187500	345.187500
1	9.964000	1.191884	336.125000	345.875000
1	9.995000	1.194058	335.593750	345.906250
1	10.042000	1.214638	335.843750	346.343750
1	10.073000	1.221159	335.812500	346.062500
1	10.104000	1.205507	335.337494	345.412506
1	10.136000	1.220145	334.968750	346.218750
1	10.167000	1.211594	335.000000	347.000000
0	10.198000	1.035507	337.143738	345.143738
1	10.229000	1.202029	335.037506	347.087494
1	10.276000	1.216377	335.493744	346.493744
1	10.307000	1.212464	335.312500	346.187500
1	10.338000	1.217391	335.000000	346.000000
1	10.370000	1.217391	335.000000	345.000000
1	10.401000	1.240580	334.500000	345.500000
1	10.432000	1.212029	335.606232	346.181244
1	10.463000	1.227536	335.500000	346.750000
1	10.510000	1.211449	335.093750	346.281250
1	10.541000	1.197101	335.437500	346.562500
1	10.572000	1.217391	335.500000	346.500000
1	10.604000	1.194203	334.500000	347.500000
1	10.635000	1.217391	336.000000	347.000000
1	10.666000	1.220580	335.962494	345.962494
1	10.697000	1.203333	335.693756	345.693756
1	10.728000	1.229275	335.337494	345.912506
1	10.775000	1.228985	336.500000	345.500000
1	10.806000	1.224927	335.450012	346.037476
1	10.838000	1.252754	336.250000	345.125000
1	10.869000	1.182609	335.500000	345.500000
1	10.900000	1.230580	335.681244	346.318756
1	10.931000	1.211449	335.093750	346.343750
1	10.962000	1.215217	335.493744	346.131256
1	11.009000	1.217536	335.756256	346.743744
1	11.040000	1.218406	335.543732	345.931244
1	11.072000	1.229420	335.818756	346.506256
1	11.103000	1.214203	335.899994	346.412506
0	11.134000	1.130435	338.500000	345.000000
1	11.165000	1.229420	335.506256	346.931244
1	11.196000	1.212029	335.381256	346.818756
1	11.243000	1.240290	335.787506	347.087494
1	11.274000	1.247246	335.687500	347.687500
1	11.306000	1.222899	335.787506	347.399994
1	11.337000	1.237681	335.237488	348.187500
1	11.368000	1.234203	335.625000	348.125000
1	11.399000	1.239275	335.431244	348.231232
1	11.430000	1.240580	336.500000	349.500000
1	11.462000	1.229275	335.662506	349.337494
1	11.508000	1.235797	335.806244	349.631256
1	11.540000	1.231159	335.293762	349.168762
1	11.571000	1.227681	335.968750	349.343750
1	11.602000	1.186811	336.968750	348.968750
1	11.633000	1.248406	335.375000	349.312500
1	11.664000	1.252174	335.500000	349.500000
1	11.696000	1.238116	335.193756	349.806244
1	11.742000	1.220725	335.756256	349.943756
1	11.774000	1.251014	335.600006	349.975006
1	11.805000	1.248840	335.443756	350.556244
1	11.836000	1.252174	335.750000	349.750000
1	11.867000	1.247101	335.518738	350.056213
1	11.898000	1.253768	336.018738	349.968750
1	11.930000	1.263768	335.750000	350.250000
1	11.976000	1.272754	335.712494	350.324982
1	12.008000	1.247246	335.674988	350.000000
1	12.039000	1.262899	335.662506	350.162506
1	12.070000	1.267971	335.606262	350.268738
1	12.101000	1.281014	336.031250	349.968750
1	12.132000	1.255942	335.437500	350.437500
1	12.164000	1.279420	335.725006	350.350006
1	12.195000	1.268551	335.243744	349.756256
1	12.242000	1.273333	335.687500	349.737488
1	12.273000	1.274493	335.674988	349.312500
1	12.304000	1.266667	336.299988	348.799988
1	12.335000	1.283768	335.787506	348.975006
1	12.366000	1.274638	335.668762	348.706238
1	12.398000	1.285797	335.975006	348.975006
1	12.429000	1.274638	335.668762	348.843750
1	12.476000	1.282754	335.818726	348.781250
1	12.507000	1.272319	335.331238	348.331238
1	12.538000	1.287536	335.250000	348.125000
1	12.569000	1.298406	335.343750	348.156250
1	12.600000	1.276667	335.656250	348.906250
1	12.632000	1.268551	335.756256	348.581268
1	12.663000	1.279420	335.725006	348.725006
1	12.694000	1.292754	335.987488	348.174988
1	12.741000	1.285362	335.843750	348.031250
1	12.772000	1.273913	335.750000	348.125000
1	12.803000	1.272754	335.712494	347.850006
1	12.834000	1.272319	335.331238	348.281250
1	12.866000	1.288116	335.512482	348.475006
1	12.897000	1.271159	335.718750	348.343750
1	12.928000	1.310145	335.375000	349.625000
1	12.975000	1.286957	335.000000	349.000000
1	13.006000	1.304493	335.256226	349.256226
1	13.037000	1.277681	335.250000	348.875000
1	13.068000	1.323333	335.481262	349.518738
1	13.100000	1.273333	335.687500	349.687500
1	13.131000	1.274058	335.868744	349.693756
1	13.162000	1.283768	335.962494	349.975006
1	13.193000	1.303188	335.725006	350.087494
1	13.240000	1.290725	335.924988	350.062500
1	13.271000	1.297246	334.981262	350.156250
1	13.302000	1.291159	335.256256	349.931244
1	13.334000	1.288841	335.068787	350.081238
1	13.365000	1.274203	335.712494	350.712494
1	13.396000	1.281014	335.218750	350.406250
1	13.427000	1.276667	335.093750	350.906250
1	13.474000	1.284203	336.031250	350.031250
1	13.505000	1.281884	335.456238	350.231262
1	13.536000	1.296667	335.431244	351.006256
1	13.568000	1.289710	335.531250	350.906250
1	13.599000	1.282029	335.812500	351.200012
0	13.630000	1.240580	337.500000	350.500000
1	13.661000	1.299420	335.687500	351.312500
1	13.708000	1.289710	335.093750	351.718750
1	13.739000	1.285942	335.068756	351.818756
1	13.770000	1.286957	334.500000	351.500000
1	13.802000	1.310145	335.500000	352.500000
1	13.833000	1.282609	335.750000	351.500000
1	13.864000	1.286957	335.125000	351.875000
1	13.895000	1.229275	336.087494	352.087494
0	13.926000	1.333333	337.500000	354.500000
1	13.973000	1.286377	335.737488	352.000000
1	14.004000	1.301594	335.768738	352.218750
1	14.036000	1.300725	335.331238	352.231262
1	14.067000	1.333333	333.500000	350.500000
1	14.098000	1.305072	335.218750	352.268738
1	14.129000	1.292319	335.918732	352.856232
1	14.160000	1.283768	335.962494	352.037506
1	14.207000	1.310290	336.281250	351.843750
1	14.238000	1.263768	335.500000	352.500000
1	14.270000	1.286957	336.000000	352.000000
1	14.301000	1.297101	336.156250	351.781250
1	14.332000	1.308841	336.181244	352.181244
1	14.363000	1.240580	337.500000	350.500000
1	14.394000	1.322319	336.500000	352.500000
1	14.441000	1.240580	337.500000	350.500000
1	14.472000	1.304928	335.750000	352.875000
1	14.504000	1.304493	336.306244	352.256256
1	14.535000	1.310145	336.000000	353.000000
1	14.566000	1.286957	336.500000	351.500000
1	14.597000	1.306667	336.149994	352.274994
1	14.628000	1.285942	336.006256	352.006256
1	14.660000	1.315797	335.468750	351.718750
1	14.706000	1.305797	335.750000	352.125000
1	14.738000	1.240580	337.500000	350.500000
1	14.769000	1.325507	335.512512	351.612549
1	14.800000	1.285797	335.524994	352.274994
1	14.831000	1.306377	335.824951	351.737549
1	14.862000	1.305362	335.118744	351.793732
1	14.894000	1.333333	337.500000	354.500000
1	14.940000	1.300000	335.625000	352.000000
1	14.972000	1.240580	337.500000	350.500000
1	15.003000	1.283188	335.937500	352.000000
1	15.034000	1.333333	337.500000	354.500000
1	15.065000	1.240580	337.500000	350.500000
1	15.096000	1.286957	335.500000	351.500000
0	15.128000	1.240580	337.500000	350.500000
1	15.174000	1.290580	335.043762	352.056274
1	15.206000	1.294058	334.843750	352.943665
1	15.237000	1.309275	334.812500	353.187500
1	15.268000	1.322319	335.500000	353.375000
1	15.299000	1.309275	335.687500	353.187500
1	15.330000	1.273623	335.687500	352.687500
1	15.362000	1.286957	334.500000	353.500000
1	15.393000	1.296812	335.024994	352.975006
1	15.440000	1.240580	337.500000	350.500000
1	15.471000	1.301160	335.037506	353.324982
1	15.502000	1.344058	335.687500	353.687500
1	15.533000	1.340290	334.662506	353.600006
1	15.564000	1.324927	334.475006	354.087494
1	15.596000	1.309710	334.818756	354.306244
1	15.627000	1.308841	334.293732	354.181244
1	15.674000	1.286957	334.500000	353.500000
1	15.705000	1.304928	335.237488	354.250000
1	15.736000	1.288116	335.850006	354.512482
1	15.767000	1.291884	335.062500	354.562500
1	15.798000	1.296377	335.893738	354.606201
1	15.830000	1.291449	335.743744	354.181305
1	15.861000	1.304493	335.243744	354.256256
1	15.908000	1.284203	335.218750	354.568726
1	15.939000	1.286377	335.062500	355.000000
0	15.970000	1.240580	337.500000	354.500000
1	16.001000	1.267246	334.600006	354.774994
1	16.032000	1.281159	335.062500	355.187500
1	16.064000	1.286957	334.500000	355.500000
1	16.095000	1.285797	335.162506	355.024994
1	16.126000	1.287681	335.768738	354.481262
1	16.173000	1.286957	335.000000	355.000000
1	16.204000	1.286957	336.500000	355.500000
1	16.235000	1.322899	335.462494	355.475006
1	16.266000	1.291304	335.718750	354.906250
1	16.298000	1.293768	335.843750	355.018738
1	16.329000	1.240580	337.500000	354.500000
1	16.360000	1.286957	335.250000	355.250000
0	16.407000	1.240580	337.500000	354.500000
1	16.438000	1.296377	335.393738	354.968750
1	16.469000	1.298116	335.693756	355.318756
1	16.501000	1.292029	335.812500	354.875000
1	16.532000	1.328985	335.437500	354.550049
1	16.563000	1.298551	335.500000	354.500000
1	16.594000	1.263768	335.500000	356.500000
1	16.641000	1.310145	335.500000	354.500000
1	16.672000	1.302029	335.912506	355.212494
1	16.703000	1.298986	335.318756	355.318756
1	16.735000	1.333333	333.500000	354.500000
1	16.766000	1.286232	335.106262	355.906250
1	16.797000	1.321739	335.250000	356.250000
1	16.828000	1.301594	335.181244	356.231232
1	16.859000	1.240580	337.500000	354.500000
1	16.906000	1.322464	335.006226	356.431274
1	16.937000	1.305072	335.268738	356.768738
1	16.969000	1.278406	335.756256	356.618744
1	17.000000	1.290725	335.075012	357.062500
1	17.031000	1.286957	335.000000	357.000000
1	17.062000	1.313623	335.375000	356.875000
1	17.093000	1.290725	334.937500	357.075012
1	17.125000	1.310145	333.500000	356.500000
1	17.171000	1.290580	335.043762	358.043762
1	17.203000	1.263768	335.500000	356.500000
1	17.234000	1.301160	334.774994	357.837494
1	17.265000	1.298551	335.500000	357.500000
1	17.296000	1.323768	335.087494	358.512482
1	17.327000	1.291884	335.062500	358.062500
1	17.359000	1.296377	335.106262	358.106262
1	17.405000	1.302319	335.274994	357.762482
1	17.437000	1.308986	334.862488	358.174988
1	17.468000	1.314638	335.031250	358.343750
1	17.499000	1.305362	334.868744	358.193756
1	17.530000	1.310145	335.000000	358.000000
1	17.561000	1.308551	334.806244	358.743744
0	17.593000	1.240580	337.500000	358.500000
0	17.639000	1.240580	337.500000	358.500000
1	17.671000	1.342899	334.687500	359.362488
1	17.702000	1.340725	335.031250	358.906250
1	17.733000	1.316232	335.037506	358.600006
1	17.764000	1.325507	334.612488	358.487488
1	17.795000	1.320580	334.975006	358.600006
1	17.827000	1.305797	335.137512	358.799988
1	17.858000	1.327101	334.881256	358.443756
1	17.905000	1.342464	334.681244	358.693756
1	17.936000	1.328406	334.537506	358.537506
1	17.967000	1.309855	335.199982	358.274994
<\RIGHT-PUPIL-DATA>
<LEFT-PUPIL-DATA>
543	0
0	-0.066000	13.913043	240.000000	320.000000
0	-0.035000	13.913043	240.000000	320.000000
0	-0.004000	13.913043	240.000000	320.000000
0	0.043000	13.913043	240.000000	320.000000
0	0.074000	13.913043	240.000000	320.000000
0	0.105000	13.913043	240.000000	320.000000
0	0.136000	13.913043	240.000000	320.000000
0	0.168000	13.913043	240.000000	320.000000
0	0.199000	13.913043	240.000000	320.000000
0	0.230000	13.913043	240.000000	320.000000
0	0.261000	13.913043	240.000000	320.000000
0	0.308000	13.913043	240.000000	320.000000
0	0.339000	13.913043	240.000000	320.000000
0	0.370000	13.913043	240.000000	320.000000
0	0.402000	13.913043	240.000000	320.000000
0	0.433000	13.913043	240.000000	320.000000
0	0.464000	13.913043	240.000000	320.000000
0	0.495000	13.913043	240.000000	320.000000
0	0.542000	13.913043	240.000000	320.000000
0	0.573000	13.913043	240.000000	320.000000
0	0.604000	13.913043	240.000000	320.000000
0	0.636000	13.913043	240.000000	320.000000
0	0.667000	13.913043	240.000000	320.000000
0	0.698000	13.913043	240.000000	320.000000
0	0.729000	13.913043	240.000000	320.000000
0	0.776000	13.913043	240.000000	320.000000
0	0.807000	13.913043	240.000000	320.000000
0	0.838000	13.913043	240.000000	320.000000
0	0.870000	13.913043	240.000000	320.000000
0	0.901000	13.913043	240.000000	320.000000
0	0.932000	13.913043	240.000000	320.000000
0	0.963000	13.913043	240.000000	320.000000
0	0.994000	13.913043	240.000000	320.000000
0	1.041000	13.913043	240.000000	320.000000
0	1.072000	13.913043	240.000000	320.000000
0	1.104000	13.913043	240.000000	320.000000
0	1.135000	13.913043	240.000000	320.000000
0	1.166000	13.913043	240.000000	320.000000
0	1.197000	13.913043	240.000000	320.000000
0	1.228000	13.913043	240.000000	320.000000
0	1.275000	13.913043	240.000000	320.000000
0	1.306000	13.913043	240.000000	320.000000
0	1.338000	13.913043	240.000000	320.000000
0	1.369000	13.913043	240.000000	320.000000
0	1.400000	13.913043	240.000000	320.000000
0	1.431000	13.913043	240.000000	320.000000
0	1.462000	13.913043	240.000000	320.000000
0	1.494000	13.913043	240.000000	320.000000
0	1.540000	13.913043	240.000000	320.000000
0	1.572000	13.913043	240.000000	320.000000
0	1.603000	13.913043	240.000000	320.000000
0	1.634000	13.913043	240.000000	320.000000
0	1.665000	13.913043	240.000000	320.000000
0	1.696000	13.913043	240.000000	320.000000
0	1.728000	13.913043	240.000000	320.000000
0	1.774000	13.913043	240.000000	320.000000
0	1.806000	13.913043	240.000000	320.000000
0	1.837000	13.913043	240.000000	320.000000
0	1.868000	13.913043	240.000000	320.000000
0	1.899000	13.913043	240.000000	320.000000
0	1.930000	13.913043	240.000000	320.000000
0	1.962000	13.913043	240.000000	320.000000
0	2.008000	13.913043	240.000000	320.000000
0	2.040000	13.913043	240.000000	320.000000
0	2.071000	13.913043	240.000000	320.000000
0	2.102000	13.913043	240.000000	320.000000
0	2.133000	13.913043	240.000000	320.000000
0	2.164000	13.913043	240.000000	320.000000
0	2.196000	13.913043	240.000000	320.000000
0	2.227000	13.913043	240.000000	320.000000
0	2.274000	13.913043	240.000000	320.000000
0	2.305000	13.913043	240.000000	320.000000
0	2.336000	13.913043	240.000000	320.000000
0	2.367000	13.913043	240.000000	320.000000
0	2.398000	13.913043	240.000000	320.000000
0	2.430000	13.913043	240.000000	320.000000
0	2.461000	13.913043	240.000000	320.000000
0	2.508000	13.913043	240.000000	320.000000
0	2.539000	13.913043	240.000000	320.000000
0	2.570000	13.913043	240.000000	320.000000
0	2.601000	13.913043	240.000000	320.000000
0	2.632000	13.913043	240.000000	320.000000
0	2.664000	13.913043	240.000000	320.000000
0	2.695000	13.913043	240.000000	320.000000
0	2.726000	13.913043	240.000000	320.000000
0	2.773000	13.913043	240.000000	320.000000
0	2.804000	13.913043	240.000000	320.000000
0	2.835000	13.913043	240.000000	320.000000
0	2.866000	13.913043	240.000000	320.000000
0	2.898000	13.913043	240.000000	320.000000
0	2.929000	13.913043	240.000000	320.000000
0	2.960000	13.913043	240.000000	320.000000
0	3.007000	13.913043	240.000000	320.000000
0	3.038000	13.913043	240.000000	320.000000
0	3.069000	13.913043	240.000000	320.000000
0	3.100000	13.913043	240.000000	320.000000
0	3.132000	13.913043	240.000000	320.000000
0	3.163000	13.913043	240.000000	320.000000
0	3.194000	13.913043	240.000000	320.000000
0	3.241000	13.913043	240.000000	320.000000
0	3.272000	13.913043	240.000000	320.000000
0	3.303000	13.913043	240.000000	320.000000
0	3.334000	13.913043	240.000000	320.000000
0	3.366000	13.913043	240.000000	320.000000
0	3.397000	13.913043	240.000000	320.000000
0	3.428000	13.913043	240.000000	320.000000
0	3.459000	13.913043	240.000000	320.000000
0	3.506000	13.913043	240.000000	320.000000
0	3.537000	13.913043	240.000000	320.000000
0	3.568000	13.913043	240.000000	320.000000
0	3.600000	13.913043	240.000000	320.000000
0	3.631000	13.913043	240.000000	320.000000
0	3.662000	13.913043	240.000000	320.000000
0	3.693000	13.913043	240.000000	320.000000
0	3.740000	13.913043	240.000000	320.000000
0	3.771000	13.913043	240.000000	320.000000
0	3.802000	13.913043	240.000000	320.000000
0	3.834000	13.913043	240.000000	320.000000
0	3.865000	13.913043	240.000000	320.000000
0	3.896000	13.913043	240.000000	320.000000
0	3.927000	13.913043	240.000000	320.000000
0	3.974000	13.913043	240.000000	320.000000
0	4.005000	13.913043	240.000000	320.000000
0	4.036000	13.913043	240.000000	320.000000
0	4.068000	13.913043	240.000000	320.000000
0	4.099000	13.913043	240.000000	320.000000
0	4.130000	13.913043	240.000000	320.000000
0	4.161000	13.913043	240.000000	320.000000
0	4.192000	13.913043	240.000000	320.000000
0	4.239000	13.913043	240.000000	320.000000
0	4.270000	13.913043	240.000000	320.000000
0	4.302000	13.913043	240.000000	320.000000
0	4.333000	13.913043	240.000000	320.000000
0	4.364000	13.913043	240.000000	320.000000
0	4.395000	13.913043	240.000000	320.000000
0	4.426000	13.913043	240.000000	320.000000
0	4.473000	13.913043	240.000000	320.000000
0	4.504000	13.913043	240.000000	320.000000
0	4.536000	13.913043	240.000000	320.000000
0	4.567000	13.913043	240.000000	320.000000
0	4.598000	13.913043	240.000000	320.000000
0	4.629000	13.913043	240.000000	320.000000
0	4.660000	13.913043	240.000000	320.000000
0	4.707000	13.913043	240.000000	320.000000
0	4.738000	13.913043	240.000000	320.000000
0	4.770000	13.913043	240.000000	320.000000
0	4.801000	13.913043	240.000000	320.000000
0	4.832000	13.913043	240.000000	320.000000
0	4.863000	13.913043	240.000000	320.000000
0	4.894000	13.913043	240.000000	320.000000
0	4.926000	13.913043	240.000000	320.000000
0	4.972000	13.913043	240.000000	320.000000
0	5.004000	13.913043	240.000000	320.000000
0	5.035000	13.913043	240.000000	320.000000
0	5.066000	13.913043	240.000000	320.000000
0	5.097000	13.913043	240.000000	320.000000
0	5.128000	13.913043	240.000000	320.000000
0	5.160000	13.913043	240.000000	320.000000
0	5.206000	13.913043	240.000000	320.000000
0	5.238000	13.913043	240.000000	320.000000
0	5.269000	13.913043	240.000000	320.000000
0	5.300000	13.913043	240.000000	320.000000
0	5.331000	13.913043	240.000000	320.000000
0	5.362000	13.913043	240.000000	320.000000
0	5.394000	13.913043	240.000000	320.000000
0	5.425000	13.913043	240.000000	320.000000
0	5.472000	13.913043	240.000000	320.000000
0	5.503000	13.913043	240.000000	320.000000
0	5.534000	13.913043	240.000000	320.000000
0	5.565000	13.913043	240.000000	320.000000
0	5.596000	13.913043	240.000000	320.000000
0	5.628000	13.913043	240.000000	320.000000
0	5.659000	13.913043	240.000000	320.000000
0	5.706000	13.913043	240.000000	320.000000
0	5.737000	13.913043	240.000000	320.000000
0	5.768000	13.913043	240.000000	320.000000
0	5.799000	13.913043	240.000000	320.000000
0	5.830000	13.913043	240.000000	320.000000
0	5.862000	13.913043	240.000000	320.000000
0	5.893000	13.913043	240.000000	320.000000
0	5.940000	13.913043	240.000000	320.000000
0	5.971000	13.913043	240.000000	320.000000
0	6.002000	13.913043	240.000000	320.000000
0	6.033000	13.913043	240.000000	320.000000
0	6.064000	13.913043	240.000000	320.000000
0	6.096000	13.913043	240.000000	320.000000
0	6.127000	13.913043	240.000000	320.000000
0	6.158000	13.913043	240.000000	320.000000
0	6.205000	13.913043	240.000000	320.000000
0	6.236000	13.913043	240.000000	320.000000
0	6.267000	13.913043	240.000000	320.000000
0	6.298000	13.913043	240.000000	320.000000
0	6.330000	13.913043	240.000000	320.000000
0	6.361000	13.913043	240.000000	320.000000
0	6.392000	13.913043	240.000000	320.000000
0	6.439000	13.913043	240.000000	320.000000
0	6.470000	13.913043	240.000000	320.000000
0	6.501000	13.913043	240.000000	320.000000
0	6.532000	13.913043	240.000000	320.000000
0	6.564000	13.913043	240.000000	320.000000
0	6.595000	13.913043	240.000000	320.000000
0	6.626000	13.913043	240.000000	320.000000
0	6.673000	13.913043	240.000000	320.000000
0	6.704000	13.913043	240.000000	320.000000
0	6.735000	13.913043	240.000000	320.000000
0	6.766000	13.913043	240.000000	320.000000
0	6.798000	13.913043	240.000000	320.000000
0	6.829000	13.913043	240.000000	320.000000
0	6.860000	13.913043	240.000000	320.000000
0	6.891000	13.913043	240.000000	320.000000
0	6.938000	13.913043	240.000000	320.000000
0	6.969000	13.913043	240.000000	320.000000
0	7.000000	13.913043	240.000000	320.000000
0	7.032000	13.913043	240.000000	320.000000
0	7.063000	13.913043	240.000000	320.000000
0	7.094000	13.913043	240.000000	320.000000
0	7.125000	13.913043	240.000000	320.000000
0	7.172000	13.913043	240.000000	320.000000
0	7.203000	13.913043	240.000000	320.000000
0	7.234000	13.913043	240.000000	320.000000
0	7.266000	13.913043	240.000000	320.000000
0	7.297000	13.913043	240.000000	320.000000
0	7.328000	13.913043	240.000000	320.000000
0	7.359000	13.913043	240.000000	320.000000
0	7.390000	13.913043	240.000000	320.000000
0	7.437000	13.913043	240.000000	320.000000
0	7.468000	13.913043	240.000000	320.000000
0	7.500000	13.913043	240.000000	320.000000
0	7.531000	13.913043	240.000000	320.000000
0	7.562000	13.913043	240.000000	320.000000
0	7.593000	13.913043	240.000000	320.000000
0	7.624000	13.913043	240.000000	320.000000
0	7.671000	13.913043	240.000000	320.000000
0	7.702000	13.913043	240.000000	320.000000
0	7.734000	13.913043	240.000000	320.000000
0	7.765000	13.913043	240.000000	320.000000
0	7.796000	13.913043	240.000000	320.000000
0	7.827000	13.913043	240.000000	320.000000
0	7.858000	13.913043	240.000000	320.000000
0	7.905000	13.913043	240.000000	320.000000
0	7.936000	13.913043	240.000000	320.000000
0	7.968000	13.913043	240.000000	320.000000
0	7.999000	13.913043	240.000000	320.000000
0	8.030000	13.913043	240.000000	320.000000
0	8.061000	13.913043	240.000000	320.000000
0	8.092000	13.913043	240.000000	320.000000
0	8.124000	13.913043	240.000000	320.000000
0	8.170000	13.913043	240.000000	320.000000
0	8.202000	13.913043	240.000000	320.000000
0	8.233000	13.913043	240.000000	320.000000
0	8.264000	13.913043	240.000000	320.000000
0	8.295000	13.913043	240.000000	320.000000
0	8.326000	13.913043	240.000000	320.000000
0	8.358000	13.913043	240.000000	320.000000
0	8.404000	13.913043	240.000000	320.000000
0	8.436000	13.913043	240.000000	320.000000
0	8.467000	13.913043	240.000000	320.000000
0	8.498000	13.913043	240.000000	320.000000
0	8.529000	13.913043	240.000000	320.000000
0	8.560000	13.913043	240.000000	320.000000
0	8.592000	13.913043	240.000000	320.000000
0	8.638000	13.913043	240.000000	320.000000
0	8.670000	13.913043	240.000000	320.000000
0	8.701000	13.913043	240.000000	320.000000
0	8.732000	13.913043	240.000000	320.000000
0	8.763000	13.913043	240.000000	320.000000
0	8.794000	13.913043	240.000000	320.000000
0	8.826000	13.913043	240.000000	320.000000
0	8.857000	13.913043	240.000000	320.000000
0	8.904000	13.913043	240.000000	320.000000
0	8.935000	13.913043	240.000000	320.000000
0	8.966000	13.913043	240.000000	320.000000
0	8.997000	13.913043	240.000000	320.000000
0	9.028000	13.913043	240.000000	320.000000
0	9.060000	13.913043	240.000000	320.000000
0	9.091000	13.913043	240.000000	320.000000
0	9.138000	13.913043	240.000000	320.000000
0	9.169000	13.913043	240.000000	320.000000
0	9.200000	13.913043	240.000000	320.000000
0	9.231000	13.913043	240.000000	320.000000
0	9.262000	13.913043	240.000000	320.000000
0	9.294000	13.913043	240.000000	320.000000
0	9.325000	13.913043	240.000000	320.000000
0	9.356000	13.913043	240.000000	320.000000
0	9.403000	13.913043	240.000000	320.000000
0	9.434000	13.913043	240.000000	320.000000
0	9.465000	13.913043	240.000000	320.000000
0	9.496000	13.913043	240.000000	320.000000
0	9.528000	13.913043	240.000000	320.000000
0	9.559000	13.913043	240.000000	320.000000
0	9.590000	13.913043	240.000000	320.000000
0	9.637000	13.913043	240.000000	320.000000
0	9.668000	13.913043	240.000000	320.000000
0	9.699000	13.913043	240.000000	320.000000
0	9.730000	13.913043	240.000000	320.000000
0	9.762000	13.913043	240.000000	320.000000
0	9.793000	13.913043	240.000000	320.000000
0	9.824000	13.913043	240.000000	320.000000
0	9.871000	13.913043	240.000000	320.000000
0	9.902000	13.913043	240.000000	320.000000
0	9.933000	13.913043	240.000000	320.000000
0	9.964000	13.913043	240.000000	320.000000
0	9.996000	13.913043	240.000000	320.000000
0	10.027000	13.913043	240.000000	320.000000
0	10.058000	13.913043	240.000000	320.000000
0	10.089000	13.913043	240.000000	320.000000
0	10.136000	13.913043	240.000000	320.000000
0	10.167000	13.913043	240.000000	320.000000
0	10.198000	13.913043	240.000000	320.000000
0	10.230000	13.913043	240.000000	320.000000
0	10.261000	13.913043	240.000000	320.000000
0	10.292000	13.913043	240.000000	320.000000
0	10.323000	13.913043	240.000000	320.000000
0	10.370000	13.913043	240.000000	320.000000
0	10.401000	13.913043	240.000000	320.000000
0	10.432000	13.913043	240.000000	320.000000
0	10.464000	13.913043	240.000000	320.000000
0	10.495000	13.913043	240.000000	320.000000
0	10.526000	13.913043	240.000000	320.000000
0	10.557000	13.913043	240.000000	320.000000
0	10.604000	13.913043	240.000000	320.000000
0	10.635000	13.913043	240.000000	320.000000
0	10.666000	13.913043	240.000000	320.000000
0	10.698000	13.913043	240.000000	320.000000
0	10.729000	13.913043	240.000000	320.000000
0	10.760000	13.913043	240.000000	320.000000
0	10.791000	13.913043	240.000000	320.000000
0	10.822000	13.913043	240.000000	320.000000
0	10.869000	13.913043	240.000000	320.000000
0	10.900000	13.913043	240.000000	320.000000
0	10.932000	13.913043	240.000000	320.000000
0	10.963000	13.913043	240.000000	320.000000
0	10.994000	13.913043	240.000000	320.000000
0	11.025000	13.913043	240.000000	320.000000
0	11.056000	13.913043	240.000000	320.000000
0	11.103000	13.913043	240.000000	320.000000
0	11.134000	13.913043	240.000000	320.000000
0	11.166000	13.913043	240.000000	320.000000
0	11.197000	13.913043	240.000000	320.000000
0	11.228000	13.913043	240.000000	320.000000
0	11.259000	13.913043	240.000000	320.000000
0	11.290000	13.913043	240.000000	320.000000
0	11.337000	13.913043	240.000000	320.000000
0	11.368000	13.913043	240.000000	320.000000
0	11.400000	13.913043	240.000000	320.000000
0	11.431000	13.913043	240.000000	320.000000
0	11.462000	13.913043	240.000000	320.000000
0	11.493000	13.913043	240.000000	320.000000
0	11.524000	13.913043	240.000000	320.000000
0	11.556000	13.913043	240.000000	320.000000
0	11.602000	13.913043	240.000000	320.000000
0	11.634000	13.913043	240.000000	320.000000
0	11.665000	13.913043	240.000000	320.000000
0	11.696000	13.913043	240.000000	320.000000
0	11.727000	13.913043	240.000000	320.000000
0	11.758000	13.913043	240.000000	320.000000
0	11.790000	13.913043	240.000000	320.000000
0	11.836000	13.913043	240.000000	320.000000
0	11.868000	13.913043	240.000000	320.000000
0	11.899000	13.913043	240.000000	320.000000
0	11.930000	13.913043	240.000000	320.000000
0	11.961000	13.913043	240.000000	320.000000
0	11.992000	13.913043	240.000000	320.000000
0	12.024000	13.913043	240.000000	320.000000
0	12.070000	13.913043	240.000000	320.000000
0	12.102000	13.913043	240.000000	320.000000
0	12.133000	13.913043	240.000000	320.000000
0	12.164000	13.913043	240.000000	320.000000
0	12.195000	13.913043	240.000000	320.000000
0	12.226000	13.913043	240.000000	320.000000
0	12.258000	13.913043	240.000000	320.000000
0	12.289000	13.913043	240.000000	320.000000
0	12.336000	13.913043	240.000000	320.000000
0	12.367000	13.913043	240.000000	320.000000
0	12.398000	13.913043	240.000000	320.000000
0	12.429000	13.913043	240.000000	320.000000
0	12.460000	13.913043	240.000000	320.000000
0	12.492000	13.913043	240.000000	320.000000
0	12.523000	13.913043	240.000000	320.000000
0	12.570000	13.913043	240.000000	320.000000
0	12.601000	13.913043	240.000000	320.000000
0	12.632000	13.913043	240.000000	320.000000
0	12.663000	13.913043	240.000000	320.000000
0	12.694000	13.913043	240.000000	320.000000
0	12.726000	13.913043	240.000000	320.000000
0	12.757000	13.913043	240.000000	320.000000
0	12.788000	13.913043	240.000000	320.000000
0	12.835000	13.913043	240.000000	320.000000
0	12.866000	13.913043	240.000000	320.000000
0	12.897000	13.913043	240.000000	320.000000
0	12.928000	13.913043	240.000000	320.000000
0	12.960000	13.913043	240.000000	320.000000
0	12.991000	13.913043	240.000000	320.000000
0	13.022000	13.913043	240.000000	320.000000
0	13.069000	13.913043	240.000000	320.000000
0	13.100000	13.913043	240.000000	320.000000
0	13.131000	13.913043	240.000000	320.000000
0	13.162000	13.913043	240.000000	320.000000
0	13.194000	13.913043	240.000000	320.000000
0	13.225000	13.913043	240.000000	320.000000
0	13.256000	13.913043	240.000000	320.000000
0	13.287000	13.913043	240.000000	320.000000
0	13.334000	13.913043	240.000000	320.000000
0	13.365000	13.913043	240.000000	320.000000
0	13.396000	13.913043	240.000000	320.000000
0	13.428000	13.913043	240.000000	320.000000
0	13.459000	13.913043	240.000000	320.000000
0	13.490000	13.913043	240.000000	320.000000
0	13.521000	13.913043	240.000000	320.000000
0	13.568000	13.913043	240.000000	320.000000
0	13.599000	13.913043	240.000000	320.000000
0	13.630000	13.913043	240.000000	320.000000
0	13.662000	13.913043	240.000000	320.000000
0	13.693000	13.913043	240.000000	320.000000
0	13.724000	13.913043	240.000000	320.000000
0	13.755000	13.913043	240.000000	320.000000
0	13.802000	13.913043	240.000000	320.000000
0	13.833000	13.913043	240.000000	320.000000
0	13.864000	13.913043	240.000000	320.000000
0	13.896000	13.913043	240.000000	320.000000
0	13.927000	13.913043	240.000000	320.000000
0	13.958000	13.913043	240.000000	320.000000
0	13.989000	13.913043	240.000000	320.000000
0	14.020000	13.913043	240.000000	320.000000
0	14.067000	13.913043	240.000000	320.000000
0	14.098000	13.913043	240.000000	320.000000
0	14.130000	13.913043	240.000000	320.000000
0	14.161000	13.913043	240.000000	320.000000
0	14.192000	13.913043	240.000000	320.000000
0	14.223000	13.913043	240.000000	320.000000
0	14.254000	13.913043	240.000000	320.000000
0	14.301000	13.913043	240.000000	320.000000
0	14.332000	13.913043	240.000000	320.000000
0	14.364000	13.913043	240.000000	320.000000
0	14.395000	13.913043	240.000000	320.000000
0	14.426000	13.913043	240.000000	320.000000
0	14.457000	13.913043	240.000000	320.000000
0	14.488000	13.913043	240.000000	320.000000
0	14.535000	13.913043	240.000000	320.000000
0	14.566000	13.913043	240.000000	320.000000
0	14.598000	13.913043	240.000000	320.000000
0	14.629000	13.913043	240.000000	320.000000
0	14.660000	13.913043	240.000000	320.000000
0	14.691000	13.913043	240.000000	320.000000
0	14.722000	13.913043	240.000000	320.000000
0	14.754000	13.913043	240.000000	320.000000
0	14.800000	13.913043	240.000000	320.000000
0	14.832000	13.913043	240.000000	320.000000
0	14.863000	13.913043	240.000000	320.000000
0	14.894000	13.913043	240.000000	320.000000
0	14.925000	13.913043	240.000000	320.000000
0	14.956000	13.913043	240.000000	320.000000
0	14.988000	13.913043	240.000000	320.000000
0	15.034000	13.913043	240.000000	320.000000
0	15.066000	13.913043	240.000000	320.000000
0	15.097000	13.913043	240.000000	320.000000
0	15.128000	13.913043	240.000000	320.000000
0	15.159000	13.913043	240.000000	320.000000
0	15.190000	13.913043	240.000000	320.000000
0	15.222000	13.913043	240.000000	320.000000
0	15.268000	13.913043	240.000000	320.000000
0	15.300000	13.913043	240.000000	320.000000
0	15.331000	13.913043	240.000000	320.000000
0	15.362000	13.913043	240.000000	320.000000
0	15.393000	13.913043	240.000000	320.000000
0	15.424000	13.913043	240.000000	320.000000
0	15.456000	13.913043	240.000000	320.000000
0	15.487000	13.913043	240.000000	320.000000
0	15.534000	13.913043	240.000000	320.000000
0	15.565000	13.913043	240.000000	320.000000
0	15.596000	13.913043	240.000000	320.000000
0	15.627000	13.913043	240.000000	320.000000
0	15.658000	13.913043	240.000000	320.000000
0	15.690000	13.913043	240.000000	320.000000
0	15.721000	13.913043	240.000000	320.000000
0	15.768000	13.913043	240.000000	320.000000
0	15.799000	13.913043	240.000000	320.000000
0	15.830000	13.913043	240.000000	320.000000
0	15.861000	13.913043	240.000000	320.000000
0	15.892000	13.913043	240.000000	320.000000
0	15.924000	13.913043	240.000000	320.000000
0	15.955000	13.913043	240.000000	320.000000
0	16.002000	13.913043	240.000000	320.000000
0	16.033000	13.913043	240.000000	320.000000
0	16.064000	13.913043	240.000000	320.000000
0	16.095000	13.913043	240.000000	320.000000
0	16.126000	13.913043	240.000000	320.000000
0	16.158000	13.913043	240.000000	320.000000
0	16.189000	13.913043	240.000000	320.000000
0	16.220000	13.913043	240.000000	320.000000
0	16.267000	13.913043	240.000000	320.000000
0	16.298000	13.913043	240.000000	320.000000
0	16.329000	13.913043	240.000000	320.000000
0	16.360000	13.913043	240.000000	320.000000
0	16.392000	13.913043	240.000000	320.000000
0	16.423000	13.913043	240.000000	320.000000
0	16.454000	13.913043	240.000000	320.000000
0	16.501000	13.913043	240.000000	320.000000
0	16.532000	13.913043	240.000000	320.000000
0	16.563000	13.913043	240.000000	320.000000
0	16.595000	13.913043	240.000000	320.000000
0	16.626000	13.913043	240.000000	320.000000
0	16.657000	13.913043	240.000000	320.000000
0	16.688000	13.913043	240.000000	320.000000
0	16.735000	13.913043	240.000000	320.000000
0	16.766000	13.913043	240.000000	320.000000
0	16.797000	13.913043	240.000000	320.000000
0	16.829000	13.913043	240.000000	320.000000
0	16.860000	13.913043	240.000000	320.000000
0	16.891000	13.913043	240.000000	320.000000
0	16.922000	13.913043	240.000000	320.000000
0	16.953000	13.913043	240.000000	320.000000
0	17.000000	13.913043	240.000000	320.000000
0	17.031000	13.913043	240.000000	320.000000
0	17.063000	13.913043	240.000000	320.000000
0	17.094000	13.913043	240.000000	320.000000
0	17.125000	13.913043	240.000000	320.000000
0	17.156000	13.913043	240.000000	320.000000
0	17.187000	13.913043	240.000000	320.000000
0	17.219000	13.913043	240.000000	320.000000
0	17.265000	13.913043	240.000000	320.000000
0	17.297000	13.913043	240.000000	320.000000
0	17.328000	13.913043	240.000000	320.000000
0	17.359000	13.913043	240.000000	320.000000
0	17.390000	13.913043	240.000000	320.000000
0	17.421000	13.913043	240.000000	320.000000
0	17.453000	13.913043	240.000000	320.000000
0	17.499000	13.913043	240.000000	320.000000
0	17.531000	13.913043	240.000000	320.000000
0	17.562000	13.913043	240.000000	320.000000
0	17.593000	13.913043	240.000000	320.000000
0	17.624000	13.913043	240.000000	320.000000
0	17.655000	13.913043	240.000000	320.000000
0	17.687000	13.913043	240.000000	320.000000
0	17.733000	13.913043	240.000000	320.000000
0	17.765000	13.913043	240.000000	320.000000
0	17.796000	13.913043	240.000000	320.000000
0	17.827000	13.913043	240.000000	320.000000
0	17.858000	13.913043	240.000000	320.000000
0	17.889000	13.913043	240.000000	320.000000
0	17.921000	13.913043	240.000000	320.000000
0	17.952000	13.913043	240.000000	320.000000
0	17.999000	13.913043	240.000000	320.000000
<\LEFT-PUPIL-DATA>
<RIGHT-PUPIL-ANALYSIS>
1
0	0	17	541	0	0	0.509000	17.518999	0.510000	99.710426	0.000000	0.000000	0.000000	0	1	1	1	1	0	0	0	0.000000	0.000000	0.000000	0.000000	0.000000	0.000000	0.000000	-1.000000	0.000000	1	1.472232	0.871681	1.702363	0.597317	0.235000	-0.687129	-1.812066	-1.000000	0.123465	1	1.472232	0.871681	1.702363	0.597317	0.235000	-0.746379	-1.812064	-1.000000	0.123465
<\RIGHT-PUPIL-ANALYSIS>
<LEFT-PUPIL-ANALYSIS>
1
0	0	18	542	0	0	0.509000	17.518999	0.510000	99.710426	0.000000	0.000000	0.000000	0	1	1	1	1	0	0	0	0.000000	0.000000	0.000000	0.000000	0.000000	0.000000	0.000000	-1.000000	0.000000	0	-0.034783	-0.034783	0.000950	0.000950	0.033000	0.000000	0.000000	-1.000000	0.000000	1	-0.034783	-0.034783	0.000950	0.000950	0.033000	-1000000.000000	-1000000.000000	-1.000000	0.000000
<\LEFT-PUPIL-ANALYSIS>
%%%%%%%%%
%%%%%%%%%
%%%%%%%%%
%%%	Measurement Tiime is: 2017-09-05 10:27:35
%%%	Subject ID is: c57-1mois-F3-2r
%%%	Note: 
%%%	RSS: Default Human Relative Spectral Sensitivity
%%%	Pupil Analysis:
%%%
%%%
%%%
%%%	Pulse Index:	0
%%%	Stimulus Session Index:	0
%%%	Right Pupil Stimulated
%%%	Light Metric is Photopic
%%%	Stimulus Start Time(sec):	0.51
%%%	Stimulus Duration(sec):	17.52
%%%	Stimulus Pulse Duration(sec):	0.51
%%%	Right Pulse:	99.71	(Red  )	-	0.00	(Red  )	[Lux ]
%%%	Left Pulse:	0.00	(Red  )	-	0.00	(Red  )	[Lux ]
%%%
%%%		RIGHT	LEFT	R.Pupil Mean	L.Pupil Mean	R.Stim Mean	R.Stim Mean
%%%	INPUT:	RAW DATA	RAW DATA
%%%	STATE:	ABNORMAL	ABNORMAL	ABNORMAL	ABNORMAL	ABNORMAL	ABNORMAL
%%%	MAX(mm):	0.00	0.00	0.00	0.00	0.00	0.00
%%%	MIN(mm):	0.00	0.00	0.00	0.00	0.00	0.00
%%%	DELTA(mm):						
%%%	CH(%):						
%%%	LAT(sec):	0.00	0.00	0.00	0.00	0.00	0.00
%%%	CV(mm/s):	0.00	0.00	0.00	0.00	0.00	0.00
%%%	MCV(mm/s):	0.00	0.00	0.00	0.00	0.00	0.00
%%%	DV(mm/s):	0.00	0.00	0.00	0.00	0.00	0.00
%%%%%%%%%
%%%%%%%%%
%%%%%%%%%
%%%	Right Pupil Profile (1st row -> 1 == valid tracking, 0 == invalid tracking; 2nd row -> time; 3rd row -> diameter (mm))
%%%	1	1	1	1	1	1	1	1	1	1	1	1	1	1	1	1	1	1	1	1	1	1	1	1	1	1	1	1	1	1	1	1	1	1	1	1	1	1	1	1	1	0	1	1	1	1	1	1	1	1	1	1	1	1	1	1	1	1	1	1	1	1	1	1	0	1	1	1	1	1	1	1	1	1	1	1	1	1	1	1	1	1	1	1	1	1	1	1	1	1	1	1	1	1	1	1	1	1	1	1	1	1	1	1	1	1	1	1	1	1	1	1	1	1	1	1	1	1	1	0	1	1	1	0	1	1	1	1	1	1	0	0	1	1	1	1	1	1	1	1	1	1	1	1	0	0	1	1	1	1	1	1	1	1	0	1	1	1	1	1	1	1	1	1	1	0	1	0	1	1	0	0	1	0	0	1	1	0	1	1	1	1	1	1	1	1	1	1	1	1	1	1	0	1	1	1	1	1	0	1	1	1	1	1	1	1	1	1	0	0	1	1	1	1	1	1	1	1	1	1	1	1	1	1	1	1	1	1	1	1	1	1	1	1	1	1	1	0	1	1	1	1	1	0	1	1	1	1	1	1	1	1	1	1	1	1	1	1	1	1	1	1	1	1	1	1	1	1	1	1	1	1	1	1	1	1	1	1	1	1	1	1	1	1	1	1	0	1	1	1	1	1	1	1	1	1	1	1	1	0	0	1	1	1	1	1	1	1	0	1	1	1	1	1	1	1	1	1	1	1	1	1	1	1	1	1	1	1	1	1	1	1	1	1	1	1	0	1	1	1	1	1	1	1	1	1	1	1	1	1	1	1	1	1	1	1	1	1	1	1	1	1	1	1	1	1	1	1	1	1	1	1	1	1	1	1	1	1	1	1	1	1	1	1	1	1	1	1	1	1	1	1	1	1	1	1	1	1	1	1	1	1	1	1	1	1	1	1	1	1	1	0	1	1	1	1	1	1	1	1	0	1	1	1	1	1	1	1	1	1	1	1	1	1	1	1	1	1	1	1	1	1	1	1	1	1	1	1	1	1	1	1	1	1	1	1	0	1	1	1	1	1	1	1	1	1	1	1	1	1	1	1	1	1	1	1	1	1	1	1	1	0	1	1	1	1	1	1	1	1	1	1	1	1	0	1	1	1	1	1	1	1	1	1	1	1	1	1	1	1	1	1	1	1	1	1	1	1	1	1	1	1	1	1	1	1	1	1	1	1	0	0	1	1	1	1	1	1	1	1	1	1
%%%	-0.051000	-0.020000	0.011000	0.042000	0.074000	0.105000	0.136000	0.167000	0.214000	0.245000	0.276000	0.308000	0.339000	0.370000	0.401000	0.448000	0.479000	0.510000	0.542000	0.573000	0.604000	0.635000	0.682000	0.713000	0.744000	0.776000	0.807000	0.838000	0.869000	0.900000	0.947000	0.978000	1.010000	1.041000	1.072000	1.103000	1.134000	1.181000	1.212000	1.244000	1.275000	1.306000	1.337000	1.368000	1.400000	1.446000	1.478000	1.509000	1.540000	1.571000	1.602000	1.634000	1.680000	1.712000	1.743000	1.774000	1.805000	1.836000	1.868000	1.899000	1.946000	1.977000	2.008000	2.039000	2.070000	2.102000	2.133000	2.180000	2.211000	2.242000	2.273000	2.304000	2.336000	2.367000	2.414000	2.445000	2.476000	2.507000	2.538000	2.570000	2.601000	2.632000	2.679000	2.710000	2.741000	2.772000	2.804000	2.835000	2.866000	2.913000	2.944000	2.975000	3.006000	3.038000	3.069000	3.100000	3.147000	3.178000	3.209000	3.240000	3.272000	3.303000	3.334000	3.365000	3.412000	3.443000	3.474000	3.506000	3.537000	3.568000	3.599000	3.646000	3.677000	3.708000	3.740000	3.771000	3.802000	3.833000	3.880000	3.911000	3.942000	3.974000	4.005000	4.036000	4.067000	4.098000	4.145000	4.176000	4.208000	4.239000	4.270000	4.301000	4.332000	4.379000	4.410000	4.442000	4.473000	4.504000	4.535000	4.566000	4.613000	4.644000	4.676000	4.707000	4.738000	4.769000	4.800000	4.832000	4.878000	4.910000	4.941000	4.972000	5.003000	5.034000	5.066000	5.112000	5.144000	5.175000	5.206000	5.237000	5.268000	5.300000	5.331000	5.378000	5.409000	5.440000	5.471000	5.502000	5.534000	5.565000	5.612000	5.643000	5.674000	5.705000	5.736000	5.768000	5.799000	5.846000	5.877000	5.908000	5.939000	5.970000	6.002000	6.033000	6.064000	6.111000	6.142000	6.173000	6.204000	6.236000	6.267000	6.298000	6.345000	6.376000	6.407000	6.438000	6.470000	6.501000	6.532000	6.579000	6.610000	6.641000	6.672000	6.704000	6.735000	6.766000	6.797000	6.844000	6.875000	6.906000	6.938000	6.969000	7.000000	7.031000	7.078000	7.109000	7.140000	7.172000	7.203000	7.234000	7.265000	7.296000	7.343000	7.374000	7.406000	7.437000	7.468000	7.499000	7.530000	7.577000	7.608000	7.640000	7.671000	7.702000	7.733000	7.764000	7.811000	7.842000	7.874000	7.905000	7.936000	7.967000	7.998000	8.030000	8.076000	8.108000	8.139000	8.170000	8.201000	8.232000	8.264000	8.310000	8.342000	8.373000	8.404000	8.435000	8.466000	8.498000	8.544000	8.576000	8.607000	8.638000	8.669000	8.700000	8.732000	8.763000	8.810000	8.841000	8.872000	8.903000	8.934000	8.966000	8.997000	9.044000	9.075000	9.106000	9.137000	9.168000	9.200000	9.231000	9.262000	9.309000	9.340000	9.371000	9.402000	9.434000	9.465000	9.496000	9.543000	9.574000	9.605000	9.636000	9.668000	9.699000	9.730000	9.777000	9.808000	9.839000	9.870000	9.902000	9.933000	9.964000	9.995000	10.042000	10.073000	10.104000	10.136000	10.167000	10.198000	10.229000	10.276000	10.307000	10.338000	10.370000	10.401000	10.432000	10.463000	10.510000	10.541000	10.572000	10.604000	10.635000	10.666000	10.697000	10.728000	10.775000	10.806000	10.838000	10.869000	10.900000	10.931000	10.962000	11.009000	11.040000	11.072000	11.103000	11.134000	11.165000	11.196000	11.243000	11.274000	11.306000	11.337000	11.368000	11.399000	11.430000	11.462000	11.508000	11.540000	11.571000	11.602000	11.633000	11.664000	11.696000	11.742000	11.774000	11.805000	11.836000	11.867000	11.898000	11.930000	11.976000	12.008000	12.039000	12.070000	12.101000	12.132000	12.164000	12.195000	12.242000	12.273000	12.304000	12.335000	12.366000	12.398000	12.429000	12.476000	12.507000	12.538000	12.569000	12.600000	12.632000	12.663000	12.694000	12.741000	12.772000	12.803000	12.834000	12.866000	12.897000	12.928000	12.975000	13.006000	13.037000	13.068000	13.100000	13.131000	13.162000	13.193000	13.240000	13.271000	13.302000	13.334000	13.365000	13.396000	13.427000	13.474000	13.505000	13.536000	13.568000	13.599000	13.630000	13.661000	13.708000	13.739000	13.770000	13.802000	13.833000	13.864000	13.895000	13.926000	13.973000	14.004000	14.036000	14.067000	14.098000	14.129000	14.160000	14.207000	14.238000	14.270000	14.301000	14.332000	14.363000	14.394000	14.441000	14.472000	14.504000	14.535000	14.566000	14.597000	14.628000	14.660000	14.706000	14.738000	14.769000	14.800000	14.831000	14.862000	14.894000	14.940000	14.972000	15.003000	15.034000	15.065000	15.096000	15.128000	15.174000	15.206000	15.237000	15.268000	15.299000	15.330000	15.362000	15.393000	15.440000	15.471000	15.502000	15.533000	15.564000	15.596000	15.627000	15.674000	15.705000	15.736000	15.767000	15.798000	15.830000	15.861000	15.908000	15.939000	15.970000	16.001000	16.032000	16.064000	16.095000	16.126000	16.173000	16.204000	16.235000	16.266000	16.298000	16.329000	16.360000	16.407000	16.438000	16.469000	16.501000	16.532000	16.563000	16.594000	16.641000	16.672000	16.703000	16.735000	16.766000	16.797000	16.828000	16.859000	16.906000	16.937000	16.969000	17.000000	17.031000	17.062000	17.093000	17.125000	17.171000	17.203000	17.234000	17.265000	17.296000	17.327000	17.359000	17.405000	17.437000	17.468000	17.499000	17.530000	17.561000	17.593000	17.639000	17.671000	17.702000	17.733000	17.764000	17.795000	17.827000	17.858000	17.905000	17.936000	17.967000
%%%	1.466667	1.426087	1.452899	1.472464	1.455942	1.476667	1.479420	1.487391	1.464058	1.462899	1.455797	1.462464	1.460145	1.467971	1.472464	1.426087	1.426667	1.444493	1.472319	1.472319	1.481449	1.460725	1.468986	1.477681	1.464058	1.425073	1.377681	1.344058	1.299420	1.240580	1.227101	1.150725	1.063768	1.018551	1.032029	1.022319	0.962319	0.920580	0.920580	0.921014	0.922899	0.869565	0.912464	0.913188	0.901449	0.869565	0.894638	0.828841	0.903768	0.861594	0.886232	0.913768	0.920145	0.903623	0.921594	0.947536	0.920580	0.968840	0.972464	0.981594	0.956522	0.985507	0.962319	1.035362	1.055072	1.017391	1.044638	1.018116	1.016667	1.007102	0.985507	0.998985	0.939130	0.967971	0.973913	0.988551	0.968406	0.947246	0.973333	1.010580	1.031884	0.969420	1.024493	0.962319	0.954928	1.024928	1.045652	1.007102	1.087536	1.081449	1.025072	1.062029	0.994638	1.018694	1.061014	1.050725	1.072464	1.053188	1.019855	1.016812	0.998841	0.989710	0.996232	0.990145	0.990290	1.066377	0.991304	0.947681	0.990290	0.985942	0.972754	1.043333	0.990725	0.990290	1.038841	1.062753	1.014493	1.009420	1.007102	0.983188	1.118551	0.969565	1.098985	0.996232	1.024058	1.094638	0.974493	1.033188	1.024638	1.026087	0.985797	0.988551	0.978406	0.978261	1.078261	1.062464	1.047246	1.072319	1.075507	1.033768	1.114203	1.081594	1.034638	1.095652	0.968406	0.962319	1.008696	1.017681	1.059855	1.094638	1.089855	1.098841	1.113768	1.062029	1.008696	1.051449	1.079855	1.031884	1.060725	1.080435	1.031594	1.095797	1.062029	0.962319	1.016377	0.968985	1.034058	1.009420	1.072319	1.017971	1.020290	0.920145	1.081594	0.977246	1.007246	1.070145	1.053333	0.968116	1.104928	1.055072	1.089855	1.025362	1.026087	1.138551	1.081449	1.100580	1.043333	1.047102	1.018985	1.132029	1.033623	1.094058	0.939855	1.078841	1.122754	1.100725	1.123333	1.118841	1.013188	1.133768	1.147826	1.147826	1.133768	1.136232	1.044058	1.049420	1.098406	1.068116	1.005797	1.009420	1.071159	1.097971	1.065797	1.026667	1.046667	1.059855	1.137971	1.118986	1.066667	1.150580	1.147826	1.146812	1.139710	1.062029	1.133188	1.142029	1.171015	1.147971	1.087536	1.144493	1.136232	1.165942	1.127101	1.159420	1.044638	1.113623	1.139855	0.996812	1.062029	1.159420	1.133333	1.118551	1.146812	1.044058	1.159710	1.131449	1.101884	1.158551	1.147826	1.140145	1.135797	1.136232	1.159710	1.152464	1.181594	1.152319	1.147826	1.164638	1.191884	1.203768	1.192899	1.181014	1.188406	1.207681	1.159855	1.185797	1.168551	1.213188	1.176667	1.211449	1.202754	1.194203	1.191159	1.184203	1.165217	1.200145	1.203333	1.159420	1.181449	1.201160	1.200000	1.203333	1.209855	1.182609	1.202754	1.203768	1.398986	1.203333	1.194927	1.234783	1.214493	1.220145	1.217391	1.200145	1.211449	1.203333	1.218406	1.203188	1.212029	1.081594	1.065797	1.191884	1.194058	1.214638	1.221159	1.205507	1.220145	1.211594	1.035507	1.202029	1.216377	1.212464	1.217391	1.217391	1.240580	1.212029	1.227536	1.211449	1.197101	1.217391	1.194203	1.217391	1.220580	1.203333	1.229275	1.228985	1.224927	1.252754	1.182609	1.230580	1.211449	1.215217	1.217536	1.218406	1.229420	1.214203	1.130435	1.229420	1.212029	1.240290	1.247246	1.222899	1.237681	1.234203	1.239275	1.240580	1.229275	1.235797	1.231159	1.227681	1.186811	1.248406	1.252174	1.238116	1.220725	1.251014	1.248840	1.252174	1.247101	1.253768	1.263768	1.272754	1.247246	1.262899	1.267971	1.281014	1.255942	1.279420	1.268551	1.273333	1.274493	1.266667	1.283768	1.274638	1.285797	1.274638	1.282754	1.272319	1.287536	1.298406	1.276667	1.268551	1.279420	1.292754	1.285362	1.273913	1.272754	1.272319	1.288116	1.271159	1.310145	1.286957	1.304493	1.277681	1.323333	1.273333	1.274058	1.283768	1.303188	1.290725	1.297246	1.291159	1.288841	1.274203	1.281014	1.276667	1.284203	1.281884	1.296667	1.289710	1.282029	1.240580	1.299420	1.289710	1.285942	1.286957	1.310145	1.282609	1.286957	1.229275	1.333333	1.286377	1.301594	1.300725	1.333333	1.305072	1.292319	1.283768	1.310290	1.263768	1.286957	1.297101	1.308841	1.240580	1.322319	1.240580	1.304928	1.304493	1.310145	1.286957	1.306667	1.285942	1.315797	1.305797	1.240580	1.325507	1.285797	1.306377	1.305362	1.333333	1.300000	1.240580	1.283188	1.333333	1.240580	1.286957	1.240580	1.290580	1.294058	1.309275	1.322319	1.309275	1.273623	1.286957	1.296812	1.240580	1.301160	1.344058	1.340290	1.324927	1.309710	1.308841	1.286957	1.304928	1.288116	1.291884	1.296377	1.291449	1.304493	1.284203	1.286377	1.240580	1.267246	1.281159	1.286957	1.285797	1.287681	1.286957	1.286957	1.322899	1.291304	1.293768	1.240580	1.286957	1.240580	1.296377	1.298116	1.292029	1.328985	1.298551	1.263768	1.310145	1.302029	1.298986	1.333333	1.286232	1.321739	1.301594	1.240580	1.322464	1.305072	1.278406	1.290725	1.286957	1.313623	1.290725	1.310145	1.290580	1.263768	1.301160	1.298551	1.323768	1.291884	1.296377	1.302319	1.308986	1.314638	1.305362	1.310145	1.308551	1.240580	1.240580	1.342899	1.340725	1.316232	1.325507	1.320580	1.305797	1.327101	1.342464	1.328406	1.309855
%%%	Left Pupil Profile (1st row -> 1 == valid tracking, 0 == invalid tracking; 2nd row -> time; 3rd row -> diameter (mm))
%%%	0	0	0	0	0	0	0	0	0	0	0	0	0	0	0	0	0	0	0	0	0	0	0	0	0	0	0	0	0	0	0	0	0	0	0	0	0	0	0	0	0	0	0	0	0	0	0	0	0	0	0	0	0	0	0	0	0	0	0	0	0	0	0	0	0	0	0	0	0	0	0	0	0	0	0	0	0	0	0	0	0	0	0	0	0	0	0	0	0	0	0	0	0	0	0	0	0	0	0	0	0	0	0	0	0	0	0	0	0	0	0	0	0	0	0	0	0	0	0	0	0	0	0	0	0	0	0	0	0	0	0	0	0	0	0	0	0	0	0	0	0	0	0	0	0	0	0	0	0	0	0	0	0	0	0	0	0	0	0	0	0	0	0	0	0	0	0	0	0	0	0	0	0	0	0	0	0	0	0	0	0	0	0	0	0	0	0	0	0	0	0	0	0	0	0	0	0	0	0	0	0	0	0	0	0	0	0	0	0	0	0	0	0	0	0	0	0	0	0	0	0	0	0	0	0	0	0	0	0	0	0	0	0	0	0	0	0	0	0	0	0	0	0	0	0	0	0	0	0	0	0	0	0	0	0	0	0	0	0	0	0	0	0	0	0	0	0	0	0	0	0	0	0	0	0	0	0	0	0	0	0	0	0	0	0	0	0	0	0	0	0	0	0	0	0	0	0	0	0	0	0	0	0	0	0	0	0	0	0	0	0	0	0	0	0	0	0	0	0	0	0	0	0	0	0	0	0	0	0	0	0	0	0	0	0	0	0	0	0	0	0	0	0	0	0	0	0	0	0	0	0	0	0	0	0	0	0	0	0	0	0	0	0	0	0	0	0	0	0	0	0	0	0	0	0	0	0	0	0	0	0	0	0	0	0	0	0	0	0	0	0	0	0	0	0	0	0	0	0	0	0	0	0	0	0	0	0	0	0	0	0	0	0	0	0	0	0	0	0	0	0	0	0	0	0	0	0	0	0	0	0	0	0	0	0	0	0	0	0	0	0	0	0	0	0	0	0	0	0	0	0	0	0	0	0	0	0	0	0	0	0	0	0	0	0	0	0	0	0	0	0	0	0	0	0	0	0	0	0	0	0	0	0	0	0	0	0	0	0	0	0	0	0	0	0	0	0	0	0	0	0	0	0	0	0	0	0	0	0	0	0	0	0	0	0	0	0	0	0	0	0	0	0	0	0	0	0	0	0	0	0	0	0	0	0	0	0	0	0	0	0	0	0
%%%	-0.066000	-0.035000	-0.004000	0.043000	0.074000	0.105000	0.136000	0.168000	0.199000	0.230000	0.261000	0.308000	0.339000	0.370000	0.402000	0.433000	0.464000	0.495000	0.542000	0.573000	0.604000	0.636000	0.667000	0.698000	0.729000	0.776000	0.807000	0.838000	0.870000	0.901000	0.932000	0.963000	0.994000	1.041000	1.072000	1.104000	1.135000	1.166000	1.197000	1.228000	1.275000	1.306000	1.338000	1.369000	1.400000	1.431000	1.462000	1.494000	1.540000	1.572000	1.603000	1.634000	1.665000	1.696000	1.728000	1.774000	1.806000	1.837000	1.868000	1.899000	1.930000	1.962000	2.008000	2.040000	2.071000	2.102000	2.133000	2.164000	2.196000	2.227000	2.274000	2.305000	2.336000	2.367000	2.398000	2.430000	2.461000	2.508000	2.539000	2.570000	2.601000	2.632000	2.664000	2.695000	2.726000	2.773000	2.804000	2.835000	2.866000	2.898000	2.929000	2.960000	3.007000	3.038000	3.069000	3.100000	3.132000	3.163000	3.194000	3.241000	3.272000	3.303000	3.334000	3.366000	3.397000	3.428000	3.459000	3.506000	3.537000	3.568000	3.600000	3.631000	3.662000	3.693000	3.740000	3.771000	3.802000	3.834000	3.865000	3.896000	3.927000	3.974000	4.005000	4.036000	4.068000	4.099000	4.130000	4.161000	4.192000	4.239000	4.270000	4.302000	4.333000	4.364000	4.395000	4.426000	4.473000	4.504000	4.536000	4.567000	4.598000	4.629000	4.660000	4.707000	4.738000	4.770000	4.801000	4.832000	4.863000	4.894000	4.926000	4.972000	5.004000	5.035000	5.066000	5.097000	5.128000	5.160000	5.206000	5.238000	5.269000	5.300000	5.331000	5.362000	5.394000	5.425000	5.472000	5.503000	5.534000	5.565000	5.596000	5.628000	5.659000	5.706000	5.737000	5.768000	5.799000	5.830000	5.862000	5.893000	5.940000	5.971000	6.002000	6.033000	6.064000	6.096000	6.127000	6.158000	6.205000	6.236000	6.267000	6.298000	6.330000	6.361000	6.392000	6.439000	6.470000	6.501000	6.532000	6.564000	6.595000	6.626000	6.673000	6.704000	6.735000	6.766000	6.798000	6.829000	6.860000	6.891000	6.938000	6.969000	7.000000	7.032000	7.063000	7.094000	7.125000	7.172000	7.203000	7.234000	7.266000	7.297000	7.328000	7.359000	7.390000	7.437000	7.468000	7.500000	7.531000	7.562000	7.593000	7.624000	7.671000	7.702000	7.734000	7.765000	7.796000	7.827000	7.858000	7.905000	7.936000	7.968000	7.999000	8.030000	8.061000	8.092000	8.124000	8.170000	8.202000	8.233000	8.264000	8.295000	8.326000	8.358000	8.404000	8.436000	8.467000	8.498000	8.529000	8.560000	8.592000	8.638000	8.670000	8.701000	8.732000	8.763000	8.794000	8.826000	8.857000	8.904000	8.935000	8.966000	8.997000	9.028000	9.060000	9.091000	9.138000	9.169000	9.200000	9.231000	9.262000	9.294000	9.325000	9.356000	9.403000	9.434000	9.465000	9.496000	9.528000	9.559000	9.590000	9.637000	9.668000	9.699000	9.730000	9.762000	9.793000	9.824000	9.871000	9.902000	9.933000	9.964000	9.996000	10.027000	10.058000	10.089000	10.136000	10.167000	10.198000	10.230000	10.261000	10.292000	10.323000	10.370000	10.401000	10.432000	10.464000	10.495000	10.526000	10.557000	10.604000	10.635000	10.666000	10.698000	10.729000	10.760000	10.791000	10.822000	10.869000	10.900000	10.932000	10.963000	10.994000	11.025000	11.056000	11.103000	11.134000	11.166000	11.197000	11.228000	11.259000	11.290000	11.337000	11.368000	11.400000	11.431000	11.462000	11.493000	11.524000	11.556000	11.602000	11.634000	11.665000	11.696000	11.727000	11.758000	11.790000	11.836000	11.868000	11.899000	11.930000	11.961000	11.992000	12.024000	12.070000	12.102000	12.133000	12.164000	12.195000	12.226000	12.258000	12.289000	12.336000	12.367000	12.398000	12.429000	12.460000	12.492000	12.523000	12.570000	12.601000	12.632000	12.663000	12.694000	12.726000	12.757000	12.788000	12.835000	12.866000	12.897000	12.928000	12.960000	12.991000	13.022000	13.069000	13.100000	13.131000	13.162000	13.194000	13.225000	13.256000	13.287000	13.334000	13.365000	13.396000	13.428000	13.459000	13.490000	13.521000	13.568000	13.599000	13.630000	13.662000	13.693000	13.724000	13.755000	13.802000	13.833000	13.864000	13.896000	13.927000	13.958000	13.989000	14.020000	14.067000	14.098000	14.130000	14.161000	14.192000	14.223000	14.254000	14.301000	14.332000	14.364000	14.395000	14.426000	14.457000	14.488000	14.535000	14.566000	14.598000	14.629000	14.660000	14.691000	14.722000	14.754000	14.800000	14.832000	14.863000	14.894000	14.925000	14.956000	14.988000	15.034000	15.066000	15.097000	15.128000	15.159000	15.190000	15.222000	15.268000	15.300000	15.331000	15.362000	15.393000	15.424000	15.456000	15.487000	15.534000	15.565000	15.596000	15.627000	15.658000	15.690000	15.721000	15.768000	15.799000	15.830000	15.861000	15.892000	15.924000	15.955000	16.002000	16.033000	16.064000	16.095000	16.126000	16.158000	16.189000	16.220000	16.267000	16.298000	16.329000	16.360000	16.392000	16.423000	16.454000	16.501000	16.532000	16.563000	16.595000	16.626000	16.657000	16.688000	16.735000	16.766000	16.797000	16.829000	16.860000	16.891000	16.922000	16.953000	17.000000	17.031000	17.063000	17.094000	17.125000	17.156000	17.187000	17.219000	17.265000	17.297000	17.328000	17.359000	17.390000	17.421000	17.453000	17.499000	17.531000	17.562000	17.593000	17.624000	17.655000	17.687000	17.733000	17.765000	17.796000	17.827000	17.858000	17.889000	17.921000	17.952000	17.999000
%%%	13.913043	13.913043	13.913043	13.913043	13.913043	13.913043	13.913043	13.913043	13.913043	13.913043	13.913043	13.913043	13.913043	13.913043	13.913043	13.913043	13.913043	13.913043	13.913043	13.913043	13.913043	13.913043	13.913043	13.913043	13.913043	13.913043	13.913043	13.913043	13.913043	13.913043	13.913043	13.913043	13.913043	13.913043	13.913043	13.913043	13.913043	13.913043	13.913043	13.913043	13.913043	13.913043	13.913043	13.913043	13.913043	13.913043	13.913043	13.913043	13.913043	13.913043	13.913043	13.913043	13.913043	13.913043	13.913043	13.913043	13.913043	13.913043	13.913043	13.913043	13.913043	13.913043	13.913043	13.913043	13.913043	13.913043	13.913043	13.913043	13.913043	13.913043	13.913043	13.913043	13.913043	13.913043	13.913043	13.913043	13.913043	13.913043	13.913043	13.913043	13.913043	13.913043	13.913043	13.913043	13.913043	13.913043	13.913043	13.913043	13.913043	13.913043	13.913043	13.913043	13.913043	13.913043	13.913043	13.913043	13.913043	13.913043	13.913043	13.913043	13.913043	13.913043	13.913043	13.913043	13.913043	13.913043	13.913043	13.913043	13.913043	13.913043	13.913043	13.913043	13.913043	13.913043	13.913043	13.913043	13.913043	13.913043	13.913043	13.913043	13.913043	13.913043	13.913043	13.913043	13.913043	13.913043	13.913043	13.913043	13.913043	13.913043	13.913043	13.913043	13.913043	13.913043	13.913043	13.913043	13.913043	13.913043	13.913043	13.913043	13.913043	13.913043	13.913043	13.913043	13.913043	13.913043	13.913043	13.913043	13.913043	13.913043	13.913043	13.913043	13.913043	13.913043	13.913043	13.913043	13.913043	13.913043	13.913043	13.913043	13.913043	13.913043	13.913043	13.913043	13.913043	13.913043	13.913043	13.913043	13.913043	13.913043	13.913043	13.913043	13.913043	13.913043	13.913043	13.913043	13.913043	13.913043	13.913043	13.913043	13.913043	13.913043	13.913043	13.913043	13.913043	13.913043	13.913043	13.913043	13.913043	13.913043	13.913043	13.913043	13.913043	13.913043	13.913043	13.913043	13.913043	13.913043	13.913043	13.913043	13.913043	13.913043	13.913043	13.913043	13.913043	13.913043	13.913043	13.913043	13.913043	13.913043	13.913043	13.913043	13.913043	13.913043	13.913043	13.913043	13.913043	13.913043	13.913043	13.913043	13.913043	13.913043	13.913043	13.913043	13.913043	13.913043	13.913043	13.913043	13.913043	13.913043	13.913043	13.913043	13.913043	13.913043	13.913043	13.913043	13.913043	13.913043	13.913043	13.913043	13.913043	13.913043	13.913043	13.913043	13.913043	13.913043	13.913043	13.913043	13.913043	13.913043	13.913043	13.913043	13.913043	13.913043	13.913043	13.913043	13.913043	13.913043	13.913043	13.913043	13.913043	13.913043	13.913043	13.913043	13.913043	13.913043	13.913043	13.913043	13.913043	13.913043	13.913043	13.913043	13.913043	13.913043	13.913043	13.913043	13.913043	13.913043	13.913043	13.913043	13.913043	13.913043	13.913043	13.913043	13.913043	13.913043	13.913043	13.913043	13.913043	13.913043	13.913043	13.913043	13.913043	13.913043	13.913043	13.913043	13.913043	13.913043	13.913043	13.913043	13.913043	13.913043	13.913043	13.913043	13.913043	13.913043	13.913043	13.913043	13.913043	13.913043	13.913043	13.913043	13.913043	13.913043	13.913043	13.913043	13.913043	13.913043	13.913043	13.913043	13.913043	13.913043	13.913043	13.913043	13.913043	13.913043	13.913043	13.913043	13.913043	13.913043	13.913043	13.913043	13.913043	13.913043	13.913043	13.913043	13.913043	13.913043	13.913043	13.913043	13.913043	13.913043	13.913043	13.913043	13.913043	13.913043	13.913043	13.913043	13.913043	13.913043	13.913043	13.913043	13.913043	13.913043	13.913043	13.913043	13.913043	13.913043	13.913043	13.913043	13.913043	13.913043	13.913043	13.913043	13.913043	13.913043	13.913043	13.913043	13.913043	13.913043	13.913043	13.913043	13.913043	13.913043	13.913043	13.913043	13.913043	13.913043	13.913043	13.913043	13.913043	13.913043	13.913043	13.913043	13.913043	13.913043	13.913043	13.913043	13.913043	13.913043	13.913043	13.913043	13.913043	13.913043	13.913043	13.913043	13.913043	13.913043	13.913043	13.913043	13.913043	13.913043	13.913043	13.913043	13.913043	13.913043	13.913043	13.913043	13.913043	13.913043	13.913043	13.913043	13.913043	13.913043	13.913043	13.913043	13.913043	13.913043	13.913043	13.913043	13.913043	13.913043	13.913043	13.913043	13.913043	13.913043	13.913043	13.913043	13.913043	13.913043	13.913043	13.913043	13.913043	13.913043	13.913043	13.913043	13.913043	13.913043	13.913043	13.913043	13.913043	13.913043	13.913043	13.913043	13.913043	13.913043	13.913043	13.913043	13.913043	13.913043	13.913043	13.913043	13.913043	13.913043	13.913043	13.913043	13.913043	13.913043	13.913043	13.913043	13.913043	13.913043	13.913043	13.913043	13.913043	13.913043	13.913043	13.913043	13.913043	13.913043	13.913043	13.913043	13.913043	13.913043	13.913043	13.913043	13.913043	13.913043	13.913043	13.913043	13.913043	13.913043	13.913043	13.913043	13.913043	13.913043	13.913043	13.913043	13.913043	13.913043	13.913043	13.913043	13.913043	13.913043	13.913043	13.913043	13.913043	13.913043	13.913043	13.913043	13.913043	13.913043	13.913043	13.913043	13.913043	13.913043	13.913043	13.913043	13.913043	13.913043	13.913043	13.913043	13.913043	13.913043	13.913043	13.913043	13.913043	13.913043	13.913043	13.913043	13.913043	13.913043	13.913043	13.913043	13.913043	13.913043	13.913043	13.913043	13.913043	13.913043	13.913043	13.913043	13.913043	13.913043	13.913043	13.913043	13.913043	13.913043	13.913043	13.913043	13.913043	13.913043	13.913043
%%%	Pulse Index	Stimulus Section Index	Stimulus Section Start Index	Stimulus Section End Index	Pupil Stimulated: 0 = Right, 1 = Left, 2 = Both	Light Metric: 0 = Photopic, 1 = Scopotic, 2 = Radiometric	Stimulus Start Time	Stimulus Duration	Stimulus Pulse Duration	Right Pulse Max Level	Right Pulse Max Color (0123 = WRGB)	Right Pulse Min Level	Right Pulse Min Color (0123 = WRGB)	Left Pulse Max Level	Left Pulse Max Color (0123 = WRGB)	Left Pulse Min Level	Left Pulse Min Color (0123 = WRGB)	Right Data Input Type (0 == RAW DATA, 1 == FITTED DATA, 2 == M. OVERRIDED)	Right ANALYSIS STATE (0 == ABNORMAL, 1 == NORMAL)	Right MAX (mm) (EMPTY if INVALID)	Right MIN (mm) (EMPTY if INVALID)	Right DELTA (mm) (EMPTY if INVALID)	Right CH (%) (EMPTY if INVALID)	Right LAT (sec) (EMPTY if INVALID)	Right CV (mm/s) (EMPTY if INVALID)	Right MCV (mm/s) (EMPTY if INVALID)	Right DV (mm/s) (EMPTY if INVALID)	Left Data Input Type (0 == RAW DATA, 1 == FITTED DATA, 2 == M. OVERRIDED)	Left ANALYSIS STATE (0 == ABNORMAL, 1 == NORMAL)	Left MAX (mm) (EMPTY if INVALID)	Left MIN (mm) (EMPTY if INVALID)	Left DELTA (mm) (EMPTY if INVALID)	Left CH (%) (EMPTY if INVALID)	Left LAT (sec) (EMPTY if INVALID)	Left CV (mm/s) (EMPTY if INVALID)	Left MCV (mm/s) (EMPTY if INVALID)	Left DV (mm/s) (EMPTY if INVALID)
%%%	0	0	17	541	0	0	0.51	17.52	0.51	99.71	1	0.00	1	0.00	1	0.00	1	0	0	0.00	0.00			0.00	0.00	0.00	0.00	0	0	0.00	0.00			0.00	0.00	0.00	0.00
%%%%%%%%%
%%%%%%%%%
%%%%%%%%%
<\SESSION>
