<SESSION>
<VERSION>
2
<\VERSION>
<DATE>
2017-09-05 10:29:29
<\DATE>
<SUBJECT-ID>
c57-1mois-F3-4.5r
<\SUBJECT-ID>
<NOTE>

<\NOTE>
<MIN-MAX-PLOT>
0.100000 51880.761719
<\MIN-MAX-PLOT>
<STIMULUS-DEFINED>
Default
Default Human Relative Spectral Sensitivity
1	0
1	0.500000	0.500000	17.000000	1	1	4.500000	-100.000000	0.100000	-100.000000	0
<\STIMULUS-DEFINED>
<STIMULUS-GENERATED>
4
0	0	0.000000	1	0.000000	0.000000	1	0.000000	0.000000
0	1	0.510000	1	129.044220	31625.173828	1	0.000000	0.000000
0	4	1.019000	1	0.000000	0.000000	1	0.000000	0.000000
-1	5	18.028000	0	0.000000	0.000000	0	0.000000	0.000000
<\STIMULUS-GENERATED>
<RIGHT-PUPIL-DATA>
543	1
1	-0.051000	1.374058	302.243744	340.881256
1	-0.020000	1.382609	302.750000	340.000000
1	0.012000	1.373913	302.500000	340.000000
1	0.043000	1.374927	301.881256	340.118744
1	0.074000	1.378841	302.187500	340.862488
1	0.105000	1.374927	302.631256	340.118744
1	0.136000	1.373913	302.125000	340.125000
1	0.183000	1.361449	302.062500	340.612488
1	0.214000	1.375217	301.893768	341.031281
1	0.246000	1.375073	302.100006	341.024994
1	0.277000	1.384058	302.125000	340.875000
1	0.308000	1.378261	302.125000	341.000000
0	0.339000	1.240580	305.500000	338.500000
1	0.370000	1.381159	302.187500	341.012512
1	0.417000	1.377246	302.131256	340.993744
1	0.448000	1.381159	302.137512	340.137512
1	0.480000	1.405797	302.799988	339.450012
1	0.511000	1.333333	302.250000	339.750000
1	0.542000	1.356522	302.000000	340.000000
1	0.573000	1.358841	301.912506	340.537506
1	0.604000	1.341449	302.362518	340.712494
1	0.636000	1.380435	302.062500	341.875000
1	0.682000	1.344928	301.500000	342.500000
1	0.714000	1.330145	302.412415	341.549988
1	0.745000	1.344058	302.312500	341.687500
1	0.776000	1.366377	303.024994	342.975006
1	0.807000	1.344058	302.312500	342.687500
1	0.838000	1.326667	302.562500	342.487488
1	0.870000	1.291884	303.062500	342.937500
1	0.916000	1.255362	303.462494	343.462494
1	0.948000	1.191884	302.125000	343.875000
1	0.979000	1.209855	303.024994	343.600006
1	1.010000	1.174058	302.306244	343.556244
1	1.041000	1.148551	302.518738	344.231262
1	1.072000	1.133333	302.299988	344.700012
1	1.104000	1.100725	302.818756	344.931244
1	1.150000	1.065797	302.362488	344.687500
1	1.182000	1.063623	303.706238	345.156250
0	1.213000	0.962319	305.500000	342.500000
1	1.244000	0.989710	302.268738	344.768738
1	1.275000	0.975507	303.081238	344.981262
1	1.306000	0.962319	304.500000	345.500000
1	1.338000	0.904928	303.250000	345.000000
1	1.369000	0.911449	303.343750	344.343750
1	1.416000	0.894638	303.868744	344.868744
1	1.447000	0.866812	302.968750	345.031250
1	1.478000	0.845362	303.156250	345.843750
1	1.509000	0.825362	303.531250	345.893738
1	1.540000	0.869565	301.500000	346.500000
1	1.572000	0.829710	303.018738	345.531250
1	1.603000	0.796232	303.062500	344.937500
1	1.650000	0.779855	303.781250	344.831238
1	1.681000	0.779855	303.818634	345.168732
1	1.712000	0.760290	304.062500	345.437500
1	1.743000	0.796667	303.943756	344.943756
1	1.774000	0.788406	302.875000	345.375000
1	1.806000	0.783768	304.149994	345.225006
1	1.837000	0.777681	303.237488	345.687500
1	1.884000	0.801159	302.975006	345.850006
0	1.915000	0.684058	305.500000	342.500000
0	1.946000	0.684058	301.500000	346.500000
0	1.977000	0.684058	301.500000	346.500000
1	2.008000	0.754493	304.524994	345.149994
1	2.040000	0.792898	304.131287	344.968750
1	2.071000	0.732754	304.462494	344.850006
1	2.102000	0.726232	304.381256	345.068756
1	2.149000	0.776812	304.000000	345.000000
1	2.180000	0.751159	304.318756	345.681244
1	2.211000	0.763623	303.481262	346.518738
1	2.242000	0.738406	303.643738	346.231262
1	2.274000	0.727681	303.218750	345.906250
1	2.305000	0.735507	303.456238	346.581238
1	2.336000	0.760290	303.562500	347.562500
1	2.367000	0.744203	302.781250	346.531250
1	2.414000	0.748551	303.643738	346.481262
1	2.445000	0.782609	304.000000	347.000000
1	2.476000	0.743623	303.306244	346.681244
1	2.508000	0.752319	303.556244	346.556244
1	2.539000	0.823188	302.500000	347.500000
1	2.570000	0.776812	301.500000	346.500000
1	2.601000	0.755362	303.524994	348.600006
1	2.648000	0.760290	302.562500	347.562500
1	2.679000	0.788986	302.962494	348.024994
1	2.710000	0.776812	302.500000	345.500000
1	2.742000	0.746667	302.600006	347.399994
1	2.773000	0.774493	302.174988	346.875000
1	2.804000	0.791884	303.000000	347.000000
1	2.835000	0.782609	303.000000	346.000000
1	2.882000	0.792898	302.968750	345.856262
1	2.913000	0.822319	302.750000	345.562500
1	2.944000	0.788116	303.024994	345.912506
1	2.976000	0.781449	303.024994	345.725006
1	3.007000	0.801884	302.906250	346.018738
0	3.038000	0.592464	297.475006	342.350006
1	3.069000	0.800000	301.500000	346.500000
1	3.100000	0.795217	303.031250	346.968750
1	3.147000	0.831449	301.681244	347.006256
1	3.178000	0.801015	302.006256	346.006256
1	3.210000	0.869565	301.500000	346.500000
1	3.241000	0.834783	301.500000	345.500000
0	3.272000	0.654203	300.149994	344.087494
1	3.303000	0.816377	302.293732	346.681244
1	3.334000	0.883623	302.356232	346.693756
1	3.381000	0.809710	302.881256	346.756256
1	3.412000	0.844058	303.750000	347.750000
1	3.444000	0.831594	302.462494	347.462494
1	3.475000	0.840580	303.000000	348.000000
1	3.506000	0.846667	301.787506	346.774994
1	3.537000	0.840580	303.000000	347.500000
1	3.568000	0.831449	302.631256	347.443756
1	3.615000	0.832029	302.531250	347.468750
1	3.646000	0.839275	302.556244	348.106232
1	3.678000	0.828986	303.000000	348.000000
1	3.709000	0.858116	302.906250	347.281250
1	3.740000	0.866812	302.468750	347.218750
1	3.771000	0.834783	302.500000	347.500000
1	3.802000	0.834783	303.500000	348.500000
1	3.834000	0.840725	301.668762	347.468750
1	3.880000	0.874203	303.100006	346.850006
1	3.912000	0.835942	301.899994	347.475006
1	3.943000	0.868406	302.512482	348.274994
1	3.974000	0.828986	302.500000	349.000000
1	4.005000	0.857102	302.062500	347.687500
1	4.036000	0.869565	301.500000	346.500000
1	4.068000	0.866377	302.037506	347.787506
1	4.114000	0.846377	303.500000	348.500000
1	4.146000	0.852754	301.125000	347.125000
1	4.177000	0.861884	302.418732	347.256256
1	4.208000	0.869565	301.500000	346.500000
1	4.239000	0.876232	303.087494	347.087494
1	4.270000	0.846377	301.500000	346.500000
1	4.302000	0.870725	301.475006	348.225006
1	4.348000	0.865797	301.937500	348.437500
1	4.380000	0.884203	302.718750	348.331238
1	4.411000	0.863623	302.018738	347.968750
1	4.442000	0.869565	302.500000	349.500000
1	4.473000	0.846377	302.750000	348.750000
1	4.504000	0.884928	301.712494	348.212494
1	4.536000	0.892754	302.424988	348.174988
1	4.567000	0.872464	303.000000	348.250000
1	4.614000	0.853623	301.500000	348.000000
1	4.645000	0.879275	302.756256	348.756256
1	4.676000	0.877681	302.375000	348.612488
1	4.707000	0.869565	302.500000	349.500000
1	4.738000	0.898985	302.556244	349.443756
1	4.770000	0.907102	302.218750	349.593750
1	4.801000	0.883623	301.306244	350.056244
1	4.848000	0.904928	302.000000	351.000000
1	4.879000	0.869565	301.500000	350.500000
1	4.910000	0.897246	302.418732	350.993744
1	4.941000	0.912029	302.631256	350.993744
1	4.972000	0.870725	302.475006	350.475006
1	5.004000	0.903188	301.774994	349.274994
1	5.035000	0.925072	302.368744	349.493744
0	5.082000	0.653333	299.037506	345.899994
1	5.113000	0.922319	302.799988	349.799988
1	5.144000	0.902029	302.524994	349.974945
1	5.175000	0.903188	301.975006	350.274994
1	5.206000	0.883623	302.306244	349.556244
1	5.238000	0.888551	302.343750	350.343750
1	5.269000	0.869565	301.500000	350.500000
1	5.300000	0.890725	302.662506	350.337494
1	5.347000	0.904348	301.500000	349.500000
1	5.378000	0.882609	301.612457	349.287506
1	5.409000	0.904493	302.493744	349.993744
1	5.440000	0.892754	302.575012	349.125000
1	5.472000	0.895797	302.568756	349.118744
1	5.503000	0.870145	302.125000	349.500000
1	5.534000	0.910145	302.637512	350.325012
1	5.581000	0.918551	301.725006	349.412506
1	5.612000	0.927536	301.500000	349.500000
1	5.643000	0.913768	301.893738	349.893738
1	5.674000	0.911449	301.656250	349.893738
1	5.706000	0.904493	301.256256	350.193756
1	5.737000	0.937247	302.018738	350.468750
1	5.768000	0.920725	302.256256	349.756256
0	5.815000	0.915942	304.500000	349.500000
1	5.846000	0.920580	302.225006	350.225006
1	5.877000	0.920580	301.774994	349.774994
1	5.908000	0.962319	302.500000	349.500000
1	5.940000	0.933333	302.500000	350.000000
1	5.971000	0.929855	302.362488	349.625000
1	6.002000	0.939710	303.000000	349.500000
1	6.033000	0.930435	302.000000	350.000000
1	6.080000	0.930580	301.631165	350.468750
1	6.111000	0.869565	301.500000	350.500000
1	6.142000	0.933333	301.450012	350.674988
1	6.174000	0.955942	301.750000	350.750000
1	6.205000	0.933333	301.562500	350.687500
1	6.236000	0.924493	301.406250	350.531250
1	6.267000	0.869565	301.500000	350.500000
1	6.314000	0.948985	301.850006	351.212494
1	6.345000	0.869565	301.500000	350.500000
1	6.376000	0.967971	301.468750	350.968750
1	6.408000	0.926812	300.706238	351.406250
0	6.439000	0.915942	300.500000	349.500000
1	6.470000	0.939130	301.500000	350.500000
1	6.501000	0.955942	301.250000	351.250000
1	6.532000	0.968985	300.937500	352.062500
1	6.579000	0.954928	300.281250	352.281250
1	6.610000	0.973333	300.000000	352.500000
1	6.642000	0.968406	301.037506	352.462494
1	6.673000	0.939130	300.000000	352.000000
1	6.704000	0.940290	300.475006	351.475006
1	6.735000	0.962319	301.000000	352.000000
1	6.766000	0.944928	301.500000	351.500000
1	6.813000	0.950725	301.500000	352.500000
1	6.844000	0.962319	300.000000	352.000000
1	6.876000	0.932319	300.643707	351.606232
1	6.907000	0.955942	301.250000	353.250000
1	6.938000	0.949420	300.168762	352.831238
1	6.969000	0.968985	299.924988	352.062500
0	7.000000	0.962319	301.500000	350.500000
1	7.047000	0.964058	301.024994	353.024994
1	7.078000	0.989565	300.849976	354.312500
1	7.110000	0.962319	301.500000	350.500000
1	7.141000	0.970580	300.931244	352.006256
1	7.172000	0.968985	301.062500	352.062500
1	7.203000	0.947971	301.181244	352.368744
1	7.234000	0.974928	301.418671	351.993744
1	7.266000	0.954928	301.281250	352.268738
1	7.312000	0.985362	300.718750	351.906250
1	7.344000	1.002899	301.000000	352.500000
1	7.375000	1.008116	301.000000	352.500000
1	7.406000	0.948551	299.793732	352.593719
1	7.437000	0.998841	299.899994	353.100006
0	7.468000	0.962319	301.500000	350.500000
1	7.500000	1.012464	300.062500	352.750000
1	7.546000	1.055072	301.500000	354.500000
1	7.578000	0.992464	300.774994	352.725006
1	7.609000	0.994058	300.343750	351.843750
1	7.640000	0.973333	300.500000	351.000000
1	7.671000	1.055072	301.500000	350.500000
1	7.702000	1.005797	301.450012	351.549988
1	7.734000	0.990290	300.743744	351.756256
1	7.765000	1.008696	300.500000	351.500000
1	7.812000	0.995072	300.625000	352.187500
1	7.843000	1.024928	300.225006	351.774994
1	7.874000	0.954928	300.281250	351.281250
1	7.905000	0.962319	301.500000	350.500000
1	7.936000	0.985507	301.500000	350.500000
1	7.968000	0.998841	300.650024	350.825012
1	7.999000	0.991304	300.500000	351.000000
1	8.046000	1.031449	300.856262	351.143738
1	8.077000	1.010580	300.468750	350.718750
1	8.108000	1.014058	300.618744	350.631256
1	8.139000	1.007102	300.781250	350.531250
1	8.170000	1.017971	301.674927	350.674988
1	8.202000	1.022319	300.812500	350.362488
1	8.233000	0.994493	300.912506	350.162506
1	8.280000	1.055072	301.500000	350.500000
1	8.311000	1.020580	300.399994	349.337494
1	8.342000	1.044058	301.500000	349.500000
1	8.373000	1.009420	301.518738	348.981262
1	8.404000	1.007536	300.975006	349.024994
1	8.436000	1.048406	300.887512	349.112488
1	8.467000	1.020290	301.125000	348.875000
1	8.498000	0.997971	300.837494	348.850006
1	8.545000	1.043478	301.500000	349.500000
1	8.576000	1.008116	301.250000	349.500000
1	8.607000	1.043333	301.493744	349.568756
1	8.638000	1.045072	301.018738	349.481262
1	8.670000	1.000145	301.618744	349.118744
1	8.701000	1.101449	300.500000	349.500000
1	8.732000	1.054928	301.343750	348.718750
1	8.779000	1.022754	301.343719	348.731171
1	8.810000	1.044638	301.475006	348.975006
1	8.841000	1.025942	302.243744	349.743744
1	8.872000	1.062029	301.725006	349.524994
1	8.904000	1.078841	302.000000	350.000000
1	8.935000	1.049420	302.406250	349.468750
1	8.966000	1.044058	301.750000	350.000000
1	9.013000	1.044058	301.500000	350.000000
1	9.044000	1.063623	301.281250	349.156250
1	9.075000	1.048406	302.437500	349.562500
1	9.106000	1.044058	301.500000	349.500000
1	9.138000	1.061449	302.750000	349.750000
1	9.169000	1.043333	302.506256	349.493744
1	9.200000	1.053333	302.600006	348.899994
1	9.231000	1.044638	302.975006	348.475006
1	9.278000	1.034638	303.156250	348.518738
0	9.309000	0.962319	305.500000	346.500000
1	9.340000	1.008116	303.000000	348.750000
1	9.372000	1.044638	302.524994	349.024994
0	9.403000	0.962319	305.500000	346.500000
0	9.434000	0.962319	301.500000	346.500000
1	9.465000	1.044058	302.500000	349.625000
1	9.512000	1.018116	301.893738	348.893738
1	9.543000	1.062319	302.262512	349.262512
1	9.574000	1.048841	303.056244	349.068756
1	9.606000	1.070145	302.612488	350.375000
1	9.637000	1.055072	305.500000	350.500000
1	9.668000	1.048985	302.462494	349.662506
1	9.699000	1.078841	303.000000	351.000000
1	9.746000	1.086957	302.000000	351.250000
1	9.777000	1.044058	302.000000	351.250000
1	9.808000	1.053333	301.600006	352.100006
1	9.840000	1.065942	301.706238	351.706238
1	9.871000	1.081015	301.268738	351.968750
1	9.902000	1.062029	301.725006	352.212494
0	9.933000	0.962319	305.500000	350.500000
1	9.964000	1.044638	301.225006	352.975006
1	10.011000	1.034203	301.125000	352.500000
1	10.042000	1.044058	301.000000	351.750000
1	10.074000	1.046667	301.475006	352.037445
1	10.105000	1.037101	302.087494	351.537506
1	10.136000	1.048841	301.068756	351.056244
1	10.167000	1.020290	301.250000	350.750000
1	10.198000	1.031884	300.875000	350.375000
1	10.245000	1.062029	301.225006	349.725006
0	10.276000	1.055072	301.500000	346.500000
1	10.308000	1.044058	301.000000	348.500000
1	10.339000	1.044058	301.000000	348.500000
1	10.370000	1.061884	302.243744	349.256256
1	10.401000	1.055507	300.681244	348.568756
1	10.432000	1.042754	302.018738	347.481262
1	10.464000	1.076667	301.468750	347.031250
1	10.510000	1.059710	302.274994	347.725006
1	10.542000	1.079420	302.024994	348.024994
1	10.573000	1.071159	302.343750	347.843750
1	10.604000	1.066232	302.681244	348.306244
1	10.635000	1.083188	301.562500	348.500000
1	10.666000	1.097246	301.656250	348.781250
0	10.698000	1.055072	301.500000	346.500000
1	10.744000	1.061884	301.681244	349.193756
1	10.776000	1.078261	301.500000	348.500000
1	10.807000	1.078841	301.437500	350.000000
1	10.838000	1.108551	301.381256	349.931244
1	10.869000	1.078841	301.012573	350.487488
1	10.900000	1.090145	301.387482	351.162506
1	10.932000	1.052174	301.500000	351.500000
1	10.978000	1.083188	301.062561	351.062500
1	11.010000	1.078261	301.500000	352.500000
1	11.041000	1.078841	301.000000	352.500000
1	11.072000	1.096232	300.875000	352.250000
1	11.103000	1.117391	300.625000	352.000000
1	11.134000	1.098406	301.093750	352.218750
1	11.166000	1.114638	301.281250	351.468750
1	11.197000	1.078841	300.000000	351.000000
1	11.244000	1.096812	301.212494	351.225006
1	11.275000	1.078261	301.500000	350.500000
1	11.306000	1.079855	302.031250	349.843750
1	11.337000	1.099420	301.687500	349.750000
1	11.368000	1.089855	301.500000	349.500000
1	11.400000	1.105507	301.274994	349.850006
1	11.431000	1.098551	301.000000	350.500000
1	11.478000	1.115942	301.000000	349.500000
1	11.509000	1.147826	301.500000	350.500000
1	11.540000	1.090580	301.875000	349.937500
1	11.571000	1.118841	301.812500	349.937500
1	11.602000	1.081449	301.037506	349.975006
1	11.634000	1.117971	301.187500	350.062500
1	11.665000	1.104493	301.118744	349.243744
1	11.712000	1.094493	301.662506	349.225006
1	11.743000	1.097246	302.218750	349.781250
1	11.774000	1.104493	301.368805	349.118744
1	11.805000	1.095797	301.243744	349.243744
1	11.836000	1.081594	301.006256	348.443756
1	11.868000	1.100725	301.668823	348.718689
1	11.899000	1.099420	302.750000	348.687500
1	11.930000	1.118551	302.912506	349.537506
1	11.977000	1.131449	300.693756	349.743744
1	12.008000	1.113043	300.500000	348.500000
1	12.039000	1.137536	301.156250	349.156250
1	12.070000	1.096812	301.225006	348.225006
1	12.102000	1.109855	301.587494	349.212494
1	12.133000	1.107971	302.031250	349.956238
1	12.164000	1.117971	301.937500	349.937500
1	12.211000	1.100580	302.187500	349.437500
1	12.242000	1.081594	301.443756	349.443756
1	12.273000	1.100580	301.312500	349.812500
1	12.304000	1.105507	301.725006	349.850006
1	12.336000	1.124638	300.750000	350.750000
1	12.367000	1.131014	300.250000	351.250000
1	12.398000	1.103623	300.656250	350.768738
1	12.429000	1.104203	301.743744	350.881256
1	12.476000	1.124638	301.424988	351.049988
1	12.507000	1.147826	301.500000	350.500000
1	12.538000	1.122754	301.006256	352.381256
1	12.570000	1.105942	301.343750	351.656250
1	12.601000	1.141014	301.206238	351.731262
1	12.632000	1.147826	301.500000	350.500000
1	12.663000	1.147826	301.500000	350.500000
1	12.710000	1.147826	301.500000	354.500000
1	12.741000	1.109275	300.812500	352.812500
1	12.772000	1.113768	301.018738	351.981262
1	12.804000	1.140290	301.162506	352.800018
1	12.835000	1.147826	301.500000	354.500000
1	12.866000	1.159420	300.875000	354.625000
1	12.897000	1.118841	301.000000	354.000000
1	12.944000	1.124638	299.500000	354.500000
1	12.975000	1.171015	303.500000	352.500000
1	13.006000	1.112753	301.162476	354.000000
1	13.038000	1.113623	300.500000	354.000000
1	13.069000	1.114203	300.975006	354.524994
1	13.100000	1.113043	300.875000	354.875000
1	13.131000	1.112029	300.943756	354.818756
1	13.162000	1.147826	301.500000	354.500000
1	13.209000	1.147826	301.500000	354.500000
1	13.240000	1.107971	301.418762	353.831238
1	13.272000	1.147826	301.500000	354.500000
1	13.303000	1.108116	300.687500	354.062500
1	13.334000	1.089855	301.500000	353.500000
1	13.365000	1.081594	301.556244	354.006256
1	13.396000	1.096812	301.887482	354.225006
1	13.443000	1.113043	301.500000	353.500000
0	13.474000	1.049275	300.562500	351.187500
1	13.506000	1.100000	300.875000	354.125000
1	13.537000	1.058551	300.825043	354.074921
1	13.568000	1.096667	301.181244	353.743744
1	13.599000	1.054928	301.156250	355.406250
1	13.630000	1.078841	300.500000	355.500000
1	13.677000	1.078261	300.000000	356.000000
1	13.708000	1.083188	300.500000	356.062500
1	13.740000	1.079275	300.431244	354.993744
1	13.771000	1.070145	300.000000	355.174988
1	13.802000	1.064058	300.325043	356.274994
1	13.833000	1.087536	299.625000	355.125000
1	13.864000	1.068116	300.174988	354.737488
1	13.896000	1.078841	300.000000	355.000000
1	13.942000	1.078261	300.000000	355.000000
1	13.974000	1.048985	299.912506	355.662506
1	14.005000	1.098841	299.725006	356.274994
1	14.036000	1.095652	300.000000	356.000000
1	14.067000	1.087536	299.362488	356.125000
1	14.098000	1.081594	299.943756	355.443756
1	14.130000	1.094493	299.774994	355.774994
1	14.176000	1.078550	300.512451	355.512451
1	14.208000	1.105507	299.350006	354.725006
1	14.239000	1.105507	299.725006	354.887482
1	14.270000	1.095507	299.643768	355.293732
1	14.301000	1.127246	300.162506	355.899994
1	14.332000	1.096667	299.756256	355.743744
1	14.364000	1.114203	299.975006	355.725006
1	14.395000	1.096667	300.243744	355.756256
0	14.442000	0.962319	301.500000	354.500000
1	14.473000	1.081304	299.993744	356.031281
0	14.504000	0.962319	301.500000	354.500000
1	14.535000	1.079855	299.406250	358.031250
1	14.566000	1.078261	299.000000	358.000000
1	14.598000	1.071159	299.956238	356.843750
1	14.629000	1.100000	299.125000	356.750000
1	14.676000	1.113043	298.937500	356.687500
1	14.707000	1.099420	299.799988	357.687500
1	14.738000	1.081594	299.443756	357.443756
1	14.769000	1.113043	299.750000	356.750000
1	14.800000	1.118841	299.000000	358.000000
1	14.832000	1.097246	299.218750	357.768738
1	14.863000	1.078261	299.500000	358.500000
1	14.910000	1.131594	299.324982	357.675018
1	14.941000	1.114203	298.975006	358.475006
1	14.972000	1.098985	298.943756	358.118744
1	15.003000	1.081594	298.443756	357.443756
1	15.034000	1.078261	299.500000	357.500000
1	15.066000	1.082029	299.562500	357.437500
1	15.097000	1.118551	299.537506	356.537506
1	15.128000	1.114058	299.106232	357.506256
1	15.175000	1.113043	299.500000	357.500000
1	15.206000	1.114203	298.975006	356.899994
1	15.237000	1.118551	298.962494	357.462494
1	15.268000	1.107971	299.168762	357.406250
1	15.300000	1.114058	299.906128	358.031250
1	15.331000	1.098841	298.212494	358.162506
1	15.362000	1.113043	298.500000	357.500000
1	15.409000	1.122464	298.606262	357.043762
1	15.440000	1.104928	298.875000	356.875000
1	15.471000	1.101884	299.206238	357.718750
1	15.502000	1.129420	299.193756	357.256256
1	15.534000	1.094058	298.656250	357.268738
1	15.565000	1.120145	298.843750	357.593750
1	15.596000	1.104203	297.868744	356.743744
1	15.643000	1.130145	298.750031	356.087494
1	15.674000	1.131449	299.256256	357.256256
0	15.705000	1.700000	307.250000	360.375000
1	15.736000	1.126232	298.806244	357.118744
1	15.768000	1.113043	298.500000	356.500000
1	15.799000	1.100725	298.668762	357.668762
1	15.830000	1.151594	299.312500	357.987488
1	15.861000	1.110290	298.281250	357.406250
1	15.908000	1.139420	299.837494	356.787506
1	15.939000	1.147826	298.500000	357.500000
1	15.970000	1.127101	300.056244	357.193756
1	16.002000	1.142029	298.825012	357.424988
1	16.033000	1.147101	298.281250	357.518738
1	16.064000	1.141449	298.587494	357.787506
1	16.095000	1.131449	298.881256	357.256256
1	16.142000	1.147826	298.500000	359.500000
1	16.173000	1.159420	297.500000	358.500000
1	16.204000	1.109275	297.562500	357.812500
1	16.236000	1.138116	298.131256	358.131256
1	16.267000	1.135797	297.806244	358.268768
1	16.298000	1.146812	298.443756	358.631256
1	16.329000	1.133333	298.700012	357.700012
1	16.376000	1.124638	298.862488	357.575012
1	16.407000	1.134928	299.756256	358.131256
1	16.438000	1.138551	299.575012	357.812500
1	16.470000	1.147826	301.500000	358.500000
1	16.501000	1.140290	299.350006	358.162506
1	16.532000	1.131014	299.700012	357.500000
1	16.563000	1.131014	299.500000	357.299988
1	16.594000	1.136232	298.500000	358.500000
1	16.641000	1.147826	297.500000	354.500000
1	16.672000	1.124493	298.593750	355.906250
1	16.704000	1.165942	299.518738	355.843750
1	16.735000	1.117536	299.818756	355.931244
1	16.766000	1.136232	299.500000	355.500000
1	16.797000	1.166667	299.762512	355.237488
1	16.828000	1.115362	299.962494	356.024994
1	16.875000	1.138116	299.418732	356.231232
1	16.906000	1.117971	299.112488	355.937500
0	16.938000	1.147826	301.500000	354.500000
1	16.969000	1.100725	299.668762	354.668762
1	17.000000	1.121884	299.818756	354.981232
1	17.031000	1.137971	298.837494	355.199982
1	17.062000	1.144493	299.806244	355.256256
1	17.109000	1.148406	299.500000	356.500000
1	17.140000	1.151594	299.312500	357.987488
1	17.172000	1.137971	298.837494	357.162506
0	17.203000	1.529710	301.081238	345.418762
1	17.234000	1.155362	299.925018	356.350006
1	17.265000	1.147246	299.549988	356.375000
0	17.296000	1.171015	301.500000	354.500000
1	17.328000	1.142029	300.000000	356.500000
1	17.374000	1.153623	299.000000	357.000000
1	17.406000	1.150580	298.531250	356.281250
1	17.437000	1.146377	299.487488	355.887512
1	17.468000	1.147826	297.500000	354.500000
1	17.499000	1.167971	299.281250	355.781250
0	17.530000	1.611594	301.500000	346.500000
1	17.562000	1.144058	299.250000	355.887512
1	17.608000	1.152899	298.968750	355.456238
1	17.640000	1.149855	299.037506	355.962494
1	17.671000	1.124058	299.600006	355.600006
1	17.702000	1.127246	299.824982	356.037506
1	17.733000	1.133333	299.737488	355.700012
0	17.764000	1.147826	301.500000	354.500000
1	17.796000	1.151160	299.943756	356.806244
1	17.842000	1.173913	300.593750	356.906250
1	17.874000	1.133768	299.081268	356.868744
1	17.905000	1.133768	299.693756	357.806244
1	17.936000	1.127536	300.000000	358.000000
1	17.967000	1.127391	299.756287	358.443726
1	17.998000	1.114203	299.524994	357.975006
<\RIGHT-PUPIL-DATA>
<LEFT-PUPIL-DATA>
542	0
0	-0.067000	13.913043	240.000000	320.000000
0	-0.036000	13.913043	240.000000	320.000000
0	0.011000	13.913043	240.000000	320.000000
0	0.042000	13.913043	240.000000	320.000000
0	0.074000	13.913043	240.000000	320.000000
0	0.105000	13.913043	240.000000	320.000000
0	0.136000	13.913043	240.000000	320.000000
0	0.167000	13.913043	240.000000	320.000000
0	0.198000	13.913043	240.000000	320.000000
0	0.245000	13.913043	240.000000	320.000000
0	0.276000	13.913043	240.000000	320.000000
0	0.308000	13.913043	240.000000	320.000000
0	0.339000	13.913043	240.000000	320.000000
0	0.370000	13.913043	240.000000	320.000000
0	0.401000	13.913043	240.000000	320.000000
0	0.432000	13.913043	240.000000	320.000000
0	0.464000	13.913043	240.000000	320.000000
0	0.510000	13.913043	240.000000	320.000000
0	0.542000	13.913043	240.000000	320.000000
0	0.573000	13.913043	240.000000	320.000000
0	0.604000	13.913043	240.000000	320.000000
0	0.635000	13.913043	240.000000	320.000000
0	0.666000	13.913043	240.000000	320.000000
0	0.698000	13.913043	240.000000	320.000000
0	0.744000	13.913043	240.000000	320.000000
0	0.776000	13.913043	240.000000	320.000000
0	0.807000	13.913043	240.000000	320.000000
0	0.838000	13.913043	240.000000	320.000000
0	0.869000	13.913043	240.000000	320.000000
0	0.900000	13.913043	240.000000	320.000000
0	0.932000	13.913043	240.000000	320.000000
0	0.978000	13.913043	240.000000	320.000000
0	1.010000	13.913043	240.000000	320.000000
0	1.041000	13.913043	240.000000	320.000000
0	1.072000	13.913043	240.000000	320.000000
0	1.103000	13.913043	240.000000	320.000000
0	1.134000	13.913043	240.000000	320.000000
0	1.166000	13.913043	240.000000	320.000000
0	1.197000	13.913043	240.000000	320.000000
0	1.244000	13.913043	240.000000	320.000000
0	1.275000	13.913043	240.000000	320.000000
0	1.306000	13.913043	240.000000	320.000000
0	1.337000	13.913043	240.000000	320.000000
0	1.368000	13.913043	240.000000	320.000000
0	1.400000	13.913043	240.000000	320.000000
0	1.431000	13.913043	240.000000	320.000000
0	1.478000	13.913043	240.000000	320.000000
0	1.509000	13.913043	240.000000	320.000000
0	1.540000	13.913043	240.000000	320.000000
0	1.571000	13.913043	240.000000	320.000000
0	1.602000	13.913043	240.000000	320.000000
0	1.634000	13.913043	240.000000	320.000000
0	1.665000	13.913043	240.000000	320.000000
0	1.712000	13.913043	240.000000	320.000000
0	1.743000	13.913043	240.000000	320.000000
0	1.774000	13.913043	240.000000	320.000000
0	1.805000	13.913043	240.000000	320.000000
0	1.836000	13.913043	240.000000	320.000000
0	1.868000	13.913043	240.000000	320.000000
0	1.899000	13.913043	240.000000	320.000000
0	1.930000	13.913043	240.000000	320.000000
0	1.977000	13.913043	240.000000	320.000000
0	2.008000	13.913043	240.000000	320.000000
0	2.039000	13.913043	240.000000	320.000000
0	2.070000	13.913043	240.000000	320.000000
0	2.102000	13.913043	240.000000	320.000000
0	2.133000	13.913043	240.000000	320.000000
0	2.164000	13.913043	240.000000	320.000000
0	2.195000	13.913043	240.000000	320.000000
0	2.242000	13.913043	240.000000	320.000000
0	2.273000	13.913043	240.000000	320.000000
0	2.304000	13.913043	240.000000	320.000000
0	2.336000	13.913043	240.000000	320.000000
0	2.367000	13.913043	240.000000	320.000000
0	2.398000	13.913043	240.000000	320.000000
0	2.429000	13.913043	240.000000	320.000000
0	2.476000	13.913043	240.000000	320.000000
0	2.507000	13.913043	240.000000	320.000000
0	2.538000	13.913043	240.000000	320.000000
0	2.570000	13.913043	240.000000	320.000000
0	2.601000	13.913043	240.000000	320.000000
0	2.632000	13.913043	240.000000	320.000000
0	2.663000	13.913043	240.000000	320.000000
0	2.710000	13.913043	240.000000	320.000000
0	2.741000	13.913043	240.000000	320.000000
0	2.772000	13.913043	240.000000	320.000000
0	2.804000	13.913043	240.000000	320.000000
0	2.835000	13.913043	240.000000	320.000000
0	2.866000	13.913043	240.000000	320.000000
0	2.897000	13.913043	240.000000	320.000000
0	2.928000	13.913043	240.000000	320.000000
0	2.975000	13.913043	240.000000	320.000000
0	3.006000	13.913043	240.000000	320.000000
0	3.038000	13.913043	240.000000	320.000000
0	3.069000	13.913043	240.000000	320.000000
0	3.100000	13.913043	240.000000	320.000000
0	3.131000	13.913043	240.000000	320.000000
0	3.162000	13.913043	240.000000	320.000000
0	3.209000	13.913043	240.000000	320.000000
0	3.240000	13.913043	240.000000	320.000000
0	3.272000	13.913043	240.000000	320.000000
0	3.303000	13.913043	240.000000	320.000000
0	3.334000	13.913043	240.000000	320.000000
0	3.365000	13.913043	240.000000	320.000000
0	3.396000	13.913043	240.000000	320.000000
0	3.443000	13.913043	240.000000	320.000000
0	3.474000	13.913043	240.000000	320.000000
0	3.506000	13.913043	240.000000	320.000000
0	3.537000	13.913043	240.000000	320.000000
0	3.568000	13.913043	240.000000	320.000000
0	3.599000	13.913043	240.000000	320.000000
0	3.630000	13.913043	240.000000	320.000000
0	3.662000	13.913043	240.000000	320.000000
0	3.708000	13.913043	240.000000	320.000000
0	3.740000	13.913043	240.000000	320.000000
0	3.771000	13.913043	240.000000	320.000000
0	3.802000	13.913043	240.000000	320.000000
0	3.833000	13.913043	240.000000	320.000000
0	3.864000	13.913043	240.000000	320.000000
0	3.896000	13.913043	240.000000	320.000000
0	3.942000	13.913043	240.000000	320.000000
0	3.974000	13.913043	240.000000	320.000000
0	4.005000	13.913043	240.000000	320.000000
0	4.036000	13.913043	240.000000	320.000000
0	4.067000	13.913043	240.000000	320.000000
0	4.098000	13.913043	240.000000	320.000000
0	4.130000	13.913043	240.000000	320.000000
0	4.176000	13.913043	240.000000	320.000000
0	4.208000	13.913043	240.000000	320.000000
0	4.239000	13.913043	240.000000	320.000000
0	4.270000	13.913043	240.000000	320.000000
0	4.301000	13.913043	240.000000	320.000000
0	4.332000	13.913043	240.000000	320.000000
0	4.364000	13.913043	240.000000	320.000000
0	4.395000	13.913043	240.000000	320.000000
0	4.442000	13.913043	240.000000	320.000000
0	4.473000	13.913043	240.000000	320.000000
0	4.504000	13.913043	240.000000	320.000000
0	4.535000	13.913043	240.000000	320.000000
0	4.566000	13.913043	240.000000	320.000000
0	4.598000	13.913043	240.000000	320.000000
0	4.629000	13.913043	240.000000	320.000000
0	4.676000	13.913043	240.000000	320.000000
0	4.707000	13.913043	240.000000	320.000000
0	4.738000	13.913043	240.000000	320.000000
0	4.769000	13.913043	240.000000	320.000000
0	4.800000	13.913043	240.000000	320.000000
0	4.832000	13.913043	240.000000	320.000000
0	4.863000	13.913043	240.000000	320.000000
0	4.910000	13.913043	240.000000	320.000000
0	4.941000	13.913043	240.000000	320.000000
0	4.972000	13.913043	240.000000	320.000000
0	5.003000	13.913043	240.000000	320.000000
0	5.034000	13.913043	240.000000	320.000000
0	5.066000	13.913043	240.000000	320.000000
0	5.097000	13.913043	240.000000	320.000000
0	5.128000	13.913043	240.000000	320.000000
0	5.175000	13.913043	240.000000	320.000000
0	5.206000	13.913043	240.000000	320.000000
0	5.237000	13.913043	240.000000	320.000000
0	5.268000	13.913043	240.000000	320.000000
0	5.300000	13.913043	240.000000	320.000000
0	5.331000	13.913043	240.000000	320.000000
0	5.362000	13.913043	240.000000	320.000000
0	5.409000	13.913043	240.000000	320.000000
0	5.440000	13.913043	240.000000	320.000000
0	5.471000	13.913043	240.000000	320.000000
0	5.502000	13.913043	240.000000	320.000000
0	5.534000	13.913043	240.000000	320.000000
0	5.565000	13.913043	240.000000	320.000000
0	5.596000	13.913043	240.000000	320.000000
0	5.643000	13.913043	240.000000	320.000000
0	5.674000	13.913043	240.000000	320.000000
0	5.705000	13.913043	240.000000	320.000000
0	5.736000	13.913043	240.000000	320.000000
0	5.768000	13.913043	240.000000	320.000000
0	5.799000	13.913043	240.000000	320.000000
0	5.830000	13.913043	240.000000	320.000000
0	5.861000	13.913043	240.000000	320.000000
0	5.908000	13.913043	240.000000	320.000000
0	5.939000	13.913043	240.000000	320.000000
0	5.970000	13.913043	240.000000	320.000000
0	6.002000	13.913043	240.000000	320.000000
0	6.033000	13.913043	240.000000	320.000000
0	6.064000	13.913043	240.000000	320.000000
0	6.095000	13.913043	240.000000	320.000000
0	6.126000	13.913043	240.000000	320.000000
0	6.173000	13.913043	240.000000	320.000000
0	6.204000	13.913043	240.000000	320.000000
0	6.236000	13.913043	240.000000	320.000000
0	6.267000	13.913043	240.000000	320.000000
0	6.298000	13.913043	240.000000	320.000000
0	6.329000	13.913043	240.000000	320.000000
0	6.360000	13.913043	240.000000	320.000000
0	6.407000	13.913043	240.000000	320.000000
0	6.438000	13.913043	240.000000	320.000000
0	6.470000	13.913043	240.000000	320.000000
0	6.501000	13.913043	240.000000	320.000000
0	6.532000	13.913043	240.000000	320.000000
0	6.563000	13.913043	240.000000	320.000000
0	6.594000	13.913043	240.000000	320.000000
0	6.641000	13.913043	240.000000	320.000000
0	6.672000	13.913043	240.000000	320.000000
0	6.704000	13.913043	240.000000	320.000000
0	6.735000	13.913043	240.000000	320.000000
0	6.766000	13.913043	240.000000	320.000000
0	6.797000	13.913043	240.000000	320.000000
0	6.828000	13.913043	240.000000	320.000000
0	6.860000	13.913043	240.000000	320.000000
0	6.906000	13.913043	240.000000	320.000000
0	6.938000	13.913043	240.000000	320.000000
0	6.969000	13.913043	240.000000	320.000000
0	7.000000	13.913043	240.000000	320.000000
0	7.031000	13.913043	240.000000	320.000000
0	7.062000	13.913043	240.000000	320.000000
0	7.094000	13.913043	240.000000	320.000000
0	7.140000	13.913043	240.000000	320.000000
0	7.172000	13.913043	240.000000	320.000000
0	7.203000	13.913043	240.000000	320.000000
0	7.234000	13.913043	240.000000	320.000000
0	7.265000	13.913043	240.000000	320.000000
0	7.296000	13.913043	240.000000	320.000000
0	7.328000	13.913043	240.000000	320.000000
0	7.374000	13.913043	240.000000	320.000000
0	7.406000	13.913043	240.000000	320.000000
0	7.437000	13.913043	240.000000	320.000000
0	7.468000	13.913043	240.000000	320.000000
0	7.499000	13.913043	240.000000	320.000000
0	7.530000	13.913043	240.000000	320.000000
0	7.562000	13.913043	240.000000	320.000000
0	7.593000	13.913043	240.000000	320.000000
0	7.640000	13.913043	240.000000	320.000000
0	7.671000	13.913043	240.000000	320.000000
0	7.702000	13.913043	240.000000	320.000000
0	7.733000	13.913043	240.000000	320.000000
0	7.764000	13.913043	240.000000	320.000000
0	7.796000	13.913043	240.000000	320.000000
0	7.827000	13.913043	240.000000	320.000000
0	7.874000	13.913043	240.000000	320.000000
0	7.905000	13.913043	240.000000	320.000000
0	7.936000	13.913043	240.000000	320.000000
0	7.967000	13.913043	240.000000	320.000000
0	7.998000	13.913043	240.000000	320.000000
0	8.030000	13.913043	240.000000	320.000000
0	8.061000	13.913043	240.000000	320.000000
0	8.108000	13.913043	240.000000	320.000000
0	8.139000	13.913043	240.000000	320.000000
0	8.170000	13.913043	240.000000	320.000000
0	8.201000	13.913043	240.000000	320.000000
0	8.232000	13.913043	240.000000	320.000000
0	8.264000	13.913043	240.000000	320.000000
0	8.295000	13.913043	240.000000	320.000000
0	8.326000	13.913043	240.000000	320.000000
0	8.373000	13.913043	240.000000	320.000000
0	8.404000	13.913043	240.000000	320.000000
0	8.435000	13.913043	240.000000	320.000000
0	8.466000	13.913043	240.000000	320.000000
0	8.498000	13.913043	240.000000	320.000000
0	8.529000	13.913043	240.000000	320.000000
0	8.560000	13.913043	240.000000	320.000000
0	8.607000	13.913043	240.000000	320.000000
0	8.638000	13.913043	240.000000	320.000000
0	8.669000	13.913043	240.000000	320.000000
0	8.700000	13.913043	240.000000	320.000000
0	8.732000	13.913043	240.000000	320.000000
0	8.763000	13.913043	240.000000	320.000000
0	8.794000	13.913043	240.000000	320.000000
0	8.841000	13.913043	240.000000	320.000000
0	8.872000	13.913043	240.000000	320.000000
0	8.903000	13.913043	240.000000	320.000000
0	8.934000	13.913043	240.000000	320.000000
0	8.966000	13.913043	240.000000	320.000000
0	8.997000	13.913043	240.000000	320.000000
0	9.028000	13.913043	240.000000	320.000000
0	9.059000	13.913043	240.000000	320.000000
0	9.106000	13.913043	240.000000	320.000000
0	9.137000	13.913043	240.000000	320.000000
0	9.168000	13.913043	240.000000	320.000000
0	9.200000	13.913043	240.000000	320.000000
0	9.231000	13.913043	240.000000	320.000000
0	9.262000	13.913043	240.000000	320.000000
0	9.293000	13.913043	240.000000	320.000000
0	9.340000	13.913043	240.000000	320.000000
0	9.371000	13.913043	240.000000	320.000000
0	9.402000	13.913043	240.000000	320.000000
0	9.434000	13.913043	240.000000	320.000000
0	9.465000	13.913043	240.000000	320.000000
0	9.496000	13.913043	240.000000	320.000000
0	9.527000	13.913043	240.000000	320.000000
0	9.574000	13.913043	240.000000	320.000000
0	9.605000	13.913043	240.000000	320.000000
0	9.636000	13.913043	240.000000	320.000000
0	9.668000	13.913043	240.000000	320.000000
0	9.699000	13.913043	240.000000	320.000000
0	9.730000	13.913043	240.000000	320.000000
0	9.761000	13.913043	240.000000	320.000000
0	9.792000	13.913043	240.000000	320.000000
0	9.839000	13.913043	240.000000	320.000000
0	9.870000	13.913043	240.000000	320.000000
0	9.902000	13.913043	240.000000	320.000000
0	9.933000	13.913043	240.000000	320.000000
0	9.964000	13.913043	240.000000	320.000000
0	9.995000	13.913043	240.000000	320.000000
0	10.026000	13.913043	240.000000	320.000000
0	10.058000	13.913043	240.000000	320.000000
0	10.104000	13.913043	240.000000	320.000000
0	10.136000	13.913043	240.000000	320.000000
0	10.167000	13.913043	240.000000	320.000000
0	10.198000	13.913043	240.000000	320.000000
0	10.229000	13.913043	240.000000	320.000000
0	10.260000	13.913043	240.000000	320.000000
0	10.292000	13.913043	240.000000	320.000000
0	10.338000	13.913043	240.000000	320.000000
0	10.370000	13.913043	240.000000	320.000000
0	10.401000	13.913043	240.000000	320.000000
0	10.432000	13.913043	240.000000	320.000000
0	10.463000	13.913043	240.000000	320.000000
0	10.494000	13.913043	240.000000	320.000000
0	10.526000	13.913043	240.000000	320.000000
0	10.572000	13.913043	240.000000	320.000000
0	10.604000	13.913043	240.000000	320.000000
0	10.635000	13.913043	240.000000	320.000000
0	10.666000	13.913043	240.000000	320.000000
0	10.697000	13.913043	240.000000	320.000000
0	10.728000	13.913043	240.000000	320.000000
0	10.760000	13.913043	240.000000	320.000000
0	10.791000	13.913043	240.000000	320.000000
0	10.838000	13.913043	240.000000	320.000000
0	10.869000	13.913043	240.000000	320.000000
0	10.900000	13.913043	240.000000	320.000000
0	10.931000	13.913043	240.000000	320.000000
0	10.962000	13.913043	240.000000	320.000000
0	10.994000	13.913043	240.000000	320.000000
0	11.025000	13.913043	240.000000	320.000000
0	11.072000	13.913043	240.000000	320.000000
0	11.103000	13.913043	240.000000	320.000000
0	11.134000	13.913043	240.000000	320.000000
0	11.165000	13.913043	240.000000	320.000000
0	11.196000	13.913043	240.000000	320.000000
0	11.228000	13.913043	240.000000	320.000000
0	11.259000	13.913043	240.000000	320.000000
0	11.306000	13.913043	240.000000	320.000000
0	11.337000	13.913043	240.000000	320.000000
0	11.368000	13.913043	240.000000	320.000000
0	11.399000	13.913043	240.000000	320.000000
0	11.430000	13.913043	240.000000	320.000000
0	11.462000	13.913043	240.000000	320.000000
0	11.493000	13.913043	240.000000	320.000000
0	11.524000	13.913043	240.000000	320.000000
0	11.571000	13.913043	240.000000	320.000000
0	11.602000	13.913043	240.000000	320.000000
0	11.633000	13.913043	240.000000	320.000000
0	11.664000	13.913043	240.000000	320.000000
0	11.696000	13.913043	240.000000	320.000000
0	11.727000	13.913043	240.000000	320.000000
0	11.758000	13.913043	240.000000	320.000000
0	11.805000	13.913043	240.000000	320.000000
0	11.836000	13.913043	240.000000	320.000000
0	11.867000	13.913043	240.000000	320.000000
0	11.898000	13.913043	240.000000	320.000000
0	11.930000	13.913043	240.000000	320.000000
0	11.961000	13.913043	240.000000	320.000000
0	11.992000	13.913043	240.000000	320.000000
0	12.039000	13.913043	240.000000	320.000000
0	12.070000	13.913043	240.000000	320.000000
0	12.101000	13.913043	240.000000	320.000000
0	12.132000	13.913043	240.000000	320.000000
0	12.164000	13.913043	240.000000	320.000000
0	12.195000	13.913043	240.000000	320.000000
0	12.226000	13.913043	240.000000	320.000000
0	12.257000	13.913043	240.000000	320.000000
0	12.304000	13.913043	240.000000	320.000000
0	12.335000	13.913043	240.000000	320.000000
0	12.366000	13.913043	240.000000	320.000000
0	12.398000	13.913043	240.000000	320.000000
0	12.429000	13.913043	240.000000	320.000000
0	12.460000	13.913043	240.000000	320.000000
0	12.491000	13.913043	240.000000	320.000000
0	12.538000	13.913043	240.000000	320.000000
0	12.569000	13.913043	240.000000	320.000000
0	12.600000	13.913043	240.000000	320.000000
0	12.632000	13.913043	240.000000	320.000000
0	12.663000	13.913043	240.000000	320.000000
0	12.694000	13.913043	240.000000	320.000000
0	12.725000	13.913043	240.000000	320.000000
0	12.772000	13.913043	240.000000	320.000000
0	12.803000	13.913043	240.000000	320.000000
0	12.834000	13.913043	240.000000	320.000000
0	12.866000	13.913043	240.000000	320.000000
0	12.897000	13.913043	240.000000	320.000000
0	12.928000	13.913043	240.000000	320.000000
0	12.959000	13.913043	240.000000	320.000000
0	12.990000	13.913043	240.000000	320.000000
0	13.037000	13.913043	240.000000	320.000000
0	13.068000	13.913043	240.000000	320.000000
0	13.100000	13.913043	240.000000	320.000000
0	13.131000	13.913043	240.000000	320.000000
0	13.162000	13.913043	240.000000	320.000000
0	13.193000	13.913043	240.000000	320.000000
0	13.224000	13.913043	240.000000	320.000000
0	13.271000	13.913043	240.000000	320.000000
0	13.302000	13.913043	240.000000	320.000000
0	13.334000	13.913043	240.000000	320.000000
0	13.365000	13.913043	240.000000	320.000000
0	13.396000	13.913043	240.000000	320.000000
0	13.427000	13.913043	240.000000	320.000000
0	13.458000	13.913043	240.000000	320.000000
0	13.505000	13.913043	240.000000	320.000000
0	13.536000	13.913043	240.000000	320.000000
0	13.568000	13.913043	240.000000	320.000000
0	13.599000	13.913043	240.000000	320.000000
0	13.630000	13.913043	240.000000	320.000000
0	13.661000	13.913043	240.000000	320.000000
0	13.692000	13.913043	240.000000	320.000000
0	13.724000	13.913043	240.000000	320.000000
0	13.770000	13.913043	240.000000	320.000000
0	13.802000	13.913043	240.000000	320.000000
0	13.833000	13.913043	240.000000	320.000000
0	13.864000	13.913043	240.000000	320.000000
0	13.895000	13.913043	240.000000	320.000000
0	13.926000	13.913043	240.000000	320.000000
0	13.958000	13.913043	240.000000	320.000000
0	14.004000	13.913043	240.000000	320.000000
0	14.036000	13.913043	240.000000	320.000000
0	14.067000	13.913043	240.000000	320.000000
0	14.098000	13.913043	240.000000	320.000000
0	14.129000	13.913043	240.000000	320.000000
0	14.160000	13.913043	240.000000	320.000000
0	14.192000	13.913043	240.000000	320.000000
0	14.223000	13.913043	240.000000	320.000000
0	14.270000	13.913043	240.000000	320.000000
0	14.301000	13.913043	240.000000	320.000000
0	14.332000	13.913043	240.000000	320.000000
0	14.363000	13.913043	240.000000	320.000000
0	14.394000	13.913043	240.000000	320.000000
0	14.426000	13.913043	240.000000	320.000000
0	14.457000	13.913043	240.000000	320.000000
0	14.504000	13.913043	240.000000	320.000000
0	14.535000	13.913043	240.000000	320.000000
0	14.566000	13.913043	240.000000	320.000000
0	14.597000	13.913043	240.000000	320.000000
0	14.628000	13.913043	240.000000	320.000000
0	14.660000	13.913043	240.000000	320.000000
0	14.691000	13.913043	240.000000	320.000000
0	14.722000	13.913043	240.000000	320.000000
0	14.769000	13.913043	240.000000	320.000000
0	14.800000	13.913043	240.000000	320.000000
0	14.831000	13.913043	240.000000	320.000000
0	14.862000	13.913043	240.000000	320.000000
0	14.894000	13.913043	240.000000	320.000000
0	14.925000	13.913043	240.000000	320.000000
0	14.956000	13.913043	240.000000	320.000000
0	15.003000	13.913043	240.000000	320.000000
0	15.034000	13.913043	240.000000	320.000000
0	15.065000	13.913043	240.000000	320.000000
0	15.096000	13.913043	240.000000	320.000000
0	15.128000	13.913043	240.000000	320.000000
0	15.159000	13.913043	240.000000	320.000000
0	15.190000	13.913043	240.000000	320.000000
0	15.237000	13.913043	240.000000	320.000000
0	15.268000	13.913043	240.000000	320.000000
0	15.299000	13.913043	240.000000	320.000000
0	15.330000	13.913043	240.000000	320.000000
0	15.362000	13.913043	240.000000	320.000000
0	15.393000	13.913043	240.000000	320.000000
0	15.424000	13.913043	240.000000	320.000000
0	15.455000	13.913043	240.000000	320.000000
0	15.502000	13.913043	240.000000	320.000000
0	15.533000	13.913043	240.000000	320.000000
0	15.564000	13.913043	240.000000	320.000000
0	15.596000	13.913043	240.000000	320.000000
0	15.627000	13.913043	240.000000	320.000000
0	15.658000	13.913043	240.000000	320.000000
0	15.689000	13.913043	240.000000	320.000000
0	15.736000	13.913043	240.000000	320.000000
0	15.767000	13.913043	240.000000	320.000000
0	15.798000	13.913043	240.000000	320.000000
0	15.830000	13.913043	240.000000	320.000000
0	15.861000	13.913043	240.000000	320.000000
0	15.892000	13.913043	240.000000	320.000000
0	15.923000	13.913043	240.000000	320.000000
0	15.970000	13.913043	240.000000	320.000000
0	16.001000	13.913043	240.000000	320.000000
0	16.032000	13.913043	240.000000	320.000000
0	16.064000	13.913043	240.000000	320.000000
0	16.095000	13.913043	240.000000	320.000000
0	16.126000	13.913043	240.000000	320.000000
0	16.157000	13.913043	240.000000	320.000000
0	16.188000	13.913043	240.000000	320.000000
0	16.235000	13.913043	240.000000	320.000000
0	16.266000	13.913043	240.000000	320.000000
0	16.298000	13.913043	240.000000	320.000000
0	16.329000	13.913043	240.000000	320.000000
0	16.360000	13.913043	240.000000	320.000000
0	16.391000	13.913043	240.000000	320.000000
0	16.422000	13.913043	240.000000	320.000000
0	16.469000	13.913043	240.000000	320.000000
0	16.500000	13.913043	240.000000	320.000000
0	16.532000	13.913043	240.000000	320.000000
0	16.563000	13.913043	240.000000	320.000000
0	16.594000	13.913043	240.000000	320.000000
0	16.625000	13.913043	240.000000	320.000000
0	16.656000	13.913043	240.000000	320.000000
0	16.703000	13.913043	240.000000	320.000000
0	16.734000	13.913043	240.000000	320.000000
0	16.766000	13.913043	240.000000	320.000000
0	16.797000	13.913043	240.000000	320.000000
0	16.828000	13.913043	240.000000	320.000000
0	16.859000	13.913043	240.000000	320.000000
0	16.890000	13.913043	240.000000	320.000000
0	16.922000	13.913043	240.000000	320.000000
0	16.968000	13.913043	240.000000	320.000000
0	17.000000	13.913043	240.000000	320.000000
0	17.031000	13.913043	240.000000	320.000000
0	17.062000	13.913043	240.000000	320.000000
0	17.093000	13.913043	240.000000	320.000000
0	17.124000	13.913043	240.000000	320.000000
0	17.156000	13.913043	240.000000	320.000000
0	17.202000	13.913043	240.000000	320.000000
0	17.234000	13.913043	240.000000	320.000000
0	17.265000	13.913043	240.000000	320.000000
0	17.296000	13.913043	240.000000	320.000000
0	17.327000	13.913043	240.000000	320.000000
0	17.358000	13.913043	240.000000	320.000000
0	17.390000	13.913043	240.000000	320.000000
0	17.436000	13.913043	240.000000	320.000000
0	17.468000	13.913043	240.000000	320.000000
0	17.499000	13.913043	240.000000	320.000000
0	17.530000	13.913043	240.000000	320.000000
0	17.561000	13.913043	240.000000	320.000000
0	17.592000	13.913043	240.000000	320.000000
0	17.624000	13.913043	240.000000	320.000000
0	17.655000	13.913043	240.000000	320.000000
0	17.702000	13.913043	240.000000	320.000000
0	17.733000	13.913043	240.000000	320.000000
0	17.764000	13.913043	240.000000	320.000000
0	17.795000	13.913043	240.000000	320.000000
0	17.826000	13.913043	240.000000	320.000000
0	17.858000	13.913043	240.000000	320.000000
0	17.889000	13.913043	240.000000	320.000000
0	17.936000	13.913043	240.000000	320.000000
0	17.967000	13.913043	240.000000	320.000000
<\LEFT-PUPIL-DATA>
<RIGHT-PUPIL-ANALYSIS>
1
0	0	17	542	0	0	0.510000	17.518000	0.509000	31625.173828	0.000000	0.000000	0.000000	0	1	1	1	1	0	0	0	0.000000	0.000000	0.000000	0.000000	0.000000	0.000000	0.000000	-1.000000	0.000000	0	1.356435	0.741217	1.445212	0.431594	0.297000	-0.361680	-1.090580	-1.000000	0.140722	1	1.356435	0.741217	1.445212	0.431594	0.297000	-0.396005	-1.090575	-1.000000	0.133839
<\RIGHT-PUPIL-ANALYSIS>
<LEFT-PUPIL-ANALYSIS>
1
0	0	17	541	0	0	0.510000	17.518000	0.509000	31625.173828	0.000000	0.000000	0.000000	0	1	1	1	1	0	0	0	0.000000	0.000000	0.000000	0.000000	0.000000	0.000000	0.000000	-1.000000	0.000000	0	-0.034783	-0.034783	0.000950	0.000950	0.000000	0.000000	0.000000	-1.000000	0.000000	1	-0.034783	-0.034783	0.000950	0.000950	0.000000	-1000000.000000	-1000000.000000	-1.000000	0.000000
<\LEFT-PUPIL-ANALYSIS>
%%%%%%%%%
%%%%%%%%%
%%%%%%%%%
%%%	Measurement Tiime is: 2017-09-05 10:29:29
%%%	Subject ID is: c57-1mois-F3-4.5r
%%%	Note: 
%%%	RSS: Default Human Relative Spectral Sensitivity
%%%	Pupil Analysis:
%%%
%%%
%%%
%%%	Pulse Index:	0
%%%	Stimulus Session Index:	0
%%%	Right Pupil Stimulated
%%%	Light Metric is Photopic
%%%	Stimulus Start Time(sec):	0.51
%%%	Stimulus Duration(sec):	17.52
%%%	Stimulus Pulse Duration(sec):	0.51
%%%	Right Pulse:	31625.17	(Red  )	-	0.00	(Red  )	[Lux ]
%%%	Left Pulse:	0.00	(Red  )	-	0.00	(Red  )	[Lux ]
%%%
%%%		RIGHT	LEFT	R.Pupil Mean	L.Pupil Mean	R.Stim Mean	R.Stim Mean
%%%	INPUT:	RAW DATA	RAW DATA
%%%	STATE:	ABNORMAL	ABNORMAL	ABNORMAL	ABNORMAL	ABNORMAL	ABNORMAL
%%%	MAX(mm):	0.00	0.00	0.00	0.00	0.00	0.00
%%%	MIN(mm):	0.00	0.00	0.00	0.00	0.00	0.00
%%%	DELTA(mm):						
%%%	CH(%):						
%%%	LAT(sec):	0.00	0.00	0.00	0.00	0.00	0.00
%%%	CV(mm/s):	0.00	0.00	0.00	0.00	0.00	0.00
%%%	MCV(mm/s):	0.00	0.00	0.00	0.00	0.00	0.00
%%%	DV(mm/s):	0.00	0.00	0.00	0.00	0.00	0.00
%%%%%%%%%
%%%%%%%%%
%%%%%%%%%
%%%	Right Pupil Profile (1st row -> 1 == valid tracking, 0 == invalid tracking; 2nd row -> time; 3rd row -> diameter (mm))
%%%	1	1	1	1	1	1	1	1	1	1	1	1	0	1	1	1	1	1	1	1	1	1	1	1	1	1	1	1	1	1	1	1	1	1	1	1	1	1	0	1	1	1	1	1	1	1	1	1	1	1	1	1	1	1	1	1	1	1	1	0	0	0	1	1	1	1	1	1	1	1	1	1	1	1	1	1	1	1	1	1	1	1	1	1	1	1	1	1	1	1	1	1	1	0	1	1	1	1	1	1	0	1	1	1	1	1	1	1	1	1	1	1	1	1	1	1	1	1	1	1	1	1	1	1	1	1	1	1	1	1	1	1	1	1	1	1	1	1	1	1	1	1	1	1	1	1	1	1	1	1	1	1	1	1	0	1	1	1	1	1	1	1	1	1	1	1	1	1	1	1	1	1	1	1	1	1	0	1	1	1	1	1	1	1	1	1	1	1	1	1	1	1	1	1	1	0	1	1	1	1	1	1	1	1	1	1	1	1	1	1	1	1	0	1	1	1	1	1	1	1	1	1	1	1	1	1	0	1	1	1	1	1	1	1	1	1	1	1	1	1	1	1	1	1	1	1	1	1	1	1	1	1	1	1	1	1	1	1	1	1	1	1	1	1	1	1	1	1	1	1	1	1	1	1	1	1	1	1	1	1	1	0	1	1	0	0	1	1	1	1	1	1	1	1	1	1	1	1	1	1	0	1	1	1	1	1	1	1	1	1	0	1	1	1	1	1	1	1	1	1	1	1	1	0	1	1	1	1	1	1	1	1	1	1	1	1	1	1	1	1	1	1	1	1	1	1	1	1	1	1	1	1	1	1	1	1	1	1	1	1	1	1	1	1	1	1	1	1	1	1	1	1	1	1	1	1	1	1	1	1	1	1	1	1	1	1	1	1	1	1	1	1	1	1	1	1	1	1	1	1	1	1	1	1	1	1	0	1	1	1	1	1	1	1	1	1	1	1	1	1	1	1	1	1	1	1	1	1	1	1	1	1	1	1	1	0	1	0	1	1	1	1	1	1	1	1	1	1	1	1	1	1	1	1	1	1	1	1	1	1	1	1	1	1	1	1	1	1	1	1	1	1	1	0	1	1	1	1	1	1	1	1	1	1	1	1	1	1	1	1	1	1	1	1	1	1	1	1	1	1	1	1	1	1	1	1	1	1	1	1	0	1	1	1	1	1	1	1	0	1	1	0	1	1	1	1	1	1	0	1	1	1	1	1	1	0	1	1	1	1	1	1	1
%%%	-0.051000	-0.020000	0.012000	0.043000	0.074000	0.105000	0.136000	0.183000	0.214000	0.246000	0.277000	0.308000	0.339000	0.370000	0.417000	0.448000	0.480000	0.511000	0.542000	0.573000	0.604000	0.636000	0.682000	0.714000	0.745000	0.776000	0.807000	0.838000	0.870000	0.916000	0.948000	0.979000	1.010000	1.041000	1.072000	1.104000	1.150000	1.182000	1.213000	1.244000	1.275000	1.306000	1.338000	1.369000	1.416000	1.447000	1.478000	1.509000	1.540000	1.572000	1.603000	1.650000	1.681000	1.712000	1.743000	1.774000	1.806000	1.837000	1.884000	1.915000	1.946000	1.977000	2.008000	2.040000	2.071000	2.102000	2.149000	2.180000	2.211000	2.242000	2.274000	2.305000	2.336000	2.367000	2.414000	2.445000	2.476000	2.508000	2.539000	2.570000	2.601000	2.648000	2.679000	2.710000	2.742000	2.773000	2.804000	2.835000	2.882000	2.913000	2.944000	2.976000	3.007000	3.038000	3.069000	3.100000	3.147000	3.178000	3.210000	3.241000	3.272000	3.303000	3.334000	3.381000	3.412000	3.444000	3.475000	3.506000	3.537000	3.568000	3.615000	3.646000	3.678000	3.709000	3.740000	3.771000	3.802000	3.834000	3.880000	3.912000	3.943000	3.974000	4.005000	4.036000	4.068000	4.114000	4.146000	4.177000	4.208000	4.239000	4.270000	4.302000	4.348000	4.380000	4.411000	4.442000	4.473000	4.504000	4.536000	4.567000	4.614000	4.645000	4.676000	4.707000	4.738000	4.770000	4.801000	4.848000	4.879000	4.910000	4.941000	4.972000	5.004000	5.035000	5.082000	5.113000	5.144000	5.175000	5.206000	5.238000	5.269000	5.300000	5.347000	5.378000	5.409000	5.440000	5.472000	5.503000	5.534000	5.581000	5.612000	5.643000	5.674000	5.706000	5.737000	5.768000	5.815000	5.846000	5.877000	5.908000	5.940000	5.971000	6.002000	6.033000	6.080000	6.111000	6.142000	6.174000	6.205000	6.236000	6.267000	6.314000	6.345000	6.376000	6.408000	6.439000	6.470000	6.501000	6.532000	6.579000	6.610000	6.642000	6.673000	6.704000	6.735000	6.766000	6.813000	6.844000	6.876000	6.907000	6.938000	6.969000	7.000000	7.047000	7.078000	7.110000	7.141000	7.172000	7.203000	7.234000	7.266000	7.312000	7.344000	7.375000	7.406000	7.437000	7.468000	7.500000	7.546000	7.578000	7.609000	7.640000	7.671000	7.702000	7.734000	7.765000	7.812000	7.843000	7.874000	7.905000	7.936000	7.968000	7.999000	8.046000	8.077000	8.108000	8.139000	8.170000	8.202000	8.233000	8.280000	8.311000	8.342000	8.373000	8.404000	8.436000	8.467000	8.498000	8.545000	8.576000	8.607000	8.638000	8.670000	8.701000	8.732000	8.779000	8.810000	8.841000	8.872000	8.904000	8.935000	8.966000	9.013000	9.044000	9.075000	9.106000	9.138000	9.169000	9.200000	9.231000	9.278000	9.309000	9.340000	9.372000	9.403000	9.434000	9.465000	9.512000	9.543000	9.574000	9.606000	9.637000	9.668000	9.699000	9.746000	9.777000	9.808000	9.840000	9.871000	9.902000	9.933000	9.964000	10.011000	10.042000	10.074000	10.105000	10.136000	10.167000	10.198000	10.245000	10.276000	10.308000	10.339000	10.370000	10.401000	10.432000	10.464000	10.510000	10.542000	10.573000	10.604000	10.635000	10.666000	10.698000	10.744000	10.776000	10.807000	10.838000	10.869000	10.900000	10.932000	10.978000	11.010000	11.041000	11.072000	11.103000	11.134000	11.166000	11.197000	11.244000	11.275000	11.306000	11.337000	11.368000	11.400000	11.431000	11.478000	11.509000	11.540000	11.571000	11.602000	11.634000	11.665000	11.712000	11.743000	11.774000	11.805000	11.836000	11.868000	11.899000	11.930000	11.977000	12.008000	12.039000	12.070000	12.102000	12.133000	12.164000	12.211000	12.242000	12.273000	12.304000	12.336000	12.367000	12.398000	12.429000	12.476000	12.507000	12.538000	12.570000	12.601000	12.632000	12.663000	12.710000	12.741000	12.772000	12.804000	12.835000	12.866000	12.897000	12.944000	12.975000	13.006000	13.038000	13.069000	13.100000	13.131000	13.162000	13.209000	13.240000	13.272000	13.303000	13.334000	13.365000	13.396000	13.443000	13.474000	13.506000	13.537000	13.568000	13.599000	13.630000	13.677000	13.708000	13.740000	13.771000	13.802000	13.833000	13.864000	13.896000	13.942000	13.974000	14.005000	14.036000	14.067000	14.098000	14.130000	14.176000	14.208000	14.239000	14.270000	14.301000	14.332000	14.364000	14.395000	14.442000	14.473000	14.504000	14.535000	14.566000	14.598000	14.629000	14.676000	14.707000	14.738000	14.769000	14.800000	14.832000	14.863000	14.910000	14.941000	14.972000	15.003000	15.034000	15.066000	15.097000	15.128000	15.175000	15.206000	15.237000	15.268000	15.300000	15.331000	15.362000	15.409000	15.440000	15.471000	15.502000	15.534000	15.565000	15.596000	15.643000	15.674000	15.705000	15.736000	15.768000	15.799000	15.830000	15.861000	15.908000	15.939000	15.970000	16.002000	16.033000	16.064000	16.095000	16.142000	16.173000	16.204000	16.236000	16.267000	16.298000	16.329000	16.376000	16.407000	16.438000	16.470000	16.501000	16.532000	16.563000	16.594000	16.641000	16.672000	16.704000	16.735000	16.766000	16.797000	16.828000	16.875000	16.906000	16.938000	16.969000	17.000000	17.031000	17.062000	17.109000	17.140000	17.172000	17.203000	17.234000	17.265000	17.296000	17.328000	17.374000	17.406000	17.437000	17.468000	17.499000	17.530000	17.562000	17.608000	17.640000	17.671000	17.702000	17.733000	17.764000	17.796000	17.842000	17.874000	17.905000	17.936000	17.967000	17.998000
%%%	1.374058	1.382609	1.373913	1.374927	1.378841	1.374927	1.373913	1.361449	1.375217	1.375073	1.384058	1.378261	1.240580	1.381159	1.377246	1.381159	1.405797	1.333333	1.356522	1.358841	1.341449	1.380435	1.344928	1.330145	1.344058	1.366377	1.344058	1.326667	1.291884	1.255362	1.191884	1.209855	1.174058	1.148551	1.133333	1.100725	1.065797	1.063623	0.962319	0.989710	0.975507	0.962319	0.904928	0.911449	0.894638	0.866812	0.845362	0.825362	0.869565	0.829710	0.796232	0.779855	0.779855	0.760290	0.796667	0.788406	0.783768	0.777681	0.801159	0.684058	0.684058	0.684058	0.754493	0.792898	0.732754	0.726232	0.776812	0.751159	0.763623	0.738406	0.727681	0.735507	0.760290	0.744203	0.748551	0.782609	0.743623	0.752319	0.823188	0.776812	0.755362	0.760290	0.788986	0.776812	0.746667	0.774493	0.791884	0.782609	0.792898	0.822319	0.788116	0.781449	0.801884	0.592464	0.800000	0.795217	0.831449	0.801015	0.869565	0.834783	0.654203	0.816377	0.883623	0.809710	0.844058	0.831594	0.840580	0.846667	0.840580	0.831449	0.832029	0.839275	0.828986	0.858116	0.866812	0.834783	0.834783	0.840725	0.874203	0.835942	0.868406	0.828986	0.857102	0.869565	0.866377	0.846377	0.852754	0.861884	0.869565	0.876232	0.846377	0.870725	0.865797	0.884203	0.863623	0.869565	0.846377	0.884928	0.892754	0.872464	0.853623	0.879275	0.877681	0.869565	0.898985	0.907102	0.883623	0.904928	0.869565	0.897246	0.912029	0.870725	0.903188	0.925072	0.653333	0.922319	0.902029	0.903188	0.883623	0.888551	0.869565	0.890725	0.904348	0.882609	0.904493	0.892754	0.895797	0.870145	0.910145	0.918551	0.927536	0.913768	0.911449	0.904493	0.937247	0.920725	0.915942	0.920580	0.920580	0.962319	0.933333	0.929855	0.939710	0.930435	0.930580	0.869565	0.933333	0.955942	0.933333	0.924493	0.869565	0.948985	0.869565	0.967971	0.926812	0.915942	0.939130	0.955942	0.968985	0.954928	0.973333	0.968406	0.939130	0.940290	0.962319	0.944928	0.950725	0.962319	0.932319	0.955942	0.949420	0.968985	0.962319	0.964058	0.989565	0.962319	0.970580	0.968985	0.947971	0.974928	0.954928	0.985362	1.002899	1.008116	0.948551	0.998841	0.962319	1.012464	1.055072	0.992464	0.994058	0.973333	1.055072	1.005797	0.990290	1.008696	0.995072	1.024928	0.954928	0.962319	0.985507	0.998841	0.991304	1.031449	1.010580	1.014058	1.007102	1.017971	1.022319	0.994493	1.055072	1.020580	1.044058	1.009420	1.007536	1.048406	1.020290	0.997971	1.043478	1.008116	1.043333	1.045072	1.000145	1.101449	1.054928	1.022754	1.044638	1.025942	1.062029	1.078841	1.049420	1.044058	1.044058	1.063623	1.048406	1.044058	1.061449	1.043333	1.053333	1.044638	1.034638	0.962319	1.008116	1.044638	0.962319	0.962319	1.044058	1.018116	1.062319	1.048841	1.070145	1.055072	1.048985	1.078841	1.086957	1.044058	1.053333	1.065942	1.081015	1.062029	0.962319	1.044638	1.034203	1.044058	1.046667	1.037101	1.048841	1.020290	1.031884	1.062029	1.055072	1.044058	1.044058	1.061884	1.055507	1.042754	1.076667	1.059710	1.079420	1.071159	1.066232	1.083188	1.097246	1.055072	1.061884	1.078261	1.078841	1.108551	1.078841	1.090145	1.052174	1.083188	1.078261	1.078841	1.096232	1.117391	1.098406	1.114638	1.078841	1.096812	1.078261	1.079855	1.099420	1.089855	1.105507	1.098551	1.115942	1.147826	1.090580	1.118841	1.081449	1.117971	1.104493	1.094493	1.097246	1.104493	1.095797	1.081594	1.100725	1.099420	1.118551	1.131449	1.113043	1.137536	1.096812	1.109855	1.107971	1.117971	1.100580	1.081594	1.100580	1.105507	1.124638	1.131014	1.103623	1.104203	1.124638	1.147826	1.122754	1.105942	1.141014	1.147826	1.147826	1.147826	1.109275	1.113768	1.140290	1.147826	1.159420	1.118841	1.124638	1.171015	1.112753	1.113623	1.114203	1.113043	1.112029	1.147826	1.147826	1.107971	1.147826	1.108116	1.089855	1.081594	1.096812	1.113043	1.049275	1.100000	1.058551	1.096667	1.054928	1.078841	1.078261	1.083188	1.079275	1.070145	1.064058	1.087536	1.068116	1.078841	1.078261	1.048985	1.098841	1.095652	1.087536	1.081594	1.094493	1.078550	1.105507	1.105507	1.095507	1.127246	1.096667	1.114203	1.096667	0.962319	1.081304	0.962319	1.079855	1.078261	1.071159	1.100000	1.113043	1.099420	1.081594	1.113043	1.118841	1.097246	1.078261	1.131594	1.114203	1.098985	1.081594	1.078261	1.082029	1.118551	1.114058	1.113043	1.114203	1.118551	1.107971	1.114058	1.098841	1.113043	1.122464	1.104928	1.101884	1.129420	1.094058	1.120145	1.104203	1.130145	1.131449	1.700000	1.126232	1.113043	1.100725	1.151594	1.110290	1.139420	1.147826	1.127101	1.142029	1.147101	1.141449	1.131449	1.147826	1.159420	1.109275	1.138116	1.135797	1.146812	1.133333	1.124638	1.134928	1.138551	1.147826	1.140290	1.131014	1.131014	1.136232	1.147826	1.124493	1.165942	1.117536	1.136232	1.166667	1.115362	1.138116	1.117971	1.147826	1.100725	1.121884	1.137971	1.144493	1.148406	1.151594	1.137971	1.529710	1.155362	1.147246	1.171015	1.142029	1.153623	1.150580	1.146377	1.147826	1.167971	1.611594	1.144058	1.152899	1.149855	1.124058	1.127246	1.133333	1.147826	1.151160	1.173913	1.133768	1.133768	1.127536	1.127391	1.114203
%%%	Left Pupil Profile (1st row -> 1 == valid tracking, 0 == invalid tracking; 2nd row -> time; 3rd row -> diameter (mm))
%%%	0	0	0	0	0	0	0	0	0	0	0	0	0	0	0	0	0	0	0	0	0	0	0	0	0	0	0	0	0	0	0	0	0	0	0	0	0	0	0	0	0	0	0	0	0	0	0	0	0	0	0	0	0	0	0	0	0	0	0	0	0	0	0	0	0	0	0	0	0	0	0	0	0	0	0	0	0	0	0	0	0	0	0	0	0	0	0	0	0	0	0	0	0	0	0	0	0	0	0	0	0	0	0	0	0	0	0	0	0	0	0	0	0	0	0	0	0	0	0	0	0	0	0	0	0	0	0	0	0	0	0	0	0	0	0	0	0	0	0	0	0	0	0	0	0	0	0	0	0	0	0	0	0	0	0	0	0	0	0	0	0	0	0	0	0	0	0	0	0	0	0	0	0	0	0	0	0	0	0	0	0	0	0	0	0	0	0	0	0	0	0	0	0	0	0	0	0	0	0	0	0	0	0	0	0	0	0	0	0	0	0	0	0	0	0	0	0	0	0	0	0	0	0	0	0	0	0	0	0	0	0	0	0	0	0	0	0	0	0	0	0	0	0	0	0	0	0	0	0	0	0	0	0	0	0	0	0	0	0	0	0	0	0	0	0	0	0	0	0	0	0	0	0	0	0	0	0	0	0	0	0	0	0	0	0	0	0	0	0	0	0	0	0	0	0	0	0	0	0	0	0	0	0	0	0	0	0	0	0	0	0	0	0	0	0	0	0	0	0	0	0	0	0	0	0	0	0	0	0	0	0	0	0	0	0	0	0	0	0	0	0	0	0	0	0	0	0	0	0	0	0	0	0	0	0	0	0	0	0	0	0	0	0	0	0	0	0	0	0	0	0	0	0	0	0	0	0	0	0	0	0	0	0	0	0	0	0	0	0	0	0	0	0	0	0	0	0	0	0	0	0	0	0	0	0	0	0	0	0	0	0	0	0	0	0	0	0	0	0	0	0	0	0	0	0	0	0	0	0	0	0	0	0	0	0	0	0	0	0	0	0	0	0	0	0	0	0	0	0	0	0	0	0	0	0	0	0	0	0	0	0	0	0	0	0	0	0	0	0	0	0	0	0	0	0	0	0	0	0	0	0	0	0	0	0	0	0	0	0	0	0	0	0	0	0	0	0	0	0	0	0	0	0	0	0	0	0	0	0	0	0	0	0	0	0	0	0	0	0	0	0	0	0	0	0	0	0	0	0	0	0	0	0	0	0	0	0	0	0	0	0	0
%%%	-0.067000	-0.036000	0.011000	0.042000	0.074000	0.105000	0.136000	0.167000	0.198000	0.245000	0.276000	0.308000	0.339000	0.370000	0.401000	0.432000	0.464000	0.510000	0.542000	0.573000	0.604000	0.635000	0.666000	0.698000	0.744000	0.776000	0.807000	0.838000	0.869000	0.900000	0.932000	0.978000	1.010000	1.041000	1.072000	1.103000	1.134000	1.166000	1.197000	1.244000	1.275000	1.306000	1.337000	1.368000	1.400000	1.431000	1.478000	1.509000	1.540000	1.571000	1.602000	1.634000	1.665000	1.712000	1.743000	1.774000	1.805000	1.836000	1.868000	1.899000	1.930000	1.977000	2.008000	2.039000	2.070000	2.102000	2.133000	2.164000	2.195000	2.242000	2.273000	2.304000	2.336000	2.367000	2.398000	2.429000	2.476000	2.507000	2.538000	2.570000	2.601000	2.632000	2.663000	2.710000	2.741000	2.772000	2.804000	2.835000	2.866000	2.897000	2.928000	2.975000	3.006000	3.038000	3.069000	3.100000	3.131000	3.162000	3.209000	3.240000	3.272000	3.303000	3.334000	3.365000	3.396000	3.443000	3.474000	3.506000	3.537000	3.568000	3.599000	3.630000	3.662000	3.708000	3.740000	3.771000	3.802000	3.833000	3.864000	3.896000	3.942000	3.974000	4.005000	4.036000	4.067000	4.098000	4.130000	4.176000	4.208000	4.239000	4.270000	4.301000	4.332000	4.364000	4.395000	4.442000	4.473000	4.504000	4.535000	4.566000	4.598000	4.629000	4.676000	4.707000	4.738000	4.769000	4.800000	4.832000	4.863000	4.910000	4.941000	4.972000	5.003000	5.034000	5.066000	5.097000	5.128000	5.175000	5.206000	5.237000	5.268000	5.300000	5.331000	5.362000	5.409000	5.440000	5.471000	5.502000	5.534000	5.565000	5.596000	5.643000	5.674000	5.705000	5.736000	5.768000	5.799000	5.830000	5.861000	5.908000	5.939000	5.970000	6.002000	6.033000	6.064000	6.095000	6.126000	6.173000	6.204000	6.236000	6.267000	6.298000	6.329000	6.360000	6.407000	6.438000	6.470000	6.501000	6.532000	6.563000	6.594000	6.641000	6.672000	6.704000	6.735000	6.766000	6.797000	6.828000	6.860000	6.906000	6.938000	6.969000	7.000000	7.031000	7.062000	7.094000	7.140000	7.172000	7.203000	7.234000	7.265000	7.296000	7.328000	7.374000	7.406000	7.437000	7.468000	7.499000	7.530000	7.562000	7.593000	7.640000	7.671000	7.702000	7.733000	7.764000	7.796000	7.827000	7.874000	7.905000	7.936000	7.967000	7.998000	8.030000	8.061000	8.108000	8.139000	8.170000	8.201000	8.232000	8.264000	8.295000	8.326000	8.373000	8.404000	8.435000	8.466000	8.498000	8.529000	8.560000	8.607000	8.638000	8.669000	8.700000	8.732000	8.763000	8.794000	8.841000	8.872000	8.903000	8.934000	8.966000	8.997000	9.028000	9.059000	9.106000	9.137000	9.168000	9.200000	9.231000	9.262000	9.293000	9.340000	9.371000	9.402000	9.434000	9.465000	9.496000	9.527000	9.574000	9.605000	9.636000	9.668000	9.699000	9.730000	9.761000	9.792000	9.839000	9.870000	9.902000	9.933000	9.964000	9.995000	10.026000	10.058000	10.104000	10.136000	10.167000	10.198000	10.229000	10.260000	10.292000	10.338000	10.370000	10.401000	10.432000	10.463000	10.494000	10.526000	10.572000	10.604000	10.635000	10.666000	10.697000	10.728000	10.760000	10.791000	10.838000	10.869000	10.900000	10.931000	10.962000	10.994000	11.025000	11.072000	11.103000	11.134000	11.165000	11.196000	11.228000	11.259000	11.306000	11.337000	11.368000	11.399000	11.430000	11.462000	11.493000	11.524000	11.571000	11.602000	11.633000	11.664000	11.696000	11.727000	11.758000	11.805000	11.836000	11.867000	11.898000	11.930000	11.961000	11.992000	12.039000	12.070000	12.101000	12.132000	12.164000	12.195000	12.226000	12.257000	12.304000	12.335000	12.366000	12.398000	12.429000	12.460000	12.491000	12.538000	12.569000	12.600000	12.632000	12.663000	12.694000	12.725000	12.772000	12.803000	12.834000	12.866000	12.897000	12.928000	12.959000	12.990000	13.037000	13.068000	13.100000	13.131000	13.162000	13.193000	13.224000	13.271000	13.302000	13.334000	13.365000	13.396000	13.427000	13.458000	13.505000	13.536000	13.568000	13.599000	13.630000	13.661000	13.692000	13.724000	13.770000	13.802000	13.833000	13.864000	13.895000	13.926000	13.958000	14.004000	14.036000	14.067000	14.098000	14.129000	14.160000	14.192000	14.223000	14.270000	14.301000	14.332000	14.363000	14.394000	14.426000	14.457000	14.504000	14.535000	14.566000	14.597000	14.628000	14.660000	14.691000	14.722000	14.769000	14.800000	14.831000	14.862000	14.894000	14.925000	14.956000	15.003000	15.034000	15.065000	15.096000	15.128000	15.159000	15.190000	15.237000	15.268000	15.299000	15.330000	15.362000	15.393000	15.424000	15.455000	15.502000	15.533000	15.564000	15.596000	15.627000	15.658000	15.689000	15.736000	15.767000	15.798000	15.830000	15.861000	15.892000	15.923000	15.970000	16.001000	16.032000	16.064000	16.095000	16.126000	16.157000	16.188000	16.235000	16.266000	16.298000	16.329000	16.360000	16.391000	16.422000	16.469000	16.500000	16.532000	16.563000	16.594000	16.625000	16.656000	16.703000	16.734000	16.766000	16.797000	16.828000	16.859000	16.890000	16.922000	16.968000	17.000000	17.031000	17.062000	17.093000	17.124000	17.156000	17.202000	17.234000	17.265000	17.296000	17.327000	17.358000	17.390000	17.436000	17.468000	17.499000	17.530000	17.561000	17.592000	17.624000	17.655000	17.702000	17.733000	17.764000	17.795000	17.826000	17.858000	17.889000	17.936000	17.967000
%%%	13.913043	13.913043	13.913043	13.913043	13.913043	13.913043	13.913043	13.913043	13.913043	13.913043	13.913043	13.913043	13.913043	13.913043	13.913043	13.913043	13.913043	13.913043	13.913043	13.913043	13.913043	13.913043	13.913043	13.913043	13.913043	13.913043	13.913043	13.913043	13.913043	13.913043	13.913043	13.913043	13.913043	13.913043	13.913043	13.913043	13.913043	13.913043	13.913043	13.913043	13.913043	13.913043	13.913043	13.913043	13.913043	13.913043	13.913043	13.913043	13.913043	13.913043	13.913043	13.913043	13.913043	13.913043	13.913043	13.913043	13.913043	13.913043	13.913043	13.913043	13.913043	13.913043	13.913043	13.913043	13.913043	13.913043	13.913043	13.913043	13.913043	13.913043	13.913043	13.913043	13.913043	13.913043	13.913043	13.913043	13.913043	13.913043	13.913043	13.913043	13.913043	13.913043	13.913043	13.913043	13.913043	13.913043	13.913043	13.913043	13.913043	13.913043	13.913043	13.913043	13.913043	13.913043	13.913043	13.913043	13.913043	13.913043	13.913043	13.913043	13.913043	13.913043	13.913043	13.913043	13.913043	13.913043	13.913043	13.913043	13.913043	13.913043	13.913043	13.913043	13.913043	13.913043	13.913043	13.913043	13.913043	13.913043	13.913043	13.913043	13.913043	13.913043	13.913043	13.913043	13.913043	13.913043	13.913043	13.913043	13.913043	13.913043	13.913043	13.913043	13.913043	13.913043	13.913043	13.913043	13.913043	13.913043	13.913043	13.913043	13.913043	13.913043	13.913043	13.913043	13.913043	13.913043	13.913043	13.913043	13.913043	13.913043	13.913043	13.913043	13.913043	13.913043	13.913043	13.913043	13.913043	13.913043	13.913043	13.913043	13.913043	13.913043	13.913043	13.913043	13.913043	13.913043	13.913043	13.913043	13.913043	13.913043	13.913043	13.913043	13.913043	13.913043	13.913043	13.913043	13.913043	13.913043	13.913043	13.913043	13.913043	13.913043	13.913043	13.913043	13.913043	13.913043	13.913043	13.913043	13.913043	13.913043	13.913043	13.913043	13.913043	13.913043	13.913043	13.913043	13.913043	13.913043	13.913043	13.913043	13.913043	13.913043	13.913043	13.913043	13.913043	13.913043	13.913043	13.913043	13.913043	13.913043	13.913043	13.913043	13.913043	13.913043	13.913043	13.913043	13.913043	13.913043	13.913043	13.913043	13.913043	13.913043	13.913043	13.913043	13.913043	13.913043	13.913043	13.913043	13.913043	13.913043	13.913043	13.913043	13.913043	13.913043	13.913043	13.913043	13.913043	13.913043	13.913043	13.913043	13.913043	13.913043	13.913043	13.913043	13.913043	13.913043	13.913043	13.913043	13.913043	13.913043	13.913043	13.913043	13.913043	13.913043	13.913043	13.913043	13.913043	13.913043	13.913043	13.913043	13.913043	13.913043	13.913043	13.913043	13.913043	13.913043	13.913043	13.913043	13.913043	13.913043	13.913043	13.913043	13.913043	13.913043	13.913043	13.913043	13.913043	13.913043	13.913043	13.913043	13.913043	13.913043	13.913043	13.913043	13.913043	13.913043	13.913043	13.913043	13.913043	13.913043	13.913043	13.913043	13.913043	13.913043	13.913043	13.913043	13.913043	13.913043	13.913043	13.913043	13.913043	13.913043	13.913043	13.913043	13.913043	13.913043	13.913043	13.913043	13.913043	13.913043	13.913043	13.913043	13.913043	13.913043	13.913043	13.913043	13.913043	13.913043	13.913043	13.913043	13.913043	13.913043	13.913043	13.913043	13.913043	13.913043	13.913043	13.913043	13.913043	13.913043	13.913043	13.913043	13.913043	13.913043	13.913043	13.913043	13.913043	13.913043	13.913043	13.913043	13.913043	13.913043	13.913043	13.913043	13.913043	13.913043	13.913043	13.913043	13.913043	13.913043	13.913043	13.913043	13.913043	13.913043	13.913043	13.913043	13.913043	13.913043	13.913043	13.913043	13.913043	13.913043	13.913043	13.913043	13.913043	13.913043	13.913043	13.913043	13.913043	13.913043	13.913043	13.913043	13.913043	13.913043	13.913043	13.913043	13.913043	13.913043	13.913043	13.913043	13.913043	13.913043	13.913043	13.913043	13.913043	13.913043	13.913043	13.913043	13.913043	13.913043	13.913043	13.913043	13.913043	13.913043	13.913043	13.913043	13.913043	13.913043	13.913043	13.913043	13.913043	13.913043	13.913043	13.913043	13.913043	13.913043	13.913043	13.913043	13.913043	13.913043	13.913043	13.913043	13.913043	13.913043	13.913043	13.913043	13.913043	13.913043	13.913043	13.913043	13.913043	13.913043	13.913043	13.913043	13.913043	13.913043	13.913043	13.913043	13.913043	13.913043	13.913043	13.913043	13.913043	13.913043	13.913043	13.913043	13.913043	13.913043	13.913043	13.913043	13.913043	13.913043	13.913043	13.913043	13.913043	13.913043	13.913043	13.913043	13.913043	13.913043	13.913043	13.913043	13.913043	13.913043	13.913043	13.913043	13.913043	13.913043	13.913043	13.913043	13.913043	13.913043	13.913043	13.913043	13.913043	13.913043	13.913043	13.913043	13.913043	13.913043	13.913043	13.913043	13.913043	13.913043	13.913043	13.913043	13.913043	13.913043	13.913043	13.913043	13.913043	13.913043	13.913043	13.913043	13.913043	13.913043	13.913043	13.913043	13.913043	13.913043	13.913043	13.913043	13.913043	13.913043	13.913043	13.913043	13.913043	13.913043	13.913043	13.913043	13.913043	13.913043	13.913043	13.913043	13.913043	13.913043	13.913043	13.913043	13.913043	13.913043	13.913043	13.913043	13.913043	13.913043	13.913043	13.913043	13.913043	13.913043	13.913043	13.913043	13.913043	13.913043	13.913043	13.913043	13.913043	13.913043	13.913043	13.913043	13.913043	13.913043	13.913043	13.913043	13.913043	13.913043	13.913043	13.913043	13.913043	13.913043	13.913043	13.913043	13.913043	13.913043
%%%	Pulse Index	Stimulus Section Index	Stimulus Section Start Index	Stimulus Section End Index	Pupil Stimulated: 0 = Right, 1 = Left, 2 = Both	Light Metric: 0 = Photopic, 1 = Scopotic, 2 = Radiometric	Stimulus Start Time	Stimulus Duration	Stimulus Pulse Duration	Right Pulse Max Level	Right Pulse Max Color (0123 = WRGB)	Right Pulse Min Level	Right Pulse Min Color (0123 = WRGB)	Left Pulse Max Level	Left Pulse Max Color (0123 = WRGB)	Left Pulse Min Level	Left Pulse Min Color (0123 = WRGB)	Right Data Input Type (0 == RAW DATA, 1 == FITTED DATA, 2 == M. OVERRIDED)	Right ANALYSIS STATE (0 == ABNORMAL, 1 == NORMAL)	Right MAX (mm) (EMPTY if INVALID)	Right MIN (mm) (EMPTY if INVALID)	Right DELTA (mm) (EMPTY if INVALID)	Right CH (%) (EMPTY if INVALID)	Right LAT (sec) (EMPTY if INVALID)	Right CV (mm/s) (EMPTY if INVALID)	Right MCV (mm/s) (EMPTY if INVALID)	Right DV (mm/s) (EMPTY if INVALID)	Left Data Input Type (0 == RAW DATA, 1 == FITTED DATA, 2 == M. OVERRIDED)	Left ANALYSIS STATE (0 == ABNORMAL, 1 == NORMAL)	Left MAX (mm) (EMPTY if INVALID)	Left MIN (mm) (EMPTY if INVALID)	Left DELTA (mm) (EMPTY if INVALID)	Left CH (%) (EMPTY if INVALID)	Left LAT (sec) (EMPTY if INVALID)	Left CV (mm/s) (EMPTY if INVALID)	Left MCV (mm/s) (EMPTY if INVALID)	Left DV (mm/s) (EMPTY if INVALID)
%%%	0	0	17	542	0	0	0.51	17.52	0.51	31625.17	1	0.00	1	0.00	1	0.00	1	0	0	0.00	0.00			0.00	0.00	0.00	0.00	0	0	0.00	0.00			0.00	0.00	0.00	0.00
%%%%%%%%%
%%%%%%%%%
%%%%%%%%%
<\SESSION>
