<SESSION>
<VERSION>
2
<\VERSION>
<DATE>
2017-09-05 10:07:12
<\DATE>
<SUBJECT-ID>
c57-1mois-M1-4.5r
<\SUBJECT-ID>
<NOTE>

<\NOTE>
<MIN-MAX-PLOT>
0.100000 51880.761719
<\MIN-MAX-PLOT>
<STIMULUS-DEFINED>
Default
Default Human Relative Spectral Sensitivity
1	0
1	0.500000	0.500000	17.000000	1	1	4.500000	-100.000000	0.100000	-100.000000	0
<\STIMULUS-DEFINED>
<STIMULUS-GENERATED>
4
0	0	0.000000	1	0.000000	0.000000	1	0.000000	0.000000
0	1	0.509000	1	129.044220	31625.173828	1	0.000000	0.000000
0	4	1.018000	1	0.000000	0.000000	1	0.000000	0.000000
-1	5	18.027000	0	0.000000	0.000000	0	0.000000	0.000000
<\STIMULUS-GENERATED>
<RIGHT-PUPIL-DATA>
543	1
1	-0.051000	1.491884	322.437500	312.937500
1	-0.020000	1.468406	321.600006	312.962494
0	0.011000	1.402899	321.500000	310.500000
1	0.043000	1.460870	322.750000	313.250000
1	0.074000	1.472899	320.943756	313.818756
1	0.121000	1.426087	321.500000	314.500000
1	0.152000	1.479420	321.412506	314.537506
1	0.183000	1.460870	321.750000	313.750000
1	0.214000	1.472899	321.856232	313.556244
1	0.245000	1.445072	321.968750	313.031250
1	0.277000	1.468986	321.375000	313.375000
1	0.308000	1.409275	323.250000	313.250000
1	0.355000	1.454058	321.781250	313.143738
1	0.386000	1.426087	321.500000	314.500000
1	0.417000	1.437536	321.968750	314.406250
1	0.448000	1.426087	320.500000	313.500000
1	0.479000	1.426087	322.000000	316.000000
1	0.511000	1.415797	320.406250	314.656250
1	0.542000	1.335507	318.831238	313.593750
1	0.573000	1.425362	322.168762	315.518738
1	0.620000	1.424493	321.531250	315.218750
1	0.651000	1.426087	321.500000	314.500000
1	0.682000	1.392464	321.024994	314.975006
1	0.713000	1.423333	322.306244	315.368744
1	0.745000	1.423913	321.043823	315.106140
1	0.776000	1.459710	321.225006	315.274994
1	0.807000	1.387971	322.693756	316.118744
1	0.854000	1.387536	321.687500	315.937500
1	0.885000	1.405797	321.549988	316.549988
1	0.916000	1.373913	322.000000	316.000000
1	0.947000	1.316232	321.412506	316.412506
1	0.979000	1.273333	322.312500	316.687500
0	1.010000	1.240580	325.500000	314.500000
1	1.041000	1.237681	322.781250	316.968750
1	1.088000	1.218551	322.175079	317.512482
1	1.119000	1.188116	322.587494	318.537506
1	1.150000	1.147826	321.500000	318.500000
1	1.181000	1.139855	323.156250	319.206238
1	1.213000	1.064203	322.256256	319.256256
1	1.244000	1.043333	323.006256	318.993744
1	1.275000	1.043478	323.500000	318.500000
1	1.306000	1.007102	322.981262	318.531250
1	1.353000	1.008116	323.000000	318.000000
1	1.384000	0.915942	324.500000	317.500000
1	1.415000	0.934493	323.500000	318.075012
1	1.447000	0.931594	323.399994	318.475006
1	1.478000	0.922899	323.225006	318.475006
1	1.509000	0.919275	322.568756	318.756256
1	1.540000	0.885362	323.031250	318.718750
1	1.587000	0.928261	322.437500	319.437500
1	1.618000	0.885362	322.968750	318.706238
1	1.649000	0.883623	322.993744	318.006256
1	1.681000	0.902754	322.531250	317.768738
1	1.712000	0.863623	323.218750	318.031250
1	1.743000	0.846377	323.500000	316.500000
1	1.774000	0.911594	323.406250	317.656250
0	1.821000	0.846377	323.500000	316.500000
1	1.852000	0.846377	323.500000	318.500000
1	1.883000	0.870145	322.500000	318.750000
1	1.915000	0.902754	322.531250	318.481262
1	1.946000	0.869565	322.750000	317.750000
1	1.977000	0.869565	321.500000	318.500000
1	2.008000	0.883768	322.975006	318.237518
1	2.039000	0.883623	322.993744	318.306244
1	2.086000	0.885362	323.031250	318.031250
1	2.117000	0.871449	322.881409	319.168701
1	2.149000	0.870580	322.868744	319.131256
1	2.180000	0.883768	322.712494	319.287506
1	2.211000	0.885362	322.968750	319.781250
1	2.242000	0.904203	322.506256	320.381256
1	2.273000	0.900290	322.849976	319.500000
1	2.305000	0.846377	323.500000	318.500000
1	2.351000	0.885362	322.968750	320.218750
1	2.383000	0.874058	322.256256	319.081268
1	2.414000	0.857971	323.500000	319.500000
1	2.445000	0.857681	322.712494	320.162506
1	2.476000	0.846377	321.500000	320.500000
1	2.507000	0.913043	322.500000	321.750000
1	2.554000	0.875072	321.637482	321.137482
1	2.585000	0.861014	321.756256	321.193756
1	2.617000	0.846377	323.500000	320.500000
1	2.648000	0.883478	322.249969	320.699982
1	2.679000	0.869565	322.750000	320.250000
1	2.710000	0.869565	321.500000	318.500000
1	2.741000	0.883623	322.693756	320.693756
1	2.773000	0.869565	322.500000	321.500000
1	2.819000	0.875362	322.625000	321.375000
1	2.851000	0.869565	321.500000	322.500000
1	2.882000	0.904348	322.500000	321.500000
1	2.913000	0.869565	321.500000	322.500000
1	2.944000	0.920145	321.781250	321.781250
1	2.975000	0.869565	321.500000	322.500000
1	3.007000	0.869565	321.500000	322.500000
1	3.038000	0.869565	321.500000	322.500000
1	3.085000	0.869565	321.500000	322.500000
1	3.116000	0.918985	321.781250	322.406250
1	3.147000	0.869565	321.500000	322.500000
1	3.178000	0.903333	322.493744	322.456268
1	3.209000	0.911449	322.593750	323.593750
1	3.241000	0.894493	322.100006	324.149994
1	3.272000	0.913623	321.724976	324.299988
1	3.319000	0.933768	322.068756	324.618744
1	3.350000	0.905072	322.018738	324.981262
1	3.381000	0.894638	322.131256	325.131256
1	3.412000	0.931594	321.449982	324.475006
1	3.443000	0.885507	321.737488	324.262512
1	3.475000	0.915942	322.500000	323.500000
1	3.506000	0.927536	321.750000	324.250000
1	3.553000	0.925072	321.631256	324.506256
1	3.584000	0.920145	322.218750	324.781250
1	3.615000	0.869565	321.500000	326.500000
1	3.646000	0.869565	321.500000	326.500000
1	3.677000	0.903188	322.024994	326.574982
1	3.709000	0.912899	321.631256	326.668793
1	3.740000	0.869565	321.500000	326.500000
1	3.771000	0.869565	321.500000	326.500000
1	3.818000	0.913623	322.375000	326.625000
1	3.849000	0.869565	321.500000	326.500000
1	3.880000	0.869565	321.500000	326.500000
1	3.911000	0.869565	321.500000	326.500000
1	3.943000	0.904348	321.875000	327.125000
1	3.974000	0.869565	321.500000	326.500000
1	4.005000	0.957246	321.268738	328.268738
1	4.052000	0.925072	321.181244	328.618744
1	4.083000	0.915942	320.500000	329.500000
1	4.114000	0.869565	321.500000	326.500000
1	4.145000	0.935362	322.000000	328.000000
1	4.177000	0.949710	321.806305	328.793671
1	4.208000	0.935797	322.006256	328.993744
1	4.239000	0.920145	322.218750	327.781250
1	4.286000	0.946812	322.181244	328.618744
1	4.317000	0.913623	321.625000	328.312500
1	4.348000	0.931594	321.600006	328.600006
1	4.379000	0.916232	322.237518	328.600006
1	4.411000	0.922899	322.212494	328.524994
1	4.442000	0.905507	322.274994	328.975006
1	4.473000	0.929420	321.118744	328.443756
1	4.504000	0.937971	322.274994	328.024994
1	4.551000	0.950580	321.843750	327.218750
1	4.582000	0.918551	322.399994	327.712494
1	4.613000	0.962319	322.000000	327.000000
1	4.645000	0.938116	322.643768	327.443756
1	4.676000	0.968116	323.075012	327.424988
1	4.707000	0.946232	322.593750	326.843750
1	4.738000	0.904348	322.500000	327.500000
1	4.785000	0.954928	322.718750	326.906250
1	4.816000	0.927101	322.443756	327.556244
1	4.847000	0.942029	322.500000	327.500000
1	4.879000	0.961014	323.181244	327.631256
1	4.910000	0.939130	323.500000	326.500000
1	4.941000	0.929710	322.468719	327.393768
1	4.972000	0.938406	323.018738	326.481262
1	5.019000	0.924928	322.787506	327.462494
1	5.050000	0.934203	323.062500	326.625000
1	5.081000	0.915942	322.500000	325.500000
1	5.113000	0.950580	323.331238	326.843750
1	5.144000	0.939130	322.750000	327.750000
1	5.175000	0.936232	322.468750	328.031250
1	5.206000	0.951159	322.806244	327.818756
1	5.237000	0.936812	322.524994	327.024994
1	5.284000	0.951594	322.312500	327.187500
1	5.315000	0.951159	321.818756	327.181244
1	5.347000	0.939130	323.000000	327.000000
1	5.378000	0.915942	322.500000	327.500000
1	5.409000	0.951159	322.818756	327.181244
1	5.440000	0.973913	322.500000	327.500000
1	5.471000	0.972319	323.093750	327.468750
1	5.518000	0.938116	322.506256	328.006195
1	5.549000	0.962319	321.500000	330.500000
1	5.581000	0.959710	321.962494	328.712494
1	5.612000	0.962319	321.500000	330.500000
1	5.643000	0.956522	322.625000	327.625000
1	5.674000	0.977101	322.912506	327.412506
1	5.705000	0.954928	322.718750	327.718750
1	5.752000	0.926667	323.312500	326.687500
1	5.783000	0.933333	323.000000	327.000000
1	5.815000	0.954928	322.281250	327.281250
1	5.846000	0.950145	323.287506	327.462494
1	5.877000	0.927536	323.500000	327.500000
1	5.908000	0.947681	323.618744	327.868744
1	5.939000	0.963623	323.018738	327.393738
1	5.971000	0.954928	322.281250	327.281250
1	6.017000	0.966377	323.037506	326.899994
1	6.049000	0.954928	322.718750	326.768738
1	6.080000	0.964058	322.600006	326.600006
1	6.111000	0.968985	323.062500	326.687500
1	6.142000	0.915942	324.500000	325.500000
1	6.173000	0.915942	324.500000	325.500000
1	6.205000	0.915942	324.500000	325.500000
1	6.236000	0.950725	323.500000	326.500000
1	6.283000	0.970725	322.087494	326.837494
1	6.314000	0.982174	322.418732	326.656219
1	6.345000	0.967971	322.968750	326.531250
1	6.376000	0.951159	321.818756	326.818756
1	6.407000	0.949420	322.781250	326.168762
1	6.439000	0.972754	322.975006	326.524994
1	6.485000	0.962319	322.500000	325.500000
1	6.517000	0.954928	322.706238	326.268738
1	6.548000	0.949420	323.168762	325.831238
1	6.579000	0.981449	323.149994	325.649994
1	6.610000	0.962319	323.000000	327.000000
1	6.641000	1.007102	323.531250	326.031250
1	6.673000	0.964058	322.399994	326.100006
1	6.704000	0.964493	322.000000	327.062500
1	6.751000	0.965797	322.424988	326.937500
1	6.782000	0.968116	322.562500	326.062500
1	6.813000	0.955507	322.306244	326.193756
1	6.844000	0.950725	322.750000	326.250000
1	6.875000	0.972899	322.506256	326.493744
1	6.907000	0.979420	322.949982	326.837494
1	6.938000	0.972754	322.975006	326.524994
1	6.969000	0.954928	322.718750	327.281250
1	7.016000	0.988116	322.712494	327.037506
0	7.047000	0.962319	325.500000	326.500000
1	7.078000	0.972754	321.975006	328.024994
1	7.109000	0.981449	322.350006	328.649994
1	7.141000	0.962319	322.000000	328.000000
1	7.172000	0.972899	322.743744	328.493744
0	7.203000	0.962319	325.500000	326.500000
1	7.250000	0.994493	322.712494	329.287506
1	7.281000	0.956667	323.243744	329.243744
1	7.312000	0.962319	321.500000	330.500000
1	7.343000	0.990145	322.774994	330.774994
1	7.375000	0.972899	321.943756	330.493744
1	7.406000	0.976667	321.968750	331.456238
1	7.437000	0.957246	321.750000	331.312500
1	7.484000	0.972899	321.043732	331.506256
1	7.515000	0.981449	321.850006	331.649994
1	7.546000	1.008696	322.500000	331.500000
1	7.577000	1.007102	323.518738	331.018738
1	7.609000	0.998985	322.131256	331.156158
1	7.640000	1.055072	321.500000	330.500000
1	7.671000	1.008841	322.881256	331.006256
1	7.702000	0.990290	323.506256	330.756256
1	7.749000	0.970580	322.818756	331.006256
1	7.780000	0.983188	322.312500	330.937500
1	7.811000	0.974058	322.006256	330.006256
1	7.843000	0.962319	323.000000	330.000000
1	7.874000	0.915942	324.500000	329.500000
1	7.905000	0.988551	322.718750	329.718750
1	7.936000	0.962319	321.500000	330.500000
1	7.983000	0.962319	321.500000	330.500000
1	8.014000	0.962319	323.000000	329.000000
1	8.045000	0.950725	322.375000	329.625000
1	8.077000	0.970290	322.081238	329.843750
1	8.108000	0.972899	322.993744	331.493744
1	8.139000	0.976667	322.843750	331.406250
1	8.170000	0.978116	322.181244	331.568756
0	8.217000	0.962319	325.500000	330.500000
1	8.248000	0.986812	323.006256	332.181244
1	8.279000	1.007826	323.212524	332.049988
1	8.311000	1.009420	322.518738	331.731262
1	8.342000	0.994058	322.156250	332.156250
1	8.373000	0.985507	323.500000	332.500000
1	8.404000	1.008116	323.000000	333.125000
1	8.435000	1.020145	322.718750	333.643738
1	8.482000	1.020290	323.250000	332.750000
1	8.513000	0.962319	321.500000	334.500000
1	8.545000	1.048841	322.431244	333.568756
1	8.576000	1.016812	321.875000	332.612488
0	8.607000	0.962319	325.500000	330.500000
0	8.638000	0.962319	325.500000	330.500000
1	8.669000	0.990290	323.243744	330.756256
1	8.716000	1.026232	322.806244	331.243744
1	8.747000	1.017391	323.250000	331.250000
1	8.779000	1.029275	323.162506	330.837494
1	8.810000	1.044058	322.987488	330.500000
1	8.841000	1.008116	323.000000	331.000000
1	8.872000	1.038551	322.562500	331.450012
1	8.903000	0.991304	322.500000	331.000000
1	8.950000	1.008696	322.500000	331.500000
1	8.981000	1.017391	322.750000	330.750000
1	9.013000	0.998841	323.149994	330.899994
1	9.044000	1.007681	323.543732	330.506256
1	9.075000	1.005362	322.243744	330.431244
1	9.106000	1.055072	325.500000	330.500000
1	9.137000	1.040290	323.537506	330.412506
1	9.169000	0.986377	322.812500	330.687500
1	9.215000	0.998841	322.899994	331.100006
1	9.247000	0.977247	323.618805	331.431244
1	9.278000	0.990145	323.225006	331.337494
1	9.309000	1.002899	323.500000	332.000000
1	9.340000	0.995652	323.125000	331.125000
1	9.371000	1.005362	323.043793	331.006195
1	9.403000	0.962319	321.500000	330.500000
1	9.449000	0.990290	322.756256	330.243744
1	9.481000	0.987681	323.750000	330.687500
1	9.512000	1.028841	323.156250	330.843750
1	9.543000	1.009275	323.500000	329.500000
1	9.574000	1.018116	323.343750	330.343750
1	9.605000	1.003768	322.500000	330.562500
1	9.637000	1.025507	323.250000	330.762512
1	9.683000	1.008696	322.375000	330.875000
1	9.715000	0.962319	325.500000	330.500000
1	9.746000	1.060870	323.375000	330.875000
1	9.777000	1.009420	323.018738	329.981262
1	9.808000	1.061449	323.750000	330.750000
1	9.839000	0.962319	321.500000	330.500000
1	9.871000	1.043333	323.493744	330.506256
1	9.902000	1.040290	322.912506	330.587494
1	9.949000	1.044638	322.600006	330.524994
1	9.980000	1.079420	323.024994	330.975006
1	10.011000	1.009855	322.475006	330.512482
1	10.042000	1.077101	323.024994	331.975006
1	10.073000	1.017971	322.312500	330.375000
1	10.105000	1.078986	322.518738	330.518738
1	10.136000	1.077681	323.000000	329.000000
0	10.183000	0.962319	325.500000	326.500000
1	10.214000	1.101449	322.500000	329.500000
1	10.245000	1.042754	323.518738	329.481262
1	10.276000	1.048985	323.162506	330.462494
1	10.307000	1.042754	323.593750	330.518738
1	10.339000	1.079420	322.975006	330.587494
1	10.370000	1.078841	323.000000	330.500000
1	10.417000	1.079275	322.993744	330.993744
1	10.448000	1.068841	323.393738	329.893738
1	10.479000	1.078261	323.000000	329.000000
0	10.510000	0.962319	325.500000	326.500000
1	10.541000	1.078261	323.500000	328.500000
1	10.573000	1.055072	321.500000	326.500000
1	10.604000	1.076667	322.968750	329.031250
1	10.635000	1.101449	324.500000	329.500000
1	10.682000	1.049420	322.531250	329.468750
1	10.713000	1.070580	323.568756	329.868744
1	10.744000	1.096812	322.787537	330.725037
1	10.775000	1.068116	322.237488	331.262512
1	10.807000	1.048406	322.437500	330.562500
1	10.838000	1.062029	322.274994	330.274994
1	10.869000	1.061449	323.250000	330.750000
1	10.916000	1.083768	323.337494	330.962494
1	10.947000	1.074638	324.043762	331.106262
1	10.978000	1.084058	323.500000	330.500000
1	11.009000	1.078261	323.500000	330.500000
1	11.041000	1.048841	323.556244	330.931244
1	11.072000	1.087536	323.625000	331.125000
1	11.103000	1.078261	323.500000	332.500000
1	11.134000	1.070725	322.850006	332.600006
1	11.181000	1.081594	323.006256	331.443756
1	11.212000	1.072754	323.100006	331.350006
1	11.243000	1.061014	324.743744	331.743744
1	11.275000	1.062029	324.274994	331.600006
1	11.306000	1.069855	322.875000	331.687500
1	11.337000	1.081015	323.968750	332.031250
1	11.368000	1.078116	323.993744	332.256256
1	11.415000	1.065942	323.706238	331.781250
1	11.446000	1.095652	324.000000	332.500000
1	11.477000	1.059710	323.725006	332.712494
1	11.509000	1.044058	323.625000	333.000000
1	11.540000	1.101449	324.500000	333.500000
1	11.571000	1.072464	323.875000	332.875000
1	11.602000	1.062029	324.725006	332.225006
0	11.649000	0.962319	325.500000	330.500000
1	11.680000	1.061014	324.256256	332.793732
1	11.711000	1.066232	324.631256	332.681244
1	11.743000	1.086957	325.000000	333.000000
1	11.774000	1.079420	324.024994	333.024994
1	11.805000	1.079420	323.975006	333.475006
1	11.836000	1.044638	324.524994	333.475006
1	11.867000	1.086957	324.250000	333.250000
1	11.914000	1.095652	324.000000	333.000000
1	11.945000	1.068116	324.674988	332.262512
1	11.977000	1.086957	324.250000	332.250000
1	12.008000	1.052754	324.375000	332.375000
1	12.039000	1.053333	325.600006	332.537506
1	12.070000	1.066377	324.337494	331.662506
1	12.101000	1.084203	325.031250	331.968750
1	12.148000	1.113043	325.500000	331.500000
1	12.179000	1.087536	324.625000	331.937500
1	12.211000	1.081015	324.531250	332.531250
1	12.242000	1.109710	324.881195	332.131256
1	12.273000	1.049420	324.543762	331.331238
1	12.304000	1.071159	324.156250	331.643677
1	12.335000	1.100725	324.718750	331.668762
1	12.382000	1.113623	324.500000	331.500000
1	12.413000	1.094493	324.662506	331.225006
1	12.445000	1.081449	324.462494	331.024994
1	12.476000	1.079275	324.593719	331.006256
1	12.507000	1.096232	324.250000	332.237488
1	12.538000	1.096812	323.975006	332.225006
1	12.569000	1.099420	324.312500	332.187500
1	12.601000	1.062029	324.274994	332.274994
1	12.647000	1.091884	324.812500	332.299988
1	12.679000	1.084638	324.475006	332.024994
1	12.710000	1.047826	325.968750	330.906250
1	12.741000	1.090580	324.881226	331.143738
1	12.772000	1.087536	325.125000	331.875000
1	12.803000	1.101884	324.868713	331.718750
0	12.835000	0.983188	326.062500	329.937500
1	12.881000	1.064493	324.256348	331.331238
1	12.913000	1.055072	321.500000	330.500000
1	12.944000	1.104928	324.375000	332.375000
1	12.975000	1.096377	325.218750	332.268738
1	13.006000	1.094058	324.093750	330.781250
1	13.037000	1.095652	324.500000	331.000000
1	13.069000	1.139130	324.843750	331.156250
1	13.100000	1.117971	324.924988	331.937500
1	13.147000	1.114203	325.012482	331.975006
1	13.178000	1.117681	324.649994	331.975006
1	13.209000	1.118986	324.906250	331.956238
1	13.240000	1.113043	324.500000	332.500000
1	13.271000	1.147826	325.500000	330.500000
1	13.303000	1.137681	324.750000	332.625000
1	13.334000	1.089710	325.093750	332.156250
1	13.381000	1.098696	324.981232	332.268707
1	13.412000	1.118986	325.093750	332.843750
1	13.443000	1.126667	325.062500	332.687500
1	13.474000	1.155507	325.618744	332.368744
1	13.505000	1.126377	325.400024	332.750000
1	13.537000	1.113043	325.500000	332.500000
1	13.568000	1.107246	325.500000	333.000000
1	13.615000	1.091884	325.062500	333.312500
1	13.646000	1.131014	324.500000	334.075012
1	13.677000	1.122319	325.000000	333.500000
1	13.708000	1.104493	324.118744	334.368744
1	13.739000	1.171015	325.500000	334.500000
1	13.771000	1.112319	324.968750	333.981262
1	13.802000	1.062029	325.274994	333.225006
1	13.833000	1.099420	325.687500	333.687500
1	13.880000	1.146232	326.281250	333.343750
1	13.911000	1.110870	325.125000	332.937500
1	13.942000	1.147826	326.500000	333.500000
1	13.973000	1.055072	326.500000	333.500000
1	14.005000	1.121739	325.000000	334.250000
1	14.036000	1.089710	324.656250	334.406250
1	14.067000	1.066667	324.500000	333.500000
1	14.114000	1.086232	324.937500	335.000000
1	14.145000	1.084203	325.031250	334.906250
1	14.176000	1.113623	325.500000	334.987488
1	14.207000	1.066667	325.500000	334.500000
1	14.239000	1.053768	324.593750	334.143738
1	14.270000	1.043333	324.993744	334.868744
1	14.301000	1.061884	325.243744	334.743744
1	14.348000	1.105362	325.756256	335.368744
1	14.379000	1.104348	325.750000	335.750000
1	14.410000	1.105072	325.918762	336.043762
1	14.441000	1.096667	325.756317	337.093719
1	14.473000	1.118406	325.868744	337.056244
1	14.504000	1.044058	325.000000	336.000000
1	14.535000	1.098841	326.287506	336.274994
1	14.566000	1.044058	325.062500	335.000000
1	14.613000	1.089710	326.093750	336.156250
0	14.644000	0.962319	329.500000	334.500000
1	14.675000	1.075797	325.493744	335.431244
0	14.707000	1.018985	326.343750	335.168762
1	14.738000	1.070145	326.125000	336.612488
1	14.769000	1.059275	326.206055	336.181091
1	14.800000	1.081594	326.556244	337.993744
1	14.847000	1.072464	325.718750	337.343750
1	14.878000	1.082029	326.562500	339.437500
1	14.909000	1.098985	326.318756	338.243744
1	14.941000	1.090725	326.875000	338.187500
1	14.972000	1.025942	326.431244	337.243744
1	15.003000	1.007102	326.231262	336.481262
1	15.034000	1.079275	327.844025	337.993744
1	15.065000	1.008116	326.000000	337.250000
1	15.112000	1.079855	327.018738	338.043701
1	15.143000	1.079855	327.218750	337.968750
1	15.175000	1.087536	326.562500	337.875000
1	15.206000	1.054928	326.343750	337.718750
1	15.237000	1.029420	326.443756	337.256256
1	15.268000	1.063768	325.750061	337.249939
1	15.299000	1.053188	326.168732	336.818756
1	15.346000	1.008696	326.000000	334.000000
1	15.377000	1.095652	327.687500	336.187500
1	15.409000	1.062029	326.600006	335.725006
1	15.440000	1.044638	326.475006	335.399994
1	15.471000	1.081015	327.106262	335.981262
0	15.502000	0.968985	325.924988	333.575073
1	15.533000	1.043333	326.506256	335.493744
1	15.580000	1.070145	326.875000	336.375000
1	15.611000	1.048841	326.068756	335.681244
1	15.643000	1.079855	326.031281	335.968719
1	15.674000	1.044058	326.500000	335.500000
0	15.705000	1.026667	326.250000	334.750000
1	15.736000	1.101304	327.206635	335.693878
1	15.767000	1.122319	328.000000	336.125000
1	15.799000	1.068841	326.893738	335.343750
1	15.845000	1.038406	326.581238	334.956238
1	15.877000	1.075507	326.906250	335.531250
1	15.908000	1.098551	327.000000	336.000000
1	15.939000	1.073913	326.875000	336.750000
1	15.970000	1.118406	326.943756	337.931244
1	16.001000	1.090145	326.162506	336.837494
1	16.033000	1.081449	326.537506	337.024994
1	16.079000	1.124058	327.399994	337.600006
1	16.111000	1.083623	326.993744	336.193756
1	16.142000	1.113043	327.500000	336.500000
1	16.173000	1.110290	327.656250	336.968750
1	16.204000	1.131449	327.743744	337.693756
0	16.235000	1.018406	326.631256	335.318756
1	16.267000	1.136232	328.500000	337.500000
1	16.313000	1.147826	329.500000	338.500000
1	16.345000	1.133768	327.743744	338.118744
1	16.376000	1.117971	327.937500	337.937500
1	16.407000	1.153333	327.337494	338.012482
1	16.438000	1.159420	327.500000	336.500000
0	16.469000	0.962319	325.500000	334.500000
1	16.501000	1.153188	328.693756	337.568756
1	16.532000	1.112029	328.131256	337.043732
1	16.579000	1.078841	326.549988	335.000000
1	16.610000	1.147826	328.500000	337.500000
1	16.641000	1.120725	328.381256	336.618744
1	16.672000	0.962319	325.500000	334.500000
1	16.703000	1.151160	327.943756	336.506256
1	16.735000	0.962319	325.500000	334.500000
1	16.766000	1.118986	327.531250	337.531250
1	16.813000	1.113043	327.500000	337.500000
1	16.844000	1.114203	326.975006	336.975006
1	16.875000	1.095652	327.500000	336.000000
1	16.906000	1.105507	328.274994	336.850006
1	16.937000	1.147826	329.000000	337.000000
1	16.969000	1.055072	328.000000	334.000000
1	17.000000	1.150580	328.343750	337.031250
1	17.047000	1.078841	327.549988	336.000000
1	17.078000	1.147826	328.500000	337.500000
1	17.109000	1.124058	328.600006	337.399994
1	17.140000	1.133333	327.700012	337.700012
1	17.171000	1.147826	328.500000	337.500000
1	17.203000	1.151160	328.056244	338.056244
1	17.234000	1.112464	327.875000	337.000000
1	17.265000	1.108551	327.931244	336.806244
0	17.312000	0.962319	325.500000	334.500000
1	17.343000	1.094493	330.774994	337.774994
1	17.374000	1.126812	328.418762	337.831238
1	17.405000	1.133333	328.299988	338.299988
1	17.437000	1.078841	330.424988	338.500000
1	17.468000	1.165217	328.375000	338.625000
1	17.499000	1.165217	328.000000	340.000000
1	17.546000	1.153623	328.000000	339.500000
1	17.577000	1.150580	327.968750	340.031250
1	17.608000	1.147826	329.500000	338.500000
1	17.639000	1.120145	328.406250	338.593750
1	17.671000	1.135797	328.193756	339.193756
1	17.702000	1.132029	328.718750	339.718750
1	17.733000	1.115797	328.531250	338.956238
1	17.764000	1.116377	328.493744	338.931244
1	17.811000	1.151449	328.668762	339.018738
1	17.842000	1.136232	328.750000	338.750000
1	17.873000	1.147826	329.500000	338.500000
1	17.905000	1.133188	328.468750	339.781250
1	17.936000	1.102754	328.206238	339.093750
1	17.967000	1.147826	328.500000	339.500000
1	17.998000	1.114058	328.506256	338.943756
<\RIGHT-PUPIL-DATA>
<LEFT-PUPIL-DATA>
543	0
0	-0.067000	13.913043	240.000000	320.000000
0	-0.035000	13.913043	240.000000	320.000000
0	-0.004000	13.913043	240.000000	320.000000
0	0.043000	13.913043	240.000000	320.000000
0	0.074000	13.913043	240.000000	320.000000
0	0.105000	13.913043	240.000000	320.000000
0	0.136000	13.913043	240.000000	320.000000
0	0.167000	13.913043	240.000000	320.000000
0	0.199000	13.913043	240.000000	320.000000
0	0.230000	13.913043	240.000000	320.000000
0	0.277000	13.913043	240.000000	320.000000
0	0.308000	13.913043	240.000000	320.000000
0	0.339000	13.913043	240.000000	320.000000
0	0.370000	13.913043	240.000000	320.000000
0	0.401000	13.913043	240.000000	320.000000
0	0.433000	13.913043	240.000000	320.000000
0	0.464000	13.913043	240.000000	320.000000
0	0.511000	13.913043	240.000000	320.000000
0	0.542000	13.913043	240.000000	320.000000
0	0.573000	13.913043	240.000000	320.000000
0	0.604000	13.913043	240.000000	320.000000
0	0.635000	13.913043	240.000000	320.000000
0	0.667000	13.913043	240.000000	320.000000
0	0.698000	13.913043	240.000000	320.000000
0	0.729000	13.913043	240.000000	320.000000
0	0.776000	13.913043	240.000000	320.000000
0	0.807000	13.913043	240.000000	320.000000
0	0.838000	13.913043	240.000000	320.000000
0	0.869000	13.913043	240.000000	320.000000
0	0.901000	13.913043	240.000000	320.000000
0	0.932000	13.913043	240.000000	320.000000
0	0.963000	13.913043	240.000000	320.000000
0	1.010000	13.913043	240.000000	320.000000
0	1.041000	13.913043	240.000000	320.000000
0	1.072000	13.913043	240.000000	320.000000
0	1.103000	13.913043	240.000000	320.000000
0	1.135000	13.913043	240.000000	320.000000
0	1.166000	13.913043	240.000000	320.000000
0	1.197000	13.913043	240.000000	320.000000
0	1.244000	13.913043	240.000000	320.000000
0	1.275000	13.913043	240.000000	320.000000
0	1.306000	13.913043	240.000000	320.000000
0	1.337000	13.913043	240.000000	320.000000
0	1.369000	13.913043	240.000000	320.000000
0	1.400000	13.913043	240.000000	320.000000
0	1.431000	13.913043	240.000000	320.000000
0	1.462000	13.913043	240.000000	320.000000
0	1.509000	13.913043	240.000000	320.000000
0	1.540000	13.913043	240.000000	320.000000
0	1.571000	13.913043	240.000000	320.000000
0	1.603000	13.913043	240.000000	320.000000
0	1.634000	13.913043	240.000000	320.000000
0	1.665000	13.913043	240.000000	320.000000
0	1.696000	13.913043	240.000000	320.000000
0	1.743000	13.913043	240.000000	320.000000
0	1.774000	13.913043	240.000000	320.000000
0	1.805000	13.913043	240.000000	320.000000
0	1.837000	13.913043	240.000000	320.000000
0	1.868000	13.913043	240.000000	320.000000
0	1.899000	13.913043	240.000000	320.000000
0	1.930000	13.913043	240.000000	320.000000
0	1.977000	13.913043	240.000000	320.000000
0	2.008000	13.913043	240.000000	320.000000
0	2.039000	13.913043	240.000000	320.000000
0	2.071000	13.913043	240.000000	320.000000
0	2.102000	13.913043	240.000000	320.000000
0	2.133000	13.913043	240.000000	320.000000
0	2.164000	13.913043	240.000000	320.000000
0	2.195000	13.913043	240.000000	320.000000
0	2.242000	13.913043	240.000000	320.000000
0	2.273000	13.913043	240.000000	320.000000
0	2.305000	13.913043	240.000000	320.000000
0	2.336000	13.913043	240.000000	320.000000
0	2.367000	13.913043	240.000000	320.000000
0	2.398000	13.913043	240.000000	320.000000
0	2.429000	13.913043	240.000000	320.000000
0	2.476000	13.913043	240.000000	320.000000
0	2.507000	13.913043	240.000000	320.000000
0	2.539000	13.913043	240.000000	320.000000
0	2.570000	13.913043	240.000000	320.000000
0	2.601000	13.913043	240.000000	320.000000
0	2.632000	13.913043	240.000000	320.000000
0	2.663000	13.913043	240.000000	320.000000
0	2.710000	13.913043	240.000000	320.000000
0	2.741000	13.913043	240.000000	320.000000
0	2.773000	13.913043	240.000000	320.000000
0	2.804000	13.913043	240.000000	320.000000
0	2.835000	13.913043	240.000000	320.000000
0	2.866000	13.913043	240.000000	320.000000
0	2.897000	13.913043	240.000000	320.000000
0	2.929000	13.913043	240.000000	320.000000
0	2.975000	13.913043	240.000000	320.000000
0	3.007000	13.913043	240.000000	320.000000
0	3.038000	13.913043	240.000000	320.000000
0	3.069000	13.913043	240.000000	320.000000
0	3.100000	13.913043	240.000000	320.000000
0	3.131000	13.913043	240.000000	320.000000
0	3.163000	13.913043	240.000000	320.000000
0	3.209000	13.913043	240.000000	320.000000
0	3.241000	13.913043	240.000000	320.000000
0	3.272000	13.913043	240.000000	320.000000
0	3.303000	13.913043	240.000000	320.000000
0	3.334000	13.913043	240.000000	320.000000
0	3.365000	13.913043	240.000000	320.000000
0	3.397000	13.913043	240.000000	320.000000
0	3.428000	13.913043	240.000000	320.000000
0	3.475000	13.913043	240.000000	320.000000
0	3.506000	13.913043	240.000000	320.000000
0	3.537000	13.913043	240.000000	320.000000
0	3.568000	13.913043	240.000000	320.000000
0	3.599000	13.913043	240.000000	320.000000
0	3.631000	13.913043	240.000000	320.000000
0	3.662000	13.913043	240.000000	320.000000
0	3.709000	13.913043	240.000000	320.000000
0	3.740000	13.913043	240.000000	320.000000
0	3.771000	13.913043	240.000000	320.000000
0	3.802000	13.913043	240.000000	320.000000
0	3.833000	13.913043	240.000000	320.000000
0	3.865000	13.913043	240.000000	320.000000
0	3.896000	13.913043	240.000000	320.000000
0	3.927000	13.913043	240.000000	320.000000
0	3.974000	13.913043	240.000000	320.000000
0	4.005000	13.913043	240.000000	320.000000
0	4.036000	13.913043	240.000000	320.000000
0	4.067000	13.913043	240.000000	320.000000
0	4.099000	13.913043	240.000000	320.000000
0	4.130000	13.913043	240.000000	320.000000
0	4.161000	13.913043	240.000000	320.000000
0	4.208000	13.913043	240.000000	320.000000
0	4.239000	13.913043	240.000000	320.000000
0	4.270000	13.913043	240.000000	320.000000
0	4.301000	13.913043	240.000000	320.000000
0	4.333000	13.913043	240.000000	320.000000
0	4.364000	13.913043	240.000000	320.000000
0	4.395000	13.913043	240.000000	320.000000
0	4.442000	13.913043	240.000000	320.000000
0	4.473000	13.913043	240.000000	320.000000
0	4.504000	13.913043	240.000000	320.000000
0	4.535000	13.913043	240.000000	320.000000
0	4.567000	13.913043	240.000000	320.000000
0	4.598000	13.913043	240.000000	320.000000
0	4.629000	13.913043	240.000000	320.000000
0	4.660000	13.913043	240.000000	320.000000
0	4.707000	13.913043	240.000000	320.000000
0	4.738000	13.913043	240.000000	320.000000
0	4.769000	13.913043	240.000000	320.000000
0	4.801000	13.913043	240.000000	320.000000
0	4.832000	13.913043	240.000000	320.000000
0	4.863000	13.913043	240.000000	320.000000
0	4.894000	13.913043	240.000000	320.000000
0	4.941000	13.913043	240.000000	320.000000
0	4.972000	13.913043	240.000000	320.000000
0	5.003000	13.913043	240.000000	320.000000
0	5.035000	13.913043	240.000000	320.000000
0	5.066000	13.913043	240.000000	320.000000
0	5.097000	13.913043	240.000000	320.000000
0	5.128000	13.913043	240.000000	320.000000
0	5.175000	13.913043	240.000000	320.000000
0	5.206000	13.913043	240.000000	320.000000
0	5.237000	13.913043	240.000000	320.000000
0	5.269000	13.913043	240.000000	320.000000
0	5.300000	13.913043	240.000000	320.000000
0	5.331000	13.913043	240.000000	320.000000
0	5.362000	13.913043	240.000000	320.000000
0	5.393000	13.913043	240.000000	320.000000
0	5.440000	13.913043	240.000000	320.000000
0	5.471000	13.913043	240.000000	320.000000
0	5.503000	13.913043	240.000000	320.000000
0	5.534000	13.913043	240.000000	320.000000
0	5.565000	13.913043	240.000000	320.000000
0	5.596000	13.913043	240.000000	320.000000
0	5.627000	13.913043	240.000000	320.000000
0	5.674000	13.913043	240.000000	320.000000
0	5.705000	13.913043	240.000000	320.000000
0	5.737000	13.913043	240.000000	320.000000
0	5.768000	13.913043	240.000000	320.000000
0	5.799000	13.913043	240.000000	320.000000
0	5.830000	13.913043	240.000000	320.000000
0	5.861000	13.913043	240.000000	320.000000
0	5.908000	13.913043	240.000000	320.000000
0	5.939000	13.913043	240.000000	320.000000
0	5.971000	13.913043	240.000000	320.000000
0	6.002000	13.913043	240.000000	320.000000
0	6.033000	13.913043	240.000000	320.000000
0	6.064000	13.913043	240.000000	320.000000
0	6.095000	13.913043	240.000000	320.000000
0	6.127000	13.913043	240.000000	320.000000
0	6.173000	13.913043	240.000000	320.000000
0	6.205000	13.913043	240.000000	320.000000
0	6.236000	13.913043	240.000000	320.000000
0	6.267000	13.913043	240.000000	320.000000
0	6.298000	13.913043	240.000000	320.000000
0	6.329000	13.913043	240.000000	320.000000
0	6.361000	13.913043	240.000000	320.000000
0	6.407000	13.913043	240.000000	320.000000
0	6.439000	13.913043	240.000000	320.000000
0	6.470000	13.913043	240.000000	320.000000
0	6.501000	13.913043	240.000000	320.000000
0	6.532000	13.913043	240.000000	320.000000
0	6.563000	13.913043	240.000000	320.000000
0	6.595000	13.913043	240.000000	320.000000
0	6.641000	13.913043	240.000000	320.000000
0	6.673000	13.913043	240.000000	320.000000
0	6.704000	13.913043	240.000000	320.000000
0	6.735000	13.913043	240.000000	320.000000
0	6.766000	13.913043	240.000000	320.000000
0	6.797000	13.913043	240.000000	320.000000
0	6.829000	13.913043	240.000000	320.000000
0	6.860000	13.913043	240.000000	320.000000
0	6.907000	13.913043	240.000000	320.000000
0	6.938000	13.913043	240.000000	320.000000
0	6.969000	13.913043	240.000000	320.000000
0	7.000000	13.913043	240.000000	320.000000
0	7.031000	13.913043	240.000000	320.000000
0	7.063000	13.913043	240.000000	320.000000
0	7.094000	13.913043	240.000000	320.000000
0	7.141000	13.913043	240.000000	320.000000
0	7.172000	13.913043	240.000000	320.000000
0	7.203000	13.913043	240.000000	320.000000
0	7.234000	13.913043	240.000000	320.000000
0	7.265000	13.913043	240.000000	320.000000
0	7.297000	13.913043	240.000000	320.000000
0	7.328000	13.913043	240.000000	320.000000
0	7.359000	13.913043	240.000000	320.000000
0	7.406000	13.913043	240.000000	320.000000
0	7.437000	13.913043	240.000000	320.000000
0	7.468000	13.913043	240.000000	320.000000
0	7.499000	13.913043	240.000000	320.000000
0	7.531000	13.913043	240.000000	320.000000
0	7.562000	13.913043	240.000000	320.000000
0	7.593000	13.913043	240.000000	320.000000
0	7.640000	13.913043	240.000000	320.000000
0	7.671000	13.913043	240.000000	320.000000
0	7.702000	13.913043	240.000000	320.000000
0	7.733000	13.913043	240.000000	320.000000
0	7.765000	13.913043	240.000000	320.000000
0	7.796000	13.913043	240.000000	320.000000
0	7.827000	13.913043	240.000000	320.000000
0	7.874000	13.913043	240.000000	320.000000
0	7.905000	13.913043	240.000000	320.000000
0	7.936000	13.913043	240.000000	320.000000
0	7.967000	13.913043	240.000000	320.000000
0	7.999000	13.913043	240.000000	320.000000
0	8.030000	13.913043	240.000000	320.000000
0	8.061000	13.913043	240.000000	320.000000
0	8.092000	13.913043	240.000000	320.000000
0	8.139000	13.913043	240.000000	320.000000
0	8.170000	13.913043	240.000000	320.000000
0	8.201000	13.913043	240.000000	320.000000
0	8.233000	13.913043	240.000000	320.000000
0	8.264000	13.913043	240.000000	320.000000
0	8.295000	13.913043	240.000000	320.000000
0	8.326000	13.913043	240.000000	320.000000
0	8.373000	13.913043	240.000000	320.000000
0	8.404000	13.913043	240.000000	320.000000
0	8.435000	13.913043	240.000000	320.000000
0	8.467000	13.913043	240.000000	320.000000
0	8.498000	13.913043	240.000000	320.000000
0	8.529000	13.913043	240.000000	320.000000
0	8.560000	13.913043	240.000000	320.000000
0	8.607000	13.913043	240.000000	320.000000
0	8.638000	13.913043	240.000000	320.000000
0	8.669000	13.913043	240.000000	320.000000
0	8.701000	13.913043	240.000000	320.000000
0	8.732000	13.913043	240.000000	320.000000
0	8.763000	13.913043	240.000000	320.000000
0	8.794000	13.913043	240.000000	320.000000
0	8.825000	13.913043	240.000000	320.000000
0	8.872000	13.913043	240.000000	320.000000
0	8.903000	13.913043	240.000000	320.000000
0	8.935000	13.913043	240.000000	320.000000
0	8.966000	13.913043	240.000000	320.000000
0	8.997000	13.913043	240.000000	320.000000
0	9.028000	13.913043	240.000000	320.000000
0	9.059000	13.913043	240.000000	320.000000
0	9.106000	13.913043	240.000000	320.000000
0	9.137000	13.913043	240.000000	320.000000
0	9.169000	13.913043	240.000000	320.000000
0	9.200000	13.913043	240.000000	320.000000
0	9.231000	13.913043	240.000000	320.000000
0	9.262000	13.913043	240.000000	320.000000
0	9.293000	13.913043	240.000000	320.000000
0	9.325000	13.913043	240.000000	320.000000
0	9.371000	13.913043	240.000000	320.000000
0	9.403000	13.913043	240.000000	320.000000
0	9.434000	13.913043	240.000000	320.000000
0	9.465000	13.913043	240.000000	320.000000
0	9.496000	13.913043	240.000000	320.000000
0	9.527000	13.913043	240.000000	320.000000
0	9.559000	13.913043	240.000000	320.000000
0	9.605000	13.913043	240.000000	320.000000
0	9.637000	13.913043	240.000000	320.000000
0	9.668000	13.913043	240.000000	320.000000
0	9.699000	13.913043	240.000000	320.000000
0	9.730000	13.913043	240.000000	320.000000
0	9.761000	13.913043	240.000000	320.000000
0	9.793000	13.913043	240.000000	320.000000
0	9.839000	13.913043	240.000000	320.000000
0	9.871000	13.913043	240.000000	320.000000
0	9.902000	13.913043	240.000000	320.000000
0	9.933000	13.913043	240.000000	320.000000
0	9.964000	13.913043	240.000000	320.000000
0	9.995000	13.913043	240.000000	320.000000
0	10.027000	13.913043	240.000000	320.000000
0	10.058000	13.913043	240.000000	320.000000
0	10.105000	13.913043	240.000000	320.000000
0	10.136000	13.913043	240.000000	320.000000
0	10.167000	13.913043	240.000000	320.000000
0	10.198000	13.913043	240.000000	320.000000
0	10.229000	13.913043	240.000000	320.000000
0	10.261000	13.913043	240.000000	320.000000
0	10.292000	13.913043	240.000000	320.000000
0	10.339000	13.913043	240.000000	320.000000
0	10.370000	13.913043	240.000000	320.000000
0	10.401000	13.913043	240.000000	320.000000
0	10.432000	13.913043	240.000000	320.000000
0	10.463000	13.913043	240.000000	320.000000
0	10.495000	13.913043	240.000000	320.000000
0	10.526000	13.913043	240.000000	320.000000
0	10.573000	13.913043	240.000000	320.000000
0	10.604000	13.913043	240.000000	320.000000
0	10.635000	13.913043	240.000000	320.000000
0	10.666000	13.913043	240.000000	320.000000
0	10.697000	13.913043	240.000000	320.000000
0	10.729000	13.913043	240.000000	320.000000
0	10.760000	13.913043	240.000000	320.000000
0	10.791000	13.913043	240.000000	320.000000
0	10.838000	13.913043	240.000000	320.000000
0	10.869000	13.913043	240.000000	320.000000
0	10.900000	13.913043	240.000000	320.000000
0	10.931000	13.913043	240.000000	320.000000
0	10.963000	13.913043	240.000000	320.000000
0	10.994000	13.913043	240.000000	320.000000
0	11.025000	13.913043	240.000000	320.000000
0	11.072000	13.913043	240.000000	320.000000
0	11.103000	13.913043	240.000000	320.000000
0	11.134000	13.913043	240.000000	320.000000
0	11.165000	13.913043	240.000000	320.000000
0	11.197000	13.913043	240.000000	320.000000
0	11.228000	13.913043	240.000000	320.000000
0	11.259000	13.913043	240.000000	320.000000
0	11.290000	13.913043	240.000000	320.000000
0	11.337000	13.913043	240.000000	320.000000
0	11.368000	13.913043	240.000000	320.000000
0	11.399000	13.913043	240.000000	320.000000
0	11.431000	13.913043	240.000000	320.000000
0	11.462000	13.913043	240.000000	320.000000
0	11.493000	13.913043	240.000000	320.000000
0	11.524000	13.913043	240.000000	320.000000
0	11.571000	13.913043	240.000000	320.000000
0	11.602000	13.913043	240.000000	320.000000
0	11.633000	13.913043	240.000000	320.000000
0	11.665000	13.913043	240.000000	320.000000
0	11.696000	13.913043	240.000000	320.000000
0	11.727000	13.913043	240.000000	320.000000
0	11.758000	13.913043	240.000000	320.000000
0	11.805000	13.913043	240.000000	320.000000
0	11.836000	13.913043	240.000000	320.000000
0	11.867000	13.913043	240.000000	320.000000
0	11.899000	13.913043	240.000000	320.000000
0	11.930000	13.913043	240.000000	320.000000
0	11.961000	13.913043	240.000000	320.000000
0	11.992000	13.913043	240.000000	320.000000
0	12.023000	13.913043	240.000000	320.000000
0	12.070000	13.913043	240.000000	320.000000
0	12.101000	13.913043	240.000000	320.000000
0	12.133000	13.913043	240.000000	320.000000
0	12.164000	13.913043	240.000000	320.000000
0	12.195000	13.913043	240.000000	320.000000
0	12.226000	13.913043	240.000000	320.000000
0	12.257000	13.913043	240.000000	320.000000
0	12.304000	13.913043	240.000000	320.000000
0	12.335000	13.913043	240.000000	320.000000
0	12.367000	13.913043	240.000000	320.000000
0	12.398000	13.913043	240.000000	320.000000
0	12.429000	13.913043	240.000000	320.000000
0	12.460000	13.913043	240.000000	320.000000
0	12.491000	13.913043	240.000000	320.000000
0	12.538000	13.913043	240.000000	320.000000
0	12.569000	13.913043	240.000000	320.000000
0	12.601000	13.913043	240.000000	320.000000
0	12.632000	13.913043	240.000000	320.000000
0	12.663000	13.913043	240.000000	320.000000
0	12.694000	13.913043	240.000000	320.000000
0	12.725000	13.913043	240.000000	320.000000
0	12.757000	13.913043	240.000000	320.000000
0	12.803000	13.913043	240.000000	320.000000
0	12.835000	13.913043	240.000000	320.000000
0	12.866000	13.913043	240.000000	320.000000
0	12.897000	13.913043	240.000000	320.000000
0	12.928000	13.913043	240.000000	320.000000
0	12.959000	13.913043	240.000000	320.000000
0	12.991000	13.913043	240.000000	320.000000
0	13.037000	13.913043	240.000000	320.000000
0	13.069000	13.913043	240.000000	320.000000
0	13.100000	13.913043	240.000000	320.000000
0	13.131000	13.913043	240.000000	320.000000
0	13.162000	13.913043	240.000000	320.000000
0	13.193000	13.913043	240.000000	320.000000
0	13.225000	13.913043	240.000000	320.000000
0	13.271000	13.913043	240.000000	320.000000
0	13.303000	13.913043	240.000000	320.000000
0	13.334000	13.913043	240.000000	320.000000
0	13.365000	13.913043	240.000000	320.000000
0	13.396000	13.913043	240.000000	320.000000
0	13.427000	13.913043	240.000000	320.000000
0	13.459000	13.913043	240.000000	320.000000
0	13.490000	13.913043	240.000000	320.000000
0	13.537000	13.913043	240.000000	320.000000
0	13.568000	13.913043	240.000000	320.000000
0	13.599000	13.913043	240.000000	320.000000
0	13.630000	13.913043	240.000000	320.000000
0	13.661000	13.913043	240.000000	320.000000
0	13.693000	13.913043	240.000000	320.000000
0	13.724000	13.913043	240.000000	320.000000
0	13.771000	13.913043	240.000000	320.000000
0	13.802000	13.913043	240.000000	320.000000
0	13.833000	13.913043	240.000000	320.000000
0	13.864000	13.913043	240.000000	320.000000
0	13.895000	13.913043	240.000000	320.000000
0	13.927000	13.913043	240.000000	320.000000
0	13.958000	13.913043	240.000000	320.000000
0	14.005000	13.913043	240.000000	320.000000
0	14.036000	13.913043	240.000000	320.000000
0	14.067000	13.913043	240.000000	320.000000
0	14.098000	13.913043	240.000000	320.000000
0	14.129000	13.913043	240.000000	320.000000
0	14.161000	13.913043	240.000000	320.000000
0	14.192000	13.913043	240.000000	320.000000
0	14.223000	13.913043	240.000000	320.000000
0	14.270000	13.913043	240.000000	320.000000
0	14.301000	13.913043	240.000000	320.000000
0	14.332000	13.913043	240.000000	320.000000
0	14.363000	13.913043	240.000000	320.000000
0	14.395000	13.913043	240.000000	320.000000
0	14.426000	13.913043	240.000000	320.000000
0	14.457000	13.913043	240.000000	320.000000
0	14.504000	13.913043	240.000000	320.000000
0	14.535000	13.913043	240.000000	320.000000
0	14.566000	13.913043	240.000000	320.000000
0	14.597000	13.913043	240.000000	320.000000
0	14.629000	13.913043	240.000000	320.000000
0	14.660000	13.913043	240.000000	320.000000
0	14.691000	13.913043	240.000000	320.000000
0	14.738000	13.913043	240.000000	320.000000
0	14.769000	13.913043	240.000000	320.000000
0	14.800000	13.913043	240.000000	320.000000
0	14.831000	13.913043	240.000000	320.000000
0	14.863000	13.913043	240.000000	320.000000
0	14.894000	13.913043	240.000000	320.000000
0	14.925000	13.913043	240.000000	320.000000
0	14.956000	13.913043	240.000000	320.000000
0	15.003000	13.913043	240.000000	320.000000
0	15.034000	13.913043	240.000000	320.000000
0	15.065000	13.913043	240.000000	320.000000
0	15.097000	13.913043	240.000000	320.000000
0	15.128000	13.913043	240.000000	320.000000
0	15.159000	13.913043	240.000000	320.000000
0	15.190000	13.913043	240.000000	320.000000
0	15.221000	13.913043	240.000000	320.000000
0	15.268000	13.913043	240.000000	320.000000
0	15.299000	13.913043	240.000000	320.000000
0	15.331000	13.913043	240.000000	320.000000
0	15.362000	13.913043	240.000000	320.000000
0	15.393000	13.913043	240.000000	320.000000
0	15.424000	13.913043	240.000000	320.000000
0	15.455000	13.913043	240.000000	320.000000
0	15.502000	13.913043	240.000000	320.000000
0	15.533000	13.913043	240.000000	320.000000
0	15.565000	13.913043	240.000000	320.000000
0	15.596000	13.913043	240.000000	320.000000
0	15.627000	13.913043	240.000000	320.000000
0	15.658000	13.913043	240.000000	320.000000
0	15.689000	13.913043	240.000000	320.000000
0	15.736000	13.913043	240.000000	320.000000
0	15.767000	13.913043	240.000000	320.000000
0	15.799000	13.913043	240.000000	320.000000
0	15.830000	13.913043	240.000000	320.000000
0	15.861000	13.913043	240.000000	320.000000
0	15.892000	13.913043	240.000000	320.000000
0	15.923000	13.913043	240.000000	320.000000
0	15.955000	13.913043	240.000000	320.000000
0	16.001000	13.913043	240.000000	320.000000
0	16.033000	13.913043	240.000000	320.000000
0	16.064000	13.913043	240.000000	320.000000
0	16.095000	13.913043	240.000000	320.000000
0	16.126000	13.913043	240.000000	320.000000
0	16.157000	13.913043	240.000000	320.000000
0	16.189000	13.913043	240.000000	320.000000
0	16.235000	13.913043	240.000000	320.000000
0	16.267000	13.913043	240.000000	320.000000
0	16.298000	13.913043	240.000000	320.000000
0	16.329000	13.913043	240.000000	320.000000
0	16.360000	13.913043	240.000000	320.000000
0	16.391000	13.913043	240.000000	320.000000
0	16.423000	13.913043	240.000000	320.000000
0	16.469000	13.913043	240.000000	320.000000
0	16.501000	13.913043	240.000000	320.000000
0	16.532000	13.913043	240.000000	320.000000
0	16.563000	13.913043	240.000000	320.000000
0	16.594000	13.913043	240.000000	320.000000
0	16.625000	13.913043	240.000000	320.000000
0	16.657000	13.913043	240.000000	320.000000
0	16.688000	13.913043	240.000000	320.000000
0	16.735000	13.913043	240.000000	320.000000
0	16.766000	13.913043	240.000000	320.000000
0	16.797000	13.913043	240.000000	320.000000
0	16.828000	13.913043	240.000000	320.000000
0	16.859000	13.913043	240.000000	320.000000
0	16.891000	13.913043	240.000000	320.000000
0	16.922000	13.913043	240.000000	320.000000
0	16.969000	13.913043	240.000000	320.000000
0	17.000000	13.913043	240.000000	320.000000
0	17.031000	13.913043	240.000000	320.000000
0	17.062000	13.913043	240.000000	320.000000
0	17.093000	13.913043	240.000000	320.000000
0	17.125000	13.913043	240.000000	320.000000
0	17.156000	13.913043	240.000000	320.000000
0	17.203000	13.913043	240.000000	320.000000
0	17.234000	13.913043	240.000000	320.000000
0	17.265000	13.913043	240.000000	320.000000
0	17.296000	13.913043	240.000000	320.000000
0	17.327000	13.913043	240.000000	320.000000
0	17.359000	13.913043	240.000000	320.000000
0	17.390000	13.913043	240.000000	320.000000
0	17.421000	13.913043	240.000000	320.000000
0	17.468000	13.913043	240.000000	320.000000
0	17.499000	13.913043	240.000000	320.000000
0	17.530000	13.913043	240.000000	320.000000
0	17.561000	13.913043	240.000000	320.000000
0	17.593000	13.913043	240.000000	320.000000
0	17.624000	13.913043	240.000000	320.000000
0	17.655000	13.913043	240.000000	320.000000
0	17.702000	13.913043	240.000000	320.000000
0	17.733000	13.913043	240.000000	320.000000
0	17.764000	13.913043	240.000000	320.000000
0	17.795000	13.913043	240.000000	320.000000
0	17.827000	13.913043	240.000000	320.000000
0	17.858000	13.913043	240.000000	320.000000
0	17.889000	13.913043	240.000000	320.000000
0	17.936000	13.913043	240.000000	320.000000
0	17.967000	13.913043	240.000000	320.000000
0	17.998000	13.913043	240.000000	320.000000
<\LEFT-PUPIL-DATA>
<RIGHT-PUPIL-ANALYSIS>
1
0	0	17	542	0	0	0.509000	17.518000	0.509000	31625.173828	0.000000	0.000000	0.000000	0	1	1	1	1	0	0	0	0.000000	0.000000	0.000000	0.000000	0.000000	0.000000	0.000000	-1.000000	0.000000	1	1.425102	0.857228	1.595431	0.577182	0.298000	-0.535225	-1.205859	-1.000000	0.028759	1	1.425102	0.857228	1.595431	0.577182	0.298000	-0.575473	-1.205859	-1.000000	0.028759
<\RIGHT-PUPIL-ANALYSIS>
<LEFT-PUPIL-ANALYSIS>
1
0	0	17	542	0	0	0.509000	17.518000	0.509000	31625.173828	0.000000	0.000000	0.000000	0	1	1	1	1	0	0	0	0.000000	0.000000	0.000000	0.000000	0.000000	0.000000	0.000000	-1.000000	0.000000	0	-0.034783	-0.034783	0.000950	0.000950	0.002000	0.000000	0.000000	-1.000000	0.000000	1	-0.034783	-0.034783	0.000950	0.000950	0.002000	-1000000.000000	-1000000.000000	-1.000000	0.000000
<\LEFT-PUPIL-ANALYSIS>
%%%%%%%%%
%%%%%%%%%
%%%%%%%%%
%%%	Measurement Tiime is: 2017-09-05 10:07:12
%%%	Subject ID is: c57-1mois-M1-4.5r
%%%	Note: 
%%%	RSS: Default Human Relative Spectral Sensitivity
%%%	Pupil Analysis:
%%%
%%%
%%%
%%%	Pulse Index:	0
%%%	Stimulus Session Index:	0
%%%	Right Pupil Stimulated
%%%	Light Metric is Photopic
%%%	Stimulus Start Time(sec):	0.51
%%%	Stimulus Duration(sec):	17.52
%%%	Stimulus Pulse Duration(sec):	0.51
%%%	Right Pulse:	31625.17	(Red  )	-	0.00	(Red  )	[Lux ]
%%%	Left Pulse:	0.00	(Red  )	-	0.00	(Red  )	[Lux ]
%%%
%%%		RIGHT	LEFT	R.Pupil Mean	L.Pupil Mean	R.Stim Mean	R.Stim Mean
%%%	INPUT:	RAW DATA	RAW DATA
%%%	STATE:	ABNORMAL	ABNORMAL	ABNORMAL	ABNORMAL	ABNORMAL	ABNORMAL
%%%	MAX(mm):	0.00	0.00	0.00	0.00	0.00	0.00
%%%	MIN(mm):	0.00	0.00	0.00	0.00	0.00	0.00
%%%	DELTA(mm):						
%%%	CH(%):						
%%%	LAT(sec):	0.00	0.00	0.00	0.00	0.00	0.00
%%%	CV(mm/s):	0.00	0.00	0.00	0.00	0.00	0.00
%%%	MCV(mm/s):	0.00	0.00	0.00	0.00	0.00	0.00
%%%	DV(mm/s):	0.00	0.00	0.00	0.00	0.00	0.00
%%%%%%%%%
%%%%%%%%%
%%%%%%%%%
%%%	Right Pupil Profile (1st row -> 1 == valid tracking, 0 == invalid tracking; 2nd row -> time; 3rd row -> diameter (mm))
%%%	1	1	0	1	1	1	1	1	1	1	1	1	1	1	1	1	1	1	1	1	1	1	1	1	1	1	1	1	1	1	1	1	0	1	1	1	1	1	1	1	1	1	1	1	1	1	1	1	1	1	1	1	1	1	1	1	0	1	1	1	1	1	1	1	1	1	1	1	1	1	1	1	1	1	1	1	1	1	1	1	1	1	1	1	1	1	1	1	1	1	1	1	1	1	1	1	1	1	1	1	1	1	1	1	1	1	1	1	1	1	1	1	1	1	1	1	1	1	1	1	1	1	1	1	1	1	1	1	1	1	1	1	1	1	1	1	1	1	1	1	1	1	1	1	1	1	1	1	1	1	1	1	1	1	1	1	1	1	1	1	1	1	1	1	1	1	1	1	1	1	1	1	1	1	1	1	1	1	1	1	1	1	1	1	1	1	1	1	1	1	1	1	1	1	1	1	1	1	1	1	1	1	1	1	1	1	1	1	1	1	1	1	1	0	1	1	1	1	0	1	1	1	1	1	1	1	1	1	1	1	1	1	1	1	1	1	1	1	1	1	1	1	1	1	1	1	1	1	0	1	1	1	1	1	1	1	1	1	1	1	0	0	1	1	1	1	1	1	1	1	1	1	1	1	1	1	1	1	1	1	1	1	1	1	1	1	1	1	1	1	1	1	1	1	1	1	1	1	1	1	1	1	1	1	1	1	1	0	1	1	1	1	1	1	1	1	1	0	1	1	1	1	1	1	1	1	1	1	1	1	1	1	1	1	1	1	1	1	1	1	1	1	1	1	1	1	1	1	1	1	1	0	1	1	1	1	1	1	1	1	1	1	1	1	1	1	1	1	1	1	1	1	1	1	1	1	1	1	1	1	1	1	1	1	1	1	1	0	1	1	1	1	1	1	1	1	1	1	1	1	1	1	1	1	1	1	1	1	1	1	1	1	1	1	1	1	1	1	1	1	1	1	1	1	1	1	1	1	1	1	1	1	1	1	1	1	1	1	1	1	1	0	1	0	1	1	1	1	1	1	1	1	1	1	1	1	1	1	1	1	1	1	1	1	1	1	1	0	1	1	1	1	1	0	1	1	1	1	1	1	1	1	1	1	1	1	1	1	1	0	1	1	1	1	1	1	0	1	1	1	1	1	1	1	1	1	1	1	1	1	1	1	1	1	1	1	1	1	1	1	1	0	1	1	1	1	1	1	1	1	1	1	1	1	1	1	1	1	1	1	1	1	1
%%%	-0.051000	-0.020000	0.011000	0.043000	0.074000	0.121000	0.152000	0.183000	0.214000	0.245000	0.277000	0.308000	0.355000	0.386000	0.417000	0.448000	0.479000	0.511000	0.542000	0.573000	0.620000	0.651000	0.682000	0.713000	0.745000	0.776000	0.807000	0.854000	0.885000	0.916000	0.947000	0.979000	1.010000	1.041000	1.088000	1.119000	1.150000	1.181000	1.213000	1.244000	1.275000	1.306000	1.353000	1.384000	1.415000	1.447000	1.478000	1.509000	1.540000	1.587000	1.618000	1.649000	1.681000	1.712000	1.743000	1.774000	1.821000	1.852000	1.883000	1.915000	1.946000	1.977000	2.008000	2.039000	2.086000	2.117000	2.149000	2.180000	2.211000	2.242000	2.273000	2.305000	2.351000	2.383000	2.414000	2.445000	2.476000	2.507000	2.554000	2.585000	2.617000	2.648000	2.679000	2.710000	2.741000	2.773000	2.819000	2.851000	2.882000	2.913000	2.944000	2.975000	3.007000	3.038000	3.085000	3.116000	3.147000	3.178000	3.209000	3.241000	3.272000	3.319000	3.350000	3.381000	3.412000	3.443000	3.475000	3.506000	3.553000	3.584000	3.615000	3.646000	3.677000	3.709000	3.740000	3.771000	3.818000	3.849000	3.880000	3.911000	3.943000	3.974000	4.005000	4.052000	4.083000	4.114000	4.145000	4.177000	4.208000	4.239000	4.286000	4.317000	4.348000	4.379000	4.411000	4.442000	4.473000	4.504000	4.551000	4.582000	4.613000	4.645000	4.676000	4.707000	4.738000	4.785000	4.816000	4.847000	4.879000	4.910000	4.941000	4.972000	5.019000	5.050000	5.081000	5.113000	5.144000	5.175000	5.206000	5.237000	5.284000	5.315000	5.347000	5.378000	5.409000	5.440000	5.471000	5.518000	5.549000	5.581000	5.612000	5.643000	5.674000	5.705000	5.752000	5.783000	5.815000	5.846000	5.877000	5.908000	5.939000	5.971000	6.017000	6.049000	6.080000	6.111000	6.142000	6.173000	6.205000	6.236000	6.283000	6.314000	6.345000	6.376000	6.407000	6.439000	6.485000	6.517000	6.548000	6.579000	6.610000	6.641000	6.673000	6.704000	6.751000	6.782000	6.813000	6.844000	6.875000	6.907000	6.938000	6.969000	7.016000	7.047000	7.078000	7.109000	7.141000	7.172000	7.203000	7.250000	7.281000	7.312000	7.343000	7.375000	7.406000	7.437000	7.484000	7.515000	7.546000	7.577000	7.609000	7.640000	7.671000	7.702000	7.749000	7.780000	7.811000	7.843000	7.874000	7.905000	7.936000	7.983000	8.014000	8.045000	8.077000	8.108000	8.139000	8.170000	8.217000	8.248000	8.279000	8.311000	8.342000	8.373000	8.404000	8.435000	8.482000	8.513000	8.545000	8.576000	8.607000	8.638000	8.669000	8.716000	8.747000	8.779000	8.810000	8.841000	8.872000	8.903000	8.950000	8.981000	9.013000	9.044000	9.075000	9.106000	9.137000	9.169000	9.215000	9.247000	9.278000	9.309000	9.340000	9.371000	9.403000	9.449000	9.481000	9.512000	9.543000	9.574000	9.605000	9.637000	9.683000	9.715000	9.746000	9.777000	9.808000	9.839000	9.871000	9.902000	9.949000	9.980000	10.011000	10.042000	10.073000	10.105000	10.136000	10.183000	10.214000	10.245000	10.276000	10.307000	10.339000	10.370000	10.417000	10.448000	10.479000	10.510000	10.541000	10.573000	10.604000	10.635000	10.682000	10.713000	10.744000	10.775000	10.807000	10.838000	10.869000	10.916000	10.947000	10.978000	11.009000	11.041000	11.072000	11.103000	11.134000	11.181000	11.212000	11.243000	11.275000	11.306000	11.337000	11.368000	11.415000	11.446000	11.477000	11.509000	11.540000	11.571000	11.602000	11.649000	11.680000	11.711000	11.743000	11.774000	11.805000	11.836000	11.867000	11.914000	11.945000	11.977000	12.008000	12.039000	12.070000	12.101000	12.148000	12.179000	12.211000	12.242000	12.273000	12.304000	12.335000	12.382000	12.413000	12.445000	12.476000	12.507000	12.538000	12.569000	12.601000	12.647000	12.679000	12.710000	12.741000	12.772000	12.803000	12.835000	12.881000	12.913000	12.944000	12.975000	13.006000	13.037000	13.069000	13.100000	13.147000	13.178000	13.209000	13.240000	13.271000	13.303000	13.334000	13.381000	13.412000	13.443000	13.474000	13.505000	13.537000	13.568000	13.615000	13.646000	13.677000	13.708000	13.739000	13.771000	13.802000	13.833000	13.880000	13.911000	13.942000	13.973000	14.005000	14.036000	14.067000	14.114000	14.145000	14.176000	14.207000	14.239000	14.270000	14.301000	14.348000	14.379000	14.410000	14.441000	14.473000	14.504000	14.535000	14.566000	14.613000	14.644000	14.675000	14.707000	14.738000	14.769000	14.800000	14.847000	14.878000	14.909000	14.941000	14.972000	15.003000	15.034000	15.065000	15.112000	15.143000	15.175000	15.206000	15.237000	15.268000	15.299000	15.346000	15.377000	15.409000	15.440000	15.471000	15.502000	15.533000	15.580000	15.611000	15.643000	15.674000	15.705000	15.736000	15.767000	15.799000	15.845000	15.877000	15.908000	15.939000	15.970000	16.001000	16.033000	16.079000	16.111000	16.142000	16.173000	16.204000	16.235000	16.267000	16.313000	16.345000	16.376000	16.407000	16.438000	16.469000	16.501000	16.532000	16.579000	16.610000	16.641000	16.672000	16.703000	16.735000	16.766000	16.813000	16.844000	16.875000	16.906000	16.937000	16.969000	17.000000	17.047000	17.078000	17.109000	17.140000	17.171000	17.203000	17.234000	17.265000	17.312000	17.343000	17.374000	17.405000	17.437000	17.468000	17.499000	17.546000	17.577000	17.608000	17.639000	17.671000	17.702000	17.733000	17.764000	17.811000	17.842000	17.873000	17.905000	17.936000	17.967000	17.998000
%%%	1.491884	1.468406	1.402899	1.460870	1.472899	1.426087	1.479420	1.460870	1.472899	1.445072	1.468986	1.409275	1.454058	1.426087	1.437536	1.426087	1.426087	1.415797	1.335507	1.425362	1.424493	1.426087	1.392464	1.423333	1.423913	1.459710	1.387971	1.387536	1.405797	1.373913	1.316232	1.273333	1.240580	1.237681	1.218551	1.188116	1.147826	1.139855	1.064203	1.043333	1.043478	1.007102	1.008116	0.915942	0.934493	0.931594	0.922899	0.919275	0.885362	0.928261	0.885362	0.883623	0.902754	0.863623	0.846377	0.911594	0.846377	0.846377	0.870145	0.902754	0.869565	0.869565	0.883768	0.883623	0.885362	0.871449	0.870580	0.883768	0.885362	0.904203	0.900290	0.846377	0.885362	0.874058	0.857971	0.857681	0.846377	0.913043	0.875072	0.861014	0.846377	0.883478	0.869565	0.869565	0.883623	0.869565	0.875362	0.869565	0.904348	0.869565	0.920145	0.869565	0.869565	0.869565	0.869565	0.918985	0.869565	0.903333	0.911449	0.894493	0.913623	0.933768	0.905072	0.894638	0.931594	0.885507	0.915942	0.927536	0.925072	0.920145	0.869565	0.869565	0.903188	0.912899	0.869565	0.869565	0.913623	0.869565	0.869565	0.869565	0.904348	0.869565	0.957246	0.925072	0.915942	0.869565	0.935362	0.949710	0.935797	0.920145	0.946812	0.913623	0.931594	0.916232	0.922899	0.905507	0.929420	0.937971	0.950580	0.918551	0.962319	0.938116	0.968116	0.946232	0.904348	0.954928	0.927101	0.942029	0.961014	0.939130	0.929710	0.938406	0.924928	0.934203	0.915942	0.950580	0.939130	0.936232	0.951159	0.936812	0.951594	0.951159	0.939130	0.915942	0.951159	0.973913	0.972319	0.938116	0.962319	0.959710	0.962319	0.956522	0.977101	0.954928	0.926667	0.933333	0.954928	0.950145	0.927536	0.947681	0.963623	0.954928	0.966377	0.954928	0.964058	0.968985	0.915942	0.915942	0.915942	0.950725	0.970725	0.982174	0.967971	0.951159	0.949420	0.972754	0.962319	0.954928	0.949420	0.981449	0.962319	1.007102	0.964058	0.964493	0.965797	0.968116	0.955507	0.950725	0.972899	0.979420	0.972754	0.954928	0.988116	0.962319	0.972754	0.981449	0.962319	0.972899	0.962319	0.994493	0.956667	0.962319	0.990145	0.972899	0.976667	0.957246	0.972899	0.981449	1.008696	1.007102	0.998985	1.055072	1.008841	0.990290	0.970580	0.983188	0.974058	0.962319	0.915942	0.988551	0.962319	0.962319	0.962319	0.950725	0.970290	0.972899	0.976667	0.978116	0.962319	0.986812	1.007826	1.009420	0.994058	0.985507	1.008116	1.020145	1.020290	0.962319	1.048841	1.016812	0.962319	0.962319	0.990290	1.026232	1.017391	1.029275	1.044058	1.008116	1.038551	0.991304	1.008696	1.017391	0.998841	1.007681	1.005362	1.055072	1.040290	0.986377	0.998841	0.977247	0.990145	1.002899	0.995652	1.005362	0.962319	0.990290	0.987681	1.028841	1.009275	1.018116	1.003768	1.025507	1.008696	0.962319	1.060870	1.009420	1.061449	0.962319	1.043333	1.040290	1.044638	1.079420	1.009855	1.077101	1.017971	1.078986	1.077681	0.962319	1.101449	1.042754	1.048985	1.042754	1.079420	1.078841	1.079275	1.068841	1.078261	0.962319	1.078261	1.055072	1.076667	1.101449	1.049420	1.070580	1.096812	1.068116	1.048406	1.062029	1.061449	1.083768	1.074638	1.084058	1.078261	1.048841	1.087536	1.078261	1.070725	1.081594	1.072754	1.061014	1.062029	1.069855	1.081015	1.078116	1.065942	1.095652	1.059710	1.044058	1.101449	1.072464	1.062029	0.962319	1.061014	1.066232	1.086957	1.079420	1.079420	1.044638	1.086957	1.095652	1.068116	1.086957	1.052754	1.053333	1.066377	1.084203	1.113043	1.087536	1.081015	1.109710	1.049420	1.071159	1.100725	1.113623	1.094493	1.081449	1.079275	1.096232	1.096812	1.099420	1.062029	1.091884	1.084638	1.047826	1.090580	1.087536	1.101884	0.983188	1.064493	1.055072	1.104928	1.096377	1.094058	1.095652	1.139130	1.117971	1.114203	1.117681	1.118986	1.113043	1.147826	1.137681	1.089710	1.098696	1.118986	1.126667	1.155507	1.126377	1.113043	1.107246	1.091884	1.131014	1.122319	1.104493	1.171015	1.112319	1.062029	1.099420	1.146232	1.110870	1.147826	1.055072	1.121739	1.089710	1.066667	1.086232	1.084203	1.113623	1.066667	1.053768	1.043333	1.061884	1.105362	1.104348	1.105072	1.096667	1.118406	1.044058	1.098841	1.044058	1.089710	0.962319	1.075797	1.018985	1.070145	1.059275	1.081594	1.072464	1.082029	1.098985	1.090725	1.025942	1.007102	1.079275	1.008116	1.079855	1.079855	1.087536	1.054928	1.029420	1.063768	1.053188	1.008696	1.095652	1.062029	1.044638	1.081015	0.968985	1.043333	1.070145	1.048841	1.079855	1.044058	1.026667	1.101304	1.122319	1.068841	1.038406	1.075507	1.098551	1.073913	1.118406	1.090145	1.081449	1.124058	1.083623	1.113043	1.110290	1.131449	1.018406	1.136232	1.147826	1.133768	1.117971	1.153333	1.159420	0.962319	1.153188	1.112029	1.078841	1.147826	1.120725	0.962319	1.151160	0.962319	1.118986	1.113043	1.114203	1.095652	1.105507	1.147826	1.055072	1.150580	1.078841	1.147826	1.124058	1.133333	1.147826	1.151160	1.112464	1.108551	0.962319	1.094493	1.126812	1.133333	1.078841	1.165217	1.165217	1.153623	1.150580	1.147826	1.120145	1.135797	1.132029	1.115797	1.116377	1.151449	1.136232	1.147826	1.133188	1.102754	1.147826	1.114058
%%%	Left Pupil Profile (1st row -> 1 == valid tracking, 0 == invalid tracking; 2nd row -> time; 3rd row -> diameter (mm))
%%%	0	0	0	0	0	0	0	0	0	0	0	0	0	0	0	0	0	0	0	0	0	0	0	0	0	0	0	0	0	0	0	0	0	0	0	0	0	0	0	0	0	0	0	0	0	0	0	0	0	0	0	0	0	0	0	0	0	0	0	0	0	0	0	0	0	0	0	0	0	0	0	0	0	0	0	0	0	0	0	0	0	0	0	0	0	0	0	0	0	0	0	0	0	0	0	0	0	0	0	0	0	0	0	0	0	0	0	0	0	0	0	0	0	0	0	0	0	0	0	0	0	0	0	0	0	0	0	0	0	0	0	0	0	0	0	0	0	0	0	0	0	0	0	0	0	0	0	0	0	0	0	0	0	0	0	0	0	0	0	0	0	0	0	0	0	0	0	0	0	0	0	0	0	0	0	0	0	0	0	0	0	0	0	0	0	0	0	0	0	0	0	0	0	0	0	0	0	0	0	0	0	0	0	0	0	0	0	0	0	0	0	0	0	0	0	0	0	0	0	0	0	0	0	0	0	0	0	0	0	0	0	0	0	0	0	0	0	0	0	0	0	0	0	0	0	0	0	0	0	0	0	0	0	0	0	0	0	0	0	0	0	0	0	0	0	0	0	0	0	0	0	0	0	0	0	0	0	0	0	0	0	0	0	0	0	0	0	0	0	0	0	0	0	0	0	0	0	0	0	0	0	0	0	0	0	0	0	0	0	0	0	0	0	0	0	0	0	0	0	0	0	0	0	0	0	0	0	0	0	0	0	0	0	0	0	0	0	0	0	0	0	0	0	0	0	0	0	0	0	0	0	0	0	0	0	0	0	0	0	0	0	0	0	0	0	0	0	0	0	0	0	0	0	0	0	0	0	0	0	0	0	0	0	0	0	0	0	0	0	0	0	0	0	0	0	0	0	0	0	0	0	0	0	0	0	0	0	0	0	0	0	0	0	0	0	0	0	0	0	0	0	0	0	0	0	0	0	0	0	0	0	0	0	0	0	0	0	0	0	0	0	0	0	0	0	0	0	0	0	0	0	0	0	0	0	0	0	0	0	0	0	0	0	0	0	0	0	0	0	0	0	0	0	0	0	0	0	0	0	0	0	0	0	0	0	0	0	0	0	0	0	0	0	0	0	0	0	0	0	0	0	0	0	0	0	0	0	0	0	0	0	0	0	0	0	0	0	0	0	0	0	0	0	0	0	0	0	0	0	0	0	0	0	0	0	0	0	0	0	0	0	0	0
%%%	-0.067000	-0.035000	-0.004000	0.043000	0.074000	0.105000	0.136000	0.167000	0.199000	0.230000	0.277000	0.308000	0.339000	0.370000	0.401000	0.433000	0.464000	0.511000	0.542000	0.573000	0.604000	0.635000	0.667000	0.698000	0.729000	0.776000	0.807000	0.838000	0.869000	0.901000	0.932000	0.963000	1.010000	1.041000	1.072000	1.103000	1.135000	1.166000	1.197000	1.244000	1.275000	1.306000	1.337000	1.369000	1.400000	1.431000	1.462000	1.509000	1.540000	1.571000	1.603000	1.634000	1.665000	1.696000	1.743000	1.774000	1.805000	1.837000	1.868000	1.899000	1.930000	1.977000	2.008000	2.039000	2.071000	2.102000	2.133000	2.164000	2.195000	2.242000	2.273000	2.305000	2.336000	2.367000	2.398000	2.429000	2.476000	2.507000	2.539000	2.570000	2.601000	2.632000	2.663000	2.710000	2.741000	2.773000	2.804000	2.835000	2.866000	2.897000	2.929000	2.975000	3.007000	3.038000	3.069000	3.100000	3.131000	3.163000	3.209000	3.241000	3.272000	3.303000	3.334000	3.365000	3.397000	3.428000	3.475000	3.506000	3.537000	3.568000	3.599000	3.631000	3.662000	3.709000	3.740000	3.771000	3.802000	3.833000	3.865000	3.896000	3.927000	3.974000	4.005000	4.036000	4.067000	4.099000	4.130000	4.161000	4.208000	4.239000	4.270000	4.301000	4.333000	4.364000	4.395000	4.442000	4.473000	4.504000	4.535000	4.567000	4.598000	4.629000	4.660000	4.707000	4.738000	4.769000	4.801000	4.832000	4.863000	4.894000	4.941000	4.972000	5.003000	5.035000	5.066000	5.097000	5.128000	5.175000	5.206000	5.237000	5.269000	5.300000	5.331000	5.362000	5.393000	5.440000	5.471000	5.503000	5.534000	5.565000	5.596000	5.627000	5.674000	5.705000	5.737000	5.768000	5.799000	5.830000	5.861000	5.908000	5.939000	5.971000	6.002000	6.033000	6.064000	6.095000	6.127000	6.173000	6.205000	6.236000	6.267000	6.298000	6.329000	6.361000	6.407000	6.439000	6.470000	6.501000	6.532000	6.563000	6.595000	6.641000	6.673000	6.704000	6.735000	6.766000	6.797000	6.829000	6.860000	6.907000	6.938000	6.969000	7.000000	7.031000	7.063000	7.094000	7.141000	7.172000	7.203000	7.234000	7.265000	7.297000	7.328000	7.359000	7.406000	7.437000	7.468000	7.499000	7.531000	7.562000	7.593000	7.640000	7.671000	7.702000	7.733000	7.765000	7.796000	7.827000	7.874000	7.905000	7.936000	7.967000	7.999000	8.030000	8.061000	8.092000	8.139000	8.170000	8.201000	8.233000	8.264000	8.295000	8.326000	8.373000	8.404000	8.435000	8.467000	8.498000	8.529000	8.560000	8.607000	8.638000	8.669000	8.701000	8.732000	8.763000	8.794000	8.825000	8.872000	8.903000	8.935000	8.966000	8.997000	9.028000	9.059000	9.106000	9.137000	9.169000	9.200000	9.231000	9.262000	9.293000	9.325000	9.371000	9.403000	9.434000	9.465000	9.496000	9.527000	9.559000	9.605000	9.637000	9.668000	9.699000	9.730000	9.761000	9.793000	9.839000	9.871000	9.902000	9.933000	9.964000	9.995000	10.027000	10.058000	10.105000	10.136000	10.167000	10.198000	10.229000	10.261000	10.292000	10.339000	10.370000	10.401000	10.432000	10.463000	10.495000	10.526000	10.573000	10.604000	10.635000	10.666000	10.697000	10.729000	10.760000	10.791000	10.838000	10.869000	10.900000	10.931000	10.963000	10.994000	11.025000	11.072000	11.103000	11.134000	11.165000	11.197000	11.228000	11.259000	11.290000	11.337000	11.368000	11.399000	11.431000	11.462000	11.493000	11.524000	11.571000	11.602000	11.633000	11.665000	11.696000	11.727000	11.758000	11.805000	11.836000	11.867000	11.899000	11.930000	11.961000	11.992000	12.023000	12.070000	12.101000	12.133000	12.164000	12.195000	12.226000	12.257000	12.304000	12.335000	12.367000	12.398000	12.429000	12.460000	12.491000	12.538000	12.569000	12.601000	12.632000	12.663000	12.694000	12.725000	12.757000	12.803000	12.835000	12.866000	12.897000	12.928000	12.959000	12.991000	13.037000	13.069000	13.100000	13.131000	13.162000	13.193000	13.225000	13.271000	13.303000	13.334000	13.365000	13.396000	13.427000	13.459000	13.490000	13.537000	13.568000	13.599000	13.630000	13.661000	13.693000	13.724000	13.771000	13.802000	13.833000	13.864000	13.895000	13.927000	13.958000	14.005000	14.036000	14.067000	14.098000	14.129000	14.161000	14.192000	14.223000	14.270000	14.301000	14.332000	14.363000	14.395000	14.426000	14.457000	14.504000	14.535000	14.566000	14.597000	14.629000	14.660000	14.691000	14.738000	14.769000	14.800000	14.831000	14.863000	14.894000	14.925000	14.956000	15.003000	15.034000	15.065000	15.097000	15.128000	15.159000	15.190000	15.221000	15.268000	15.299000	15.331000	15.362000	15.393000	15.424000	15.455000	15.502000	15.533000	15.565000	15.596000	15.627000	15.658000	15.689000	15.736000	15.767000	15.799000	15.830000	15.861000	15.892000	15.923000	15.955000	16.001000	16.033000	16.064000	16.095000	16.126000	16.157000	16.189000	16.235000	16.267000	16.298000	16.329000	16.360000	16.391000	16.423000	16.469000	16.501000	16.532000	16.563000	16.594000	16.625000	16.657000	16.688000	16.735000	16.766000	16.797000	16.828000	16.859000	16.891000	16.922000	16.969000	17.000000	17.031000	17.062000	17.093000	17.125000	17.156000	17.203000	17.234000	17.265000	17.296000	17.327000	17.359000	17.390000	17.421000	17.468000	17.499000	17.530000	17.561000	17.593000	17.624000	17.655000	17.702000	17.733000	17.764000	17.795000	17.827000	17.858000	17.889000	17.936000	17.967000	17.998000
%%%	13.913043	13.913043	13.913043	13.913043	13.913043	13.913043	13.913043	13.913043	13.913043	13.913043	13.913043	13.913043	13.913043	13.913043	13.913043	13.913043	13.913043	13.913043	13.913043	13.913043	13.913043	13.913043	13.913043	13.913043	13.913043	13.913043	13.913043	13.913043	13.913043	13.913043	13.913043	13.913043	13.913043	13.913043	13.913043	13.913043	13.913043	13.913043	13.913043	13.913043	13.913043	13.913043	13.913043	13.913043	13.913043	13.913043	13.913043	13.913043	13.913043	13.913043	13.913043	13.913043	13.913043	13.913043	13.913043	13.913043	13.913043	13.913043	13.913043	13.913043	13.913043	13.913043	13.913043	13.913043	13.913043	13.913043	13.913043	13.913043	13.913043	13.913043	13.913043	13.913043	13.913043	13.913043	13.913043	13.913043	13.913043	13.913043	13.913043	13.913043	13.913043	13.913043	13.913043	13.913043	13.913043	13.913043	13.913043	13.913043	13.913043	13.913043	13.913043	13.913043	13.913043	13.913043	13.913043	13.913043	13.913043	13.913043	13.913043	13.913043	13.913043	13.913043	13.913043	13.913043	13.913043	13.913043	13.913043	13.913043	13.913043	13.913043	13.913043	13.913043	13.913043	13.913043	13.913043	13.913043	13.913043	13.913043	13.913043	13.913043	13.913043	13.913043	13.913043	13.913043	13.913043	13.913043	13.913043	13.913043	13.913043	13.913043	13.913043	13.913043	13.913043	13.913043	13.913043	13.913043	13.913043	13.913043	13.913043	13.913043	13.913043	13.913043	13.913043	13.913043	13.913043	13.913043	13.913043	13.913043	13.913043	13.913043	13.913043	13.913043	13.913043	13.913043	13.913043	13.913043	13.913043	13.913043	13.913043	13.913043	13.913043	13.913043	13.913043	13.913043	13.913043	13.913043	13.913043	13.913043	13.913043	13.913043	13.913043	13.913043	13.913043	13.913043	13.913043	13.913043	13.913043	13.913043	13.913043	13.913043	13.913043	13.913043	13.913043	13.913043	13.913043	13.913043	13.913043	13.913043	13.913043	13.913043	13.913043	13.913043	13.913043	13.913043	13.913043	13.913043	13.913043	13.913043	13.913043	13.913043	13.913043	13.913043	13.913043	13.913043	13.913043	13.913043	13.913043	13.913043	13.913043	13.913043	13.913043	13.913043	13.913043	13.913043	13.913043	13.913043	13.913043	13.913043	13.913043	13.913043	13.913043	13.913043	13.913043	13.913043	13.913043	13.913043	13.913043	13.913043	13.913043	13.913043	13.913043	13.913043	13.913043	13.913043	13.913043	13.913043	13.913043	13.913043	13.913043	13.913043	13.913043	13.913043	13.913043	13.913043	13.913043	13.913043	13.913043	13.913043	13.913043	13.913043	13.913043	13.913043	13.913043	13.913043	13.913043	13.913043	13.913043	13.913043	13.913043	13.913043	13.913043	13.913043	13.913043	13.913043	13.913043	13.913043	13.913043	13.913043	13.913043	13.913043	13.913043	13.913043	13.913043	13.913043	13.913043	13.913043	13.913043	13.913043	13.913043	13.913043	13.913043	13.913043	13.913043	13.913043	13.913043	13.913043	13.913043	13.913043	13.913043	13.913043	13.913043	13.913043	13.913043	13.913043	13.913043	13.913043	13.913043	13.913043	13.913043	13.913043	13.913043	13.913043	13.913043	13.913043	13.913043	13.913043	13.913043	13.913043	13.913043	13.913043	13.913043	13.913043	13.913043	13.913043	13.913043	13.913043	13.913043	13.913043	13.913043	13.913043	13.913043	13.913043	13.913043	13.913043	13.913043	13.913043	13.913043	13.913043	13.913043	13.913043	13.913043	13.913043	13.913043	13.913043	13.913043	13.913043	13.913043	13.913043	13.913043	13.913043	13.913043	13.913043	13.913043	13.913043	13.913043	13.913043	13.913043	13.913043	13.913043	13.913043	13.913043	13.913043	13.913043	13.913043	13.913043	13.913043	13.913043	13.913043	13.913043	13.913043	13.913043	13.913043	13.913043	13.913043	13.913043	13.913043	13.913043	13.913043	13.913043	13.913043	13.913043	13.913043	13.913043	13.913043	13.913043	13.913043	13.913043	13.913043	13.913043	13.913043	13.913043	13.913043	13.913043	13.913043	13.913043	13.913043	13.913043	13.913043	13.913043	13.913043	13.913043	13.913043	13.913043	13.913043	13.913043	13.913043	13.913043	13.913043	13.913043	13.913043	13.913043	13.913043	13.913043	13.913043	13.913043	13.913043	13.913043	13.913043	13.913043	13.913043	13.913043	13.913043	13.913043	13.913043	13.913043	13.913043	13.913043	13.913043	13.913043	13.913043	13.913043	13.913043	13.913043	13.913043	13.913043	13.913043	13.913043	13.913043	13.913043	13.913043	13.913043	13.913043	13.913043	13.913043	13.913043	13.913043	13.913043	13.913043	13.913043	13.913043	13.913043	13.913043	13.913043	13.913043	13.913043	13.913043	13.913043	13.913043	13.913043	13.913043	13.913043	13.913043	13.913043	13.913043	13.913043	13.913043	13.913043	13.913043	13.913043	13.913043	13.913043	13.913043	13.913043	13.913043	13.913043	13.913043	13.913043	13.913043	13.913043	13.913043	13.913043	13.913043	13.913043	13.913043	13.913043	13.913043	13.913043	13.913043	13.913043	13.913043	13.913043	13.913043	13.913043	13.913043	13.913043	13.913043	13.913043	13.913043	13.913043	13.913043	13.913043	13.913043	13.913043	13.913043	13.913043	13.913043	13.913043	13.913043	13.913043	13.913043	13.913043	13.913043	13.913043	13.913043	13.913043	13.913043	13.913043	13.913043	13.913043	13.913043	13.913043	13.913043	13.913043	13.913043	13.913043	13.913043	13.913043	13.913043	13.913043	13.913043	13.913043	13.913043	13.913043	13.913043	13.913043	13.913043	13.913043	13.913043	13.913043	13.913043	13.913043	13.913043	13.913043	13.913043	13.913043	13.913043	13.913043	13.913043	13.913043	13.913043	13.913043	13.913043	13.913043
%%%	Pulse Index	Stimulus Section Index	Stimulus Section Start Index	Stimulus Section End Index	Pupil Stimulated: 0 = Right, 1 = Left, 2 = Both	Light Metric: 0 = Photopic, 1 = Scopotic, 2 = Radiometric	Stimulus Start Time	Stimulus Duration	Stimulus Pulse Duration	Right Pulse Max Level	Right Pulse Max Color (0123 = WRGB)	Right Pulse Min Level	Right Pulse Min Color (0123 = WRGB)	Left Pulse Max Level	Left Pulse Max Color (0123 = WRGB)	Left Pulse Min Level	Left Pulse Min Color (0123 = WRGB)	Right Data Input Type (0 == RAW DATA, 1 == FITTED DATA, 2 == M. OVERRIDED)	Right ANALYSIS STATE (0 == ABNORMAL, 1 == NORMAL)	Right MAX (mm) (EMPTY if INVALID)	Right MIN (mm) (EMPTY if INVALID)	Right DELTA (mm) (EMPTY if INVALID)	Right CH (%) (EMPTY if INVALID)	Right LAT (sec) (EMPTY if INVALID)	Right CV (mm/s) (EMPTY if INVALID)	Right MCV (mm/s) (EMPTY if INVALID)	Right DV (mm/s) (EMPTY if INVALID)	Left Data Input Type (0 == RAW DATA, 1 == FITTED DATA, 2 == M. OVERRIDED)	Left ANALYSIS STATE (0 == ABNORMAL, 1 == NORMAL)	Left MAX (mm) (EMPTY if INVALID)	Left MIN (mm) (EMPTY if INVALID)	Left DELTA (mm) (EMPTY if INVALID)	Left CH (%) (EMPTY if INVALID)	Left LAT (sec) (EMPTY if INVALID)	Left CV (mm/s) (EMPTY if INVALID)	Left MCV (mm/s) (EMPTY if INVALID)	Left DV (mm/s) (EMPTY if INVALID)
%%%	0	0	17	542	0	0	0.51	17.52	0.51	31625.17	1	0.00	1	0.00	1	0.00	1	0	0	0.00	0.00			0.00	0.00	0.00	0.00	0	0	0.00	0.00			0.00	0.00	0.00	0.00
%%%%%%%%%
%%%%%%%%%
%%%%%%%%%
<\SESSION>
