<SESSION>
<VERSION>
2
<\VERSION>
<DATE>
2017-09-05 10:05:25
<\DATE>
<SUBJECT-ID>
c57-1mois-M1-2r
<\SUBJECT-ID>
<NOTE>

<\NOTE>
<MIN-MAX-PLOT>
0.100000 51880.761719
<\MIN-MAX-PLOT>
<STIMULUS-DEFINED>
Default
Default Human Relative Spectral Sensitivity
1	0
1	0.500000	0.500000	17.000000	1	1	2.000000	-100.000000	0.100000	-100.000000	0
<\STIMULUS-DEFINED>
<STIMULUS-GENERATED>
4
0	0	0.000000	1	0.000000	0.000000	1	0.000000	0.000000
0	1	0.510000	1	0.406861	99.710426	1	0.000000	0.000000
0	4	1.019000	1	0.000000	0.000000	1	0.000000	0.000000
-1	5	18.028000	0	0.000000	0.000000	0	0.000000	0.000000
<\STIMULUS-GENERATED>
<RIGHT-PUPIL-DATA>
543	1
1	-0.050000	1.224493	379.656250	335.456238
1	-0.019000	1.217391	381.500000	336.000000
1	0.012000	1.252754	381.000000	336.000000
1	0.043000	1.202754	381.281250	337.718750
1	0.074000	1.263768	378.000000	334.500000
1	0.106000	1.263768	379.500000	336.000000
1	0.137000	1.266667	379.799988	335.200012
1	0.184000	1.223044	379.543732	334.793732
1	0.215000	1.270145	381.062500	334.687500
1	0.246000	1.217391	382.000000	334.500000
1	0.277000	1.309855	380.287506	335.162506
1	0.308000	1.286957	380.000000	334.500000
1	0.340000	1.286957	379.250000	335.250000
1	0.371000	1.286957	381.000000	335.500000
1	0.418000	1.287246	378.475189	336.062531
1	0.449000	1.272899	379.718719	336.356232
1	0.480000	1.278841	379.375000	335.750000
1	0.511000	1.286232	378.268738	336.518738
1	0.542000	1.217391	380.000000	336.500000
1	0.574000	1.286957	380.000000	334.500000
1	0.605000	1.233188	380.093750	336.156250
1	0.636000	1.286957	380.000000	334.500000
1	0.683000	1.286957	381.000000	335.500000
1	0.714000	1.359710	379.912506	336.037506
1	0.745000	1.286957	380.000000	334.500000
1	0.776000	1.263768	380.000000	336.500000
1	0.808000	1.296377	380.643646	335.993866
1	0.839000	1.309275	379.687500	337.187500
1	0.870000	1.212029	381.931244	337.068756
1	0.917000	1.192029	380.156250	336.893738
1	0.948000	1.124638	382.000000	334.500000
1	0.979000	1.115217	381.493805	336.943756
0	1.010000	1.101449	384.000000	334.500000
1	1.042000	1.053333	380.899994	337.100006
1	1.073000	1.062464	381.781250	337.268738
1	1.104000	0.985507	382.000000	336.500000
1	1.151000	1.005797	380.750000	337.500000
0	1.182000	1.280435	386.793732	336.206268
1	1.213000	1.031884	380.000000	336.500000
1	1.244000	0.973913	380.000000	338.500000
1	1.276000	0.921739	379.500000	339.500000
1	1.307000	0.939130	380.375000	338.625000
1	1.338000	0.990145	380.725006	337.774994
1	1.369000	0.924638	381.299927	337.599976
1	1.416000	0.901884	380.243774	337.531250
0	1.447000	0.866377	379.787506	337.287506
1	1.478000	0.917971	381.250000	336.750000
1	1.510000	0.905797	380.762512	337.862488
1	1.541000	0.896232	380.524994	337.975006
1	1.572000	0.884203	380.281250	337.281250
1	1.603000	0.912464	380.875031	337.674957
1	1.634000	0.861884	381.006256	339.006256
1	1.681000	0.939130	380.000000	338.500000
1	1.712000	0.911449	380.406250	337.143738
1	1.744000	0.921739	381.000000	336.500000
0	1.775000	0.910290	381.331238	336.781250
0	1.806000	0.934783	381.625000	336.625000
1	1.837000	0.950725	382.000000	337.500000
1	1.868000	0.939130	380.500000	337.000000
1	1.915000	1.014203	382.212494	336.712494
1	1.946000	0.953188	381.293732	337.743744
1	1.978000	0.973913	381.000000	337.500000
1	2.009000	0.994058	379.781250	338.593750
1	2.040000	0.972319	380.468750	338.468750
1	2.071000	1.008696	380.000000	338.500000
0	2.102000	0.992029	381.218750	337.768738
1	2.149000	1.010145	380.387512	337.612488
1	2.180000	1.026087	382.000000	337.000000
1	2.212000	1.008696	380.000000	338.500000
1	2.243000	1.000725	380.843750	336.581238
1	2.274000	1.028841	382.593750	336.156250
1	2.305000	1.055072	381.750000	337.750000
1	2.336000	1.018985	380.656250	337.656250
1	2.368000	1.008696	380.000000	338.500000
0	2.414000	1.449275	383.500000	331.000000
1	2.446000	1.044493	380.993683	338.493805
1	2.477000	1.008841	379.993744	338.006256
1	2.508000	1.081449	381.962402	337.500122
1	2.539000	1.042754	380.981262	338.018738
1	2.570000	1.008841	380.493744	337.256256
1	2.602000	1.008696	380.000000	338.500000
0	2.648000	1.194203	384.000000	334.500000
1	2.680000	1.091884	381.812500	338.299988
1	2.711000	1.079275	381.006256	338.993744
1	2.742000	1.008696	380.000000	338.500000
1	2.773000	1.114927	381.031250	339.043762
1	2.804000	1.061884	379.256256	338.693756
1	2.836000	1.066667	381.000000	340.500000
1	2.882000	1.055072	381.000000	339.500000
1	2.914000	1.117246	379.506256	341.056244
0	2.945000	1.286957	384.000000	338.500000
1	2.976000	1.081015	380.468750	339.531250
1	3.007000	1.078841	380.000000	340.000000
0	3.038000	1.089855	381.062500	339.187500
1	3.070000	1.081015	381.468750	339.468750
1	3.101000	1.098551	380.250000	339.000000
1	3.148000	1.104348	380.937500	338.312500
1	3.179000	1.114638	380.531250	338.531250
1	3.210000	1.113043	380.000000	338.500000
1	3.241000	1.141449	381.399994	338.587494
1	3.272000	1.079420	381.024994	339.587494
1	3.304000	1.081015	379.968750	339.531250
1	3.335000	1.096812	380.337494	339.774994
1	3.382000	1.124638	381.500000	339.000000
1	3.413000	1.110145	380.750000	339.000000
0	3.444000	1.079855	381.656250	338.968750
0	3.475000	1.130290	381.381256	338.493744
1	3.506000	1.096667	380.756256	338.756256
1	3.538000	1.089855	381.250000	339.250000
1	3.569000	1.047971	381.043732	339.056244
1	3.616000	1.124638	379.500000	341.000000
1	3.647000	1.113043	380.875000	340.625000
1	3.678000	1.100725	381.331238	341.331238
1	3.709000	1.082754	381.506256	340.993744
1	3.740000	1.101449	380.000000	342.500000
1	3.772000	1.061884	380.243744	340.743744
0	3.803000	1.048406	379.562500	339.937500
1	3.834000	1.078261	381.125000	339.875000
1	3.881000	1.132754	379.725006	339.274994
1	3.912000	1.136232	380.750000	340.250000
1	3.943000	1.194203	380.000000	338.500000
1	3.974000	1.094928	381.343750	339.768738
1	4.006000	1.111449	381.293762	340.531250
1	4.037000	1.081015	380.468750	339.981262
0	4.068000	1.194203	380.000000	338.500000
1	4.115000	1.139420	381.162506	339.837372
1	4.146000	1.104928	381.250000	340.875000
1	4.177000	1.089855	379.250000	339.750000
1	4.208000	1.079275	380.006256	340.431244
1	4.240000	1.130580	379.743744	340.743744
0	4.271000	1.101449	380.000000	342.500000
1	4.302000	1.086812	380.618744	340.418732
1	4.349000	1.114058	380.881256	341.043732
1	4.380000	1.085942	380.893677	340.981262
1	4.411000	1.066812	380.656250	340.718750
1	4.443000	1.113768	381.125000	340.812500
1	4.474000	1.055072	379.000000	341.500000
1	4.505000	1.084058	380.049988	341.825012
1	4.536000	1.077246	380.006256	342.618744
1	4.567000	1.087536	380.062500	341.625000
1	4.614000	1.107246	381.000000	341.000000
1	4.645000	1.114638	379.981262	341.531250
1	4.677000	1.090725	380.437500	341.875000
1	4.708000	1.107536	381.037506	341.725006
1	4.739000	1.136667	382.193512	340.830963
1	4.770000	1.107536	380.787506	341.037506
1	4.801000	1.132754	381.274994	340.274994
1	4.848000	1.132754	381.274994	340.274994
1	4.879000	1.101449	380.000000	338.500000
1	4.911000	1.153623	380.950012	340.724976
1	4.942000	1.122319	381.000000	339.437500
1	4.973000	1.132029	381.281250	339.281250
0	5.004000	1.077536	380.481262	338.768738
1	5.035000	1.109275	381.049988	337.562500
1	5.082000	1.101449	380.000000	338.500000
1	5.113000	1.113623	381.500000	337.500000
1	5.145000	1.101449	382.500000	337.000000
1	5.176000	1.123333	380.843750	337.593750
1	5.207000	1.131014	381.500000	338.299988
1	5.238000	1.124638	381.500000	338.000000
1	5.269000	1.101449	381.500000	339.000000
1	5.301000	1.128406	379.337494	338.774994
1	5.347000	1.131594	381.475006	338.324982
1	5.379000	1.211449	380.906250	337.343750
1	5.410000	1.101449	380.000000	338.500000
1	5.441000	1.101449	380.000000	338.500000
1	5.472000	1.177536	382.306213	336.656250
1	5.503000	1.131594	382.324982	337.324982
1	5.535000	1.194203	380.000000	334.500000
1	5.566000	1.240145	381.931244	335.931244
1	5.613000	1.147246	380.750000	337.487488
1	5.644000	1.151160	381.056244	338.056244
1	5.675000	1.102029	380.924988	338.824951
1	5.706000	1.174493	380.375000	338.112488
1	5.737000	1.113043	380.750000	337.750000
1	5.769000	1.115072	381.337494	337.475006
0	5.800000	1.101449	380.000000	338.500000
1	5.847000	1.142029	382.500000	338.000000
1	5.878000	1.201449	381.025024	337.987488
1	5.909000	1.146667	381.725006	338.524994
1	5.940000	1.171015	381.250000	338.750000
0	5.971000	1.321739	386.000000	335.500000
1	6.003000	1.162899	381.524994	340.149994
1	6.034000	1.203188	380.287506	340.287506
1	6.081000	1.159275	380.906250	340.093750
1	6.112000	1.185362	380.493713	339.531250
0	6.143000	1.101449	380.000000	342.500000
1	6.174000	1.139130	380.937500	340.562500
1	6.205000	1.212464	381.937500	339.187500
1	6.237000	1.201594	380.031250	340.331238
1	6.268000	1.147826	381.500000	340.000000
1	6.299000	1.157246	381.106262	340.293762
1	6.346000	1.158116	380.918762	340.343750
0	6.377000	1.181594	380.568756	339.618744
1	6.408000	1.217971	380.500000	339.812500
1	6.439000	1.217971	380.549988	339.500000
1	6.471000	1.185362	380.468750	339.468750
1	6.502000	1.198840	378.824982	339.649994
1	6.533000	1.171159	380.093750	337.843750
1	6.580000	1.190580	380.456238	337.856262
1	6.611000	1.135942	382.287506	338.162506
0	6.642000	1.194203	380.000000	334.500000
1	6.673000	1.203188	381.287506	337.287506
1	6.705000	1.217391	382.000000	336.500000
1	6.736000	1.101449	380.000000	338.500000
1	6.767000	1.147826	381.750000	339.250000
1	6.814000	1.165217	382.000000	337.500000
1	6.845000	1.181594	380.043732	337.993744
1	6.876000	1.152754	379.962494	338.012482
1	6.907000	1.182029	381.500000	339.000000
1	6.939000	1.162319	381.312500	337.187500
1	6.970000	1.166232	381.443756	336.806244
1	7.001000	1.194203	380.000000	334.500000
1	7.032000	1.131449	381.256256	337.293732
1	7.079000	1.235942	380.850006	335.850006
1	7.110000	1.155362	382.774994	337.600006
1	7.141000	1.150580	383.031250	336.968750
1	7.173000	1.203333	380.306244	337.731232
1	7.204000	1.223188	381.500000	337.500000
1	7.235000	1.159855	379.931244	337.443756
0	7.266000	1.203623	380.256256	338.693817
1	7.313000	1.161884	381.256256	340.368744
0	7.344000	1.194058	379.843750	339.606079
1	7.375000	1.101449	380.000000	338.500000
1	7.407000	1.217391	381.500000	340.000000
1	7.438000	1.152899	380.581238	339.456238
1	7.469000	1.217391	381.250000	339.250000
1	7.500000	1.217391	381.500000	339.000000
1	7.547000	1.185797	380.537506	339.712494
1	7.578000	1.237971	381.787506	339.262482
1	7.609000	1.194203	380.000000	338.500000
1	7.641000	1.185362	380.531250	339.956238
1	7.672000	1.223188	379.500000	340.000000
1	7.703000	1.194638	381.431244	339.181244
1	7.734000	1.194638	380.431244	338.681244
1	7.765000	1.203768	381.312500	337.312500
0	7.812000	1.231884	381.950012	336.450012
1	7.843000	1.188551	381.406250	336.593750
0	7.875000	1.101449	384.000000	334.500000
1	7.906000	1.201160	381.225006	336.225006
0	7.937000	1.198840	380.475006	336.274994
1	7.968000	1.229710	381.918518	336.069092
1	7.999000	1.135362	381.812500	337.687500
1	8.046000	1.192464	381.100006	337.462494
1	8.077000	1.225073	381.993744	336.743744
1	8.109000	1.220290	380.500000	337.000000
1	8.140000	1.146812	382.743744	337.743744
1	8.171000	1.150580	382.031250	336.656250
0	8.202000	1.124638	382.000000	336.500000
0	8.233000	1.194203	380.000000	334.500000
1	8.280000	1.171015	382.000000	334.500000
1	8.311000	1.170725	382.774994	335.462494
1	8.343000	1.229275	381.412506	335.837494
0	8.374000	1.079420	383.024994	335.024994
0	8.405000	1.146667	381.475006	336.274994
1	8.436000	1.137971	381.800018	336.699982
1	8.467000	1.148551	382.081238	337.518738
1	8.499000	1.205942	381.281250	337.706238
0	8.545000	1.124638	380.000000	334.500000
1	8.577000	1.194203	380.000000	334.500000
1	8.608000	1.182609	381.000000	335.500000
1	8.639000	1.234783	381.500000	334.500000
1	8.670000	1.220145	381.531250	334.968750
0	8.701000	1.240580	381.000000	333.500000
0	8.733000	1.147971	381.743744	334.543732
0	8.779000	1.166667	382.762512	335.237488
1	8.811000	1.253768	381.593750	334.593750
0	8.842000	1.228261	383.062500	333.875000
0	8.873000	1.217391	382.000000	334.500000
1	8.904000	1.197246	382.368713	335.606262
1	8.935000	1.165942	382.481262	335.268738
0	8.967000	1.194203	384.000000	334.500000
0	9.013000	1.222899	382.212494	333.787506
1	9.045000	1.194058	382.656250	334.406250
0	9.076000	1.172464	383.174988	334.437500
0	9.107000	1.217391	382.000000	334.500000
1	9.138000	1.238551	381.187500	334.812500
0	9.169000	1.533768	385.318756	329.568756
1	9.201000	1.194638	380.431244	334.943756
1	9.232000	1.147826	382.500000	335.000000
1	9.279000	1.228985	381.000000	334.500000
1	9.310000	1.249855	381.649994	334.962494
1	9.341000	1.236232	381.000000	335.625000
1	9.372000	1.226232	381.368744	334.368744
1	9.403000	1.194203	381.000000	333.500000
0	9.435000	1.585362	387.856262	330.818726
1	9.466000	1.212029	382.306244	335.181244
1	9.513000	1.278116	381.368744	335.368744
1	9.544000	1.220580	381.037506	336.037506
1	9.575000	1.194203	380.000000	334.500000
1	9.606000	1.237536	380.781250	336.781250
1	9.637000	1.235942	380.725006	335.725006
1	9.669000	1.220725	380.506256	335.943756
1	9.700000	1.202754	380.718750	335.281250
1	9.731000	1.217391	382.000000	336.500000
1	9.778000	1.211594	380.500000	336.000000
1	9.809000	1.229275	380.662506	335.912506
0	9.840000	1.238551	383.187500	335.812500
1	9.871000	1.217391	380.000000	336.500000
1	9.903000	1.220145	381.031250	337.031250
1	9.934000	1.229855	380.687500	337.062500
1	9.965000	1.221884	380.993744	337.243744
1	10.012000	1.205073	380.681305	338.706146
0	10.043000	1.101449	384.000000	338.500000
1	10.074000	1.249420	381.968750	336.981262
1	10.105000	1.203333	381.306244	336.693756
1	10.137000	1.182609	382.250000	337.750000
1	10.168000	1.101449	384.000000	338.500000
1	10.199000	1.224493	381.543762	338.031250
1	10.246000	1.220725	381.056244	337.193756
1	10.277000	1.248986	381.787506	337.537506
1	10.308000	1.228841	380.843750	336.906250
1	10.339000	1.209275	381.625000	338.500000
1	10.371000	1.181449	382.475006	338.975006
1	10.402000	1.237536	379.781250	339.218750
0	10.433000	1.101449	380.000000	338.500000
0	10.464000	1.201594	381.781250	338.268738
1	10.511000	1.201160	382.824982	339.324982
1	10.542000	1.240580	381.000000	337.500000
0	10.573000	1.194203	384.000000	338.500000
1	10.605000	1.229420	382.481232	338.731232
1	10.636000	1.170580	382.393768	339.181244
1	10.667000	1.286957	380.000000	338.500000
1	10.698000	1.208116	382.250000	338.625000
0	10.745000	1.185797	382.087494	338.537506
1	10.776000	1.231159	381.206238	339.706238
1	10.807000	1.206522	379.806244	339.681244
1	10.839000	1.222174	380.781250	339.031311
0	10.870000	1.258116	382.343750	338.531250
1	10.901000	1.286957	380.000000	338.500000
1	10.932000	1.217391	380.000000	338.500000
1	10.963000	1.259710	381.912506	338.475006
1	11.010000	1.186377	382.937500	339.937500
1	11.041000	1.239855	381.818787	339.793701
0	11.073000	1.101449	384.000000	338.500000
1	11.104000	1.191884	381.125000	339.875000
1	11.135000	1.221159	380.437500	339.937500
1	11.166000	1.251594	381.000000	339.562500
1	11.197000	1.215797	380.531250	340.906250
1	11.244000	1.229420	380.731232	339.931244
1	11.275000	1.286957	380.000000	338.500000
1	11.307000	1.269710	381.743744	338.806244
1	11.338000	1.242319	381.100006	338.725006
1	11.369000	1.169565	382.750000	339.375000
1	11.400000	1.235942	381.649994	338.725006
1	11.431000	1.224927	381.524994	339.024994
1	11.478000	1.240580	381.500000	340.000000
1	11.509000	1.252754	382.049988	339.000000
1	11.541000	1.220725	381.481232	340.056244
1	11.572000	1.235507	381.856262	339.906250
1	11.603000	1.224927	381.350006	339.350006
1	11.634000	1.246667	381.075043	338.662506
0	11.665000	1.286957	384.000000	338.500000
1	11.697000	1.228985	381.875000	338.875000
1	11.743000	1.187681	381.956238	339.468750
1	11.775000	1.168551	382.193756	338.193756
1	11.806000	1.240290	381.399994	339.587494
1	11.837000	1.238551	381.687500	338.812500
1	11.868000	1.252174	382.000000	339.500000
1	11.899000	1.238551	380.812500	339.187500
1	11.931000	1.206377	382.975006	340.350006
1	11.977000	1.288986	380.524994	340.899994
1	12.009000	1.226087	381.000000	340.500000
1	12.040000	1.270725	381.225006	339.225006
0	12.071000	1.426087	385.750000	338.250000
0	12.102000	1.253188	383.506256	339.743744
1	12.133000	1.218406	380.543732	340.481232
1	12.165000	1.286957	380.000000	338.500000
1	12.211000	1.310145	382.000000	340.500000
1	12.243000	1.286957	380.000000	338.500000
1	12.274000	1.238986	380.806244	339.806244
1	12.305000	1.252174	381.000000	339.500000
1	12.336000	1.236812	381.100006	340.774994
0	12.367000	1.313188	382.118744	340.118744
1	12.399000	1.258116	381.593750	340.656250
1	12.430000	1.220145	381.281250	340.218750
1	12.477000	1.298551	382.000000	340.500000
1	12.508000	1.291884	381.562500	338.937500
1	12.539000	1.223188	381.375000	339.125000
1	12.570000	1.216232	382.475006	339.475006
1	12.601000	1.147826	383.000000	339.500000
1	12.633000	1.286957	384.000000	338.500000
1	12.664000	1.201014	381.506256	339.493744
1	12.711000	1.221159	382.062500	339.062500
1	12.742000	1.228841	380.906250	339.843750
1	12.773000	1.217391	382.000000	340.500000
1	12.804000	1.228985	381.625000	339.625000
1	12.835000	1.217536	380.543732	338.493744
1	12.867000	1.172754	382.675018	339.100006
1	12.898000	1.234783	382.000000	338.000000
1	12.945000	1.216812	382.250000	338.500000
0	12.976000	1.433768	388.118744	338.568756
0	13.007000	1.176667	383.656250	339.343750
1	13.038000	1.211449	382.718750	339.531250
1	13.069000	1.231159	380.706238	339.293762
1	13.101000	1.217391	384.000000	338.500000
1	13.132000	1.229420	382.356232	338.931244
1	13.163000	1.165217	383.000000	339.500000
1	13.210000	1.225507	381.375000	339.375000
1	13.241000	1.243478	381.750000	339.250000
1	13.272000	1.239710	382.625000	339.312500
1	13.303000	1.196232	382.424988	339.562500
1	13.335000	1.268986	381.299988	338.750000
1	13.366000	1.246812	380.931244	339.306244
1	13.397000	1.235362	381.750000	339.812500
1	13.444000	1.252174	381.000000	339.500000
1	13.475000	1.252174	380.250000	341.250000
1	13.506000	1.252754	381.000000	342.000000
0	13.537000	1.281594	381.006256	341.006256
1	13.569000	1.251594	380.950012	340.987488
1	13.600000	1.266667	381.200012	340.787476
1	13.631000	1.295072	381.012512	340.375000
0	13.662000	1.286957	381.000000	339.500000
1	13.709000	1.304348	380.625000	340.125000
1	13.740000	1.329275	381.412506	340.037506
0	13.771000	1.722464	387.906250	334.518738
1	13.803000	1.275362	382.000000	340.500000
1	13.834000	1.272899	381.181244	341.056244
1	13.865000	1.286957	381.000000	339.500000
1	13.896000	1.286957	381.000000	341.500000
1	13.943000	1.327536	379.937500	341.937500
1	13.974000	1.286957	381.000000	341.500000
1	14.005000	1.325362	380.518799	340.593811
1	14.037000	1.291884	381.562500	340.062500
1	14.068000	1.310145	381.500000	340.000000
0	14.099000	1.657971	384.000000	330.500000
1	14.130000	1.302899	381.924866	339.937500
1	14.177000	1.286957	384.000000	338.500000
1	14.208000	1.292754	381.000000	341.000000
0	14.239000	1.340290	380.600006	340.225006
1	14.271000	1.327246	380.587494	340.512482
0	14.302000	1.286957	384.000000	338.500000
1	14.333000	1.344928	380.250000	340.750000
1	14.364000	1.326667	380.437500	340.812500
1	14.395000	1.286377	380.500000	339.862488
1	14.442000	1.286957	384.000000	338.500000
1	14.473000	1.298406	380.656250	339.156250
1	14.505000	1.304348	381.000000	340.000000
1	14.536000	1.285942	381.243744	340.243744
1	14.567000	1.364493	382.018738	339.031250
1	14.598000	1.326667	380.562500	340.487488
1	14.629000	1.328986	380.512451	341.512451
1	14.676000	1.286957	380.000000	342.500000
1	14.707000	1.328985	379.512512	341.512512
1	14.739000	1.344058	380.812500	341.312500
1	14.770000	1.286957	381.000000	341.500000
1	14.801000	1.286957	380.000000	342.500000
1	14.832000	1.263768	380.000000	342.500000
1	14.863000	1.310145	380.000000	340.500000
1	14.910000	1.333333	380.500000	338.000000
1	14.941000	1.327681	380.593750	340.468750
1	14.973000	1.286957	380.250000	340.750000
1	15.004000	1.321739	382.000000	340.500000
1	15.035000	1.322319	380.500000	341.387451
1	15.066000	1.320580	379.975006	341.337494
1	15.097000	1.321739	379.000000	341.500000
1	15.129000	1.324927	379.512482	341.037506
1	15.175000	1.375942	381.112518	339.887482
1	15.207000	1.304348	380.500000	339.000000
1	15.238000	1.298551	380.000000	338.500000
0	15.269000	1.217681	380.524994	337.512482
0	15.300000	1.286957	384.000000	338.500000
1	15.331000	1.299275	380.331238	338.918762
1	15.363000	1.321739	380.000000	338.500000
1	15.409000	1.344638	381.337494	339.649994
1	15.441000	1.286957	380.000000	338.500000
0	15.472000	1.309855	381.412506	339.787506
1	15.503000	1.298551	380.250000	339.250000
1	15.534000	1.325073	380.431244	340.506256
1	15.565000	1.292464	380.537506	339.287506
1	15.597000	1.290290	381.068756	339.506256
1	15.643000	1.310145	379.500000	339.000000
1	15.675000	1.286957	380.000000	338.500000
1	15.706000	1.286957	381.000000	339.500000
1	15.737000	1.286957	380.000000	338.500000
1	15.768000	1.331159	380.118835	340.456238
0	15.799000	1.328406	381.462494	340.462494
1	15.831000	1.263768	380.000000	340.500000
1	15.862000	1.344638	380.287506	340.337494
1	15.909000	1.322899	379.524994	342.024994
1	15.940000	1.294058	380.843750	341.906250
1	15.971000	1.310145	380.000000	340.500000
0	16.002000	1.286957	384.000000	338.500000
1	16.033000	1.310145	382.000000	340.500000
1	16.065000	1.286957	381.000000	339.500000
1	16.096000	1.331449	380.443756	340.506256
1	16.143000	1.326667	380.562500	341.250000
1	16.174000	1.333333	379.000000	341.500000
1	16.205000	1.321739	380.000000	342.500000
1	16.236000	1.530435	383.000000	338.500000
1	16.267000	1.344058	380.687500	342.312500
1	16.299000	1.260725	379.968750	342.668701
1	16.330000	1.344058	380.312500	343.312500
1	16.361000	1.286957	380.000000	342.500000
0	16.408000	1.322319	381.000000	341.625000
1	16.439000	1.283768	380.475006	342.212494
1	16.470000	1.321739	380.000000	341.500000
1	16.501000	1.335507	379.831238	341.831238
1	16.533000	1.314203	380.850006	341.350006
1	16.564000	1.331449	380.506256	341.506256
1	16.595000	1.287681	379.231262	342.156250
1	16.642000	1.304928	380.750000	342.125000
1	16.673000	1.333768	379.431244	342.068756
1	16.704000	1.286957	380.000000	343.500000
1	16.735000	1.328841	380.456238	342.531250
1	16.767000	1.309275	379.562500	342.812500
1	16.798000	1.337971	380.637604	342.262360
1	16.829000	1.298551	380.250000	341.750000
1	16.876000	1.288116	379.975006	341.037506
1	16.907000	1.309710	380.806244	340.181244
1	16.938000	1.324058	381.074951	340.574951
1	16.969000	1.323913	380.500000	340.937500
1	17.001000	1.356522	380.062500	341.187500
1	17.032000	1.345072	381.343750	341.343750
1	17.063000	1.310145	380.812500	342.812500
1	17.094000	1.333333	380.500000	343.000000
1	17.141000	1.286957	379.000000	343.500000
1	17.172000	1.286957	380.000000	342.500000
1	17.203000	1.315797	380.081238	342.906250
1	17.235000	1.310145	382.000000	342.500000
1	17.266000	1.318986	380.281250	341.531250
1	17.297000	1.286957	380.000000	342.500000
1	17.328000	1.286957	380.000000	342.500000
1	17.375000	1.344493	381.306244	341.681244
1	17.406000	1.286957	380.000000	342.500000
1	17.437000	1.294638	379.868744	342.381256
0	17.469000	1.286957	384.000000	342.500000
1	17.500000	1.330725	379.312500	343.562500
1	17.531000	1.291884	380.062500	343.424988
1	17.562000	1.306667	380.424957	342.824982
1	17.593000	1.298551	381.000000	341.500000
1	17.640000	1.321739	381.000000	340.500000
1	17.671000	1.304928	380.750000	340.750000
1	17.703000	1.286957	380.000000	342.500000
1	17.734000	1.286957	381.000000	341.500000
1	17.765000	1.322899	381.524994	340.587494
1	17.796000	1.326812	382.518738	340.081238
1	17.827000	1.286957	380.000000	342.500000
0	17.874000	1.252174	382.000000	341.500000
1	17.905000	1.311449	380.656250	341.143738
0	17.937000	1.309855	381.162506	341.162506
1	17.968000	1.273333	381.299988	341.187500
1	17.999000	1.310290	379.831238	339.843750
<\RIGHT-PUPIL-DATA>
<LEFT-PUPIL-DATA>
543	0
0	-0.066000	13.913043	240.000000	320.000000
0	-0.035000	13.913043	240.000000	320.000000
0	-0.004000	13.913043	240.000000	320.000000
0	0.028000	13.913043	240.000000	320.000000
0	0.074000	13.913043	240.000000	320.000000
0	0.106000	13.913043	240.000000	320.000000
0	0.137000	13.913043	240.000000	320.000000
0	0.168000	13.913043	240.000000	320.000000
0	0.199000	13.913043	240.000000	320.000000
0	0.230000	13.913043	240.000000	320.000000
0	0.262000	13.913043	240.000000	320.000000
0	0.308000	13.913043	240.000000	320.000000
0	0.340000	13.913043	240.000000	320.000000
0	0.371000	13.913043	240.000000	320.000000
0	0.402000	13.913043	240.000000	320.000000
0	0.433000	13.913043	240.000000	320.000000
0	0.464000	13.913043	240.000000	320.000000
0	0.496000	13.913043	240.000000	320.000000
0	0.527000	13.913043	240.000000	320.000000
0	0.574000	13.913043	240.000000	320.000000
0	0.605000	13.913043	240.000000	320.000000
0	0.636000	13.913043	240.000000	320.000000
0	0.667000	13.913043	240.000000	320.000000
0	0.698000	13.913043	240.000000	320.000000
0	0.730000	13.913043	240.000000	320.000000
0	0.761000	13.913043	240.000000	320.000000
0	0.808000	13.913043	240.000000	320.000000
0	0.839000	13.913043	240.000000	320.000000
0	0.870000	13.913043	240.000000	320.000000
0	0.901000	13.913043	240.000000	320.000000
0	0.932000	13.913043	240.000000	320.000000
0	0.964000	13.913043	240.000000	320.000000
0	0.995000	13.913043	240.000000	320.000000
0	1.042000	13.913043	240.000000	320.000000
0	1.073000	13.913043	240.000000	320.000000
0	1.104000	13.913043	240.000000	320.000000
0	1.135000	13.913043	240.000000	320.000000
0	1.166000	13.913043	240.000000	320.000000
0	1.198000	13.913043	240.000000	320.000000
0	1.229000	13.913043	240.000000	320.000000
0	1.260000	13.913043	240.000000	320.000000
0	1.307000	13.913043	240.000000	320.000000
0	1.338000	13.913043	240.000000	320.000000
0	1.369000	13.913043	240.000000	320.000000
0	1.400000	13.913043	240.000000	320.000000
0	1.432000	13.913043	240.000000	320.000000
0	1.463000	13.913043	240.000000	320.000000
0	1.494000	13.913043	240.000000	320.000000
0	1.541000	13.913043	240.000000	320.000000
0	1.572000	13.913043	240.000000	320.000000
0	1.603000	13.913043	240.000000	320.000000
0	1.634000	13.913043	240.000000	320.000000
0	1.666000	13.913043	240.000000	320.000000
0	1.697000	13.913043	240.000000	320.000000
0	1.728000	13.913043	240.000000	320.000000
0	1.775000	13.913043	240.000000	320.000000
0	1.806000	13.913043	240.000000	320.000000
0	1.837000	13.913043	240.000000	320.000000
0	1.868000	13.913043	240.000000	320.000000
0	1.900000	13.913043	240.000000	320.000000
0	1.931000	13.913043	240.000000	320.000000
0	1.962000	13.913043	240.000000	320.000000
0	1.993000	13.913043	240.000000	320.000000
0	2.040000	13.913043	240.000000	320.000000
0	2.071000	13.913043	240.000000	320.000000
0	2.102000	13.913043	240.000000	320.000000
0	2.134000	13.913043	240.000000	320.000000
0	2.165000	13.913043	240.000000	320.000000
0	2.196000	13.913043	240.000000	320.000000
0	2.227000	13.913043	240.000000	320.000000
0	2.258000	13.913043	240.000000	320.000000
0	2.305000	13.913043	240.000000	320.000000
0	2.336000	13.913043	240.000000	320.000000
0	2.368000	13.913043	240.000000	320.000000
0	2.399000	13.913043	240.000000	320.000000
0	2.430000	13.913043	240.000000	320.000000
0	2.461000	13.913043	240.000000	320.000000
0	2.492000	13.913043	240.000000	320.000000
0	2.539000	13.913043	240.000000	320.000000
0	2.570000	13.913043	240.000000	320.000000
0	2.602000	13.913043	240.000000	320.000000
0	2.633000	13.913043	240.000000	320.000000
0	2.664000	13.913043	240.000000	320.000000
0	2.695000	13.913043	240.000000	320.000000
0	2.726000	13.913043	240.000000	320.000000
0	2.773000	13.913043	240.000000	320.000000
0	2.804000	13.913043	240.000000	320.000000
0	2.836000	13.913043	240.000000	320.000000
0	2.867000	13.913043	240.000000	320.000000
0	2.898000	13.913043	240.000000	320.000000
0	2.929000	13.913043	240.000000	320.000000
0	2.960000	13.913043	240.000000	320.000000
0	2.992000	13.913043	240.000000	320.000000
0	3.038000	13.913043	240.000000	320.000000
0	3.070000	13.913043	240.000000	320.000000
0	3.101000	13.913043	240.000000	320.000000
0	3.132000	13.913043	240.000000	320.000000
0	3.163000	13.913043	240.000000	320.000000
0	3.194000	13.913043	240.000000	320.000000
0	3.226000	13.913043	240.000000	320.000000
0	3.272000	13.913043	240.000000	320.000000
0	3.304000	13.913043	240.000000	320.000000
0	3.335000	13.913043	240.000000	320.000000
0	3.366000	13.913043	240.000000	320.000000
0	3.397000	13.913043	240.000000	320.000000
0	3.428000	13.913043	240.000000	320.000000
0	3.460000	13.913043	240.000000	320.000000
0	3.506000	13.913043	240.000000	320.000000
0	3.538000	13.913043	240.000000	320.000000
0	3.569000	13.913043	240.000000	320.000000
0	3.600000	13.913043	240.000000	320.000000
0	3.631000	13.913043	240.000000	320.000000
0	3.662000	13.913043	240.000000	320.000000
0	3.694000	13.913043	240.000000	320.000000
0	3.725000	13.913043	240.000000	320.000000
0	3.772000	13.913043	240.000000	320.000000
0	3.803000	13.913043	240.000000	320.000000
0	3.834000	13.913043	240.000000	320.000000
0	3.865000	13.913043	240.000000	320.000000
0	3.896000	13.913043	240.000000	320.000000
0	3.928000	13.913043	240.000000	320.000000
0	3.959000	13.913043	240.000000	320.000000
0	4.006000	13.913043	240.000000	320.000000
0	4.037000	13.913043	240.000000	320.000000
0	4.068000	13.913043	240.000000	320.000000
0	4.099000	13.913043	240.000000	320.000000
0	4.130000	13.913043	240.000000	320.000000
0	4.162000	13.913043	240.000000	320.000000
0	4.193000	13.913043	240.000000	320.000000
0	4.240000	13.913043	240.000000	320.000000
0	4.271000	13.913043	240.000000	320.000000
0	4.302000	13.913043	240.000000	320.000000
0	4.333000	13.913043	240.000000	320.000000
0	4.365000	13.913043	240.000000	320.000000
0	4.396000	13.913043	240.000000	320.000000
0	4.427000	13.913043	240.000000	320.000000
0	4.458000	13.913043	240.000000	320.000000
0	4.505000	13.913043	240.000000	320.000000
0	4.536000	13.913043	240.000000	320.000000
0	4.567000	13.913043	240.000000	320.000000
0	4.599000	13.913043	240.000000	320.000000
0	4.630000	13.913043	240.000000	320.000000
0	4.661000	13.913043	240.000000	320.000000
0	4.692000	13.913043	240.000000	320.000000
0	4.739000	13.913043	240.000000	320.000000
0	4.770000	13.913043	240.000000	320.000000
0	4.801000	13.913043	240.000000	320.000000
0	4.833000	13.913043	240.000000	320.000000
0	4.864000	13.913043	240.000000	320.000000
0	4.895000	13.913043	240.000000	320.000000
0	4.926000	13.913043	240.000000	320.000000
0	4.973000	13.913043	240.000000	320.000000
0	5.004000	13.913043	240.000000	320.000000
0	5.035000	13.913043	240.000000	320.000000
0	5.067000	13.913043	240.000000	320.000000
0	5.098000	13.913043	240.000000	320.000000
0	5.129000	13.913043	240.000000	320.000000
0	5.160000	13.913043	240.000000	320.000000
0	5.191000	13.913043	240.000000	320.000000
0	5.238000	13.913043	240.000000	320.000000
0	5.269000	13.913043	240.000000	320.000000
0	5.301000	13.913043	240.000000	320.000000
0	5.332000	13.913043	240.000000	320.000000
0	5.363000	13.913043	240.000000	320.000000
0	5.394000	13.913043	240.000000	320.000000
0	5.425000	13.913043	240.000000	320.000000
0	5.472000	13.913043	240.000000	320.000000
0	5.503000	13.913043	240.000000	320.000000
0	5.535000	13.913043	240.000000	320.000000
0	5.566000	13.913043	240.000000	320.000000
0	5.597000	13.913043	240.000000	320.000000
0	5.628000	13.913043	240.000000	320.000000
0	5.659000	13.913043	240.000000	320.000000
0	5.706000	13.913043	240.000000	320.000000
0	5.737000	13.913043	240.000000	320.000000
0	5.769000	13.913043	240.000000	320.000000
0	5.800000	13.913043	240.000000	320.000000
0	5.831000	13.913043	240.000000	320.000000
0	5.862000	13.913043	240.000000	320.000000
0	5.893000	13.913043	240.000000	320.000000
0	5.925000	13.913043	240.000000	320.000000
0	5.971000	13.913043	240.000000	320.000000
0	6.003000	13.913043	240.000000	320.000000
0	6.034000	13.913043	240.000000	320.000000
0	6.065000	13.913043	240.000000	320.000000
0	6.096000	13.913043	240.000000	320.000000
0	6.127000	13.913043	240.000000	320.000000
0	6.159000	13.913043	240.000000	320.000000
0	6.190000	13.913043	240.000000	320.000000
0	6.237000	13.913043	240.000000	320.000000
0	6.268000	13.913043	240.000000	320.000000
0	6.299000	13.913043	240.000000	320.000000
0	6.330000	13.913043	240.000000	320.000000
0	6.361000	13.913043	240.000000	320.000000
0	6.393000	13.913043	240.000000	320.000000
0	6.424000	13.913043	240.000000	320.000000
0	6.471000	13.913043	240.000000	320.000000
0	6.502000	13.913043	240.000000	320.000000
0	6.533000	13.913043	240.000000	320.000000
0	6.564000	13.913043	240.000000	320.000000
0	6.595000	13.913043	240.000000	320.000000
0	6.627000	13.913043	240.000000	320.000000
0	6.673000	13.913043	240.000000	320.000000
0	6.705000	13.913043	240.000000	320.000000
0	6.736000	13.913043	240.000000	320.000000
0	6.767000	13.913043	240.000000	320.000000
0	6.798000	13.913043	240.000000	320.000000
0	6.829000	13.913043	240.000000	320.000000
0	6.861000	13.913043	240.000000	320.000000
0	6.892000	13.913043	240.000000	320.000000
0	6.923000	13.913043	240.000000	320.000000
0	6.970000	13.913043	240.000000	320.000000
0	7.001000	13.913043	240.000000	320.000000
0	7.032000	13.913043	240.000000	320.000000
0	7.063000	13.913043	240.000000	320.000000
0	7.095000	13.913043	240.000000	320.000000
0	7.126000	13.913043	240.000000	320.000000
0	7.157000	13.913043	240.000000	320.000000
0	7.204000	13.913043	240.000000	320.000000
0	7.235000	13.913043	240.000000	320.000000
0	7.266000	13.913043	240.000000	320.000000
0	7.297000	13.913043	240.000000	320.000000
0	7.329000	13.913043	240.000000	320.000000
0	7.360000	13.913043	240.000000	320.000000
0	7.391000	13.913043	240.000000	320.000000
0	7.438000	13.913043	240.000000	320.000000
0	7.469000	13.913043	240.000000	320.000000
0	7.500000	13.913043	240.000000	320.000000
0	7.531000	13.913043	240.000000	320.000000
0	7.563000	13.913043	240.000000	320.000000
0	7.594000	13.913043	240.000000	320.000000
0	7.625000	13.913043	240.000000	320.000000
0	7.656000	13.913043	240.000000	320.000000
0	7.703000	13.913043	240.000000	320.000000
0	7.734000	13.913043	240.000000	320.000000
0	7.765000	13.913043	240.000000	320.000000
0	7.797000	13.913043	240.000000	320.000000
0	7.828000	13.913043	240.000000	320.000000
0	7.859000	13.913043	240.000000	320.000000
0	7.890000	13.913043	240.000000	320.000000
0	7.937000	13.913043	240.000000	320.000000
0	7.968000	13.913043	240.000000	320.000000
0	7.999000	13.913043	240.000000	320.000000
0	8.031000	13.913043	240.000000	320.000000
0	8.062000	13.913043	240.000000	320.000000
0	8.093000	13.913043	240.000000	320.000000
0	8.124000	13.913043	240.000000	320.000000
0	8.171000	13.913043	240.000000	320.000000
0	8.202000	13.913043	240.000000	320.000000
0	8.233000	13.913043	240.000000	320.000000
0	8.265000	13.913043	240.000000	320.000000
0	8.296000	13.913043	240.000000	320.000000
0	8.327000	13.913043	240.000000	320.000000
0	8.358000	13.913043	240.000000	320.000000
0	8.389000	13.913043	240.000000	320.000000
0	8.436000	13.913043	240.000000	320.000000
0	8.467000	13.913043	240.000000	320.000000
0	8.499000	13.913043	240.000000	320.000000
0	8.530000	13.913043	240.000000	320.000000
0	8.561000	13.913043	240.000000	320.000000
0	8.592000	13.913043	240.000000	320.000000
0	8.623000	13.913043	240.000000	320.000000
0	8.670000	13.913043	240.000000	320.000000
0	8.701000	13.913043	240.000000	320.000000
0	8.733000	13.913043	240.000000	320.000000
0	8.764000	13.913043	240.000000	320.000000
0	8.795000	13.913043	240.000000	320.000000
0	8.826000	13.913043	240.000000	320.000000
0	8.857000	13.913043	240.000000	320.000000
0	8.904000	13.913043	240.000000	320.000000
0	8.935000	13.913043	240.000000	320.000000
0	8.967000	13.913043	240.000000	320.000000
0	8.998000	13.913043	240.000000	320.000000
0	9.029000	13.913043	240.000000	320.000000
0	9.060000	13.913043	240.000000	320.000000
0	9.091000	13.913043	240.000000	320.000000
0	9.123000	13.913043	240.000000	320.000000
0	9.169000	13.913043	240.000000	320.000000
0	9.201000	13.913043	240.000000	320.000000
0	9.232000	13.913043	240.000000	320.000000
0	9.263000	13.913043	240.000000	320.000000
0	9.294000	13.913043	240.000000	320.000000
0	9.325000	13.913043	240.000000	320.000000
0	9.357000	13.913043	240.000000	320.000000
0	9.403000	13.913043	240.000000	320.000000
0	9.435000	13.913043	240.000000	320.000000
0	9.466000	13.913043	240.000000	320.000000
0	9.497000	13.913043	240.000000	320.000000
0	9.528000	13.913043	240.000000	320.000000
0	9.559000	13.913043	240.000000	320.000000
0	9.591000	13.913043	240.000000	320.000000
0	9.637000	13.913043	240.000000	320.000000
0	9.669000	13.913043	240.000000	320.000000
0	9.700000	13.913043	240.000000	320.000000
0	9.731000	13.913043	240.000000	320.000000
0	9.762000	13.913043	240.000000	320.000000
0	9.793000	13.913043	240.000000	320.000000
0	9.825000	13.913043	240.000000	320.000000
0	9.856000	13.913043	240.000000	320.000000
0	9.903000	13.913043	240.000000	320.000000
0	9.934000	13.913043	240.000000	320.000000
0	9.965000	13.913043	240.000000	320.000000
0	9.996000	13.913043	240.000000	320.000000
0	10.027000	13.913043	240.000000	320.000000
0	10.059000	13.913043	240.000000	320.000000
0	10.090000	13.913043	240.000000	320.000000
0	10.121000	13.913043	240.000000	320.000000
0	10.168000	13.913043	240.000000	320.000000
0	10.199000	13.913043	240.000000	320.000000
0	10.230000	13.913043	240.000000	320.000000
0	10.261000	13.913043	240.000000	320.000000
0	10.293000	13.913043	240.000000	320.000000
0	10.324000	13.913043	240.000000	320.000000
0	10.355000	13.913043	240.000000	320.000000
0	10.402000	13.913043	240.000000	320.000000
0	10.433000	13.913043	240.000000	320.000000
0	10.464000	13.913043	240.000000	320.000000
0	10.495000	13.913043	240.000000	320.000000
0	10.527000	13.913043	240.000000	320.000000
0	10.558000	13.913043	240.000000	320.000000
0	10.589000	13.913043	240.000000	320.000000
0	10.636000	13.913043	240.000000	320.000000
0	10.667000	13.913043	240.000000	320.000000
0	10.698000	13.913043	240.000000	320.000000
0	10.729000	13.913043	240.000000	320.000000
0	10.761000	13.913043	240.000000	320.000000
0	10.792000	13.913043	240.000000	320.000000
0	10.823000	13.913043	240.000000	320.000000
0	10.854000	13.913043	240.000000	320.000000
0	10.901000	13.913043	240.000000	320.000000
0	10.932000	13.913043	240.000000	320.000000
0	10.963000	13.913043	240.000000	320.000000
0	10.995000	13.913043	240.000000	320.000000
0	11.026000	13.913043	240.000000	320.000000
0	11.057000	13.913043	240.000000	320.000000
0	11.088000	13.913043	240.000000	320.000000
0	11.135000	13.913043	240.000000	320.000000
0	11.166000	13.913043	240.000000	320.000000
0	11.197000	13.913043	240.000000	320.000000
0	11.229000	13.913043	240.000000	320.000000
0	11.260000	13.913043	240.000000	320.000000
0	11.291000	13.913043	240.000000	320.000000
0	11.322000	13.913043	240.000000	320.000000
0	11.369000	13.913043	240.000000	320.000000
0	11.400000	13.913043	240.000000	320.000000
0	11.431000	13.913043	240.000000	320.000000
0	11.463000	13.913043	240.000000	320.000000
0	11.494000	13.913043	240.000000	320.000000
0	11.525000	13.913043	240.000000	320.000000
0	11.556000	13.913043	240.000000	320.000000
0	11.587000	13.913043	240.000000	320.000000
0	11.634000	13.913043	240.000000	320.000000
0	11.665000	13.913043	240.000000	320.000000
0	11.697000	13.913043	240.000000	320.000000
0	11.728000	13.913043	240.000000	320.000000
0	11.759000	13.913043	240.000000	320.000000
0	11.790000	13.913043	240.000000	320.000000
0	11.821000	13.913043	240.000000	320.000000
0	11.868000	13.913043	240.000000	320.000000
0	11.899000	13.913043	240.000000	320.000000
0	11.931000	13.913043	240.000000	320.000000
0	11.962000	13.913043	240.000000	320.000000
0	11.993000	13.913043	240.000000	320.000000
0	12.024000	13.913043	240.000000	320.000000
0	12.055000	13.913043	240.000000	320.000000
0	12.102000	13.913043	240.000000	320.000000
0	12.133000	13.913043	240.000000	320.000000
0	12.165000	13.913043	240.000000	320.000000
0	12.196000	13.913043	240.000000	320.000000
0	12.227000	13.913043	240.000000	320.000000
0	12.258000	13.913043	240.000000	320.000000
0	12.289000	13.913043	240.000000	320.000000
0	12.321000	13.913043	240.000000	320.000000
0	12.367000	13.913043	240.000000	320.000000
0	12.399000	13.913043	240.000000	320.000000
0	12.430000	13.913043	240.000000	320.000000
0	12.461000	13.913043	240.000000	320.000000
0	12.492000	13.913043	240.000000	320.000000
0	12.523000	13.913043	240.000000	320.000000
0	12.555000	13.913043	240.000000	320.000000
0	12.601000	13.913043	240.000000	320.000000
0	12.633000	13.913043	240.000000	320.000000
0	12.664000	13.913043	240.000000	320.000000
0	12.695000	13.913043	240.000000	320.000000
0	12.726000	13.913043	240.000000	320.000000
0	12.757000	13.913043	240.000000	320.000000
0	12.789000	13.913043	240.000000	320.000000
0	12.835000	13.913043	240.000000	320.000000
0	12.867000	13.913043	240.000000	320.000000
0	12.898000	13.913043	240.000000	320.000000
0	12.929000	13.913043	240.000000	320.000000
0	12.960000	13.913043	240.000000	320.000000
0	12.991000	13.913043	240.000000	320.000000
0	13.023000	13.913043	240.000000	320.000000
0	13.054000	13.913043	240.000000	320.000000
0	13.101000	13.913043	240.000000	320.000000
0	13.132000	13.913043	240.000000	320.000000
0	13.163000	13.913043	240.000000	320.000000
0	13.194000	13.913043	240.000000	320.000000
0	13.225000	13.913043	240.000000	320.000000
0	13.257000	13.913043	240.000000	320.000000
0	13.288000	13.913043	240.000000	320.000000
0	13.335000	13.913043	240.000000	320.000000
0	13.366000	13.913043	240.000000	320.000000
0	13.397000	13.913043	240.000000	320.000000
0	13.428000	13.913043	240.000000	320.000000
0	13.459000	13.913043	240.000000	320.000000
0	13.491000	13.913043	240.000000	320.000000
0	13.522000	13.913043	240.000000	320.000000
0	13.569000	13.913043	240.000000	320.000000
0	13.600000	13.913043	240.000000	320.000000
0	13.631000	13.913043	240.000000	320.000000
0	13.662000	13.913043	240.000000	320.000000
0	13.693000	13.913043	240.000000	320.000000
0	13.725000	13.913043	240.000000	320.000000
0	13.756000	13.913043	240.000000	320.000000
0	13.787000	13.913043	240.000000	320.000000
0	13.834000	13.913043	240.000000	320.000000
0	13.865000	13.913043	240.000000	320.000000
0	13.896000	13.913043	240.000000	320.000000
0	13.927000	13.913043	240.000000	320.000000
0	13.959000	13.913043	240.000000	320.000000
0	13.990000	13.913043	240.000000	320.000000
0	14.021000	13.913043	240.000000	320.000000
0	14.068000	13.913043	240.000000	320.000000
0	14.099000	13.913043	240.000000	320.000000
0	14.130000	13.913043	240.000000	320.000000
0	14.161000	13.913043	240.000000	320.000000
0	14.193000	13.913043	240.000000	320.000000
0	14.224000	13.913043	240.000000	320.000000
0	14.255000	13.913043	240.000000	320.000000
0	14.286000	13.913043	240.000000	320.000000
0	14.333000	13.913043	240.000000	320.000000
0	14.364000	13.913043	240.000000	320.000000
0	14.395000	13.913043	240.000000	320.000000
0	14.427000	13.913043	240.000000	320.000000
0	14.458000	13.913043	240.000000	320.000000
0	14.489000	13.913043	240.000000	320.000000
0	14.520000	13.913043	240.000000	320.000000
0	14.567000	13.913043	240.000000	320.000000
0	14.598000	13.913043	240.000000	320.000000
0	14.629000	13.913043	240.000000	320.000000
0	14.661000	13.913043	240.000000	320.000000
0	14.692000	13.913043	240.000000	320.000000
0	14.723000	13.913043	240.000000	320.000000
0	14.754000	13.913043	240.000000	320.000000
0	14.785000	13.913043	240.000000	320.000000
0	14.832000	13.913043	240.000000	320.000000
0	14.863000	13.913043	240.000000	320.000000
0	14.895000	13.913043	240.000000	320.000000
0	14.926000	13.913043	240.000000	320.000000
0	14.957000	13.913043	240.000000	320.000000
0	14.988000	13.913043	240.000000	320.000000
0	15.019000	13.913043	240.000000	320.000000
0	15.066000	13.913043	240.000000	320.000000
0	15.097000	13.913043	240.000000	320.000000
0	15.129000	13.913043	240.000000	320.000000
0	15.160000	13.913043	240.000000	320.000000
0	15.191000	13.913043	240.000000	320.000000
0	15.222000	13.913043	240.000000	320.000000
0	15.253000	13.913043	240.000000	320.000000
0	15.300000	13.913043	240.000000	320.000000
0	15.331000	13.913043	240.000000	320.000000
0	15.363000	13.913043	240.000000	320.000000
0	15.394000	13.913043	240.000000	320.000000
0	15.425000	13.913043	240.000000	320.000000
0	15.456000	13.913043	240.000000	320.000000
0	15.487000	13.913043	240.000000	320.000000
0	15.519000	13.913043	240.000000	320.000000
0	15.565000	13.913043	240.000000	320.000000
0	15.597000	13.913043	240.000000	320.000000
0	15.628000	13.913043	240.000000	320.000000
0	15.659000	13.913043	240.000000	320.000000
0	15.690000	13.913043	240.000000	320.000000
0	15.721000	13.913043	240.000000	320.000000
0	15.753000	13.913043	240.000000	320.000000
0	15.799000	13.913043	240.000000	320.000000
0	15.831000	13.913043	240.000000	320.000000
0	15.862000	13.913043	240.000000	320.000000
0	15.893000	13.913043	240.000000	320.000000
0	15.924000	13.913043	240.000000	320.000000
0	15.955000	13.913043	240.000000	320.000000
0	15.987000	13.913043	240.000000	320.000000
0	16.033000	13.913043	240.000000	320.000000
0	16.065000	13.913043	240.000000	320.000000
0	16.096000	13.913043	240.000000	320.000000
0	16.127000	13.913043	240.000000	320.000000
0	16.158000	13.913043	240.000000	320.000000
0	16.189000	13.913043	240.000000	320.000000
0	16.221000	13.913043	240.000000	320.000000
0	16.252000	13.913043	240.000000	320.000000
0	16.299000	13.913043	240.000000	320.000000
0	16.330000	13.913043	240.000000	320.000000
0	16.361000	13.913043	240.000000	320.000000
0	16.392000	13.913043	240.000000	320.000000
0	16.423000	13.913043	240.000000	320.000000
0	16.455000	13.913043	240.000000	320.000000
0	16.486000	13.913043	240.000000	320.000000
0	16.533000	13.913043	240.000000	320.000000
0	16.564000	13.913043	240.000000	320.000000
0	16.595000	13.913043	240.000000	320.000000
0	16.626000	13.913043	240.000000	320.000000
0	16.657000	13.913043	240.000000	320.000000
0	16.689000	13.913043	240.000000	320.000000
0	16.720000	13.913043	240.000000	320.000000
0	16.767000	13.913043	240.000000	320.000000
0	16.798000	13.913043	240.000000	320.000000
0	16.829000	13.913043	240.000000	320.000000
0	16.860000	13.913043	240.000000	320.000000
0	16.891000	13.913043	240.000000	320.000000
0	16.923000	13.913043	240.000000	320.000000
0	16.954000	13.913043	240.000000	320.000000
0	16.985000	13.913043	240.000000	320.000000
0	17.032000	13.913043	240.000000	320.000000
0	17.063000	13.913043	240.000000	320.000000
0	17.094000	13.913043	240.000000	320.000000
0	17.125000	13.913043	240.000000	320.000000
0	17.157000	13.913043	240.000000	320.000000
0	17.188000	13.913043	240.000000	320.000000
0	17.219000	13.913043	240.000000	320.000000
0	17.266000	13.913043	240.000000	320.000000
0	17.297000	13.913043	240.000000	320.000000
0	17.328000	13.913043	240.000000	320.000000
0	17.359000	13.913043	240.000000	320.000000
0	17.391000	13.913043	240.000000	320.000000
0	17.422000	13.913043	240.000000	320.000000
0	17.453000	13.913043	240.000000	320.000000
0	17.500000	13.913043	240.000000	320.000000
0	17.531000	13.913043	240.000000	320.000000
0	17.562000	13.913043	240.000000	320.000000
0	17.593000	13.913043	240.000000	320.000000
0	17.625000	13.913043	240.000000	320.000000
0	17.656000	13.913043	240.000000	320.000000
0	17.687000	13.913043	240.000000	320.000000
0	17.718000	13.913043	240.000000	320.000000
0	17.765000	13.913043	240.000000	320.000000
0	17.796000	13.913043	240.000000	320.000000
0	17.827000	13.913043	240.000000	320.000000
0	17.859000	13.913043	240.000000	320.000000
0	17.890000	13.913043	240.000000	320.000000
0	17.921000	13.913043	240.000000	320.000000
0	17.952000	13.913043	240.000000	320.000000
0	17.999000	13.913043	240.000000	320.000000
<\LEFT-PUPIL-DATA>
<RIGHT-PUPIL-ANALYSIS>
1
0	0	17	542	0	0	0.510000	17.518000	0.509000	99.710426	0.000000	0.000000	0.000000	0	1	1	1	1	0	0	0	0.000000	0.000000	0.000000	0.000000	0.000000	0.000000	0.000000	-1.000000	0.000000	1	1.303217	0.892116	1.334700	0.625326	0.266000	-0.516459	-1.390171	-1.000000	0.123702	1	1.303217	0.892116	1.334700	0.625326	0.266000	-0.515948	-1.390168	-1.000000	0.123702
<\RIGHT-PUPIL-ANALYSIS>
<LEFT-PUPIL-ANALYSIS>
1
0	0	18	542	0	0	0.510000	17.518000	0.509000	99.710426	0.000000	0.000000	0.000000	0	1	1	1	1	0	0	0	0.000000	0.000000	0.000000	0.000000	0.000000	0.000000	0.000000	-1.000000	0.000000	0	-0.034783	-0.034783	0.000950	0.000950	0.017000	0.000000	0.000000	-1.000000	0.000000	1	-0.034783	-0.034783	0.000950	0.000950	0.017000	-1000000.000000	-1000000.000000	-1.000000	0.000000
<\LEFT-PUPIL-ANALYSIS>
%%%%%%%%%
%%%%%%%%%
%%%%%%%%%
%%%	Measurement Tiime is: 2017-09-05 10:05:25
%%%	Subject ID is: c57-1mois-M1-2r
%%%	Note: 
%%%	RSS: Default Human Relative Spectral Sensitivity
%%%	Pupil Analysis:
%%%
%%%
%%%
%%%	Pulse Index:	0
%%%	Stimulus Session Index:	0
%%%	Right Pupil Stimulated
%%%	Light Metric is Photopic
%%%	Stimulus Start Time(sec):	0.51
%%%	Stimulus Duration(sec):	17.52
%%%	Stimulus Pulse Duration(sec):	0.51
%%%	Right Pulse:	99.71	(Red  )	-	0.00	(Red  )	[Lux ]
%%%	Left Pulse:	0.00	(Red  )	-	0.00	(Red  )	[Lux ]
%%%
%%%		RIGHT	LEFT	R.Pupil Mean	L.Pupil Mean	R.Stim Mean	R.Stim Mean
%%%	INPUT:	RAW DATA	RAW DATA
%%%	STATE:	ABNORMAL	ABNORMAL	ABNORMAL	ABNORMAL	ABNORMAL	ABNORMAL
%%%	MAX(mm):	0.00	0.00	0.00	0.00	0.00	0.00
%%%	MIN(mm):	0.00	0.00	0.00	0.00	0.00	0.00
%%%	DELTA(mm):						
%%%	CH(%):						
%%%	LAT(sec):	0.00	0.00	0.00	0.00	0.00	0.00
%%%	CV(mm/s):	0.00	0.00	0.00	0.00	0.00	0.00
%%%	MCV(mm/s):	0.00	0.00	0.00	0.00	0.00	0.00
%%%	DV(mm/s):	0.00	0.00	0.00	0.00	0.00	0.00
%%%%%%%%%
%%%%%%%%%
%%%%%%%%%
%%%	Right Pupil Profile (1st row -> 1 == valid tracking, 0 == invalid tracking; 2nd row -> time; 3rd row -> diameter (mm))
%%%	1	1	1	1	1	1	1	1	1	1	1	1	1	1	1	1	1	1	1	1	1	1	1	1	1	1	1	1	1	1	1	1	0	1	1	1	1	0	1	1	1	1	1	1	1	0	1	1	1	1	1	1	1	1	1	0	0	1	1	1	1	1	1	1	1	0	1	1	1	1	1	1	1	1	0	1	1	1	1	1	1	0	1	1	1	1	1	1	1	1	0	1	1	0	1	1	1	1	1	1	1	1	1	1	1	0	0	1	1	1	1	1	1	1	1	1	0	1	1	1	1	1	1	1	0	1	1	1	1	1	0	1	1	1	1	1	1	1	1	1	1	1	1	1	1	1	1	1	1	1	1	1	0	1	1	1	1	1	1	1	1	1	1	1	1	1	1	1	1	1	1	1	1	1	1	1	0	1	1	1	1	0	1	1	1	1	0	1	1	1	1	1	1	0	1	1	1	1	1	1	1	0	1	1	1	1	1	1	1	1	1	1	1	1	1	1	1	1	1	1	0	1	0	1	1	1	1	1	1	1	1	1	1	1	1	1	0	1	0	1	0	1	1	1	1	1	1	1	0	0	1	1	1	0	0	1	1	1	0	1	1	1	1	0	0	0	1	0	0	1	1	0	0	1	0	0	1	0	1	1	1	1	1	1	1	0	1	1	1	1	1	1	1	1	1	1	1	0	1	1	1	1	1	0	1	1	1	1	1	1	1	1	1	1	1	0	0	1	1	0	1	1	1	1	0	1	1	1	0	1	1	1	1	1	0	1	1	1	1	1	1	1	1	1	1	1	1	1	1	1	1	1	0	1	1	1	1	1	1	1	1	1	1	1	0	0	1	1	1	1	1	1	1	0	1	1	1	1	1	1	1	1	1	1	1	1	1	1	1	1	1	0	0	1	1	1	1	1	1	1	1	1	1	1	1	1	1	1	0	1	1	1	0	1	1	0	1	1	1	1	1	1	1	1	1	0	1	1	1	0	1	0	1	1	1	1	1	1	1	1	1	1	1	1	1	1	1	1	1	1	1	1	1	1	1	1	1	1	1	1	0	0	1	1	1	1	0	1	1	1	1	1	1	1	1	1	0	1	1	1	1	1	0	1	1	1	1	1	1	1	1	1	1	1	0	1	1	1	1	1	1	1	1	1	1	1	1	1	1	1	1	1	1	1	1	1	1	1	1	1	1	1	1	1	1	1	0	1	1	1	1	1	1	1	1	1	1	1	0	1	0	1	1
%%%	-0.050000	-0.019000	0.012000	0.043000	0.074000	0.106000	0.137000	0.184000	0.215000	0.246000	0.277000	0.308000	0.340000	0.371000	0.418000	0.449000	0.480000	0.511000	0.542000	0.574000	0.605000	0.636000	0.683000	0.714000	0.745000	0.776000	0.808000	0.839000	0.870000	0.917000	0.948000	0.979000	1.010000	1.042000	1.073000	1.104000	1.151000	1.182000	1.213000	1.244000	1.276000	1.307000	1.338000	1.369000	1.416000	1.447000	1.478000	1.510000	1.541000	1.572000	1.603000	1.634000	1.681000	1.712000	1.744000	1.775000	1.806000	1.837000	1.868000	1.915000	1.946000	1.978000	2.009000	2.040000	2.071000	2.102000	2.149000	2.180000	2.212000	2.243000	2.274000	2.305000	2.336000	2.368000	2.414000	2.446000	2.477000	2.508000	2.539000	2.570000	2.602000	2.648000	2.680000	2.711000	2.742000	2.773000	2.804000	2.836000	2.882000	2.914000	2.945000	2.976000	3.007000	3.038000	3.070000	3.101000	3.148000	3.179000	3.210000	3.241000	3.272000	3.304000	3.335000	3.382000	3.413000	3.444000	3.475000	3.506000	3.538000	3.569000	3.616000	3.647000	3.678000	3.709000	3.740000	3.772000	3.803000	3.834000	3.881000	3.912000	3.943000	3.974000	4.006000	4.037000	4.068000	4.115000	4.146000	4.177000	4.208000	4.240000	4.271000	4.302000	4.349000	4.380000	4.411000	4.443000	4.474000	4.505000	4.536000	4.567000	4.614000	4.645000	4.677000	4.708000	4.739000	4.770000	4.801000	4.848000	4.879000	4.911000	4.942000	4.973000	5.004000	5.035000	5.082000	5.113000	5.145000	5.176000	5.207000	5.238000	5.269000	5.301000	5.347000	5.379000	5.410000	5.441000	5.472000	5.503000	5.535000	5.566000	5.613000	5.644000	5.675000	5.706000	5.737000	5.769000	5.800000	5.847000	5.878000	5.909000	5.940000	5.971000	6.003000	6.034000	6.081000	6.112000	6.143000	6.174000	6.205000	6.237000	6.268000	6.299000	6.346000	6.377000	6.408000	6.439000	6.471000	6.502000	6.533000	6.580000	6.611000	6.642000	6.673000	6.705000	6.736000	6.767000	6.814000	6.845000	6.876000	6.907000	6.939000	6.970000	7.001000	7.032000	7.079000	7.110000	7.141000	7.173000	7.204000	7.235000	7.266000	7.313000	7.344000	7.375000	7.407000	7.438000	7.469000	7.500000	7.547000	7.578000	7.609000	7.641000	7.672000	7.703000	7.734000	7.765000	7.812000	7.843000	7.875000	7.906000	7.937000	7.968000	7.999000	8.046000	8.077000	8.109000	8.140000	8.171000	8.202000	8.233000	8.280000	8.311000	8.343000	8.374000	8.405000	8.436000	8.467000	8.499000	8.545000	8.577000	8.608000	8.639000	8.670000	8.701000	8.733000	8.779000	8.811000	8.842000	8.873000	8.904000	8.935000	8.967000	9.013000	9.045000	9.076000	9.107000	9.138000	9.169000	9.201000	9.232000	9.279000	9.310000	9.341000	9.372000	9.403000	9.435000	9.466000	9.513000	9.544000	9.575000	9.606000	9.637000	9.669000	9.700000	9.731000	9.778000	9.809000	9.840000	9.871000	9.903000	9.934000	9.965000	10.012000	10.043000	10.074000	10.105000	10.137000	10.168000	10.199000	10.246000	10.277000	10.308000	10.339000	10.371000	10.402000	10.433000	10.464000	10.511000	10.542000	10.573000	10.605000	10.636000	10.667000	10.698000	10.745000	10.776000	10.807000	10.839000	10.870000	10.901000	10.932000	10.963000	11.010000	11.041000	11.073000	11.104000	11.135000	11.166000	11.197000	11.244000	11.275000	11.307000	11.338000	11.369000	11.400000	11.431000	11.478000	11.509000	11.541000	11.572000	11.603000	11.634000	11.665000	11.697000	11.743000	11.775000	11.806000	11.837000	11.868000	11.899000	11.931000	11.977000	12.009000	12.040000	12.071000	12.102000	12.133000	12.165000	12.211000	12.243000	12.274000	12.305000	12.336000	12.367000	12.399000	12.430000	12.477000	12.508000	12.539000	12.570000	12.601000	12.633000	12.664000	12.711000	12.742000	12.773000	12.804000	12.835000	12.867000	12.898000	12.945000	12.976000	13.007000	13.038000	13.069000	13.101000	13.132000	13.163000	13.210000	13.241000	13.272000	13.303000	13.335000	13.366000	13.397000	13.444000	13.475000	13.506000	13.537000	13.569000	13.600000	13.631000	13.662000	13.709000	13.740000	13.771000	13.803000	13.834000	13.865000	13.896000	13.943000	13.974000	14.005000	14.037000	14.068000	14.099000	14.130000	14.177000	14.208000	14.239000	14.271000	14.302000	14.333000	14.364000	14.395000	14.442000	14.473000	14.505000	14.536000	14.567000	14.598000	14.629000	14.676000	14.707000	14.739000	14.770000	14.801000	14.832000	14.863000	14.910000	14.941000	14.973000	15.004000	15.035000	15.066000	15.097000	15.129000	15.175000	15.207000	15.238000	15.269000	15.300000	15.331000	15.363000	15.409000	15.441000	15.472000	15.503000	15.534000	15.565000	15.597000	15.643000	15.675000	15.706000	15.737000	15.768000	15.799000	15.831000	15.862000	15.909000	15.940000	15.971000	16.002000	16.033000	16.065000	16.096000	16.143000	16.174000	16.205000	16.236000	16.267000	16.299000	16.330000	16.361000	16.408000	16.439000	16.470000	16.501000	16.533000	16.564000	16.595000	16.642000	16.673000	16.704000	16.735000	16.767000	16.798000	16.829000	16.876000	16.907000	16.938000	16.969000	17.001000	17.032000	17.063000	17.094000	17.141000	17.172000	17.203000	17.235000	17.266000	17.297000	17.328000	17.375000	17.406000	17.437000	17.469000	17.500000	17.531000	17.562000	17.593000	17.640000	17.671000	17.703000	17.734000	17.765000	17.796000	17.827000	17.874000	17.905000	17.937000	17.968000	17.999000
%%%	1.224493	1.217391	1.252754	1.202754	1.263768	1.263768	1.266667	1.223044	1.270145	1.217391	1.309855	1.286957	1.286957	1.286957	1.287246	1.272899	1.278841	1.286232	1.217391	1.286957	1.233188	1.286957	1.286957	1.359710	1.286957	1.263768	1.296377	1.309275	1.212029	1.192029	1.124638	1.115217	1.101449	1.053333	1.062464	0.985507	1.005797	1.280435	1.031884	0.973913	0.921739	0.939130	0.990145	0.924638	0.901884	0.866377	0.917971	0.905797	0.896232	0.884203	0.912464	0.861884	0.939130	0.911449	0.921739	0.910290	0.934783	0.950725	0.939130	1.014203	0.953188	0.973913	0.994058	0.972319	1.008696	0.992029	1.010145	1.026087	1.008696	1.000725	1.028841	1.055072	1.018985	1.008696	1.449275	1.044493	1.008841	1.081449	1.042754	1.008841	1.008696	1.194203	1.091884	1.079275	1.008696	1.114927	1.061884	1.066667	1.055072	1.117246	1.286957	1.081015	1.078841	1.089855	1.081015	1.098551	1.104348	1.114638	1.113043	1.141449	1.079420	1.081015	1.096812	1.124638	1.110145	1.079855	1.130290	1.096667	1.089855	1.047971	1.124638	1.113043	1.100725	1.082754	1.101449	1.061884	1.048406	1.078261	1.132754	1.136232	1.194203	1.094928	1.111449	1.081015	1.194203	1.139420	1.104928	1.089855	1.079275	1.130580	1.101449	1.086812	1.114058	1.085942	1.066812	1.113768	1.055072	1.084058	1.077246	1.087536	1.107246	1.114638	1.090725	1.107536	1.136667	1.107536	1.132754	1.132754	1.101449	1.153623	1.122319	1.132029	1.077536	1.109275	1.101449	1.113623	1.101449	1.123333	1.131014	1.124638	1.101449	1.128406	1.131594	1.211449	1.101449	1.101449	1.177536	1.131594	1.194203	1.240145	1.147246	1.151160	1.102029	1.174493	1.113043	1.115072	1.101449	1.142029	1.201449	1.146667	1.171015	1.321739	1.162899	1.203188	1.159275	1.185362	1.101449	1.139130	1.212464	1.201594	1.147826	1.157246	1.158116	1.181594	1.217971	1.217971	1.185362	1.198840	1.171159	1.190580	1.135942	1.194203	1.203188	1.217391	1.101449	1.147826	1.165217	1.181594	1.152754	1.182029	1.162319	1.166232	1.194203	1.131449	1.235942	1.155362	1.150580	1.203333	1.223188	1.159855	1.203623	1.161884	1.194058	1.101449	1.217391	1.152899	1.217391	1.217391	1.185797	1.237971	1.194203	1.185362	1.223188	1.194638	1.194638	1.203768	1.231884	1.188551	1.101449	1.201160	1.198840	1.229710	1.135362	1.192464	1.225073	1.220290	1.146812	1.150580	1.124638	1.194203	1.171015	1.170725	1.229275	1.079420	1.146667	1.137971	1.148551	1.205942	1.124638	1.194203	1.182609	1.234783	1.220145	1.240580	1.147971	1.166667	1.253768	1.228261	1.217391	1.197246	1.165942	1.194203	1.222899	1.194058	1.172464	1.217391	1.238551	1.533768	1.194638	1.147826	1.228985	1.249855	1.236232	1.226232	1.194203	1.585362	1.212029	1.278116	1.220580	1.194203	1.237536	1.235942	1.220725	1.202754	1.217391	1.211594	1.229275	1.238551	1.217391	1.220145	1.229855	1.221884	1.205073	1.101449	1.249420	1.203333	1.182609	1.101449	1.224493	1.220725	1.248986	1.228841	1.209275	1.181449	1.237536	1.101449	1.201594	1.201160	1.240580	1.194203	1.229420	1.170580	1.286957	1.208116	1.185797	1.231159	1.206522	1.222174	1.258116	1.286957	1.217391	1.259710	1.186377	1.239855	1.101449	1.191884	1.221159	1.251594	1.215797	1.229420	1.286957	1.269710	1.242319	1.169565	1.235942	1.224927	1.240580	1.252754	1.220725	1.235507	1.224927	1.246667	1.286957	1.228985	1.187681	1.168551	1.240290	1.238551	1.252174	1.238551	1.206377	1.288986	1.226087	1.270725	1.426087	1.253188	1.218406	1.286957	1.310145	1.286957	1.238986	1.252174	1.236812	1.313188	1.258116	1.220145	1.298551	1.291884	1.223188	1.216232	1.147826	1.286957	1.201014	1.221159	1.228841	1.217391	1.228985	1.217536	1.172754	1.234783	1.216812	1.433768	1.176667	1.211449	1.231159	1.217391	1.229420	1.165217	1.225507	1.243478	1.239710	1.196232	1.268986	1.246812	1.235362	1.252174	1.252174	1.252754	1.281594	1.251594	1.266667	1.295072	1.286957	1.304348	1.329275	1.722464	1.275362	1.272899	1.286957	1.286957	1.327536	1.286957	1.325362	1.291884	1.310145	1.657971	1.302899	1.286957	1.292754	1.340290	1.327246	1.286957	1.344928	1.326667	1.286377	1.286957	1.298406	1.304348	1.285942	1.364493	1.326667	1.328986	1.286957	1.328985	1.344058	1.286957	1.286957	1.263768	1.310145	1.333333	1.327681	1.286957	1.321739	1.322319	1.320580	1.321739	1.324927	1.375942	1.304348	1.298551	1.217681	1.286957	1.299275	1.321739	1.344638	1.286957	1.309855	1.298551	1.325073	1.292464	1.290290	1.310145	1.286957	1.286957	1.286957	1.331159	1.328406	1.263768	1.344638	1.322899	1.294058	1.310145	1.286957	1.310145	1.286957	1.331449	1.326667	1.333333	1.321739	1.530435	1.344058	1.260725	1.344058	1.286957	1.322319	1.283768	1.321739	1.335507	1.314203	1.331449	1.287681	1.304928	1.333768	1.286957	1.328841	1.309275	1.337971	1.298551	1.288116	1.309710	1.324058	1.323913	1.356522	1.345072	1.310145	1.333333	1.286957	1.286957	1.315797	1.310145	1.318986	1.286957	1.286957	1.344493	1.286957	1.294638	1.286957	1.330725	1.291884	1.306667	1.298551	1.321739	1.304928	1.286957	1.286957	1.322899	1.326812	1.286957	1.252174	1.311449	1.309855	1.273333	1.310290
%%%	Left Pupil Profile (1st row -> 1 == valid tracking, 0 == invalid tracking; 2nd row -> time; 3rd row -> diameter (mm))
%%%	0	0	0	0	0	0	0	0	0	0	0	0	0	0	0	0	0	0	0	0	0	0	0	0	0	0	0	0	0	0	0	0	0	0	0	0	0	0	0	0	0	0	0	0	0	0	0	0	0	0	0	0	0	0	0	0	0	0	0	0	0	0	0	0	0	0	0	0	0	0	0	0	0	0	0	0	0	0	0	0	0	0	0	0	0	0	0	0	0	0	0	0	0	0	0	0	0	0	0	0	0	0	0	0	0	0	0	0	0	0	0	0	0	0	0	0	0	0	0	0	0	0	0	0	0	0	0	0	0	0	0	0	0	0	0	0	0	0	0	0	0	0	0	0	0	0	0	0	0	0	0	0	0	0	0	0	0	0	0	0	0	0	0	0	0	0	0	0	0	0	0	0	0	0	0	0	0	0	0	0	0	0	0	0	0	0	0	0	0	0	0	0	0	0	0	0	0	0	0	0	0	0	0	0	0	0	0	0	0	0	0	0	0	0	0	0	0	0	0	0	0	0	0	0	0	0	0	0	0	0	0	0	0	0	0	0	0	0	0	0	0	0	0	0	0	0	0	0	0	0	0	0	0	0	0	0	0	0	0	0	0	0	0	0	0	0	0	0	0	0	0	0	0	0	0	0	0	0	0	0	0	0	0	0	0	0	0	0	0	0	0	0	0	0	0	0	0	0	0	0	0	0	0	0	0	0	0	0	0	0	0	0	0	0	0	0	0	0	0	0	0	0	0	0	0	0	0	0	0	0	0	0	0	0	0	0	0	0	0	0	0	0	0	0	0	0	0	0	0	0	0	0	0	0	0	0	0	0	0	0	0	0	0	0	0	0	0	0	0	0	0	0	0	0	0	0	0	0	0	0	0	0	0	0	0	0	0	0	0	0	0	0	0	0	0	0	0	0	0	0	0	0	0	0	0	0	0	0	0	0	0	0	0	0	0	0	0	0	0	0	0	0	0	0	0	0	0	0	0	0	0	0	0	0	0	0	0	0	0	0	0	0	0	0	0	0	0	0	0	0	0	0	0	0	0	0	0	0	0	0	0	0	0	0	0	0	0	0	0	0	0	0	0	0	0	0	0	0	0	0	0	0	0	0	0	0	0	0	0	0	0	0	0	0	0	0	0	0	0	0	0	0	0	0	0	0	0	0	0	0	0	0	0	0	0	0	0	0	0	0	0	0	0	0	0	0	0	0	0	0	0	0	0	0	0	0	0	0	0	0	0	0	0
%%%	-0.066000	-0.035000	-0.004000	0.028000	0.074000	0.106000	0.137000	0.168000	0.199000	0.230000	0.262000	0.308000	0.340000	0.371000	0.402000	0.433000	0.464000	0.496000	0.527000	0.574000	0.605000	0.636000	0.667000	0.698000	0.730000	0.761000	0.808000	0.839000	0.870000	0.901000	0.932000	0.964000	0.995000	1.042000	1.073000	1.104000	1.135000	1.166000	1.198000	1.229000	1.260000	1.307000	1.338000	1.369000	1.400000	1.432000	1.463000	1.494000	1.541000	1.572000	1.603000	1.634000	1.666000	1.697000	1.728000	1.775000	1.806000	1.837000	1.868000	1.900000	1.931000	1.962000	1.993000	2.040000	2.071000	2.102000	2.134000	2.165000	2.196000	2.227000	2.258000	2.305000	2.336000	2.368000	2.399000	2.430000	2.461000	2.492000	2.539000	2.570000	2.602000	2.633000	2.664000	2.695000	2.726000	2.773000	2.804000	2.836000	2.867000	2.898000	2.929000	2.960000	2.992000	3.038000	3.070000	3.101000	3.132000	3.163000	3.194000	3.226000	3.272000	3.304000	3.335000	3.366000	3.397000	3.428000	3.460000	3.506000	3.538000	3.569000	3.600000	3.631000	3.662000	3.694000	3.725000	3.772000	3.803000	3.834000	3.865000	3.896000	3.928000	3.959000	4.006000	4.037000	4.068000	4.099000	4.130000	4.162000	4.193000	4.240000	4.271000	4.302000	4.333000	4.365000	4.396000	4.427000	4.458000	4.505000	4.536000	4.567000	4.599000	4.630000	4.661000	4.692000	4.739000	4.770000	4.801000	4.833000	4.864000	4.895000	4.926000	4.973000	5.004000	5.035000	5.067000	5.098000	5.129000	5.160000	5.191000	5.238000	5.269000	5.301000	5.332000	5.363000	5.394000	5.425000	5.472000	5.503000	5.535000	5.566000	5.597000	5.628000	5.659000	5.706000	5.737000	5.769000	5.800000	5.831000	5.862000	5.893000	5.925000	5.971000	6.003000	6.034000	6.065000	6.096000	6.127000	6.159000	6.190000	6.237000	6.268000	6.299000	6.330000	6.361000	6.393000	6.424000	6.471000	6.502000	6.533000	6.564000	6.595000	6.627000	6.673000	6.705000	6.736000	6.767000	6.798000	6.829000	6.861000	6.892000	6.923000	6.970000	7.001000	7.032000	7.063000	7.095000	7.126000	7.157000	7.204000	7.235000	7.266000	7.297000	7.329000	7.360000	7.391000	7.438000	7.469000	7.500000	7.531000	7.563000	7.594000	7.625000	7.656000	7.703000	7.734000	7.765000	7.797000	7.828000	7.859000	7.890000	7.937000	7.968000	7.999000	8.031000	8.062000	8.093000	8.124000	8.171000	8.202000	8.233000	8.265000	8.296000	8.327000	8.358000	8.389000	8.436000	8.467000	8.499000	8.530000	8.561000	8.592000	8.623000	8.670000	8.701000	8.733000	8.764000	8.795000	8.826000	8.857000	8.904000	8.935000	8.967000	8.998000	9.029000	9.060000	9.091000	9.123000	9.169000	9.201000	9.232000	9.263000	9.294000	9.325000	9.357000	9.403000	9.435000	9.466000	9.497000	9.528000	9.559000	9.591000	9.637000	9.669000	9.700000	9.731000	9.762000	9.793000	9.825000	9.856000	9.903000	9.934000	9.965000	9.996000	10.027000	10.059000	10.090000	10.121000	10.168000	10.199000	10.230000	10.261000	10.293000	10.324000	10.355000	10.402000	10.433000	10.464000	10.495000	10.527000	10.558000	10.589000	10.636000	10.667000	10.698000	10.729000	10.761000	10.792000	10.823000	10.854000	10.901000	10.932000	10.963000	10.995000	11.026000	11.057000	11.088000	11.135000	11.166000	11.197000	11.229000	11.260000	11.291000	11.322000	11.369000	11.400000	11.431000	11.463000	11.494000	11.525000	11.556000	11.587000	11.634000	11.665000	11.697000	11.728000	11.759000	11.790000	11.821000	11.868000	11.899000	11.931000	11.962000	11.993000	12.024000	12.055000	12.102000	12.133000	12.165000	12.196000	12.227000	12.258000	12.289000	12.321000	12.367000	12.399000	12.430000	12.461000	12.492000	12.523000	12.555000	12.601000	12.633000	12.664000	12.695000	12.726000	12.757000	12.789000	12.835000	12.867000	12.898000	12.929000	12.960000	12.991000	13.023000	13.054000	13.101000	13.132000	13.163000	13.194000	13.225000	13.257000	13.288000	13.335000	13.366000	13.397000	13.428000	13.459000	13.491000	13.522000	13.569000	13.600000	13.631000	13.662000	13.693000	13.725000	13.756000	13.787000	13.834000	13.865000	13.896000	13.927000	13.959000	13.990000	14.021000	14.068000	14.099000	14.130000	14.161000	14.193000	14.224000	14.255000	14.286000	14.333000	14.364000	14.395000	14.427000	14.458000	14.489000	14.520000	14.567000	14.598000	14.629000	14.661000	14.692000	14.723000	14.754000	14.785000	14.832000	14.863000	14.895000	14.926000	14.957000	14.988000	15.019000	15.066000	15.097000	15.129000	15.160000	15.191000	15.222000	15.253000	15.300000	15.331000	15.363000	15.394000	15.425000	15.456000	15.487000	15.519000	15.565000	15.597000	15.628000	15.659000	15.690000	15.721000	15.753000	15.799000	15.831000	15.862000	15.893000	15.924000	15.955000	15.987000	16.033000	16.065000	16.096000	16.127000	16.158000	16.189000	16.221000	16.252000	16.299000	16.330000	16.361000	16.392000	16.423000	16.455000	16.486000	16.533000	16.564000	16.595000	16.626000	16.657000	16.689000	16.720000	16.767000	16.798000	16.829000	16.860000	16.891000	16.923000	16.954000	16.985000	17.032000	17.063000	17.094000	17.125000	17.157000	17.188000	17.219000	17.266000	17.297000	17.328000	17.359000	17.391000	17.422000	17.453000	17.500000	17.531000	17.562000	17.593000	17.625000	17.656000	17.687000	17.718000	17.765000	17.796000	17.827000	17.859000	17.890000	17.921000	17.952000	17.999000
%%%	13.913043	13.913043	13.913043	13.913043	13.913043	13.913043	13.913043	13.913043	13.913043	13.913043	13.913043	13.913043	13.913043	13.913043	13.913043	13.913043	13.913043	13.913043	13.913043	13.913043	13.913043	13.913043	13.913043	13.913043	13.913043	13.913043	13.913043	13.913043	13.913043	13.913043	13.913043	13.913043	13.913043	13.913043	13.913043	13.913043	13.913043	13.913043	13.913043	13.913043	13.913043	13.913043	13.913043	13.913043	13.913043	13.913043	13.913043	13.913043	13.913043	13.913043	13.913043	13.913043	13.913043	13.913043	13.913043	13.913043	13.913043	13.913043	13.913043	13.913043	13.913043	13.913043	13.913043	13.913043	13.913043	13.913043	13.913043	13.913043	13.913043	13.913043	13.913043	13.913043	13.913043	13.913043	13.913043	13.913043	13.913043	13.913043	13.913043	13.913043	13.913043	13.913043	13.913043	13.913043	13.913043	13.913043	13.913043	13.913043	13.913043	13.913043	13.913043	13.913043	13.913043	13.913043	13.913043	13.913043	13.913043	13.913043	13.913043	13.913043	13.913043	13.913043	13.913043	13.913043	13.913043	13.913043	13.913043	13.913043	13.913043	13.913043	13.913043	13.913043	13.913043	13.913043	13.913043	13.913043	13.913043	13.913043	13.913043	13.913043	13.913043	13.913043	13.913043	13.913043	13.913043	13.913043	13.913043	13.913043	13.913043	13.913043	13.913043	13.913043	13.913043	13.913043	13.913043	13.913043	13.913043	13.913043	13.913043	13.913043	13.913043	13.913043	13.913043	13.913043	13.913043	13.913043	13.913043	13.913043	13.913043	13.913043	13.913043	13.913043	13.913043	13.913043	13.913043	13.913043	13.913043	13.913043	13.913043	13.913043	13.913043	13.913043	13.913043	13.913043	13.913043	13.913043	13.913043	13.913043	13.913043	13.913043	13.913043	13.913043	13.913043	13.913043	13.913043	13.913043	13.913043	13.913043	13.913043	13.913043	13.913043	13.913043	13.913043	13.913043	13.913043	13.913043	13.913043	13.913043	13.913043	13.913043	13.913043	13.913043	13.913043	13.913043	13.913043	13.913043	13.913043	13.913043	13.913043	13.913043	13.913043	13.913043	13.913043	13.913043	13.913043	13.913043	13.913043	13.913043	13.913043	13.913043	13.913043	13.913043	13.913043	13.913043	13.913043	13.913043	13.913043	13.913043	13.913043	13.913043	13.913043	13.913043	13.913043	13.913043	13.913043	13.913043	13.913043	13.913043	13.913043	13.913043	13.913043	13.913043	13.913043	13.913043	13.913043	13.913043	13.913043	13.913043	13.913043	13.913043	13.913043	13.913043	13.913043	13.913043	13.913043	13.913043	13.913043	13.913043	13.913043	13.913043	13.913043	13.913043	13.913043	13.913043	13.913043	13.913043	13.913043	13.913043	13.913043	13.913043	13.913043	13.913043	13.913043	13.913043	13.913043	13.913043	13.913043	13.913043	13.913043	13.913043	13.913043	13.913043	13.913043	13.913043	13.913043	13.913043	13.913043	13.913043	13.913043	13.913043	13.913043	13.913043	13.913043	13.913043	13.913043	13.913043	13.913043	13.913043	13.913043	13.913043	13.913043	13.913043	13.913043	13.913043	13.913043	13.913043	13.913043	13.913043	13.913043	13.913043	13.913043	13.913043	13.913043	13.913043	13.913043	13.913043	13.913043	13.913043	13.913043	13.913043	13.913043	13.913043	13.913043	13.913043	13.913043	13.913043	13.913043	13.913043	13.913043	13.913043	13.913043	13.913043	13.913043	13.913043	13.913043	13.913043	13.913043	13.913043	13.913043	13.913043	13.913043	13.913043	13.913043	13.913043	13.913043	13.913043	13.913043	13.913043	13.913043	13.913043	13.913043	13.913043	13.913043	13.913043	13.913043	13.913043	13.913043	13.913043	13.913043	13.913043	13.913043	13.913043	13.913043	13.913043	13.913043	13.913043	13.913043	13.913043	13.913043	13.913043	13.913043	13.913043	13.913043	13.913043	13.913043	13.913043	13.913043	13.913043	13.913043	13.913043	13.913043	13.913043	13.913043	13.913043	13.913043	13.913043	13.913043	13.913043	13.913043	13.913043	13.913043	13.913043	13.913043	13.913043	13.913043	13.913043	13.913043	13.913043	13.913043	13.913043	13.913043	13.913043	13.913043	13.913043	13.913043	13.913043	13.913043	13.913043	13.913043	13.913043	13.913043	13.913043	13.913043	13.913043	13.913043	13.913043	13.913043	13.913043	13.913043	13.913043	13.913043	13.913043	13.913043	13.913043	13.913043	13.913043	13.913043	13.913043	13.913043	13.913043	13.913043	13.913043	13.913043	13.913043	13.913043	13.913043	13.913043	13.913043	13.913043	13.913043	13.913043	13.913043	13.913043	13.913043	13.913043	13.913043	13.913043	13.913043	13.913043	13.913043	13.913043	13.913043	13.913043	13.913043	13.913043	13.913043	13.913043	13.913043	13.913043	13.913043	13.913043	13.913043	13.913043	13.913043	13.913043	13.913043	13.913043	13.913043	13.913043	13.913043	13.913043	13.913043	13.913043	13.913043	13.913043	13.913043	13.913043	13.913043	13.913043	13.913043	13.913043	13.913043	13.913043	13.913043	13.913043	13.913043	13.913043	13.913043	13.913043	13.913043	13.913043	13.913043	13.913043	13.913043	13.913043	13.913043	13.913043	13.913043	13.913043	13.913043	13.913043	13.913043	13.913043	13.913043	13.913043	13.913043	13.913043	13.913043	13.913043	13.913043	13.913043	13.913043	13.913043	13.913043	13.913043	13.913043	13.913043	13.913043	13.913043	13.913043	13.913043	13.913043	13.913043	13.913043	13.913043	13.913043	13.913043	13.913043	13.913043	13.913043	13.913043	13.913043	13.913043	13.913043	13.913043	13.913043	13.913043	13.913043	13.913043	13.913043	13.913043	13.913043	13.913043	13.913043	13.913043	13.913043	13.913043	13.913043	13.913043	13.913043	13.913043	13.913043	13.913043
%%%	Pulse Index	Stimulus Section Index	Stimulus Section Start Index	Stimulus Section End Index	Pupil Stimulated: 0 = Right, 1 = Left, 2 = Both	Light Metric: 0 = Photopic, 1 = Scopotic, 2 = Radiometric	Stimulus Start Time	Stimulus Duration	Stimulus Pulse Duration	Right Pulse Max Level	Right Pulse Max Color (0123 = WRGB)	Right Pulse Min Level	Right Pulse Min Color (0123 = WRGB)	Left Pulse Max Level	Left Pulse Max Color (0123 = WRGB)	Left Pulse Min Level	Left Pulse Min Color (0123 = WRGB)	Right Data Input Type (0 == RAW DATA, 1 == FITTED DATA, 2 == M. OVERRIDED)	Right ANALYSIS STATE (0 == ABNORMAL, 1 == NORMAL)	Right MAX (mm) (EMPTY if INVALID)	Right MIN (mm) (EMPTY if INVALID)	Right DELTA (mm) (EMPTY if INVALID)	Right CH (%) (EMPTY if INVALID)	Right LAT (sec) (EMPTY if INVALID)	Right CV (mm/s) (EMPTY if INVALID)	Right MCV (mm/s) (EMPTY if INVALID)	Right DV (mm/s) (EMPTY if INVALID)	Left Data Input Type (0 == RAW DATA, 1 == FITTED DATA, 2 == M. OVERRIDED)	Left ANALYSIS STATE (0 == ABNORMAL, 1 == NORMAL)	Left MAX (mm) (EMPTY if INVALID)	Left MIN (mm) (EMPTY if INVALID)	Left DELTA (mm) (EMPTY if INVALID)	Left CH (%) (EMPTY if INVALID)	Left LAT (sec) (EMPTY if INVALID)	Left CV (mm/s) (EMPTY if INVALID)	Left MCV (mm/s) (EMPTY if INVALID)	Left DV (mm/s) (EMPTY if INVALID)
%%%	0	0	17	542	0	0	0.51	17.52	0.51	99.71	1	0.00	1	0.00	1	0.00	1	0	0	0.00	0.00			0.00	0.00	0.00	0.00	0	0	0.00	0.00			0.00	0.00	0.00	0.00
%%%%%%%%%
%%%%%%%%%
%%%%%%%%%
<\SESSION>
