<SESSION>
<VERSION>
2
<\VERSION>
<DATE>
2017-09-05 10:40:02
<\DATE>
<SUBJECT-ID>
c57-1mois-M3-4.5r
<\SUBJECT-ID>
<NOTE>

<\NOTE>
<MIN-MAX-PLOT>
0.100000 51880.761719
<\MIN-MAX-PLOT>
<STIMULUS-DEFINED>
Default
Default Human Relative Spectral Sensitivity
1	0
1	0.500000	0.500000	17.000000	1	1	4.500000	-100.000000	0.100000	-100.000000	0
<\STIMULUS-DEFINED>
<STIMULUS-GENERATED>
4
0	0	0.000000	1	0.000000	0.000000	1	0.000000	0.000000
0	1	0.509000	1	129.044220	31625.173828	1	0.000000	0.000000
0	4	1.019000	1	0.000000	0.000000	1	0.000000	0.000000
-1	5	18.028000	0	0.000000	0.000000	0	0.000000	0.000000
<\STIMULUS-GENERATED>
<RIGHT-PUPIL-DATA>
543	1
1	-0.066000	1.503333	322.881256	407.256256
1	-0.035000	1.491884	323.250000	406.562500
1	0.012000	1.513188	322.993744	406.631256
1	0.043000	1.501449	323.000000	407.000000
1	0.074000	1.490145	322.712494	407.449982
1	0.106000	1.501449	322.500000	407.500000
1	0.137000	1.521884	322.868744	408.131256
1	0.168000	1.511594	321.950012	407.812500
1	0.199000	1.502754	321.718750	407.906250
1	0.246000	1.507246	322.000000	408.500000
1	0.277000	1.495507	322.481232	407.543732
1	0.308000	1.483768	322.399994	406.662506
1	0.340000	1.501160	322.662506	407.149994
1	0.371000	1.497101	323.125000	406.750000
1	0.402000	1.536812	322.937469	407.337494
1	0.433000	1.481594	322.443756	407.256256
1	0.480000	1.489855	322.487488	407.512512
1	0.511000	1.481449	322.587494	407.587494
1	0.542000	1.490145	323.212494	407.712494
1	0.574000	1.507246	322.875000	408.125000
1	0.605000	1.437681	323.000000	407.500000
1	0.636000	1.496667	322.756256	407.131256
1	0.667000	1.485507	322.674988	407.362488
1	0.698000	1.513188	322.993744	406.243744
1	0.745000	1.503333	323.118744	405.881256
1	0.776000	1.481449	322.587494	406.350006
1	0.808000	1.463623	322.656250	407.531250
1	0.839000	1.405507	322.287506	407.787506
1	0.870000	1.327826	323.512512	408.412476
1	0.901000	1.255362	321.537506	406.462494
1	0.932000	1.275362	322.250000	407.750000
1	0.979000	1.246667	323.162506	406.337494
1	1.010000	1.181449	323.399994	406.024994
1	1.042000	1.165797	322.750000	406.237488
1	1.073000	1.142029	322.825012	406.424988
1	1.104000	1.110290	323.031250	405.906250
1	1.135000	1.100145	323.693756	406.693756
1	1.166000	1.033623	323.387482	406.524994
1	1.213000	1.043478	323.000000	406.500000
1	1.244000	1.017826	322.856201	406.043701
1	1.276000	0.998406	322.893829	405.843719
1	1.307000	0.958116	323.768738	405.718750
1	1.338000	0.964203	323.993744	405.618744
1	1.369000	0.939275	323.693756	405.056244
1	1.400000	0.928406	324.649994	405.387482
1	1.432000	0.907102	324.406250	405.781250
1	1.478000	0.886377	324.625000	405.312500
0	1.510000	0.834783	324.500000	404.000000
1	1.541000	0.839855	324.581238	406.418762
1	1.572000	0.834783	324.250000	406.250000
1	1.603000	0.858116	324.093750	405.906250
1	1.634000	0.857971	322.500000	404.000000
1	1.666000	0.827681	324.593750	405.343750
1	1.712000	0.859710	324.225006	404.899994
1	1.744000	0.857971	324.750000	405.250000
1	1.775000	0.848841	326.618744	405.193756
1	1.806000	0.834783	325.024994	405.462494
1	1.837000	0.822754	324.931244	405.568756
1	1.868000	0.829275	324.962494	406.050018
1	1.900000	0.835942	324.975006	406.600006
0	1.931000	0.533333	328.750000	411.750000
1	1.978000	0.823188	323.500000	407.000000
0	2.009000	0.474928	327.806244	412.381256
1	2.040000	0.840145	325.318756	406.681244
1	2.071000	0.801594	325.031250	406.906250
1	2.102000	0.807971	324.781250	406.768738
1	2.134000	0.824058	324.937500	406.549988
1	2.165000	0.834783	324.500000	408.000000
1	2.212000	0.822754	324.931244	406.431244
1	2.243000	0.830435	325.000000	407.500000
1	2.274000	0.839275	324.118744	407.443756
1	2.305000	0.813623	323.687500	408.125000
1	2.336000	0.820725	323.193756	407.806244
1	2.368000	0.857971	324.500000	408.000000
1	2.399000	0.857971	324.000000	407.500000
1	2.446000	0.834783	324.500000	408.000000
1	2.477000	0.846812	323.068756	407.931244
1	2.508000	0.834783	324.500000	408.000000
1	2.539000	0.847246	323.937500	408.062500
1	2.570000	0.820580	323.787506	409.337494
1	2.602000	0.846667	323.524994	409.212494
1	2.633000	0.840145	323.493744	409.506256
1	2.664000	0.834783	324.500000	408.000000
1	2.711000	0.829275	323.037506	409.037506
1	2.742000	0.861449	323.375000	409.375000
1	2.773000	0.909275	323.562500	408.562500
1	2.804000	0.851450	324.143616	409.243652
1	2.836000	0.869565	322.500000	410.000000
1	2.867000	0.869565	322.750000	409.250000
1	2.898000	0.906232	322.481262	409.531250
1	2.945000	0.870290	321.956238	410.518738
1	2.976000	0.915797	322.281250	410.606262
1	3.007000	0.931449	322.118744	410.618744
1	3.038000	0.949420	322.206238	411.156250
1	3.070000	0.927246	322.962494	410.462494
1	3.101000	0.937971	322.475006	410.475006
1	3.132000	0.939710	322.562500	410.500000
1	3.179000	0.939710	323.437500	409.500000
1	3.210000	0.922319	322.799988	409.799988
1	3.241000	0.950725	324.000000	410.500000
1	3.272000	0.959710	321.962494	410.662506
1	3.304000	0.972464	322.924988	410.487488
1	3.335000	0.954928	322.718750	410.093750
1	3.366000	0.962319	322.750000	410.750000
1	3.397000	0.971159	322.956238	411.468750
1	3.444000	0.920580	323.774994	410.774994
1	3.475000	0.968985	323.062500	410.062500
0	3.506000	0.927536	324.500000	408.000000
1	3.538000	0.955942	322.875000	410.125000
1	3.569000	0.957681	323.225006	409.725006
1	3.600000	0.956377	322.881256	410.743744
1	3.631000	0.956522	322.625000	410.625000
1	3.678000	0.894058	323.843750	411.843750
1	3.709000	0.950725	322.875000	411.375000
1	3.740000	0.975362	322.875000	411.000000
1	3.772000	0.949710	323.493866	411.143829
1	3.803000	0.982029	322.625000	410.375000
1	3.834000	0.997246	322.406250	410.843750
1	3.865000	0.953188	322.743744	410.556244
1	3.896000	0.982609	323.500000	410.000000
1	3.943000	0.973333	323.875000	410.500000
1	3.974000	0.972754	322.899994	410.524994
1	4.006000	0.973913	323.500000	411.000000
1	4.037000	0.954928	323.718750	411.093750
1	4.068000	0.970580	323.381256	411.118744
1	4.099000	0.969565	323.500000	411.625000
1	4.130000	0.951594	323.812500	410.862488
1	4.177000	0.956522	323.875000	410.625000
1	4.208000	0.973913	323.500000	411.000000
1	4.240000	0.973333	324.024963	410.500000
1	4.271000	0.969710	323.931244	410.868744
1	4.302000	0.956522	324.000000	410.500000
1	4.333000	0.973913	325.500000	411.000000
1	4.364000	0.972754	323.975006	411.024994
0	4.411000	0.927536	324.500000	408.000000
1	4.442000	0.938551	324.000000	412.000000
1	4.474000	1.008116	323.000000	411.500000
1	4.505000	0.989710	322.781250	410.781250
1	4.536000	0.920725	325.243744	411.243744
1	4.567000	0.955507	323.293732	411.256256
1	4.598000	0.957681	322.725006	410.850006
1	4.630000	0.973913	323.500000	411.000000
1	4.676000	0.977101	322.462494	412.037506
1	4.708000	0.950725	323.000000	412.500000
1	4.739000	0.970290	322.943695	412.943695
1	4.770000	0.996667	322.181244	413.181244
1	4.801000	0.973913	321.750000	413.250000
0	4.832000	0.927536	324.500000	412.000000
1	4.864000	0.970145	321.875000	411.437500
1	4.910000	0.990145	322.225006	411.725006
1	4.942000	0.962319	322.500000	412.000000
1	4.973000	0.968116	323.000000	411.500000
1	5.004000	0.956522	322.500000	411.000000
1	5.035000	0.973913	323.500000	411.000000
1	5.066000	0.973913	323.000000	410.500000
1	5.098000	0.989710	322.218750	411.781250
1	5.144000	1.007536	322.975006	411.475006
1	5.176000	0.999420	322.875000	411.875000
1	5.207000	1.008116	322.500000	411.750000
1	5.238000	0.968551	323.106232	411.556244
1	5.269000	0.969710	323.018738	411.043640
1	5.300000	0.997247	322.856293	410.593719
1	5.332000	1.001159	322.350006	410.274994
1	5.363000	0.995072	322.812500	410.187500
1	5.410000	1.002319	323.500000	410.599976
1	5.441000	1.007536	322.274994	411.024994
1	5.472000	0.991304	323.000000	411.500000
1	5.503000	0.968551	322.556244	410.981232
1	5.534000	1.002174	322.500000	411.812500
1	5.566000	1.025507	322.750000	411.750000
1	5.597000	0.997101	322.500000	410.000000
1	5.644000	1.043478	323.000000	410.500000
1	5.675000	1.031884	323.500000	410.000000
1	5.706000	1.026667	324.187500	409.750000
1	5.737000	1.020725	323.306244	409.381256
1	5.768000	1.043478	323.000000	409.500000
1	5.800000	1.033623	322.899994	409.612518
1	5.831000	1.043478	322.875000	409.875000
1	5.878000	1.003333	323.181244	410.181244
1	5.909000	0.991884	322.625000	410.250000
1	5.940000	1.040290	322.912506	410.162506
1	5.971000	0.969710	323.506256	409.068756
1	6.002000	1.035362	323.375000	409.625000
1	6.034000	1.020290	324.500000	412.000000
1	6.065000	1.043478	324.500000	410.000000
1	6.096000	1.023333	322.406250	410.718750
1	6.143000	0.990290	323.068756	410.756256
1	6.174000	1.009420	323.018738	410.981262
1	6.205000	0.998551	322.437500	411.174988
1	6.236000	0.991304	323.125000	411.125000
1	6.268000	1.008116	323.000000	411.549988
1	6.299000	1.024493	322.781250	411.218750
1	6.330000	1.008841	323.006256	410.606232
0	6.377000	0.927536	324.500000	408.000000
1	6.408000	1.008841	322.993744	410.993744
1	6.439000	0.998841	322.899994	410.850006
1	6.470000	1.000145	323.118744	411.881256
1	6.502000	1.044638	322.524994	411.524994
1	6.533000	1.044058	323.000000	413.000000
1	6.564000	1.044638	322.975006	412.524994
1	6.611000	1.024928	322.350006	412.774994
1	6.642000	1.022319	322.312500	412.812500
1	6.673000	1.007536	322.425018	412.024994
1	6.704000	1.113043	320.500000	412.000000
1	6.736000	1.049275	322.562500	411.937500
1	6.767000	1.078841	323.000000	412.500000
1	6.798000	1.037681	323.000000	412.500000
1	6.829000	1.041594	322.468750	413.518738
1	6.876000	1.030579	322.681152	413.168762
1	6.907000	1.054928	322.593781	413.243744
1	6.938000	1.068841	322.643738	413.106262
1	6.970000	1.060870	322.125000	412.625000
1	7.001000	1.060870	322.500000	412.500000
1	7.032000	1.062029	322.725006	412.274994
1	7.063000	1.062464	322.731262	412.606262
0	7.110000	0.950725	324.500000	414.000000
1	7.141000	1.066812	322.218750	412.781250
1	7.172000	1.078261	322.750000	412.250000
1	7.204000	1.096377	322.268738	413.268738
1	7.235000	1.057971	322.000000	413.500000
1	7.266000	1.053768	322.906250	414.093750
1	7.297000	1.091884	322.375000	413.812500
1	7.344000	1.079855	321.518738	413.968750
1	7.375000	1.078841	322.000000	414.000000
1	7.406000	1.095072	321.637512	413.700012
1	7.438000	1.082319	321.524994	413.975006
1	7.469000	1.100580	321.312500	413.812500
1	7.500000	1.096232	322.250000	413.750000
1	7.531000	1.100580	321.687500	413.700012
1	7.562000	1.103623	322.343750	413.893738
1	7.609000	1.117536	321.931244	413.931244
1	7.640000	1.114638	322.031250	414.531250
1	7.672000	1.124638	321.500000	414.000000
1	7.703000	1.102899	321.299988	414.637512
1	7.734000	1.114203	321.975006	414.475006
1	7.765000	1.091449	322.306244	414.118744
1	7.796000	1.136232	322.500000	414.000000
1	7.828000	1.113043	320.500000	416.000000
1	7.874000	1.155942	322.625000	414.625000
1	7.906000	1.113043	322.250000	415.250000
1	7.937000	1.098551	321.812500	414.187500
1	7.968000	1.109275	321.562500	414.737488
1	7.999000	1.113043	322.000000	414.500000
1	8.030000	1.098841	321.274994	415.712494
1	8.062000	1.133623	322.324982	415.225006
1	8.108000	1.113043	320.500000	416.000000
1	8.140000	1.089855	322.500000	414.000000
1	8.171000	1.132029	321.906250	414.281250
1	8.202000	1.113623	321.500000	414.500000
1	8.233000	1.124638	322.250000	413.750000
1	8.264000	1.132754	321.725037	414.299988
1	8.296000	1.140725	321.643738	414.393738
1	8.342000	1.136232	322.500000	414.000000
1	8.374000	1.141449	322.149994	414.399994
1	8.405000	1.131594	322.324982	414.324982
1	8.436000	1.147826	321.500000	415.000000
1	8.467000	1.113043	320.500000	416.000000
1	8.498000	1.172174	322.562500	414.437500
1	8.530000	1.205797	323.500000	413.000000
1	8.561000	1.140870	322.437500	414.812500
1	8.608000	1.168551	322.881256	414.681244
1	8.639000	1.152319	322.431244	413.431244
1	8.670000	1.166667	323.237488	414.287476
1	8.701000	1.173768	322.618744	414.931244
1	8.732000	1.159420	323.500000	415.000000
1	8.764000	1.147826	322.500000	416.000000
1	8.795000	1.156522	322.312500	416.312500
1	8.842000	1.137536	320.843750	416.593750
1	8.873000	1.142029	322.612488	416.424988
1	8.904000	1.114058	322.493744	416.506256
1	8.935000	1.113043	320.500000	416.000000
1	8.966000	1.148986	321.475006	416.287506
1	8.998000	1.109855	321.212494	416.462494
1	9.029000	1.177681	321.937500	416.687500
1	9.076000	1.111449	320.856262	417.543762
1	9.107000	1.090725	320.562500	418.187500
1	9.138000	1.117971	320.562500	418.937500
1	9.169000	1.116812	320.500000	418.937500
1	9.200000	1.121739	321.062469	418.399994
1	9.232000	1.118406	321.106232	418.381256
1	9.263000	1.089855	322.500000	418.000000
1	9.294000	1.113623	320.875000	418.987488
1	9.341000	1.111449	321.018738	419.018738
1	9.372000	1.113043	320.500000	420.000000
1	9.403000	1.113043	321.500000	419.000000
1	9.434000	1.159420	320.000000	419.500000
1	9.466000	1.164638	320.625000	419.500000
1	9.497000	1.154928	320.406250	419.593750
1	9.528000	1.148986	320.337494	420.337494
1	9.575000	1.147826	321.500000	420.000000
1	9.606000	1.182609	320.500000	420.000000
1	9.637000	1.159420	321.000000	420.500000
1	9.668000	1.146812	320.756256	420.618744
1	9.700000	1.179855	321.018738	420.081238
1	9.731000	1.174493	320.924988	419.625000
1	9.762000	1.181449	320.975006	419.975006
0	9.809000	1.322609	331.050079	420.975067
1	9.840000	1.113043	320.500000	420.000000
1	9.871000	1.203333	320.306244	420.693756
1	9.902000	1.113043	320.500000	420.000000
1	9.934000	1.113043	320.500000	420.000000
1	9.965000	1.201014	320.243744	421.118744
1	9.996000	1.177246	320.556244	420.318756
1	10.027000	1.187536	319.437500	420.924988
1	10.074000	1.225362	320.643738	421.643738
1	10.105000	1.208551	320.368744	421.368744
1	10.136000	1.206232	320.056152	421.368713
1	10.168000	1.176667	320.668762	421.956238
1	10.199000	1.211594	320.375000	421.875000
1	10.230000	1.213043	320.125000	422.500000
1	10.261000	1.237971	319.774994	422.587494
1	10.308000	1.202754	320.281250	422.706238
1	10.339000	1.269420	321.118744	422.243744
1	10.370000	1.251594	320.625000	421.575012
0	10.402000	1.298551	324.500000	424.000000
1	10.433000	1.252754	320.750000	421.000000
1	10.464000	1.251160	321.031219	421.631256
1	10.495000	1.236812	320.399994	422.162506
1	10.542000	1.276667	320.906250	421.281250
1	10.573000	1.228841	320.293762	421.093750
1	10.604000	1.242464	320.368744	422.443756
1	10.636000	1.213768	319.906250	421.581238
1	10.667000	1.248840	320.556244	421.556244
1	10.698000	1.234783	320.000000	422.000000
1	10.729000	1.230725	320.287506	421.475006
1	10.760000	1.277246	319.881256	421.693756
1	10.807000	1.239710	320.237488	421.862488
1	10.838000	1.252754	320.250000	421.375000
1	10.870000	1.257971	320.500000	421.000000
1	10.901000	1.231159	320.293762	421.293762
1	10.932000	1.239710	319.812500	421.174988
1	10.963000	1.252174	319.500000	421.000000
1	10.994000	1.234783	320.500000	421.000000
1	11.041000	1.246377	319.000000	421.500000
1	11.072000	1.269420	319.306244	422.193756
1	11.104000	1.237536	319.893738	421.156250
1	11.135000	1.222754	319.993744	421.056244
1	11.166000	1.252174	319.500000	421.000000
1	11.197000	1.257101	319.687500	421.687500
1	11.228000	1.244058	319.875000	420.875000
1	11.275000	1.231159	320.293762	420.593750
1	11.306000	1.273333	319.737488	420.687500
1	11.338000	1.252174	320.250000	420.750000
1	11.369000	1.252174	319.500000	421.000000
1	11.400000	1.263623	320.206238	420.906250
1	11.431000	1.285797	319.912506	421.975006
1	11.462000	1.251014	319.975006	421.975006
0	11.494000	1.205797	320.500000	420.000000
1	11.540000	1.246377	320.500000	422.000000
1	11.572000	1.242754	319.718750	421.893738
0	11.603000	1.113043	320.500000	420.000000
1	11.634000	1.258116	319.343750	423.156250
1	11.665000	1.252174	320.000000	423.500000
1	11.696000	1.220580	319.774994	423.962494
1	11.728000	1.225507	319.750000	424.000000
1	11.759000	1.267971	319.768738	424.781250
1	11.806000	1.237536	319.593750	424.218750
1	11.837000	1.252174	319.500000	425.000000
1	11.868000	1.274493	319.312500	425.187500
1	11.899000	1.255362	319.537506	424.912506
1	11.930000	1.228985	320.500000	424.000000
1	11.962000	1.265942	318.906250	425.456238
1	11.993000	1.292899	318.943756	425.856232
1	12.040000	1.302319	319.149994	425.600006
1	12.071000	1.288116	319.037506	426.149994
1	12.102000	1.274493	319.187500	425.312500
1	12.133000	1.284203	319.218750	425.031250
1	12.164000	1.257536	319.318756	425.693756
1	12.196000	1.266812	319.218750	425.906250
1	12.227000	1.289855	319.187500	426.187500
1	12.274000	1.291884	319.937500	425.937500
1	12.305000	1.288406	319.924988	426.487488
1	12.336000	1.298551	320.500000	424.000000
1	12.367000	1.282464	319.756256	425.943756
0	12.398000	1.118986	322.956238	425.368713
1	12.430000	1.285362	321.031250	425.968750
1	12.461000	1.283188	320.000000	427.000000
1	12.492000	1.309275	320.562500	427.187500
1	12.539000	1.285942	320.543732	426.993744
1	12.570000	1.344928	321.500000	427.000000
1	12.601000	1.298551	319.500000	427.000000
1	12.632000	1.307681	320.743744	426.131256
1	12.664000	1.289710	321.093750	425.093750
1	12.695000	1.281884	321.168762	425.031250
1	12.726000	1.275362	321.000000	426.500000
1	12.773000	1.300580	320.937500	425.937500
1	12.804000	1.286957	320.500000	426.000000
1	12.835000	1.286377	321.125000	427.000000
1	12.866000	1.286957	321.125000	426.875000
1	12.898000	1.286957	320.750000	427.250000
1	12.929000	1.292754	321.000000	428.000000
1	12.960000	1.283333	320.481262	427.031250
1	13.007000	1.284058	320.250000	426.750000
1	13.038000	1.298551	320.000000	427.500000
1	13.069000	1.295652	321.000000	427.000000
1	13.100000	1.286377	321.000000	426.125000
1	13.132000	1.298551	321.750000	426.250000
1	13.163000	1.267971	321.268738	426.606262
1	13.194000	1.285797	320.774994	426.024994
1	13.225000	1.283188	321.062500	426.312500
1	13.272000	1.288406	320.112518	426.774994
1	13.303000	1.275362	320.250000	427.250000
1	13.334000	1.283623	320.181305	427.006256
1	13.366000	1.304348	320.625000	426.875000
0	13.397000	1.653188	323.618744	433.006256
1	13.428000	1.314203	321.649994	426.350006
1	13.459000	1.322319	321.562500	425.500000
1	13.506000	1.321739	320.500000	426.000000
1	13.537000	1.275362	321.625000	426.875000
1	13.568000	1.307681	321.881256	426.243744
1	13.600000	1.283188	322.000000	426.987488
1	13.631000	1.286812	320.131256	427.131256
1	13.662000	1.326087	321.000000	427.500000
1	13.693000	1.270145	320.750000	427.750000
0	13.740000	1.484058	332.500000	428.000000
0	13.771000	1.864638	332.062500	434.799988
1	13.802000	1.292754	320.500000	429.500000
1	13.834000	1.288116	319.850006	429.149994
1	13.865000	1.292319	319.943756	429.918732
1	13.896000	1.290290	319.918732	430.118744
1	13.927000	1.290725	319.875000	430.075012
1	13.958000	1.292899	319.906250	430.281250
1	14.005000	1.307246	319.250000	431.250000
1	14.036000	1.317971	319.562500	431.312500
0	14.068000	1.205797	316.500000	428.000000
1	14.099000	1.273333	319.687500	430.937500
1	14.130000	1.292464	319.912506	431.087494
1	14.161000	1.321739	318.500000	430.000000
1	14.192000	1.296232	319.750000	431.000000
1	14.239000	1.281594	319.743744	430.993744
1	14.270000	1.287101	319.743744	431.006256
0	14.302000	1.548840	332.256256	426.943756
1	14.333000	1.298551	319.500000	431.000000
1	14.364000	1.265797	319.612488	432.137512
1	14.395000	1.321739	318.500000	432.000000
0	14.426000	1.645654	325.856659	433.481506
1	14.473000	1.274493	319.174988	432.737488
1	14.504000	1.258406	320.531250	432.656250
1	14.536000	1.318986	319.718750	432.031250
1	14.567000	1.345072	319.706238	431.656250
1	14.598000	1.303188	319.774994	432.149994
1	14.629000	1.283333	320.187500	431.937500
1	14.660000	1.321739	320.500000	432.000000
1	14.692000	1.291884	320.937500	431.062500
1	14.738000	1.391304	320.500000	432.000000
1	14.770000	1.314203	320.350006	431.350006
1	14.801000	1.324927	319.475006	431.949982
1	14.832000	1.307246	320.750000	432.250000
1	14.863000	1.356522	319.500000	432.000000
1	14.894000	1.366377	319.975006	432.024994
1	14.926000	1.329855	319.562500	431.812500
1	14.972000	1.380725	320.868744	431.181244
1	15.004000	1.353333	320.574982	431.787506
1	15.035000	1.331449	320.506256	432.506256
1	15.066000	1.333768	320.431244	432.568756
1	15.097000	1.344058	320.312500	432.312500
1	15.128000	1.365797	319.875000	432.000000
1	15.160000	1.362319	319.125000	432.875000
1	15.206000	1.391304	320.500000	432.000000
1	15.238000	1.366377	318.975006	432.975006
0	15.269000	1.556522	323.437500	433.843750
1	15.300000	1.344493	319.318756	432.631256
0	15.331000	1.979855	329.468750	438.581238
1	15.362000	1.376812	319.937500	432.937500
1	15.394000	1.414493	320.500000	434.000000
1	15.425000	1.326232	320.456207	433.493744
1	15.472000	1.370725	319.675018	433.962494
1	15.503000	1.342029	320.299896	433.324982
1	15.534000	1.328985	318.562500	433.487488
1	15.565000	1.333188	318.468750	434.406250
0	15.596000	1.955507	330.668579	430.868774
1	15.628000	1.342899	319.375000	433.312500
1	15.659000	1.362319	320.000000	432.500000
1	15.706000	1.326232	319.506256	432.931244
1	15.737000	1.327681	319.081238	432.531250
1	15.768000	1.344058	319.312500	432.437500
1	15.799000	1.368116	320.500000	432.000000
1	15.830000	1.309275	319.687500	432.862488
1	15.862000	1.358841	318.912506	433.462494
1	15.893000	1.365797	319.000000	433.000000
0	15.924000	1.901594	327.343750	439.406250
1	15.971000	1.366377	318.975006	432.024994
0	16.002000	1.845363	327.206360	435.631348
0	16.033000	1.947826	328.500000	436.000000
1	16.064000	1.344348	317.950043	433.324982
1	16.096000	1.370145	318.062500	432.937500
1	16.127000	1.335797	317.443756	433.556244
1	16.158000	1.370725	318.037506	433.037506
1	16.205000	1.364203	317.881256	433.943756
1	16.236000	1.391304	316.500000	436.000000
1	16.267000	1.379855	317.156250	436.156250
1	16.298000	1.344058	315.812500	436.687500
1	16.330000	1.374927	317.881256	435.856232
1	16.361000	1.364203	316.943756	436.056244
0	16.392000	1.526958	319.962708	436.925049
1	16.439000	1.350580	317.156250	433.718750
1	16.470000	1.344493	317.693756	432.681244
1	16.501000	1.345072	317.718750	433.656250
1	16.532000	1.381594	318.381256	434.181244
1	16.564000	1.339855	317.593750	433.768738
1	16.595000	1.357101	317.500000	434.487488
1	16.626000	1.333768	317.431244	435.018768
0	16.657000	1.915797	328.156250	438.531250
1	16.704000	1.335942	316.600006	434.537506
1	16.735000	1.344638	316.725006	434.662506
1	16.766000	1.365797	317.000000	434.000000
1	16.798000	1.310145	316.500000	434.000000
1	16.829000	1.333623	317.524994	433.475006
1	16.860000	1.362029	317.912506	433.087494
1	16.891000	1.326667	317.437500	433.500000
1	16.938000	1.337971	317.649994	434.262482
1	16.969000	1.329421	317.481293	434.518707
0	17.000000	1.329275	318.462494	434.524994
1	17.032000	1.301594	317.318726	434.768738
1	17.063000	1.321739	318.500000	434.000000
1	17.094000	1.368116	317.000000	434.500000
1	17.125000	1.326812	317.531250	434.481262
1	17.156000	1.329855	317.500000	434.437500
1	17.203000	1.332029	317.468750	433.531250
1	17.234000	1.328985	317.500000	433.500000
1	17.266000	1.329420	318.556244	433.443756
1	17.297000	1.335942	317.662506	433.537506
1	17.328000	1.328985	317.500000	433.562500
1	17.359000	1.344058	317.687500	433.687500
1	17.390000	1.361449	317.937500	433.437500
1	17.437000	1.346812	317.243744	433.743744
0	17.468000	1.974493	326.575012	437.375000
0	17.500000	1.822754	328.693756	438.306244
1	17.531000	1.391304	317.500000	433.000000
1	17.562000	1.356522	317.500000	433.000000
1	17.593000	1.344058	317.687500	433.312500
1	17.624000	1.369565	317.875000	433.000000
0	17.671000	1.762319	324.500000	436.000000
1	17.702000	1.373913	318.000000	433.000000
1	17.734000	1.391304	316.500000	432.000000
1	17.765000	1.357101	316.875000	432.875000
1	17.796000	1.377681	317.862488	432.862488
1	17.827000	1.345072	317.343750	433.331238
1	17.858000	1.346667	317.350006	432.725006
1	17.890000	1.391304	317.000000	433.500000
1	17.936000	1.344928	317.500000	431.000000
1	17.968000	1.345072	317.343750	432.343750
1	17.999000	1.380290	317.837494	432.837494
<\RIGHT-PUPIL-DATA>
<LEFT-PUPIL-DATA>
543	0
0	-0.050000	13.913043	240.000000	320.000000
0	-0.019000	13.913043	240.000000	320.000000
0	0.012000	13.913043	240.000000	320.000000
0	0.043000	13.913043	240.000000	320.000000
0	0.074000	13.913043	240.000000	320.000000
0	0.106000	13.913043	240.000000	320.000000
0	0.137000	13.913043	240.000000	320.000000
0	0.184000	13.913043	240.000000	320.000000
0	0.215000	13.913043	240.000000	320.000000
0	0.246000	13.913043	240.000000	320.000000
0	0.277000	13.913043	240.000000	320.000000
0	0.308000	13.913043	240.000000	320.000000
0	0.340000	13.913043	240.000000	320.000000
0	0.371000	13.913043	240.000000	320.000000
0	0.418000	13.913043	240.000000	320.000000
0	0.449000	13.913043	240.000000	320.000000
0	0.480000	13.913043	240.000000	320.000000
0	0.511000	13.913043	240.000000	320.000000
0	0.542000	13.913043	240.000000	320.000000
0	0.574000	13.913043	240.000000	320.000000
0	0.605000	13.913043	240.000000	320.000000
0	0.652000	13.913043	240.000000	320.000000
0	0.683000	13.913043	240.000000	320.000000
0	0.714000	13.913043	240.000000	320.000000
0	0.745000	13.913043	240.000000	320.000000
0	0.776000	13.913043	240.000000	320.000000
0	0.808000	13.913043	240.000000	320.000000
0	0.839000	13.913043	240.000000	320.000000
0	0.870000	13.913043	240.000000	320.000000
0	0.917000	13.913043	240.000000	320.000000
0	0.948000	13.913043	240.000000	320.000000
0	0.979000	13.913043	240.000000	320.000000
0	1.010000	13.913043	240.000000	320.000000
0	1.042000	13.913043	240.000000	320.000000
0	1.073000	13.913043	240.000000	320.000000
0	1.104000	13.913043	240.000000	320.000000
0	1.135000	13.913043	240.000000	320.000000
0	1.182000	13.913043	240.000000	320.000000
0	1.213000	13.913043	240.000000	320.000000
0	1.244000	13.913043	240.000000	320.000000
0	1.276000	13.913043	240.000000	320.000000
0	1.307000	13.913043	240.000000	320.000000
0	1.338000	13.913043	240.000000	320.000000
0	1.369000	13.913043	240.000000	320.000000
0	1.416000	13.913043	240.000000	320.000000
0	1.447000	13.913043	240.000000	320.000000
0	1.478000	13.913043	240.000000	320.000000
0	1.510000	13.913043	240.000000	320.000000
0	1.541000	13.913043	240.000000	320.000000
0	1.572000	13.913043	240.000000	320.000000
0	1.603000	13.913043	240.000000	320.000000
0	1.650000	13.913043	240.000000	320.000000
0	1.681000	13.913043	240.000000	320.000000
0	1.712000	13.913043	240.000000	320.000000
0	1.744000	13.913043	240.000000	320.000000
0	1.775000	13.913043	240.000000	320.000000
0	1.806000	13.913043	240.000000	320.000000
0	1.837000	13.913043	240.000000	320.000000
0	1.868000	13.913043	240.000000	320.000000
0	1.915000	13.913043	240.000000	320.000000
0	1.946000	13.913043	240.000000	320.000000
0	1.978000	13.913043	240.000000	320.000000
0	2.009000	13.913043	240.000000	320.000000
0	2.040000	13.913043	240.000000	320.000000
0	2.071000	13.913043	240.000000	320.000000
0	2.102000	13.913043	240.000000	320.000000
0	2.149000	13.913043	240.000000	320.000000
0	2.180000	13.913043	240.000000	320.000000
0	2.212000	13.913043	240.000000	320.000000
0	2.243000	13.913043	240.000000	320.000000
0	2.274000	13.913043	240.000000	320.000000
0	2.305000	13.913043	240.000000	320.000000
0	2.336000	13.913043	240.000000	320.000000
0	2.383000	13.913043	240.000000	320.000000
0	2.414000	13.913043	240.000000	320.000000
0	2.446000	13.913043	240.000000	320.000000
0	2.477000	13.913043	240.000000	320.000000
0	2.508000	13.913043	240.000000	320.000000
0	2.539000	13.913043	240.000000	320.000000
0	2.570000	13.913043	240.000000	320.000000
0	2.602000	13.913043	240.000000	320.000000
0	2.648000	13.913043	240.000000	320.000000
0	2.680000	13.913043	240.000000	320.000000
0	2.711000	13.913043	240.000000	320.000000
0	2.742000	13.913043	240.000000	320.000000
0	2.773000	13.913043	240.000000	320.000000
0	2.804000	13.913043	240.000000	320.000000
0	2.836000	13.913043	240.000000	320.000000
0	2.882000	13.913043	240.000000	320.000000
0	2.914000	13.913043	240.000000	320.000000
0	2.945000	13.913043	240.000000	320.000000
0	2.976000	13.913043	240.000000	320.000000
0	3.007000	13.913043	240.000000	320.000000
0	3.038000	13.913043	240.000000	320.000000
0	3.070000	13.913043	240.000000	320.000000
0	3.116000	13.913043	240.000000	320.000000
0	3.148000	13.913043	240.000000	320.000000
0	3.179000	13.913043	240.000000	320.000000
0	3.210000	13.913043	240.000000	320.000000
0	3.241000	13.913043	240.000000	320.000000
0	3.272000	13.913043	240.000000	320.000000
0	3.304000	13.913043	240.000000	320.000000
0	3.335000	13.913043	240.000000	320.000000
0	3.382000	13.913043	240.000000	320.000000
0	3.413000	13.913043	240.000000	320.000000
0	3.444000	13.913043	240.000000	320.000000
0	3.475000	13.913043	240.000000	320.000000
0	3.506000	13.913043	240.000000	320.000000
0	3.538000	13.913043	240.000000	320.000000
0	3.569000	13.913043	240.000000	320.000000
0	3.616000	13.913043	240.000000	320.000000
0	3.647000	13.913043	240.000000	320.000000
0	3.678000	13.913043	240.000000	320.000000
0	3.709000	13.913043	240.000000	320.000000
0	3.740000	13.913043	240.000000	320.000000
0	3.772000	13.913043	240.000000	320.000000
0	3.803000	13.913043	240.000000	320.000000
0	3.850000	13.913043	240.000000	320.000000
0	3.881000	13.913043	240.000000	320.000000
0	3.912000	13.913043	240.000000	320.000000
0	3.943000	13.913043	240.000000	320.000000
0	3.974000	13.913043	240.000000	320.000000
0	4.006000	13.913043	240.000000	320.000000
0	4.037000	13.913043	240.000000	320.000000
0	4.068000	13.913043	240.000000	320.000000
0	4.115000	13.913043	240.000000	320.000000
0	4.146000	13.913043	240.000000	320.000000
0	4.177000	13.913043	240.000000	320.000000
0	4.208000	13.913043	240.000000	320.000000
0	4.240000	13.913043	240.000000	320.000000
0	4.271000	13.913043	240.000000	320.000000
0	4.302000	13.913043	240.000000	320.000000
0	4.349000	13.913043	240.000000	320.000000
0	4.380000	13.913043	240.000000	320.000000
0	4.411000	13.913043	240.000000	320.000000
0	4.442000	13.913043	240.000000	320.000000
0	4.474000	13.913043	240.000000	320.000000
0	4.505000	13.913043	240.000000	320.000000
0	4.536000	13.913043	240.000000	320.000000
0	4.583000	13.913043	240.000000	320.000000
0	4.614000	13.913043	240.000000	320.000000
0	4.645000	13.913043	240.000000	320.000000
0	4.676000	13.913043	240.000000	320.000000
0	4.708000	13.913043	240.000000	320.000000
0	4.739000	13.913043	240.000000	320.000000
0	4.770000	13.913043	240.000000	320.000000
0	4.801000	13.913043	240.000000	320.000000
0	4.848000	13.913043	240.000000	320.000000
0	4.879000	13.913043	240.000000	320.000000
0	4.910000	13.913043	240.000000	320.000000
0	4.942000	13.913043	240.000000	320.000000
0	4.973000	13.913043	240.000000	320.000000
0	5.004000	13.913043	240.000000	320.000000
0	5.035000	13.913043	240.000000	320.000000
0	5.082000	13.913043	240.000000	320.000000
0	5.113000	13.913043	240.000000	320.000000
0	5.144000	13.913043	240.000000	320.000000
0	5.176000	13.913043	240.000000	320.000000
0	5.207000	13.913043	240.000000	320.000000
0	5.238000	13.913043	240.000000	320.000000
0	5.269000	13.913043	240.000000	320.000000
0	5.300000	13.913043	240.000000	320.000000
0	5.347000	13.913043	240.000000	320.000000
0	5.378000	13.913043	240.000000	320.000000
0	5.410000	13.913043	240.000000	320.000000
0	5.441000	13.913043	240.000000	320.000000
0	5.472000	13.913043	240.000000	320.000000
0	5.503000	13.913043	240.000000	320.000000
0	5.534000	13.913043	240.000000	320.000000
0	5.581000	13.913043	240.000000	320.000000
0	5.612000	13.913043	240.000000	320.000000
0	5.644000	13.913043	240.000000	320.000000
0	5.675000	13.913043	240.000000	320.000000
0	5.706000	13.913043	240.000000	320.000000
0	5.737000	13.913043	240.000000	320.000000
0	5.768000	13.913043	240.000000	320.000000
0	5.800000	13.913043	240.000000	320.000000
0	5.846000	13.913043	240.000000	320.000000
0	5.878000	13.913043	240.000000	320.000000
0	5.909000	13.913043	240.000000	320.000000
0	5.940000	13.913043	240.000000	320.000000
0	5.971000	13.913043	240.000000	320.000000
0	6.002000	13.913043	240.000000	320.000000
0	6.034000	13.913043	240.000000	320.000000
0	6.080000	13.913043	240.000000	320.000000
0	6.112000	13.913043	240.000000	320.000000
0	6.143000	13.913043	240.000000	320.000000
0	6.174000	13.913043	240.000000	320.000000
0	6.205000	13.913043	240.000000	320.000000
0	6.236000	13.913043	240.000000	320.000000
0	6.268000	13.913043	240.000000	320.000000
0	6.314000	13.913043	240.000000	320.000000
0	6.346000	13.913043	240.000000	320.000000
0	6.377000	13.913043	240.000000	320.000000
0	6.408000	13.913043	240.000000	320.000000
0	6.439000	13.913043	240.000000	320.000000
0	6.470000	13.913043	240.000000	320.000000
0	6.502000	13.913043	240.000000	320.000000
0	6.533000	13.913043	240.000000	320.000000
0	6.580000	13.913043	240.000000	320.000000
0	6.611000	13.913043	240.000000	320.000000
0	6.642000	13.913043	240.000000	320.000000
0	6.673000	13.913043	240.000000	320.000000
0	6.704000	13.913043	240.000000	320.000000
0	6.736000	13.913043	240.000000	320.000000
0	6.767000	13.913043	240.000000	320.000000
0	6.814000	13.913043	240.000000	320.000000
0	6.845000	13.913043	240.000000	320.000000
0	6.876000	13.913043	240.000000	320.000000
0	6.907000	13.913043	240.000000	320.000000
0	6.938000	13.913043	240.000000	320.000000
0	6.970000	13.913043	240.000000	320.000000
0	7.001000	13.913043	240.000000	320.000000
0	7.048000	13.913043	240.000000	320.000000
0	7.079000	13.913043	240.000000	320.000000
0	7.110000	13.913043	240.000000	320.000000
0	7.141000	13.913043	240.000000	320.000000
0	7.172000	13.913043	240.000000	320.000000
0	7.204000	13.913043	240.000000	320.000000
0	7.235000	13.913043	240.000000	320.000000
0	7.266000	13.913043	240.000000	320.000000
0	7.313000	13.913043	240.000000	320.000000
0	7.344000	13.913043	240.000000	320.000000
0	7.375000	13.913043	240.000000	320.000000
0	7.406000	13.913043	240.000000	320.000000
0	7.438000	13.913043	240.000000	320.000000
0	7.469000	13.913043	240.000000	320.000000
0	7.500000	13.913043	240.000000	320.000000
0	7.547000	13.913043	240.000000	320.000000
0	7.578000	13.913043	240.000000	320.000000
0	7.609000	13.913043	240.000000	320.000000
0	7.640000	13.913043	240.000000	320.000000
0	7.672000	13.913043	240.000000	320.000000
0	7.703000	13.913043	240.000000	320.000000
0	7.734000	13.913043	240.000000	320.000000
0	7.781000	13.913043	240.000000	320.000000
0	7.812000	13.913043	240.000000	320.000000
0	7.843000	13.913043	240.000000	320.000000
0	7.874000	13.913043	240.000000	320.000000
0	7.906000	13.913043	240.000000	320.000000
0	7.937000	13.913043	240.000000	320.000000
0	7.968000	13.913043	240.000000	320.000000
0	7.999000	13.913043	240.000000	320.000000
0	8.046000	13.913043	240.000000	320.000000
0	8.077000	13.913043	240.000000	320.000000
0	8.108000	13.913043	240.000000	320.000000
0	8.140000	13.913043	240.000000	320.000000
0	8.171000	13.913043	240.000000	320.000000
0	8.202000	13.913043	240.000000	320.000000
0	8.233000	13.913043	240.000000	320.000000
0	8.280000	13.913043	240.000000	320.000000
0	8.311000	13.913043	240.000000	320.000000
0	8.342000	13.913043	240.000000	320.000000
0	8.374000	13.913043	240.000000	320.000000
0	8.405000	13.913043	240.000000	320.000000
0	8.436000	13.913043	240.000000	320.000000
0	8.467000	13.913043	240.000000	320.000000
0	8.514000	13.913043	240.000000	320.000000
0	8.545000	13.913043	240.000000	320.000000
0	8.576000	13.913043	240.000000	320.000000
0	8.608000	13.913043	240.000000	320.000000
0	8.639000	13.913043	240.000000	320.000000
0	8.670000	13.913043	240.000000	320.000000
0	8.701000	13.913043	240.000000	320.000000
0	8.732000	13.913043	240.000000	320.000000
0	8.779000	13.913043	240.000000	320.000000
0	8.810000	13.913043	240.000000	320.000000
0	8.842000	13.913043	240.000000	320.000000
0	8.873000	13.913043	240.000000	320.000000
0	8.904000	13.913043	240.000000	320.000000
0	8.935000	13.913043	240.000000	320.000000
0	8.966000	13.913043	240.000000	320.000000
0	9.013000	13.913043	240.000000	320.000000
0	9.044000	13.913043	240.000000	320.000000
0	9.076000	13.913043	240.000000	320.000000
0	9.107000	13.913043	240.000000	320.000000
0	9.138000	13.913043	240.000000	320.000000
0	9.169000	13.913043	240.000000	320.000000
0	9.200000	13.913043	240.000000	320.000000
0	9.232000	13.913043	240.000000	320.000000
0	9.278000	13.913043	240.000000	320.000000
0	9.310000	13.913043	240.000000	320.000000
0	9.341000	13.913043	240.000000	320.000000
0	9.372000	13.913043	240.000000	320.000000
0	9.403000	13.913043	240.000000	320.000000
0	9.434000	13.913043	240.000000	320.000000
0	9.466000	13.913043	240.000000	320.000000
0	9.512000	13.913043	240.000000	320.000000
0	9.544000	13.913043	240.000000	320.000000
0	9.575000	13.913043	240.000000	320.000000
0	9.606000	13.913043	240.000000	320.000000
0	9.637000	13.913043	240.000000	320.000000
0	9.668000	13.913043	240.000000	320.000000
0	9.700000	13.913043	240.000000	320.000000
0	9.746000	13.913043	240.000000	320.000000
0	9.778000	13.913043	240.000000	320.000000
0	9.809000	13.913043	240.000000	320.000000
0	9.840000	13.913043	240.000000	320.000000
0	9.871000	13.913043	240.000000	320.000000
0	9.902000	13.913043	240.000000	320.000000
0	9.934000	13.913043	240.000000	320.000000
0	9.965000	13.913043	240.000000	320.000000
0	10.012000	13.913043	240.000000	320.000000
0	10.043000	13.913043	240.000000	320.000000
0	10.074000	13.913043	240.000000	320.000000
0	10.105000	13.913043	240.000000	320.000000
0	10.136000	13.913043	240.000000	320.000000
0	10.168000	13.913043	240.000000	320.000000
0	10.199000	13.913043	240.000000	320.000000
0	10.246000	13.913043	240.000000	320.000000
0	10.277000	13.913043	240.000000	320.000000
0	10.308000	13.913043	240.000000	320.000000
0	10.339000	13.913043	240.000000	320.000000
0	10.370000	13.913043	240.000000	320.000000
0	10.402000	13.913043	240.000000	320.000000
0	10.433000	13.913043	240.000000	320.000000
0	10.464000	13.913043	240.000000	320.000000
0	10.511000	13.913043	240.000000	320.000000
0	10.542000	13.913043	240.000000	320.000000
0	10.573000	13.913043	240.000000	320.000000
0	10.604000	13.913043	240.000000	320.000000
0	10.636000	13.913043	240.000000	320.000000
0	10.667000	13.913043	240.000000	320.000000
0	10.698000	13.913043	240.000000	320.000000
0	10.745000	13.913043	240.000000	320.000000
0	10.776000	13.913043	240.000000	320.000000
0	10.807000	13.913043	240.000000	320.000000
0	10.838000	13.913043	240.000000	320.000000
0	10.870000	13.913043	240.000000	320.000000
0	10.901000	13.913043	240.000000	320.000000
0	10.932000	13.913043	240.000000	320.000000
0	10.979000	13.913043	240.000000	320.000000
0	11.010000	13.913043	240.000000	320.000000
0	11.041000	13.913043	240.000000	320.000000
0	11.072000	13.913043	240.000000	320.000000
0	11.104000	13.913043	240.000000	320.000000
0	11.135000	13.913043	240.000000	320.000000
0	11.166000	13.913043	240.000000	320.000000
0	11.197000	13.913043	240.000000	320.000000
0	11.244000	13.913043	240.000000	320.000000
0	11.275000	13.913043	240.000000	320.000000
0	11.306000	13.913043	240.000000	320.000000
0	11.338000	13.913043	240.000000	320.000000
0	11.369000	13.913043	240.000000	320.000000
0	11.400000	13.913043	240.000000	320.000000
0	11.431000	13.913043	240.000000	320.000000
0	11.478000	13.913043	240.000000	320.000000
0	11.509000	13.913043	240.000000	320.000000
0	11.540000	13.913043	240.000000	320.000000
0	11.572000	13.913043	240.000000	320.000000
0	11.603000	13.913043	240.000000	320.000000
0	11.634000	13.913043	240.000000	320.000000
0	11.665000	13.913043	240.000000	320.000000
0	11.712000	13.913043	240.000000	320.000000
0	11.743000	13.913043	240.000000	320.000000
0	11.774000	13.913043	240.000000	320.000000
0	11.806000	13.913043	240.000000	320.000000
0	11.837000	13.913043	240.000000	320.000000
0	11.868000	13.913043	240.000000	320.000000
0	11.899000	13.913043	240.000000	320.000000
0	11.930000	13.913043	240.000000	320.000000
0	11.977000	13.913043	240.000000	320.000000
0	12.008000	13.913043	240.000000	320.000000
0	12.040000	13.913043	240.000000	320.000000
0	12.071000	13.913043	240.000000	320.000000
0	12.102000	13.913043	240.000000	320.000000
0	12.133000	13.913043	240.000000	320.000000
0	12.164000	13.913043	240.000000	320.000000
0	12.211000	13.913043	240.000000	320.000000
0	12.242000	13.913043	240.000000	320.000000
0	12.274000	13.913043	240.000000	320.000000
0	12.305000	13.913043	240.000000	320.000000
0	12.336000	13.913043	240.000000	320.000000
0	12.367000	13.913043	240.000000	320.000000
0	12.398000	13.913043	240.000000	320.000000
0	12.445000	13.913043	240.000000	320.000000
0	12.476000	13.913043	240.000000	320.000000
0	12.508000	13.913043	240.000000	320.000000
0	12.539000	13.913043	240.000000	320.000000
0	12.570000	13.913043	240.000000	320.000000
0	12.601000	13.913043	240.000000	320.000000
0	12.632000	13.913043	240.000000	320.000000
0	12.664000	13.913043	240.000000	320.000000
0	12.710000	13.913043	240.000000	320.000000
0	12.742000	13.913043	240.000000	320.000000
0	12.773000	13.913043	240.000000	320.000000
0	12.804000	13.913043	240.000000	320.000000
0	12.835000	13.913043	240.000000	320.000000
0	12.866000	13.913043	240.000000	320.000000
0	12.898000	13.913043	240.000000	320.000000
0	12.944000	13.913043	240.000000	320.000000
0	12.976000	13.913043	240.000000	320.000000
0	13.007000	13.913043	240.000000	320.000000
0	13.038000	13.913043	240.000000	320.000000
0	13.069000	13.913043	240.000000	320.000000
0	13.100000	13.913043	240.000000	320.000000
0	13.132000	13.913043	240.000000	320.000000
0	13.163000	13.913043	240.000000	320.000000
0	13.210000	13.913043	240.000000	320.000000
0	13.241000	13.913043	240.000000	320.000000
0	13.272000	13.913043	240.000000	320.000000
0	13.303000	13.913043	240.000000	320.000000
0	13.334000	13.913043	240.000000	320.000000
0	13.366000	13.913043	240.000000	320.000000
0	13.397000	13.913043	240.000000	320.000000
0	13.444000	13.913043	240.000000	320.000000
0	13.475000	13.913043	240.000000	320.000000
0	13.506000	13.913043	240.000000	320.000000
0	13.537000	13.913043	240.000000	320.000000
0	13.568000	13.913043	240.000000	320.000000
0	13.600000	13.913043	240.000000	320.000000
0	13.631000	13.913043	240.000000	320.000000
0	13.678000	13.913043	240.000000	320.000000
0	13.709000	13.913043	240.000000	320.000000
0	13.740000	13.913043	240.000000	320.000000
0	13.771000	13.913043	240.000000	320.000000
0	13.802000	13.913043	240.000000	320.000000
0	13.834000	13.913043	240.000000	320.000000
0	13.865000	13.913043	240.000000	320.000000
0	13.896000	13.913043	240.000000	320.000000
0	13.943000	13.913043	240.000000	320.000000
0	13.974000	13.913043	240.000000	320.000000
0	14.005000	13.913043	240.000000	320.000000
0	14.036000	13.913043	240.000000	320.000000
0	14.068000	13.913043	240.000000	320.000000
0	14.099000	13.913043	240.000000	320.000000
0	14.130000	13.913043	240.000000	320.000000
0	14.177000	13.913043	240.000000	320.000000
0	14.208000	13.913043	240.000000	320.000000
0	14.239000	13.913043	240.000000	320.000000
0	14.270000	13.913043	240.000000	320.000000
0	14.302000	13.913043	240.000000	320.000000
0	14.333000	13.913043	240.000000	320.000000
0	14.364000	13.913043	240.000000	320.000000
0	14.411000	13.913043	240.000000	320.000000
0	14.442000	13.913043	240.000000	320.000000
0	14.473000	13.913043	240.000000	320.000000
0	14.504000	13.913043	240.000000	320.000000
0	14.536000	13.913043	240.000000	320.000000
0	14.567000	13.913043	240.000000	320.000000
0	14.598000	13.913043	240.000000	320.000000
0	14.629000	13.913043	240.000000	320.000000
0	14.676000	13.913043	240.000000	320.000000
0	14.707000	13.913043	240.000000	320.000000
0	14.738000	13.913043	240.000000	320.000000
0	14.770000	13.913043	240.000000	320.000000
0	14.801000	13.913043	240.000000	320.000000
0	14.832000	13.913043	240.000000	320.000000
0	14.863000	13.913043	240.000000	320.000000
0	14.910000	13.913043	240.000000	320.000000
0	14.941000	13.913043	240.000000	320.000000
0	14.972000	13.913043	240.000000	320.000000
0	15.004000	13.913043	240.000000	320.000000
0	15.035000	13.913043	240.000000	320.000000
0	15.066000	13.913043	240.000000	320.000000
0	15.097000	13.913043	240.000000	320.000000
0	15.128000	13.913043	240.000000	320.000000
0	15.175000	13.913043	240.000000	320.000000
0	15.206000	13.913043	240.000000	320.000000
0	15.238000	13.913043	240.000000	320.000000
0	15.269000	13.913043	240.000000	320.000000
0	15.300000	13.913043	240.000000	320.000000
0	15.331000	13.913043	240.000000	320.000000
0	15.362000	13.913043	240.000000	320.000000
0	15.409000	13.913043	240.000000	320.000000
0	15.440000	13.913043	240.000000	320.000000
0	15.472000	13.913043	240.000000	320.000000
0	15.503000	13.913043	240.000000	320.000000
0	15.534000	13.913043	240.000000	320.000000
0	15.565000	13.913043	240.000000	320.000000
0	15.596000	13.913043	240.000000	320.000000
0	15.643000	13.913043	240.000000	320.000000
0	15.674000	13.913043	240.000000	320.000000
0	15.706000	13.913043	240.000000	320.000000
0	15.737000	13.913043	240.000000	320.000000
0	15.768000	13.913043	240.000000	320.000000
0	15.799000	13.913043	240.000000	320.000000
0	15.830000	13.913043	240.000000	320.000000
0	15.862000	13.913043	240.000000	320.000000
0	15.908000	13.913043	240.000000	320.000000
0	15.940000	13.913043	240.000000	320.000000
0	15.971000	13.913043	240.000000	320.000000
0	16.002000	13.913043	240.000000	320.000000
0	16.033000	13.913043	240.000000	320.000000
0	16.064000	13.913043	240.000000	320.000000
0	16.096000	13.913043	240.000000	320.000000
0	16.142000	13.913043	240.000000	320.000000
0	16.174000	13.913043	240.000000	320.000000
0	16.205000	13.913043	240.000000	320.000000
0	16.236000	13.913043	240.000000	320.000000
0	16.267000	13.913043	240.000000	320.000000
0	16.298000	13.913043	240.000000	320.000000
0	16.330000	13.913043	240.000000	320.000000
0	16.376000	13.913043	240.000000	320.000000
0	16.408000	13.913043	240.000000	320.000000
0	16.439000	13.913043	240.000000	320.000000
0	16.470000	13.913043	240.000000	320.000000
0	16.501000	13.913043	240.000000	320.000000
0	16.532000	13.913043	240.000000	320.000000
0	16.564000	13.913043	240.000000	320.000000
0	16.595000	13.913043	240.000000	320.000000
0	16.642000	13.913043	240.000000	320.000000
0	16.673000	13.913043	240.000000	320.000000
0	16.704000	13.913043	240.000000	320.000000
0	16.735000	13.913043	240.000000	320.000000
0	16.766000	13.913043	240.000000	320.000000
0	16.798000	13.913043	240.000000	320.000000
0	16.829000	13.913043	240.000000	320.000000
0	16.876000	13.913043	240.000000	320.000000
0	16.907000	13.913043	240.000000	320.000000
0	16.938000	13.913043	240.000000	320.000000
0	16.969000	13.913043	240.000000	320.000000
0	17.000000	13.913043	240.000000	320.000000
0	17.032000	13.913043	240.000000	320.000000
0	17.063000	13.913043	240.000000	320.000000
0	17.094000	13.913043	240.000000	320.000000
0	17.141000	13.913043	240.000000	320.000000
0	17.172000	13.913043	240.000000	320.000000
0	17.203000	13.913043	240.000000	320.000000
0	17.234000	13.913043	240.000000	320.000000
0	17.266000	13.913043	240.000000	320.000000
0	17.297000	13.913043	240.000000	320.000000
0	17.328000	13.913043	240.000000	320.000000
0	17.375000	13.913043	240.000000	320.000000
0	17.406000	13.913043	240.000000	320.000000
0	17.437000	13.913043	240.000000	320.000000
0	17.468000	13.913043	240.000000	320.000000
0	17.500000	13.913043	240.000000	320.000000
0	17.531000	13.913043	240.000000	320.000000
0	17.562000	13.913043	240.000000	320.000000
0	17.609000	13.913043	240.000000	320.000000
0	17.640000	13.913043	240.000000	320.000000
0	17.671000	13.913043	240.000000	320.000000
0	17.702000	13.913043	240.000000	320.000000
0	17.734000	13.913043	240.000000	320.000000
0	17.765000	13.913043	240.000000	320.000000
0	17.796000	13.913043	240.000000	320.000000
0	17.827000	13.913043	240.000000	320.000000
0	17.874000	13.913043	240.000000	320.000000
0	17.905000	13.913043	240.000000	320.000000
0	17.936000	13.913043	240.000000	320.000000
0	17.968000	13.913043	240.000000	320.000000
0	17.999000	13.913043	240.000000	320.000000
<\LEFT-PUPIL-DATA>
<RIGHT-PUPIL-ANALYSIS>
1
0	0	17	542	0	0	0.509000	17.518999	0.510000	31625.173828	0.000000	0.000000	0.000000	0	1	1	1	1	0	0	0	0.000000	0.000000	0.000000	0.000000	0.000000	0.000000	0.000000	-1.000000	0.000000	1	1.496029	0.807942	1.757906	0.512698	0.267000	-0.512732	-1.599812	-1.000000	0.118835	1	1.496029	0.807942	1.757906	0.512698	0.267000	-0.525484	-1.599814	-1.000000	0.119194
<\RIGHT-PUPIL-ANALYSIS>
<LEFT-PUPIL-ANALYSIS>
1
0	0	17	542	0	0	0.509000	17.518999	0.510000	31625.173828	0.000000	0.000000	0.000000	0	1	1	1	1	0	0	0	0.000000	0.000000	0.000000	0.000000	0.000000	0.000000	0.000000	-1.000000	0.000000	0	-0.034783	-0.034783	0.000950	0.000950	0.002000	0.000000	0.000000	-1.000000	0.000000	1	-0.034783	-0.034783	0.000950	0.000950	0.002000	-1000000.000000	-1000000.000000	-1.000000	0.000000
<\LEFT-PUPIL-ANALYSIS>
%%%%%%%%%
%%%%%%%%%
%%%%%%%%%
%%%	Measurement Tiime is: 2017-09-05 10:40:02
%%%	Subject ID is: c57-1mois-M3-4.5r
%%%	Note: 
%%%	RSS: Default Human Relative Spectral Sensitivity
%%%	Pupil Analysis:
%%%
%%%
%%%
%%%	Pulse Index:	0
%%%	Stimulus Session Index:	0
%%%	Right Pupil Stimulated
%%%	Light Metric is Photopic
%%%	Stimulus Start Time(sec):	0.51
%%%	Stimulus Duration(sec):	17.52
%%%	Stimulus Pulse Duration(sec):	0.51
%%%	Right Pulse:	31625.17	(Red  )	-	0.00	(Red  )	[Lux ]
%%%	Left Pulse:	0.00	(Red  )	-	0.00	(Red  )	[Lux ]
%%%
%%%		RIGHT	LEFT	R.Pupil Mean	L.Pupil Mean	R.Stim Mean	R.Stim Mean
%%%	INPUT:	RAW DATA	RAW DATA
%%%	STATE:	ABNORMAL	ABNORMAL	ABNORMAL	ABNORMAL	ABNORMAL	ABNORMAL
%%%	MAX(mm):	0.00	0.00	0.00	0.00	0.00	0.00
%%%	MIN(mm):	0.00	0.00	0.00	0.00	0.00	0.00
%%%	DELTA(mm):						
%%%	CH(%):						
%%%	LAT(sec):	0.00	0.00	0.00	0.00	0.00	0.00
%%%	CV(mm/s):	0.00	0.00	0.00	0.00	0.00	0.00
%%%	MCV(mm/s):	0.00	0.00	0.00	0.00	0.00	0.00
%%%	DV(mm/s):	0.00	0.00	0.00	0.00	0.00	0.00
%%%%%%%%%
%%%%%%%%%
%%%%%%%%%
%%%	Right Pupil Profile (1st row -> 1 == valid tracking, 0 == invalid tracking; 2nd row -> time; 3rd row -> diameter (mm))
%%%	1	1	1	1	1	1	1	1	1	1	1	1	1	1	1	1	1	1	1	1	1	1	1	1	1	1	1	1	1	1	1	1	1	1	1	1	1	1	1	1	1	1	1	1	1	1	1	0	1	1	1	1	1	1	1	1	1	1	1	1	0	1	0	1	1	1	1	1	1	1	1	1	1	1	1	1	1	1	1	1	1	1	1	1	1	1	1	1	1	1	1	1	1	1	1	1	1	1	1	1	1	1	1	1	1	1	1	0	1	1	1	1	1	1	1	1	1	1	1	1	1	1	1	1	1	1	1	1	1	1	1	1	1	1	0	1	1	1	1	1	1	1	1	1	1	1	1	0	1	1	1	1	1	1	1	1	1	1	1	1	1	1	1	1	1	1	1	1	1	1	1	1	1	1	1	1	1	1	1	1	1	1	1	1	1	1	1	1	1	1	1	1	1	0	1	1	1	1	1	1	1	1	1	1	1	1	1	1	1	1	1	1	1	1	1	0	1	1	1	1	1	1	1	1	1	1	1	1	1	1	1	1	1	1	1	1	1	1	1	1	1	1	1	1	1	1	1	1	1	1	1	1	1	1	1	1	1	1	1	1	1	1	1	1	1	1	1	1	1	1	1	1	1	1	1	1	1	1	1	1	1	1	1	1	1	1	1	1	1	1	1	1	1	1	1	1	0	1	1	1	1	1	1	1	1	1	1	1	1	1	1	1	1	1	0	1	1	1	1	1	1	1	1	1	1	1	1	1	1	1	1	1	1	1	1	1	1	1	1	1	1	1	1	1	1	1	1	0	1	1	0	1	1	1	1	1	1	1	1	1	1	1	1	1	1	1	1	1	1	1	1	1	1	1	0	1	1	1	1	1	1	1	1	1	1	1	1	1	1	1	1	1	1	1	1	1	1	1	1	1	1	1	1	1	0	1	1	1	1	1	1	1	1	1	0	0	1	1	1	1	1	1	1	1	0	1	1	1	1	1	1	0	1	1	1	0	1	1	1	1	1	1	1	1	1	1	1	1	1	1	1	1	1	1	1	1	1	1	1	1	0	1	0	1	1	1	1	1	1	1	0	1	1	1	1	1	1	1	1	1	0	1	0	0	1	1	1	1	1	1	1	1	1	1	0	1	1	1	1	1	1	1	0	1	1	1	1	1	1	1	1	1	0	1	1	1	1	1	1	1	1	1	1	1	1	1	0	0	1	1	1	1	0	1	1	1	1	1	1	1	1	1	1
%%%	-0.066000	-0.035000	0.012000	0.043000	0.074000	0.106000	0.137000	0.168000	0.199000	0.246000	0.277000	0.308000	0.340000	0.371000	0.402000	0.433000	0.480000	0.511000	0.542000	0.574000	0.605000	0.636000	0.667000	0.698000	0.745000	0.776000	0.808000	0.839000	0.870000	0.901000	0.932000	0.979000	1.010000	1.042000	1.073000	1.104000	1.135000	1.166000	1.213000	1.244000	1.276000	1.307000	1.338000	1.369000	1.400000	1.432000	1.478000	1.510000	1.541000	1.572000	1.603000	1.634000	1.666000	1.712000	1.744000	1.775000	1.806000	1.837000	1.868000	1.900000	1.931000	1.978000	2.009000	2.040000	2.071000	2.102000	2.134000	2.165000	2.212000	2.243000	2.274000	2.305000	2.336000	2.368000	2.399000	2.446000	2.477000	2.508000	2.539000	2.570000	2.602000	2.633000	2.664000	2.711000	2.742000	2.773000	2.804000	2.836000	2.867000	2.898000	2.945000	2.976000	3.007000	3.038000	3.070000	3.101000	3.132000	3.179000	3.210000	3.241000	3.272000	3.304000	3.335000	3.366000	3.397000	3.444000	3.475000	3.506000	3.538000	3.569000	3.600000	3.631000	3.678000	3.709000	3.740000	3.772000	3.803000	3.834000	3.865000	3.896000	3.943000	3.974000	4.006000	4.037000	4.068000	4.099000	4.130000	4.177000	4.208000	4.240000	4.271000	4.302000	4.333000	4.364000	4.411000	4.442000	4.474000	4.505000	4.536000	4.567000	4.598000	4.630000	4.676000	4.708000	4.739000	4.770000	4.801000	4.832000	4.864000	4.910000	4.942000	4.973000	5.004000	5.035000	5.066000	5.098000	5.144000	5.176000	5.207000	5.238000	5.269000	5.300000	5.332000	5.363000	5.410000	5.441000	5.472000	5.503000	5.534000	5.566000	5.597000	5.644000	5.675000	5.706000	5.737000	5.768000	5.800000	5.831000	5.878000	5.909000	5.940000	5.971000	6.002000	6.034000	6.065000	6.096000	6.143000	6.174000	6.205000	6.236000	6.268000	6.299000	6.330000	6.377000	6.408000	6.439000	6.470000	6.502000	6.533000	6.564000	6.611000	6.642000	6.673000	6.704000	6.736000	6.767000	6.798000	6.829000	6.876000	6.907000	6.938000	6.970000	7.001000	7.032000	7.063000	7.110000	7.141000	7.172000	7.204000	7.235000	7.266000	7.297000	7.344000	7.375000	7.406000	7.438000	7.469000	7.500000	7.531000	7.562000	7.609000	7.640000	7.672000	7.703000	7.734000	7.765000	7.796000	7.828000	7.874000	7.906000	7.937000	7.968000	7.999000	8.030000	8.062000	8.108000	8.140000	8.171000	8.202000	8.233000	8.264000	8.296000	8.342000	8.374000	8.405000	8.436000	8.467000	8.498000	8.530000	8.561000	8.608000	8.639000	8.670000	8.701000	8.732000	8.764000	8.795000	8.842000	8.873000	8.904000	8.935000	8.966000	8.998000	9.029000	9.076000	9.107000	9.138000	9.169000	9.200000	9.232000	9.263000	9.294000	9.341000	9.372000	9.403000	9.434000	9.466000	9.497000	9.528000	9.575000	9.606000	9.637000	9.668000	9.700000	9.731000	9.762000	9.809000	9.840000	9.871000	9.902000	9.934000	9.965000	9.996000	10.027000	10.074000	10.105000	10.136000	10.168000	10.199000	10.230000	10.261000	10.308000	10.339000	10.370000	10.402000	10.433000	10.464000	10.495000	10.542000	10.573000	10.604000	10.636000	10.667000	10.698000	10.729000	10.760000	10.807000	10.838000	10.870000	10.901000	10.932000	10.963000	10.994000	11.041000	11.072000	11.104000	11.135000	11.166000	11.197000	11.228000	11.275000	11.306000	11.338000	11.369000	11.400000	11.431000	11.462000	11.494000	11.540000	11.572000	11.603000	11.634000	11.665000	11.696000	11.728000	11.759000	11.806000	11.837000	11.868000	11.899000	11.930000	11.962000	11.993000	12.040000	12.071000	12.102000	12.133000	12.164000	12.196000	12.227000	12.274000	12.305000	12.336000	12.367000	12.398000	12.430000	12.461000	12.492000	12.539000	12.570000	12.601000	12.632000	12.664000	12.695000	12.726000	12.773000	12.804000	12.835000	12.866000	12.898000	12.929000	12.960000	13.007000	13.038000	13.069000	13.100000	13.132000	13.163000	13.194000	13.225000	13.272000	13.303000	13.334000	13.366000	13.397000	13.428000	13.459000	13.506000	13.537000	13.568000	13.600000	13.631000	13.662000	13.693000	13.740000	13.771000	13.802000	13.834000	13.865000	13.896000	13.927000	13.958000	14.005000	14.036000	14.068000	14.099000	14.130000	14.161000	14.192000	14.239000	14.270000	14.302000	14.333000	14.364000	14.395000	14.426000	14.473000	14.504000	14.536000	14.567000	14.598000	14.629000	14.660000	14.692000	14.738000	14.770000	14.801000	14.832000	14.863000	14.894000	14.926000	14.972000	15.004000	15.035000	15.066000	15.097000	15.128000	15.160000	15.206000	15.238000	15.269000	15.300000	15.331000	15.362000	15.394000	15.425000	15.472000	15.503000	15.534000	15.565000	15.596000	15.628000	15.659000	15.706000	15.737000	15.768000	15.799000	15.830000	15.862000	15.893000	15.924000	15.971000	16.002000	16.033000	16.064000	16.096000	16.127000	16.158000	16.205000	16.236000	16.267000	16.298000	16.330000	16.361000	16.392000	16.439000	16.470000	16.501000	16.532000	16.564000	16.595000	16.626000	16.657000	16.704000	16.735000	16.766000	16.798000	16.829000	16.860000	16.891000	16.938000	16.969000	17.000000	17.032000	17.063000	17.094000	17.125000	17.156000	17.203000	17.234000	17.266000	17.297000	17.328000	17.359000	17.390000	17.437000	17.468000	17.500000	17.531000	17.562000	17.593000	17.624000	17.671000	17.702000	17.734000	17.765000	17.796000	17.827000	17.858000	17.890000	17.936000	17.968000	17.999000
%%%	1.503333	1.491884	1.513188	1.501449	1.490145	1.501449	1.521884	1.511594	1.502754	1.507246	1.495507	1.483768	1.501160	1.497101	1.536812	1.481594	1.489855	1.481449	1.490145	1.507246	1.437681	1.496667	1.485507	1.513188	1.503333	1.481449	1.463623	1.405507	1.327826	1.255362	1.275362	1.246667	1.181449	1.165797	1.142029	1.110290	1.100145	1.033623	1.043478	1.017826	0.998406	0.958116	0.964203	0.939275	0.928406	0.907102	0.886377	0.834783	0.839855	0.834783	0.858116	0.857971	0.827681	0.859710	0.857971	0.848841	0.834783	0.822754	0.829275	0.835942	0.533333	0.823188	0.474928	0.840145	0.801594	0.807971	0.824058	0.834783	0.822754	0.830435	0.839275	0.813623	0.820725	0.857971	0.857971	0.834783	0.846812	0.834783	0.847246	0.820580	0.846667	0.840145	0.834783	0.829275	0.861449	0.909275	0.851450	0.869565	0.869565	0.906232	0.870290	0.915797	0.931449	0.949420	0.927246	0.937971	0.939710	0.939710	0.922319	0.950725	0.959710	0.972464	0.954928	0.962319	0.971159	0.920580	0.968985	0.927536	0.955942	0.957681	0.956377	0.956522	0.894058	0.950725	0.975362	0.949710	0.982029	0.997246	0.953188	0.982609	0.973333	0.972754	0.973913	0.954928	0.970580	0.969565	0.951594	0.956522	0.973913	0.973333	0.969710	0.956522	0.973913	0.972754	0.927536	0.938551	1.008116	0.989710	0.920725	0.955507	0.957681	0.973913	0.977101	0.950725	0.970290	0.996667	0.973913	0.927536	0.970145	0.990145	0.962319	0.968116	0.956522	0.973913	0.973913	0.989710	1.007536	0.999420	1.008116	0.968551	0.969710	0.997247	1.001159	0.995072	1.002319	1.007536	0.991304	0.968551	1.002174	1.025507	0.997101	1.043478	1.031884	1.026667	1.020725	1.043478	1.033623	1.043478	1.003333	0.991884	1.040290	0.969710	1.035362	1.020290	1.043478	1.023333	0.990290	1.009420	0.998551	0.991304	1.008116	1.024493	1.008841	0.927536	1.008841	0.998841	1.000145	1.044638	1.044058	1.044638	1.024928	1.022319	1.007536	1.113043	1.049275	1.078841	1.037681	1.041594	1.030579	1.054928	1.068841	1.060870	1.060870	1.062029	1.062464	0.950725	1.066812	1.078261	1.096377	1.057971	1.053768	1.091884	1.079855	1.078841	1.095072	1.082319	1.100580	1.096232	1.100580	1.103623	1.117536	1.114638	1.124638	1.102899	1.114203	1.091449	1.136232	1.113043	1.155942	1.113043	1.098551	1.109275	1.113043	1.098841	1.133623	1.113043	1.089855	1.132029	1.113623	1.124638	1.132754	1.140725	1.136232	1.141449	1.131594	1.147826	1.113043	1.172174	1.205797	1.140870	1.168551	1.152319	1.166667	1.173768	1.159420	1.147826	1.156522	1.137536	1.142029	1.114058	1.113043	1.148986	1.109855	1.177681	1.111449	1.090725	1.117971	1.116812	1.121739	1.118406	1.089855	1.113623	1.111449	1.113043	1.113043	1.159420	1.164638	1.154928	1.148986	1.147826	1.182609	1.159420	1.146812	1.179855	1.174493	1.181449	1.322609	1.113043	1.203333	1.113043	1.113043	1.201014	1.177246	1.187536	1.225362	1.208551	1.206232	1.176667	1.211594	1.213043	1.237971	1.202754	1.269420	1.251594	1.298551	1.252754	1.251160	1.236812	1.276667	1.228841	1.242464	1.213768	1.248840	1.234783	1.230725	1.277246	1.239710	1.252754	1.257971	1.231159	1.239710	1.252174	1.234783	1.246377	1.269420	1.237536	1.222754	1.252174	1.257101	1.244058	1.231159	1.273333	1.252174	1.252174	1.263623	1.285797	1.251014	1.205797	1.246377	1.242754	1.113043	1.258116	1.252174	1.220580	1.225507	1.267971	1.237536	1.252174	1.274493	1.255362	1.228985	1.265942	1.292899	1.302319	1.288116	1.274493	1.284203	1.257536	1.266812	1.289855	1.291884	1.288406	1.298551	1.282464	1.118986	1.285362	1.283188	1.309275	1.285942	1.344928	1.298551	1.307681	1.289710	1.281884	1.275362	1.300580	1.286957	1.286377	1.286957	1.286957	1.292754	1.283333	1.284058	1.298551	1.295652	1.286377	1.298551	1.267971	1.285797	1.283188	1.288406	1.275362	1.283623	1.304348	1.653188	1.314203	1.322319	1.321739	1.275362	1.307681	1.283188	1.286812	1.326087	1.270145	1.484058	1.864638	1.292754	1.288116	1.292319	1.290290	1.290725	1.292899	1.307246	1.317971	1.205797	1.273333	1.292464	1.321739	1.296232	1.281594	1.287101	1.548840	1.298551	1.265797	1.321739	1.645654	1.274493	1.258406	1.318986	1.345072	1.303188	1.283333	1.321739	1.291884	1.391304	1.314203	1.324927	1.307246	1.356522	1.366377	1.329855	1.380725	1.353333	1.331449	1.333768	1.344058	1.365797	1.362319	1.391304	1.366377	1.556522	1.344493	1.979855	1.376812	1.414493	1.326232	1.370725	1.342029	1.328985	1.333188	1.955507	1.342899	1.362319	1.326232	1.327681	1.344058	1.368116	1.309275	1.358841	1.365797	1.901594	1.366377	1.845363	1.947826	1.344348	1.370145	1.335797	1.370725	1.364203	1.391304	1.379855	1.344058	1.374927	1.364203	1.526958	1.350580	1.344493	1.345072	1.381594	1.339855	1.357101	1.333768	1.915797	1.335942	1.344638	1.365797	1.310145	1.333623	1.362029	1.326667	1.337971	1.329421	1.329275	1.301594	1.321739	1.368116	1.326812	1.329855	1.332029	1.328985	1.329420	1.335942	1.328985	1.344058	1.361449	1.346812	1.974493	1.822754	1.391304	1.356522	1.344058	1.369565	1.762319	1.373913	1.391304	1.357101	1.377681	1.345072	1.346667	1.391304	1.344928	1.345072	1.380290
%%%	Left Pupil Profile (1st row -> 1 == valid tracking, 0 == invalid tracking; 2nd row -> time; 3rd row -> diameter (mm))
%%%	0	0	0	0	0	0	0	0	0	0	0	0	0	0	0	0	0	0	0	0	0	0	0	0	0	0	0	0	0	0	0	0	0	0	0	0	0	0	0	0	0	0	0	0	0	0	0	0	0	0	0	0	0	0	0	0	0	0	0	0	0	0	0	0	0	0	0	0	0	0	0	0	0	0	0	0	0	0	0	0	0	0	0	0	0	0	0	0	0	0	0	0	0	0	0	0	0	0	0	0	0	0	0	0	0	0	0	0	0	0	0	0	0	0	0	0	0	0	0	0	0	0	0	0	0	0	0	0	0	0	0	0	0	0	0	0	0	0	0	0	0	0	0	0	0	0	0	0	0	0	0	0	0	0	0	0	0	0	0	0	0	0	0	0	0	0	0	0	0	0	0	0	0	0	0	0	0	0	0	0	0	0	0	0	0	0	0	0	0	0	0	0	0	0	0	0	0	0	0	0	0	0	0	0	0	0	0	0	0	0	0	0	0	0	0	0	0	0	0	0	0	0	0	0	0	0	0	0	0	0	0	0	0	0	0	0	0	0	0	0	0	0	0	0	0	0	0	0	0	0	0	0	0	0	0	0	0	0	0	0	0	0	0	0	0	0	0	0	0	0	0	0	0	0	0	0	0	0	0	0	0	0	0	0	0	0	0	0	0	0	0	0	0	0	0	0	0	0	0	0	0	0	0	0	0	0	0	0	0	0	0	0	0	0	0	0	0	0	0	0	0	0	0	0	0	0	0	0	0	0	0	0	0	0	0	0	0	0	0	0	0	0	0	0	0	0	0	0	0	0	0	0	0	0	0	0	0	0	0	0	0	0	0	0	0	0	0	0	0	0	0	0	0	0	0	0	0	0	0	0	0	0	0	0	0	0	0	0	0	0	0	0	0	0	0	0	0	0	0	0	0	0	0	0	0	0	0	0	0	0	0	0	0	0	0	0	0	0	0	0	0	0	0	0	0	0	0	0	0	0	0	0	0	0	0	0	0	0	0	0	0	0	0	0	0	0	0	0	0	0	0	0	0	0	0	0	0	0	0	0	0	0	0	0	0	0	0	0	0	0	0	0	0	0	0	0	0	0	0	0	0	0	0	0	0	0	0	0	0	0	0	0	0	0	0	0	0	0	0	0	0	0	0	0	0	0	0	0	0	0	0	0	0	0	0	0	0	0	0	0	0	0	0	0	0	0	0	0	0	0	0	0	0	0	0	0	0	0	0	0	0	0	0
%%%	-0.050000	-0.019000	0.012000	0.043000	0.074000	0.106000	0.137000	0.184000	0.215000	0.246000	0.277000	0.308000	0.340000	0.371000	0.418000	0.449000	0.480000	0.511000	0.542000	0.574000	0.605000	0.652000	0.683000	0.714000	0.745000	0.776000	0.808000	0.839000	0.870000	0.917000	0.948000	0.979000	1.010000	1.042000	1.073000	1.104000	1.135000	1.182000	1.213000	1.244000	1.276000	1.307000	1.338000	1.369000	1.416000	1.447000	1.478000	1.510000	1.541000	1.572000	1.603000	1.650000	1.681000	1.712000	1.744000	1.775000	1.806000	1.837000	1.868000	1.915000	1.946000	1.978000	2.009000	2.040000	2.071000	2.102000	2.149000	2.180000	2.212000	2.243000	2.274000	2.305000	2.336000	2.383000	2.414000	2.446000	2.477000	2.508000	2.539000	2.570000	2.602000	2.648000	2.680000	2.711000	2.742000	2.773000	2.804000	2.836000	2.882000	2.914000	2.945000	2.976000	3.007000	3.038000	3.070000	3.116000	3.148000	3.179000	3.210000	3.241000	3.272000	3.304000	3.335000	3.382000	3.413000	3.444000	3.475000	3.506000	3.538000	3.569000	3.616000	3.647000	3.678000	3.709000	3.740000	3.772000	3.803000	3.850000	3.881000	3.912000	3.943000	3.974000	4.006000	4.037000	4.068000	4.115000	4.146000	4.177000	4.208000	4.240000	4.271000	4.302000	4.349000	4.380000	4.411000	4.442000	4.474000	4.505000	4.536000	4.583000	4.614000	4.645000	4.676000	4.708000	4.739000	4.770000	4.801000	4.848000	4.879000	4.910000	4.942000	4.973000	5.004000	5.035000	5.082000	5.113000	5.144000	5.176000	5.207000	5.238000	5.269000	5.300000	5.347000	5.378000	5.410000	5.441000	5.472000	5.503000	5.534000	5.581000	5.612000	5.644000	5.675000	5.706000	5.737000	5.768000	5.800000	5.846000	5.878000	5.909000	5.940000	5.971000	6.002000	6.034000	6.080000	6.112000	6.143000	6.174000	6.205000	6.236000	6.268000	6.314000	6.346000	6.377000	6.408000	6.439000	6.470000	6.502000	6.533000	6.580000	6.611000	6.642000	6.673000	6.704000	6.736000	6.767000	6.814000	6.845000	6.876000	6.907000	6.938000	6.970000	7.001000	7.048000	7.079000	7.110000	7.141000	7.172000	7.204000	7.235000	7.266000	7.313000	7.344000	7.375000	7.406000	7.438000	7.469000	7.500000	7.547000	7.578000	7.609000	7.640000	7.672000	7.703000	7.734000	7.781000	7.812000	7.843000	7.874000	7.906000	7.937000	7.968000	7.999000	8.046000	8.077000	8.108000	8.140000	8.171000	8.202000	8.233000	8.280000	8.311000	8.342000	8.374000	8.405000	8.436000	8.467000	8.514000	8.545000	8.576000	8.608000	8.639000	8.670000	8.701000	8.732000	8.779000	8.810000	8.842000	8.873000	8.904000	8.935000	8.966000	9.013000	9.044000	9.076000	9.107000	9.138000	9.169000	9.200000	9.232000	9.278000	9.310000	9.341000	9.372000	9.403000	9.434000	9.466000	9.512000	9.544000	9.575000	9.606000	9.637000	9.668000	9.700000	9.746000	9.778000	9.809000	9.840000	9.871000	9.902000	9.934000	9.965000	10.012000	10.043000	10.074000	10.105000	10.136000	10.168000	10.199000	10.246000	10.277000	10.308000	10.339000	10.370000	10.402000	10.433000	10.464000	10.511000	10.542000	10.573000	10.604000	10.636000	10.667000	10.698000	10.745000	10.776000	10.807000	10.838000	10.870000	10.901000	10.932000	10.979000	11.010000	11.041000	11.072000	11.104000	11.135000	11.166000	11.197000	11.244000	11.275000	11.306000	11.338000	11.369000	11.400000	11.431000	11.478000	11.509000	11.540000	11.572000	11.603000	11.634000	11.665000	11.712000	11.743000	11.774000	11.806000	11.837000	11.868000	11.899000	11.930000	11.977000	12.008000	12.040000	12.071000	12.102000	12.133000	12.164000	12.211000	12.242000	12.274000	12.305000	12.336000	12.367000	12.398000	12.445000	12.476000	12.508000	12.539000	12.570000	12.601000	12.632000	12.664000	12.710000	12.742000	12.773000	12.804000	12.835000	12.866000	12.898000	12.944000	12.976000	13.007000	13.038000	13.069000	13.100000	13.132000	13.163000	13.210000	13.241000	13.272000	13.303000	13.334000	13.366000	13.397000	13.444000	13.475000	13.506000	13.537000	13.568000	13.600000	13.631000	13.678000	13.709000	13.740000	13.771000	13.802000	13.834000	13.865000	13.896000	13.943000	13.974000	14.005000	14.036000	14.068000	14.099000	14.130000	14.177000	14.208000	14.239000	14.270000	14.302000	14.333000	14.364000	14.411000	14.442000	14.473000	14.504000	14.536000	14.567000	14.598000	14.629000	14.676000	14.707000	14.738000	14.770000	14.801000	14.832000	14.863000	14.910000	14.941000	14.972000	15.004000	15.035000	15.066000	15.097000	15.128000	15.175000	15.206000	15.238000	15.269000	15.300000	15.331000	15.362000	15.409000	15.440000	15.472000	15.503000	15.534000	15.565000	15.596000	15.643000	15.674000	15.706000	15.737000	15.768000	15.799000	15.830000	15.862000	15.908000	15.940000	15.971000	16.002000	16.033000	16.064000	16.096000	16.142000	16.174000	16.205000	16.236000	16.267000	16.298000	16.330000	16.376000	16.408000	16.439000	16.470000	16.501000	16.532000	16.564000	16.595000	16.642000	16.673000	16.704000	16.735000	16.766000	16.798000	16.829000	16.876000	16.907000	16.938000	16.969000	17.000000	17.032000	17.063000	17.094000	17.141000	17.172000	17.203000	17.234000	17.266000	17.297000	17.328000	17.375000	17.406000	17.437000	17.468000	17.500000	17.531000	17.562000	17.609000	17.640000	17.671000	17.702000	17.734000	17.765000	17.796000	17.827000	17.874000	17.905000	17.936000	17.968000	17.999000
%%%	13.913043	13.913043	13.913043	13.913043	13.913043	13.913043	13.913043	13.913043	13.913043	13.913043	13.913043	13.913043	13.913043	13.913043	13.913043	13.913043	13.913043	13.913043	13.913043	13.913043	13.913043	13.913043	13.913043	13.913043	13.913043	13.913043	13.913043	13.913043	13.913043	13.913043	13.913043	13.913043	13.913043	13.913043	13.913043	13.913043	13.913043	13.913043	13.913043	13.913043	13.913043	13.913043	13.913043	13.913043	13.913043	13.913043	13.913043	13.913043	13.913043	13.913043	13.913043	13.913043	13.913043	13.913043	13.913043	13.913043	13.913043	13.913043	13.913043	13.913043	13.913043	13.913043	13.913043	13.913043	13.913043	13.913043	13.913043	13.913043	13.913043	13.913043	13.913043	13.913043	13.913043	13.913043	13.913043	13.913043	13.913043	13.913043	13.913043	13.913043	13.913043	13.913043	13.913043	13.913043	13.913043	13.913043	13.913043	13.913043	13.913043	13.913043	13.913043	13.913043	13.913043	13.913043	13.913043	13.913043	13.913043	13.913043	13.913043	13.913043	13.913043	13.913043	13.913043	13.913043	13.913043	13.913043	13.913043	13.913043	13.913043	13.913043	13.913043	13.913043	13.913043	13.913043	13.913043	13.913043	13.913043	13.913043	13.913043	13.913043	13.913043	13.913043	13.913043	13.913043	13.913043	13.913043	13.913043	13.913043	13.913043	13.913043	13.913043	13.913043	13.913043	13.913043	13.913043	13.913043	13.913043	13.913043	13.913043	13.913043	13.913043	13.913043	13.913043	13.913043	13.913043	13.913043	13.913043	13.913043	13.913043	13.913043	13.913043	13.913043	13.913043	13.913043	13.913043	13.913043	13.913043	13.913043	13.913043	13.913043	13.913043	13.913043	13.913043	13.913043	13.913043	13.913043	13.913043	13.913043	13.913043	13.913043	13.913043	13.913043	13.913043	13.913043	13.913043	13.913043	13.913043	13.913043	13.913043	13.913043	13.913043	13.913043	13.913043	13.913043	13.913043	13.913043	13.913043	13.913043	13.913043	13.913043	13.913043	13.913043	13.913043	13.913043	13.913043	13.913043	13.913043	13.913043	13.913043	13.913043	13.913043	13.913043	13.913043	13.913043	13.913043	13.913043	13.913043	13.913043	13.913043	13.913043	13.913043	13.913043	13.913043	13.913043	13.913043	13.913043	13.913043	13.913043	13.913043	13.913043	13.913043	13.913043	13.913043	13.913043	13.913043	13.913043	13.913043	13.913043	13.913043	13.913043	13.913043	13.913043	13.913043	13.913043	13.913043	13.913043	13.913043	13.913043	13.913043	13.913043	13.913043	13.913043	13.913043	13.913043	13.913043	13.913043	13.913043	13.913043	13.913043	13.913043	13.913043	13.913043	13.913043	13.913043	13.913043	13.913043	13.913043	13.913043	13.913043	13.913043	13.913043	13.913043	13.913043	13.913043	13.913043	13.913043	13.913043	13.913043	13.913043	13.913043	13.913043	13.913043	13.913043	13.913043	13.913043	13.913043	13.913043	13.913043	13.913043	13.913043	13.913043	13.913043	13.913043	13.913043	13.913043	13.913043	13.913043	13.913043	13.913043	13.913043	13.913043	13.913043	13.913043	13.913043	13.913043	13.913043	13.913043	13.913043	13.913043	13.913043	13.913043	13.913043	13.913043	13.913043	13.913043	13.913043	13.913043	13.913043	13.913043	13.913043	13.913043	13.913043	13.913043	13.913043	13.913043	13.913043	13.913043	13.913043	13.913043	13.913043	13.913043	13.913043	13.913043	13.913043	13.913043	13.913043	13.913043	13.913043	13.913043	13.913043	13.913043	13.913043	13.913043	13.913043	13.913043	13.913043	13.913043	13.913043	13.913043	13.913043	13.913043	13.913043	13.913043	13.913043	13.913043	13.913043	13.913043	13.913043	13.913043	13.913043	13.913043	13.913043	13.913043	13.913043	13.913043	13.913043	13.913043	13.913043	13.913043	13.913043	13.913043	13.913043	13.913043	13.913043	13.913043	13.913043	13.913043	13.913043	13.913043	13.913043	13.913043	13.913043	13.913043	13.913043	13.913043	13.913043	13.913043	13.913043	13.913043	13.913043	13.913043	13.913043	13.913043	13.913043	13.913043	13.913043	13.913043	13.913043	13.913043	13.913043	13.913043	13.913043	13.913043	13.913043	13.913043	13.913043	13.913043	13.913043	13.913043	13.913043	13.913043	13.913043	13.913043	13.913043	13.913043	13.913043	13.913043	13.913043	13.913043	13.913043	13.913043	13.913043	13.913043	13.913043	13.913043	13.913043	13.913043	13.913043	13.913043	13.913043	13.913043	13.913043	13.913043	13.913043	13.913043	13.913043	13.913043	13.913043	13.913043	13.913043	13.913043	13.913043	13.913043	13.913043	13.913043	13.913043	13.913043	13.913043	13.913043	13.913043	13.913043	13.913043	13.913043	13.913043	13.913043	13.913043	13.913043	13.913043	13.913043	13.913043	13.913043	13.913043	13.913043	13.913043	13.913043	13.913043	13.913043	13.913043	13.913043	13.913043	13.913043	13.913043	13.913043	13.913043	13.913043	13.913043	13.913043	13.913043	13.913043	13.913043	13.913043	13.913043	13.913043	13.913043	13.913043	13.913043	13.913043	13.913043	13.913043	13.913043	13.913043	13.913043	13.913043	13.913043	13.913043	13.913043	13.913043	13.913043	13.913043	13.913043	13.913043	13.913043	13.913043	13.913043	13.913043	13.913043	13.913043	13.913043	13.913043	13.913043	13.913043	13.913043	13.913043	13.913043	13.913043	13.913043	13.913043	13.913043	13.913043	13.913043	13.913043	13.913043	13.913043	13.913043	13.913043	13.913043	13.913043	13.913043	13.913043	13.913043	13.913043	13.913043	13.913043	13.913043	13.913043	13.913043	13.913043	13.913043	13.913043	13.913043	13.913043	13.913043	13.913043	13.913043	13.913043	13.913043	13.913043	13.913043	13.913043	13.913043	13.913043	13.913043	13.913043
%%%	Pulse Index	Stimulus Section Index	Stimulus Section Start Index	Stimulus Section End Index	Pupil Stimulated: 0 = Right, 1 = Left, 2 = Both	Light Metric: 0 = Photopic, 1 = Scopotic, 2 = Radiometric	Stimulus Start Time	Stimulus Duration	Stimulus Pulse Duration	Right Pulse Max Level	Right Pulse Max Color (0123 = WRGB)	Right Pulse Min Level	Right Pulse Min Color (0123 = WRGB)	Left Pulse Max Level	Left Pulse Max Color (0123 = WRGB)	Left Pulse Min Level	Left Pulse Min Color (0123 = WRGB)	Right Data Input Type (0 == RAW DATA, 1 == FITTED DATA, 2 == M. OVERRIDED)	Right ANALYSIS STATE (0 == ABNORMAL, 1 == NORMAL)	Right MAX (mm) (EMPTY if INVALID)	Right MIN (mm) (EMPTY if INVALID)	Right DELTA (mm) (EMPTY if INVALID)	Right CH (%) (EMPTY if INVALID)	Right LAT (sec) (EMPTY if INVALID)	Right CV (mm/s) (EMPTY if INVALID)	Right MCV (mm/s) (EMPTY if INVALID)	Right DV (mm/s) (EMPTY if INVALID)	Left Data Input Type (0 == RAW DATA, 1 == FITTED DATA, 2 == M. OVERRIDED)	Left ANALYSIS STATE (0 == ABNORMAL, 1 == NORMAL)	Left MAX (mm) (EMPTY if INVALID)	Left MIN (mm) (EMPTY if INVALID)	Left DELTA (mm) (EMPTY if INVALID)	Left CH (%) (EMPTY if INVALID)	Left LAT (sec) (EMPTY if INVALID)	Left CV (mm/s) (EMPTY if INVALID)	Left MCV (mm/s) (EMPTY if INVALID)	Left DV (mm/s) (EMPTY if INVALID)
%%%	0	0	17	542	0	0	0.51	17.52	0.51	31625.17	1	0.00	1	0.00	1	0.00	1	0	0	0.00	0.00			0.00	0.00	0.00	0.00	0	0	0.00	0.00			0.00	0.00	0.00	0.00
%%%%%%%%%
%%%%%%%%%
%%%%%%%%%
<\SESSION>
