<SESSION>
<VERSION>
2
<\VERSION>
<DATE>
2017-09-05 10:17:34
<\DATE>
<SUBJECT-ID>
c57-1mois-M2-1.2r
<\SUBJECT-ID>
<NOTE>

<\NOTE>
<MIN-MAX-PLOT>
0.100000 51880.761719
<\MIN-MAX-PLOT>
<STIMULUS-DEFINED>
Default
Default Human Relative Spectral Sensitivity
1	0
1	0.500000	0.500000	17.000000	1	1	1.200000	-100.000000	0.100000	-100.000000	0
<\STIMULUS-DEFINED>
<STIMULUS-GENERATED>
4
0	0	0.000000	1	0.000000	0.000000	1	0.000000	0.000000
0	1	0.509000	1	0.065221	15.983889	1	0.000000	0.000000
0	4	1.019000	1	0.000000	0.000000	1	0.000000	0.000000
-1	5	18.028000	0	0.000000	0.000000	0	0.000000	0.000000
<\STIMULUS-GENERATED>
<RIGHT-PUPIL-DATA>
543	1
1	-0.065000	1.415072	295.387512	331.649963
1	-0.034000	1.384203	295.093750	331.781250
1	0.013000	1.427246	295.774994	331.475006
1	0.044000	1.378406	295.131256	332.131256
1	0.075000	1.375073	295.824982	331.975006
0	0.107000	1.679275	295.256256	324.056244
0	0.138000	1.307246	296.750000	330.750000
1	0.169000	1.356522	296.000000	332.000000
1	0.200000	1.370145	295.062500	331.937500
1	0.247000	1.335362	293.562500	331.562500
1	0.278000	1.344928	294.500000	331.500000
1	0.309000	1.332753	295.499939	331.199768
1	0.341000	1.325362	296.375000	330.500000
1	0.372000	1.379855	295.843750	331.206238
1	0.403000	1.403623	295.468719	331.718781
1	0.434000	1.408116	296.312500	331.549988
1	0.465000	1.415797	295.656250	331.656250
1	0.512000	1.333333	293.500000	330.500000
1	0.543000	1.426087	293.500000	330.500000
1	0.575000	1.426087	295.250000	332.750000
1	0.606000	1.423913	295.243744	332.243744
1	0.637000	1.433623	294.899994	331.649994
1	0.668000	1.426087	295.000000	332.000000
1	0.699000	1.451160	296.131256	330.868744
1	0.746000	1.379565	295.868744	330.943756
1	0.777000	1.415942	294.637512	331.637512
1	0.809000	1.402899	294.925110	331.524963
1	0.840000	1.344493	294.806244	331.681244
1	0.871000	1.240580	293.500000	330.500000
1	0.902000	1.246377	296.375000	330.375000
1	0.933000	1.212319	296.456238	330.906250
1	0.980000	1.185507	295.750000	330.500000
1	1.011000	1.147826	297.500000	330.500000
1	1.043000	1.136377	296.156250	330.531250
1	1.074000	1.067971	297.306213	331.293762
1	1.105000	1.100145	294.818909	331.793701
1	1.136000	1.095652	294.000000	331.500000
1	1.167000	1.061014	295.243744	331.743744
1	1.199000	1.031449	296.431244	331.356232
1	1.245000	1.037681	296.500000	331.000000
1	1.277000	1.042029	295.625000	331.375000
1	1.308000	1.081449	296.462494	330.975006
1	1.339000	0.996667	295.931244	332.431244
1	1.370000	1.016812	295.375000	333.125000
1	1.401000	0.985942	295.256256	333.306244
1	1.433000	1.055362	294.587494	333.762482
1	1.479000	1.035507	295.143738	332.656250
1	1.511000	1.061014	295.743744	332.743744
1	1.542000	1.049420	295.331238	332.543762
1	1.573000	1.089855	295.500000	332.500000
1	1.604000	1.137971	295.350006	332.600006
1	1.635000	1.078261	296.000000	332.000000
1	1.667000	1.135942	295.462494	332.774994
1	1.713000	1.140725	296.156250	332.406250
1	1.745000	1.104928	295.062500	333.625000
1	1.776000	1.113043	295.500000	332.500000
1	1.807000	1.146812	295.543732	332.631256
0	1.838000	0.962319	297.500000	330.500000
0	1.869000	1.055072	296.500000	331.500000
1	1.901000	1.130435	297.000000	332.000000
1	1.932000	1.088551	296.193787	332.443604
1	1.979000	1.082029	295.549988	333.012512
1	2.010000	1.097536	295.656250	333.268738
1	2.041000	1.114203	294.975006	332.975006
1	2.072000	1.129565	295.562439	332.274963
1	2.103000	1.107102	296.156250	332.043762
1	2.135000	1.118116	295.931183	331.031281
1	2.166000	1.137536	295.206238	332.156250
1	2.213000	1.121159	296.625000	332.062500
1	2.244000	1.147826	293.500000	330.500000
1	2.275000	1.159420	295.500000	332.500000
1	2.306000	1.159710	295.162506	333.337494
1	2.337000	1.155362	295.350006	333.225006
1	2.369000	1.192464	295.149994	332.850006
1	2.400000	1.194638	295.568756	332.568756
1	2.447000	1.217391	295.500000	332.500000
1	2.478000	1.147826	297.500000	330.500000
1	2.509000	1.192899	295.906250	332.156250
1	2.540000	1.191884	295.174988	333.125000
1	2.571000	1.239710	294.937500	332.687500
1	2.603000	1.181159	294.625000	333.375000
1	2.634000	1.211594	294.500000	333.000000
1	2.665000	1.258116	293.793762	333.043762
1	2.712000	1.202319	294.499969	332.225006
1	2.743000	1.177246	294.318756	332.631256
1	2.774000	1.192899	294.906250	332.843750
1	2.805000	1.194203	295.000000	333.000000
1	2.837000	1.203623	294.731262	332.293823
1	2.868000	1.211449	294.843750	333.156250
1	2.899000	1.228985	294.750000	333.750000
1	2.946000	1.240580	293.500000	334.500000
1	2.977000	1.228841	294.093750	334.093750
1	3.008000	1.223333	294.593750	332.581238
1	3.039000	1.240580	294.500000	333.500000
1	3.071000	1.246667	294.337494	332.524994
1	3.102000	1.191884	295.125000	332.937500
1	3.133000	1.200580	295.250000	333.687500
1	3.180000	1.243478	293.750000	333.750000
1	3.211000	1.188841	294.118774	333.918823
1	3.242000	1.201594	294.781250	334.468750
1	3.273000	1.235362	293.812500	334.625000
1	3.305000	1.229855	294.312500	333.687500
1	3.336000	1.224927	294.350006	333.537506
1	3.367000	1.200000	294.875000	334.625000
1	3.398000	1.181449	295.600006	332.712494
1	3.445000	1.237971	294.824982	333.412506
1	3.476000	1.220580	294.037506	333.212494
1	3.507000	1.217391	295.500000	332.500000
1	3.539000	1.226667	293.937500	333.500000
1	3.570000	1.281014	294.031250	333.956238
1	3.601000	1.240580	294.000000	333.000000
1	3.632000	1.286957	294.500000	335.500000
1	3.663000	1.283188	294.000000	333.849976
1	3.710000	1.231159	294.706238	333.293762
1	3.741000	1.242319	294.725006	334.100006
1	3.773000	1.298551	295.500000	333.500000
1	3.804000	1.240580	294.000000	334.000000
1	3.835000	1.269565	294.000000	335.000000
0	3.866000	1.114058	294.506256	332.493744
1	3.897000	1.286957	292.500000	335.500000
1	3.944000	1.252754	294.424988	335.049988
1	3.975000	1.242319	293.274994	334.350006
1	4.007000	1.256232	294.274994	335.050018
1	4.038000	1.217391	293.750000	335.750000
1	4.069000	1.263623	293.543762	335.843750
1	4.100000	1.257681	293.337494	335.662506
1	4.131000	1.251594	293.375000	336.437500
1	4.178000	1.263768	293.000000	335.000000
1	4.209000	1.218551	294.087494	336.475006
1	4.241000	1.217391	293.000000	335.000000
1	4.272000	1.191884	294.862488	335.875000
1	4.303000	1.194058	294.593750	335.593750
1	4.334000	1.211449	293.843750	334.843750
1	4.365000	1.208116	294.625000	336.312500
1	4.397000	1.168406	293.737518	336.262482
1	4.443000	1.235942	293.649994	336.837494
1	4.475000	1.227536	293.625000	337.625000
1	4.506000	1.217391	293.500000	338.500000
1	4.537000	1.229275	293.337494	337.337494
1	4.568000	1.216812	294.750000	337.125000
1	4.599000	1.194203	294.500000	335.500000
1	4.631000	1.246377	294.500000	337.500000
1	4.677000	1.220580	293.787506	336.962494
1	4.709000	1.265362	294.231232	337.568756
1	4.740000	1.262319	293.237488	338.137512
1	4.771000	1.267971	293.218750	337.393738
0	4.802000	1.333333	293.500000	334.500000
1	4.833000	1.251014	293.399994	337.399994
0	4.865000	1.240580	293.500000	334.500000
1	4.911000	1.256667	293.806244	337.443756
1	4.943000	1.266812	293.906250	337.206238
1	4.974000	1.258116	293.656250	337.656250
1	5.005000	1.242899	293.625000	337.375000
1	5.036000	1.274638	293.668762	338.331238
1	5.067000	1.259710	292.850006	339.475006
1	5.099000	1.239710	293.437500	338.375000
1	5.130000	1.225362	293.956238	337.706238
1	5.177000	1.218406	293.543732	337.818756
1	5.208000	1.228985	293.500000	337.500000
1	5.239000	1.194203	294.500000	337.500000
1	5.270000	1.286957	294.500000	338.500000
1	5.301000	1.229420	294.493744	337.931244
1	5.333000	1.211449	293.906250	337.906250
1	5.364000	1.263623	292.906250	338.906250
1	5.411000	1.217391	293.250000	337.750000
1	5.442000	1.222899	293.975006	337.587494
1	5.473000	1.260870	294.000000	338.500000
1	5.504000	1.268406	293.225006	338.824982
1	5.535000	1.226667	294.062500	338.500000
1	5.567000	1.252899	293.356262	338.356262
1	5.598000	1.271159	293.343750	338.831238
1	5.645000	1.238406	293.543762	338.781250
1	5.676000	1.300580	292.937500	339.937500
1	5.707000	1.286957	293.000000	340.000000
1	5.738000	1.281159	294.000000	339.000000
1	5.769000	1.326667	293.437500	339.437500
1	5.801000	1.251594	293.375000	338.375000
1	5.832000	1.272319	292.843750	339.331238
1	5.863000	1.257681	292.662506	338.912506
1	5.910000	1.220580	293.412506	339.037506
1	5.941000	1.216232	292.899994	339.100006
1	5.972000	1.238406	292.543762	339.406250
1	6.003000	1.203188	292.712494	339.712494
1	6.035000	1.205797	293.125000	339.625000
1	6.066000	1.181014	293.018738	339.431152
1	6.097000	1.164203	293.731232	338.456268
0	6.144000	1.147826	297.500000	338.500000
1	6.175000	1.185797	293.537506	338.462494
1	6.206000	1.182609	292.500000	339.500000
1	6.237000	1.211449	292.906250	339.656250
1	6.269000	1.217391	293.000000	340.000000
1	6.300000	1.199420	292.625000	340.375000
1	6.331000	1.204783	292.531250	339.981262
1	6.378000	1.173768	293.868744	340.868744
1	6.409000	1.204928	293.000000	339.750000
1	6.440000	1.238551	293.187500	339.799988
1	6.471000	1.251594	293.000000	339.437500
1	6.503000	1.234203	293.875000	339.625000
1	6.534000	1.228985	293.062500	339.362488
1	6.565000	1.223333	292.968750	339.781250
1	6.596000	1.217391	293.000000	341.000000
1	6.643000	1.255507	292.006256	340.393768
1	6.674000	1.217391	293.500000	338.500000
1	6.705000	1.229275	292.662506	339.837494
1	6.737000	1.237681	293.250000	339.500000
1	6.768000	1.234783	293.000000	339.500000
1	6.799000	1.270725	293.274994	339.100006
1	6.830000	1.284638	293.574982	338.774994
1	6.877000	1.240290	293.087494	339.087494
1	6.908000	1.234783	293.875000	338.625000
1	6.939000	1.240580	292.500000	337.500000
1	6.971000	1.257971	292.125000	339.875000
1	7.002000	1.228985	292.750000	339.750000
1	7.033000	1.229855	293.812500	338.062500
1	7.064000	1.252174	292.750000	339.750000
1	7.111000	1.266232	293.131256	339.181244
1	7.142000	1.240580	292.500000	337.500000
1	7.173000	1.232029	293.093750	339.656250
1	7.205000	1.216232	293.100006	339.512482
1	7.236000	1.217391	292.250000	340.250000
1	7.267000	1.242319	292.350006	340.399994
1	7.298000	1.238986	292.431244	339.568756
1	7.329000	1.233623	292.274994	338.899994
1	7.376000	1.238116	292.618744	338.381256
1	7.407000	1.237536	292.468750	339.406250
1	7.439000	1.234783	292.500000	339.500000
1	7.470000	1.237681	292.550018	338.750092
1	7.501000	1.286957	292.500000	339.500000
1	7.532000	1.248406	292.437500	339.437500
1	7.563000	1.147826	293.500000	338.500000
1	7.610000	1.240725	291.606262	340.393738
1	7.641000	1.208841	292.618744	338.806244
1	7.673000	1.257536	292.318756	339.318756
1	7.704000	1.223188	292.625000	338.875000
1	7.735000	1.285797	292.975006	339.887482
1	7.766000	1.274493	292.737488	340.187500
1	7.797000	1.257101	292.312500	340.062500
1	7.829000	1.245362	292.343750	341.093750
1	7.875000	1.264638	292.437500	341.562500
1	7.907000	1.262899	292.162506	341.912506
1	7.938000	1.252174	291.500000	341.500000
1	7.969000	1.252754	291.612488	341.625000
1	8.000000	1.264493	292.218750	342.556274
1	8.031000	1.260725	292.118744	342.306244
1	8.063000	1.263623	291.843750	342.456238
1	8.109000	1.273333	292.000000	342.262512
1	8.141000	1.261159	291.337494	342.475006
1	8.172000	1.278261	291.000000	342.750000
1	8.203000	1.286377	291.000000	343.000000
1	8.234000	1.286957	291.000000	343.000000
1	8.265000	1.240580	292.000000	342.000000
1	8.297000	1.252174	291.625000	342.375000
1	8.328000	1.265362	291.806244	341.806244
0	8.375000	1.240580	293.500000	338.500000
1	8.406000	1.228985	292.187500	339.437500
1	8.437000	1.269565	291.000000	342.000000
1	8.468000	1.265362	292.568756	341.568756
0	8.499000	1.609855	294.350006	333.887482
1	8.531000	1.252174	291.250000	340.250000
1	8.562000	1.267246	291.600006	342.212494
1	8.609000	1.257101	291.687500	341.687500
1	8.640000	1.248840	291.443756	341.443756
1	8.671000	1.257246	292.581238	341.781250
1	8.702000	1.269855	292.112488	342.250000
1	8.733000	1.257681	291.662506	342.587494
1	8.765000	1.294493	291.350006	341.850006
1	8.796000	1.280290	292.000031	342.225006
1	8.843000	1.292754	291.500000	342.000000
1	8.874000	1.284928	291.524994	342.162506
1	8.905000	1.274638	291.331238	342.668762
1	8.936000	1.281014	292.031250	341.968750
1	8.967000	1.298986	291.806244	341.806244
1	8.999000	1.284203	291.968750	341.531250
1	9.030000	1.300580	291.812500	340.750000
1	9.061000	1.322754	292.068756	341.518768
1	9.108000	1.220145	292.781250	339.531250
1	9.139000	1.264203	292.293732	341.181244
1	9.170000	1.307246	291.750000	341.750000
1	9.201000	1.278841	291.750000	342.375000
1	9.233000	1.286232	292.518738	341.893738
1	9.264000	1.252174	291.500000	341.500000
1	9.295000	1.243478	292.000000	341.500000
1	9.342000	1.251014	292.600006	341.712494
0	9.373000	1.240580	293.500000	338.500000
1	9.404000	1.242899	292.375000	341.625000
1	9.435000	1.232029	292.656250	341.656250
1	9.467000	1.212029	292.181244	342.181244
1	9.498000	1.259420	291.875000	342.000000
1	9.529000	1.238116	291.806244	343.193756
1	9.576000	1.245072	290.893738	343.343750
1	9.607000	1.263623	291.593750	342.093750
1	9.638000	1.268986	291.799988	342.099976
1	9.669000	1.272319	291.968750	343.331238
1	9.701000	1.281884	292.018738	342.781250
1	9.732000	1.256667	292.106232	342.443756
1	9.763000	1.171159	291.543732	340.581268
1	9.794000	1.248840	291.443756	342.556244
1	9.841000	1.265942	291.543762	343.543762
1	9.872000	1.286957	292.000000	344.000000
1	9.903000	1.257536	291.681244	342.681244
1	9.935000	1.298551	292.500000	342.500000
1	9.966000	1.307971	292.718750	342.831238
1	9.997000	1.299420	292.312500	342.312500
1	10.028000	1.264058	292.412506	343.149994
1	10.075000	1.265942	292.543762	342.831238
1	10.106000	1.286957	292.500000	343.500000
1	10.137000	1.243478	291.750000	342.750000
1	10.169000	1.286377	292.000000	343.500000
0	10.200000	1.333333	293.500000	346.500000
1	10.231000	1.263623	292.156250	342.656250
1	10.262000	1.286957	292.125000	343.125000
1	10.309000	1.290580	291.956238	342.956238
1	10.340000	1.283623	291.993744	342.993744
1	10.371000	1.286812	291.131256	343.493744
1	10.403000	1.299855	291.806244	344.056244
1	10.434000	1.285942	291.993744	343.993744
1	10.465000	1.274493	290.825043	344.212494
1	10.496000	1.274638	291.331238	344.331238
1	10.527000	1.284203	291.831238	343.968750
1	10.574000	1.286957	292.000000	343.000000
1	10.605000	1.253188	291.743744	342.568756
1	10.637000	1.272319	291.843750	343.093750
1	10.668000	1.249420	291.656250	342.343750
1	10.699000	1.298551	291.500000	342.500000
1	10.730000	1.226087	292.500000	342.000000
1	10.761000	1.240290	292.412506	342.412506
1	10.808000	1.252754	292.000000	343.000000
1	10.839000	1.268551	291.243744	344.243744
1	10.871000	1.243478	291.500000	344.000000
1	10.902000	1.281014	291.906250	344.031250
1	10.933000	1.262319	291.437500	345.137512
1	10.964000	1.271159	292.093750	345.281250
1	10.995000	1.286957	290.500000	345.500000
1	11.042000	1.260145	291.718750	345.956238
1	11.073000	1.267391	291.875000	346.250000
1	11.105000	1.257246	291.581238	346.418762
1	11.136000	1.283623	290.756256	346.006256
1	11.167000	1.285797	290.962494	346.912506
0	11.198000	1.333333	293.500000	342.500000
1	11.229000	1.281594	291.368744	345.993744
1	11.261000	1.268551	291.243744	346.243744
1	11.307000	1.270725	292.225006	346.274994
1	11.339000	1.284058	291.968750	346.906250
1	11.370000	1.298551	291.250000	346.750000
1	11.401000	1.286957	291.750000	346.750000
1	11.432000	1.281594	292.056244	345.993744
1	11.463000	1.292464	290.899994	346.912506
1	11.495000	1.255942	291.562500	346.437500
1	11.541000	1.281159	291.000000	347.000000
1	11.573000	1.246377	292.500000	345.000000
1	11.604000	1.261304	292.156250	345.681274
1	11.635000	1.286377	292.000000	346.000000
1	11.666000	1.277101	292.899994	345.850006
1	11.697000	1.262319	292.862488	346.187500
1	11.729000	1.288551	292.031250	347.106262
1	11.760000	1.252754	291.000000	347.250000
1	11.807000	1.288986	291.100006	347.100006
1	11.838000	1.269565	292.000000	347.000000
1	11.869000	1.286957	292.000000	347.000000
1	11.900000	1.275073	292.337494	346.162506
1	11.931000	1.284058	292.750000	346.000000
1	11.963000	1.283623	292.006256	345.943756
1	11.994000	1.255362	292.024994	346.337494
1	12.041000	1.241884	292.718750	345.531250
1	12.072000	1.279420	292.725006	346.024994
1	12.103000	1.147826	293.500000	346.500000
1	12.134000	1.255942	292.562500	346.375000
1	12.165000	1.314203	291.350006	345.850006
1	12.197000	1.304928	292.125000	346.250000
1	12.228000	1.281014	292.218750	345.781250
1	12.275000	1.299420	291.812500	345.812500
1	12.306000	1.308116	291.875000	345.862488
0	12.337000	1.789710	299.281250	337.281250
1	12.368000	1.284203	291.831238	345.968750
1	12.399000	1.303768	291.250000	346.849976
1	12.431000	1.303188	291.274994	346.725006
1	12.462000	1.330145	291.587494	347.037506
1	12.493000	1.322319	291.500000	346.612549
1	12.540000	1.292464	291.912506	345.912506
1	12.571000	1.297536	290.818787	346.843750
1	12.602000	1.308116	291.762512	345.862488
1	12.633000	1.325507	291.562500	346.375000
1	12.665000	1.286957	291.968750	346.156250
1	12.696000	1.285797	292.024994	345.975006
1	12.727000	1.305942	291.781250	346.906250
1	12.774000	1.285362	291.156250	346.781250
1	12.805000	1.274203	291.162506	347.275055
1	12.836000	1.280580	291.349945	346.812469
1	12.867000	1.286957	290.750000	346.250000
1	12.899000	1.267971	291.218750	346.393738
1	12.930000	1.299855	291.943756	346.056244
1	12.961000	1.260870	291.250000	345.000000
1	13.008000	1.279420	291.975006	345.725006
1	13.039000	1.310145	291.500000	346.500000
1	13.070000	1.330145	291.587494	345.587494
1	13.101000	1.304928	291.299988	345.700012
1	13.133000	1.311304	291.199982	345.975006
1	13.164000	1.286957	290.500000	345.500000
1	13.195000	1.285942	290.993744	345.443756
1	13.226000	1.292464	291.087494	345.087494
1	13.273000	1.314203	291.350006	344.725006
1	13.304000	1.292464	291.912506	344.149994
1	13.335000	1.295217	291.156250	344.293762
1	13.367000	1.264203	291.481232	344.931244
1	13.398000	1.265942	291.543762	344.843750
1	13.429000	1.273333	291.937500	344.937500
0	13.460000	1.240580	293.500000	342.500000
1	13.507000	1.281884	291.968750	345.006287
1	13.538000	1.264638	291.562500	345.937500
1	13.569000	1.280145	293.018738	345.018738
1	13.601000	1.252319	293.381256	346.618744
1	13.632000	1.189855	291.000000	344.000000
1	13.663000	1.286957	292.500000	345.500000
1	13.694000	1.288406	291.218750	345.718750
1	13.741000	1.268551	291.756256	345.243744
1	13.772000	1.307246	291.000000	345.000000
1	13.803000	1.286232	291.106262	346.106262
1	13.835000	1.285797	292.024994	346.024994
1	13.866000	1.285942	292.006256	346.006256
1	13.897000	1.257536	291.818756	346.318756
1	13.928000	1.240580	289.500000	346.500000
1	13.959000	1.240580	293.500000	346.500000
1	14.006000	1.288406	291.125000	345.924988
1	14.037000	1.229855	291.312500	346.062500
1	14.069000	1.267681	291.906281	345.856293
1	14.100000	1.246812	291.693756	346.068756
1	14.131000	1.172899	292.431244	344.256256
1	14.162000	1.263623	291.656250	346.156250
1	14.193000	1.262464	291.718750	346.718750
1	14.240000	1.242319	292.100006	346.350006
1	14.271000	1.281159	291.500000	348.000000
1	14.303000	1.301160	292.037506	347.774994
1	14.334000	1.240580	289.500000	346.500000
1	14.365000	1.312754	291.125000	347.562500
1	14.396000	1.327101	291.881256	347.506256
1	14.427000	1.333333	293.500000	350.500000
1	14.459000	1.300580	291.062500	348.375000
1	14.505000	1.361304	290.931244	350.056244
1	14.537000	1.287247	291.537445	349.137543
1	14.568000	1.275362	290.750000	349.750000
1	14.599000	1.333333	289.500000	350.500000
1	14.630000	1.287101	290.893768	351.493622
1	14.661000	1.252464	290.250000	351.000000
1	14.693000	1.242319	290.100006	351.350006
1	14.739000	1.258116	289.656250	350.968750
1	14.771000	1.231449	290.131256	349.693756
1	14.802000	1.240580	289.500000	350.500000
1	14.833000	1.231014	291.362488	350.724976
1	14.864000	1.252319	290.993744	350.506256
1	14.895000	1.269710	291.131256	350.131256
1	14.927000	1.250580	290.906250	349.406250
1	14.973000	1.272899	291.356232	350.256256
1	15.005000	1.286957	290.500000	349.500000
1	15.036000	1.252174	290.875000	349.875000
1	15.067000	1.281594	290.993744	348.006256
1	15.098000	1.298551	291.500000	349.500000
1	15.129000	1.304928	291.750000	347.299988
1	15.161000	1.316667	291.581238	347.518738
1	15.192000	1.333333	289.500000	346.500000
1	15.239000	1.286957	292.500000	347.500000
1	15.270000	1.295072	291.375000	346.875000
1	15.301000	1.301160	291.037506	347.162506
1	15.332000	1.304058	291.200012	347.000000
1	15.363000	1.310145	291.000000	346.000000
1	15.395000	1.274638	291.331238	346.668762
1	15.426000	1.284203	291.168762	345.031250
1	15.473000	1.263768	289.500000	344.500000
1	15.504000	1.304928	291.750000	345.750000
1	15.535000	1.341884	291.331238	345.656250
1	15.566000	1.286232	291.218750	345.018738
1	15.597000	1.322899	290.975006	345.975006
1	15.629000	1.283623	291.993744	346.006256
1	15.660000	1.327246	291.412506	346.475006
1	15.691000	1.305362	291.243744	346.243744
1	15.738000	1.310290	290.793762	345.718750
1	15.769000	1.327101	291.443756	345.556244
1	15.800000	1.310145	291.000000	346.000000
1	15.831000	1.323333	291.468750	346.493713
1	15.863000	1.299855	291.056244	345.681244
1	15.894000	1.334203	290.937500	345.437500
1	15.925000	1.305942	292.218750	345.156250
1	15.972000	1.309855	291.162506	345.162506
1	16.003000	1.308841	291.181244	345.806244
1	16.034000	1.315942	291.500000	345.000000
1	16.065000	1.321739	290.500000	345.500000
1	16.097000	1.333188	290.968750	345.343750
1	16.128000	1.296812	292.024994	343.837494
1	16.159000	1.286957	290.500000	345.500000
1	16.206000	1.292464	291.087494	344.537506
1	16.237000	1.309275	291.687500	344.812500
1	16.268000	1.286957	291.000000	345.000000
1	16.299000	1.298551	291.125000	345.875000
1	16.331000	1.277246	290.681244	345.118744
1	16.362000	1.286957	290.500000	345.500000
1	16.393000	1.320580	289.975006	345.274994
1	16.424000	1.329420	290.556244	345.431244
1	16.471000	1.357101	290.875000	344.875000
1	16.502000	1.366377	291.387482	345.975006
1	16.533000	1.310145	291.000000	346.000000
1	16.565000	1.344058	290.687500	345.312500
1	16.596000	1.321739	290.500000	346.500000
1	16.627000	1.310290	290.831238	346.281250
1	16.658000	1.310145	291.500000	346.500000
1	16.705000	1.350580	290.156250	346.456238
1	16.736000	1.286957	291.250000	344.750000
1	16.767000	1.327101	290.056244	345.506256
1	16.799000	1.305942	291.093750	344.781250
1	16.830000	1.321739	290.750000	344.250000
1	16.861000	1.338551	291.250000	345.375000
1	16.892000	1.340145	291.293732	345.381256
1	16.939000	1.304928	291.250000	345.125000
1	16.970000	1.327101	291.431244	345.068756
1	17.001000	1.322319	291.500000	346.125000
1	17.033000	1.325507	291.012512	345.924988
1	17.064000	1.340290	290.337494	346.399994
1	17.095000	1.343623	291.006317	346.318756
1	17.126000	1.305507	292.225006	345.225006
1	17.157000	1.321594	291.568756	345.681244
1	17.204000	1.342319	290.662506	345.287506
1	17.235000	1.322899	291.524994	344.587494
1	17.267000	1.327536	291.625000	344.625000
1	17.298000	1.335942	291.399994	344.537506
1	17.329000	1.368551	291.118744	344.131256
1	17.360000	1.333333	291.250000	344.750000
1	17.391000	1.305942	291.093750	344.156250
1	17.438000	1.364927	291.000000	343.762512
1	17.469000	1.340725	290.656250	344.406250
1	17.501000	1.266667	291.250000	342.750000
1	17.532000	1.321739	290.750000	343.750000
1	17.563000	1.340290	290.850006	343.600006
1	17.594000	1.296377	291.143768	343.993744
0	17.625000	1.704348	293.500000	334.500000
1	17.672000	1.327826	291.024963	344.562500
1	17.703000	1.309710	291.181244	344.818756
1	17.735000	1.336377	290.781250	345.531250
1	17.766000	1.365797	290.000000	345.000000
0	17.797000	1.240580	293.500000	342.500000
1	17.828000	1.240580	293.500000	346.500000
1	17.859000	1.364493	291.018738	345.018738
1	17.891000	1.305072	290.781250	344.768738
1	17.937000	1.327681	291.406250	344.468750
1	17.969000	1.327246	290.412506	344.537506
1	18.000000	1.338406	291.268738	345.268738
<\RIGHT-PUPIL-DATA>
<LEFT-PUPIL-DATA>
542	0
0	-0.065000	13.913043	240.000000	320.000000
0	-0.019000	13.913043	240.000000	320.000000
0	0.013000	13.913043	240.000000	320.000000
0	0.044000	13.913043	240.000000	320.000000
0	0.075000	13.913043	240.000000	320.000000
0	0.106000	13.913043	240.000000	320.000000
0	0.137000	13.913043	240.000000	320.000000
0	0.169000	13.913043	240.000000	320.000000
0	0.200000	13.913043	240.000000	320.000000
0	0.247000	13.913043	240.000000	320.000000
0	0.278000	13.913043	240.000000	320.000000
0	0.309000	13.913043	240.000000	320.000000
0	0.340000	13.913043	240.000000	320.000000
0	0.371000	13.913043	240.000000	320.000000
0	0.403000	13.913043	240.000000	320.000000
0	0.434000	13.913043	240.000000	320.000000
0	0.481000	13.913043	240.000000	320.000000
0	0.512000	13.913043	240.000000	320.000000
0	0.543000	13.913043	240.000000	320.000000
0	0.574000	13.913043	240.000000	320.000000
0	0.605000	13.913043	240.000000	320.000000
0	0.637000	13.913043	240.000000	320.000000
0	0.668000	13.913043	240.000000	320.000000
0	0.715000	13.913043	240.000000	320.000000
0	0.746000	13.913043	240.000000	320.000000
0	0.777000	13.913043	240.000000	320.000000
0	0.808000	13.913043	240.000000	320.000000
0	0.839000	13.913043	240.000000	320.000000
0	0.871000	13.913043	240.000000	320.000000
0	0.902000	13.913043	240.000000	320.000000
0	0.933000	13.913043	240.000000	320.000000
0	0.980000	13.913043	240.000000	320.000000
0	1.011000	13.913043	240.000000	320.000000
0	1.042000	13.913043	240.000000	320.000000
0	1.073000	13.913043	240.000000	320.000000
0	1.105000	13.913043	240.000000	320.000000
0	1.136000	13.913043	240.000000	320.000000
0	1.167000	13.913043	240.000000	320.000000
0	1.214000	13.913043	240.000000	320.000000
0	1.245000	13.913043	240.000000	320.000000
0	1.276000	13.913043	240.000000	320.000000
0	1.307000	13.913043	240.000000	320.000000
0	1.339000	13.913043	240.000000	320.000000
0	1.370000	13.913043	240.000000	320.000000
0	1.401000	13.913043	240.000000	320.000000
0	1.432000	13.913043	240.000000	320.000000
0	1.479000	13.913043	240.000000	320.000000
0	1.510000	13.913043	240.000000	320.000000
0	1.541000	13.913043	240.000000	320.000000
0	1.573000	13.913043	240.000000	320.000000
0	1.604000	13.913043	240.000000	320.000000
0	1.635000	13.913043	240.000000	320.000000
0	1.666000	13.913043	240.000000	320.000000
0	1.713000	13.913043	240.000000	320.000000
0	1.744000	13.913043	240.000000	320.000000
0	1.775000	13.913043	240.000000	320.000000
0	1.807000	13.913043	240.000000	320.000000
0	1.838000	13.913043	240.000000	320.000000
0	1.869000	13.913043	240.000000	320.000000
0	1.900000	13.913043	240.000000	320.000000
0	1.947000	13.913043	240.000000	320.000000
0	1.978000	13.913043	240.000000	320.000000
0	2.009000	13.913043	240.000000	320.000000
0	2.041000	13.913043	240.000000	320.000000
0	2.072000	13.913043	240.000000	320.000000
0	2.103000	13.913043	240.000000	320.000000
0	2.134000	13.913043	240.000000	320.000000
0	2.165000	13.913043	240.000000	320.000000
0	2.212000	13.913043	240.000000	320.000000
0	2.243000	13.913043	240.000000	320.000000
0	2.275000	13.913043	240.000000	320.000000
0	2.306000	13.913043	240.000000	320.000000
0	2.337000	13.913043	240.000000	320.000000
0	2.368000	13.913043	240.000000	320.000000
0	2.399000	13.913043	240.000000	320.000000
0	2.446000	13.913043	240.000000	320.000000
0	2.477000	13.913043	240.000000	320.000000
0	2.509000	13.913043	240.000000	320.000000
0	2.540000	13.913043	240.000000	320.000000
0	2.571000	13.913043	240.000000	320.000000
0	2.602000	13.913043	240.000000	320.000000
0	2.633000	13.913043	240.000000	320.000000
0	2.680000	13.913043	240.000000	320.000000
0	2.711000	13.913043	240.000000	320.000000
0	2.743000	13.913043	240.000000	320.000000
0	2.774000	13.913043	240.000000	320.000000
0	2.805000	13.913043	240.000000	320.000000
0	2.836000	13.913043	240.000000	320.000000
0	2.867000	13.913043	240.000000	320.000000
0	2.899000	13.913043	240.000000	320.000000
0	2.945000	13.913043	240.000000	320.000000
0	2.977000	13.913043	240.000000	320.000000
0	3.008000	13.913043	240.000000	320.000000
0	3.039000	13.913043	240.000000	320.000000
0	3.070000	13.913043	240.000000	320.000000
0	3.101000	13.913043	240.000000	320.000000
0	3.133000	13.913043	240.000000	320.000000
0	3.179000	13.913043	240.000000	320.000000
0	3.211000	13.913043	240.000000	320.000000
0	3.242000	13.913043	240.000000	320.000000
0	3.273000	13.913043	240.000000	320.000000
0	3.304000	13.913043	240.000000	320.000000
0	3.335000	13.913043	240.000000	320.000000
0	3.367000	13.913043	240.000000	320.000000
0	3.413000	13.913043	240.000000	320.000000
0	3.445000	13.913043	240.000000	320.000000
0	3.476000	13.913043	240.000000	320.000000
0	3.507000	13.913043	240.000000	320.000000
0	3.538000	13.913043	240.000000	320.000000
0	3.569000	13.913043	240.000000	320.000000
0	3.601000	13.913043	240.000000	320.000000
0	3.632000	13.913043	240.000000	320.000000
0	3.679000	13.913043	240.000000	320.000000
0	3.710000	13.913043	240.000000	320.000000
0	3.741000	13.913043	240.000000	320.000000
0	3.772000	13.913043	240.000000	320.000000
0	3.803000	13.913043	240.000000	320.000000
0	3.835000	13.913043	240.000000	320.000000
0	3.866000	13.913043	240.000000	320.000000
0	3.913000	13.913043	240.000000	320.000000
0	3.944000	13.913043	240.000000	320.000000
0	3.975000	13.913043	240.000000	320.000000
0	4.006000	13.913043	240.000000	320.000000
0	4.037000	13.913043	240.000000	320.000000
0	4.069000	13.913043	240.000000	320.000000
0	4.100000	13.913043	240.000000	320.000000
0	4.131000	13.913043	240.000000	320.000000
0	4.178000	13.913043	240.000000	320.000000
0	4.209000	13.913043	240.000000	320.000000
0	4.240000	13.913043	240.000000	320.000000
0	4.271000	13.913043	240.000000	320.000000
0	4.303000	13.913043	240.000000	320.000000
0	4.334000	13.913043	240.000000	320.000000
0	4.365000	13.913043	240.000000	320.000000
0	4.412000	13.913043	240.000000	320.000000
0	4.443000	13.913043	240.000000	320.000000
0	4.474000	13.913043	240.000000	320.000000
0	4.505000	13.913043	240.000000	320.000000
0	4.537000	13.913043	240.000000	320.000000
0	4.568000	13.913043	240.000000	320.000000
0	4.599000	13.913043	240.000000	320.000000
0	4.646000	13.913043	240.000000	320.000000
0	4.677000	13.913043	240.000000	320.000000
0	4.708000	13.913043	240.000000	320.000000
0	4.739000	13.913043	240.000000	320.000000
0	4.771000	13.913043	240.000000	320.000000
0	4.802000	13.913043	240.000000	320.000000
0	4.833000	13.913043	240.000000	320.000000
0	4.864000	13.913043	240.000000	320.000000
0	4.911000	13.913043	240.000000	320.000000
0	4.942000	13.913043	240.000000	320.000000
0	4.973000	13.913043	240.000000	320.000000
0	5.005000	13.913043	240.000000	320.000000
0	5.036000	13.913043	240.000000	320.000000
0	5.067000	13.913043	240.000000	320.000000
0	5.098000	13.913043	240.000000	320.000000
0	5.145000	13.913043	240.000000	320.000000
0	5.176000	13.913043	240.000000	320.000000
0	5.207000	13.913043	240.000000	320.000000
0	5.239000	13.913043	240.000000	320.000000
0	5.270000	13.913043	240.000000	320.000000
0	5.301000	13.913043	240.000000	320.000000
0	5.332000	13.913043	240.000000	320.000000
0	5.363000	13.913043	240.000000	320.000000
0	5.410000	13.913043	240.000000	320.000000
0	5.441000	13.913043	240.000000	320.000000
0	5.473000	13.913043	240.000000	320.000000
0	5.504000	13.913043	240.000000	320.000000
0	5.535000	13.913043	240.000000	320.000000
0	5.566000	13.913043	240.000000	320.000000
0	5.597000	13.913043	240.000000	320.000000
0	5.644000	13.913043	240.000000	320.000000
0	5.675000	13.913043	240.000000	320.000000
0	5.707000	13.913043	240.000000	320.000000
0	5.738000	13.913043	240.000000	320.000000
0	5.769000	13.913043	240.000000	320.000000
0	5.800000	13.913043	240.000000	320.000000
0	5.831000	13.913043	240.000000	320.000000
0	5.878000	13.913043	240.000000	320.000000
0	5.909000	13.913043	240.000000	320.000000
0	5.941000	13.913043	240.000000	320.000000
0	5.972000	13.913043	240.000000	320.000000
0	6.003000	13.913043	240.000000	320.000000
0	6.034000	13.913043	240.000000	320.000000
0	6.065000	13.913043	240.000000	320.000000
0	6.097000	13.913043	240.000000	320.000000
0	6.143000	13.913043	240.000000	320.000000
0	6.175000	13.913043	240.000000	320.000000
0	6.206000	13.913043	240.000000	320.000000
0	6.237000	13.913043	240.000000	320.000000
0	6.268000	13.913043	240.000000	320.000000
0	6.299000	13.913043	240.000000	320.000000
0	6.331000	13.913043	240.000000	320.000000
0	6.377000	13.913043	240.000000	320.000000
0	6.409000	13.913043	240.000000	320.000000
0	6.440000	13.913043	240.000000	320.000000
0	6.471000	13.913043	240.000000	320.000000
0	6.502000	13.913043	240.000000	320.000000
0	6.533000	13.913043	240.000000	320.000000
0	6.565000	13.913043	240.000000	320.000000
0	6.611000	13.913043	240.000000	320.000000
0	6.643000	13.913043	240.000000	320.000000
0	6.674000	13.913043	240.000000	320.000000
0	6.705000	13.913043	240.000000	320.000000
0	6.736000	13.913043	240.000000	320.000000
0	6.767000	13.913043	240.000000	320.000000
0	6.799000	13.913043	240.000000	320.000000
0	6.830000	13.913043	240.000000	320.000000
0	6.877000	13.913043	240.000000	320.000000
0	6.908000	13.913043	240.000000	320.000000
0	6.939000	13.913043	240.000000	320.000000
0	6.970000	13.913043	240.000000	320.000000
0	7.001000	13.913043	240.000000	320.000000
0	7.033000	13.913043	240.000000	320.000000
0	7.064000	13.913043	240.000000	320.000000
0	7.111000	13.913043	240.000000	320.000000
0	7.142000	13.913043	240.000000	320.000000
0	7.173000	13.913043	240.000000	320.000000
0	7.204000	13.913043	240.000000	320.000000
0	7.235000	13.913043	240.000000	320.000000
0	7.267000	13.913043	240.000000	320.000000
0	7.298000	13.913043	240.000000	320.000000
0	7.345000	13.913043	240.000000	320.000000
0	7.376000	13.913043	240.000000	320.000000
0	7.407000	13.913043	240.000000	320.000000
0	7.438000	13.913043	240.000000	320.000000
0	7.469000	13.913043	240.000000	320.000000
0	7.501000	13.913043	240.000000	320.000000
0	7.532000	13.913043	240.000000	320.000000
0	7.563000	13.913043	240.000000	320.000000
0	7.610000	13.913043	240.000000	320.000000
0	7.641000	13.913043	240.000000	320.000000
0	7.672000	13.913043	240.000000	320.000000
0	7.703000	13.913043	240.000000	320.000000
0	7.735000	13.913043	240.000000	320.000000
0	7.766000	13.913043	240.000000	320.000000
0	7.797000	13.913043	240.000000	320.000000
0	7.844000	13.913043	240.000000	320.000000
0	7.875000	13.913043	240.000000	320.000000
0	7.906000	13.913043	240.000000	320.000000
0	7.937000	13.913043	240.000000	320.000000
0	7.969000	13.913043	240.000000	320.000000
0	8.000000	13.913043	240.000000	320.000000
0	8.031000	13.913043	240.000000	320.000000
0	8.078000	13.913043	240.000000	320.000000
0	8.109000	13.913043	240.000000	320.000000
0	8.140000	13.913043	240.000000	320.000000
0	8.171000	13.913043	240.000000	320.000000
0	8.203000	13.913043	240.000000	320.000000
0	8.234000	13.913043	240.000000	320.000000
0	8.265000	13.913043	240.000000	320.000000
0	8.296000	13.913043	240.000000	320.000000
0	8.343000	13.913043	240.000000	320.000000
0	8.374000	13.913043	240.000000	320.000000
0	8.405000	13.913043	240.000000	320.000000
0	8.437000	13.913043	240.000000	320.000000
0	8.468000	13.913043	240.000000	320.000000
0	8.499000	13.913043	240.000000	320.000000
0	8.530000	13.913043	240.000000	320.000000
0	8.577000	13.913043	240.000000	320.000000
0	8.608000	13.913043	240.000000	320.000000
0	8.639000	13.913043	240.000000	320.000000
0	8.671000	13.913043	240.000000	320.000000
0	8.702000	13.913043	240.000000	320.000000
0	8.733000	13.913043	240.000000	320.000000
0	8.764000	13.913043	240.000000	320.000000
0	8.795000	13.913043	240.000000	320.000000
0	8.842000	13.913043	240.000000	320.000000
0	8.873000	13.913043	240.000000	320.000000
0	8.905000	13.913043	240.000000	320.000000
0	8.936000	13.913043	240.000000	320.000000
0	8.967000	13.913043	240.000000	320.000000
0	8.998000	13.913043	240.000000	320.000000
0	9.029000	13.913043	240.000000	320.000000
0	9.076000	13.913043	240.000000	320.000000
0	9.107000	13.913043	240.000000	320.000000
0	9.139000	13.913043	240.000000	320.000000
0	9.170000	13.913043	240.000000	320.000000
0	9.201000	13.913043	240.000000	320.000000
0	9.232000	13.913043	240.000000	320.000000
0	9.263000	13.913043	240.000000	320.000000
0	9.295000	13.913043	240.000000	320.000000
0	9.341000	13.913043	240.000000	320.000000
0	9.373000	13.913043	240.000000	320.000000
0	9.404000	13.913043	240.000000	320.000000
0	9.435000	13.913043	240.000000	320.000000
0	9.466000	13.913043	240.000000	320.000000
0	9.497000	13.913043	240.000000	320.000000
0	9.529000	13.913043	240.000000	320.000000
0	9.575000	13.913043	240.000000	320.000000
0	9.607000	13.913043	240.000000	320.000000
0	9.638000	13.913043	240.000000	320.000000
0	9.669000	13.913043	240.000000	320.000000
0	9.700000	13.913043	240.000000	320.000000
0	9.731000	13.913043	240.000000	320.000000
0	9.763000	13.913043	240.000000	320.000000
0	9.809000	13.913043	240.000000	320.000000
0	9.841000	13.913043	240.000000	320.000000
0	9.872000	13.913043	240.000000	320.000000
0	9.903000	13.913043	240.000000	320.000000
0	9.934000	13.913043	240.000000	320.000000
0	9.965000	13.913043	240.000000	320.000000
0	9.997000	13.913043	240.000000	320.000000
0	10.028000	13.913043	240.000000	320.000000
0	10.075000	13.913043	240.000000	320.000000
0	10.106000	13.913043	240.000000	320.000000
0	10.137000	13.913043	240.000000	320.000000
0	10.168000	13.913043	240.000000	320.000000
0	10.199000	13.913043	240.000000	320.000000
0	10.231000	13.913043	240.000000	320.000000
0	10.262000	13.913043	240.000000	320.000000
0	10.309000	13.913043	240.000000	320.000000
0	10.340000	13.913043	240.000000	320.000000
0	10.371000	13.913043	240.000000	320.000000
0	10.402000	13.913043	240.000000	320.000000
0	10.433000	13.913043	240.000000	320.000000
0	10.465000	13.913043	240.000000	320.000000
0	10.496000	13.913043	240.000000	320.000000
0	10.543000	13.913043	240.000000	320.000000
0	10.574000	13.913043	240.000000	320.000000
0	10.605000	13.913043	240.000000	320.000000
0	10.636000	13.913043	240.000000	320.000000
0	10.667000	13.913043	240.000000	320.000000
0	10.699000	13.913043	240.000000	320.000000
0	10.730000	13.913043	240.000000	320.000000
0	10.761000	13.913043	240.000000	320.000000
0	10.808000	13.913043	240.000000	320.000000
0	10.839000	13.913043	240.000000	320.000000
0	10.870000	13.913043	240.000000	320.000000
0	10.901000	13.913043	240.000000	320.000000
0	10.933000	13.913043	240.000000	320.000000
0	10.964000	13.913043	240.000000	320.000000
0	10.995000	13.913043	240.000000	320.000000
0	11.042000	13.913043	240.000000	320.000000
0	11.073000	13.913043	240.000000	320.000000
0	11.104000	13.913043	240.000000	320.000000
0	11.135000	13.913043	240.000000	320.000000
0	11.167000	13.913043	240.000000	320.000000
0	11.198000	13.913043	240.000000	320.000000
0	11.229000	13.913043	240.000000	320.000000
0	11.276000	13.913043	240.000000	320.000000
0	11.307000	13.913043	240.000000	320.000000
0	11.338000	13.913043	240.000000	320.000000
0	11.369000	13.913043	240.000000	320.000000
0	11.401000	13.913043	240.000000	320.000000
0	11.432000	13.913043	240.000000	320.000000
0	11.463000	13.913043	240.000000	320.000000
0	11.494000	13.913043	240.000000	320.000000
0	11.541000	13.913043	240.000000	320.000000
0	11.572000	13.913043	240.000000	320.000000
0	11.603000	13.913043	240.000000	320.000000
0	11.635000	13.913043	240.000000	320.000000
0	11.666000	13.913043	240.000000	320.000000
0	11.697000	13.913043	240.000000	320.000000
0	11.728000	13.913043	240.000000	320.000000
0	11.775000	13.913043	240.000000	320.000000
0	11.806000	13.913043	240.000000	320.000000
0	11.837000	13.913043	240.000000	320.000000
0	11.869000	13.913043	240.000000	320.000000
0	11.900000	13.913043	240.000000	320.000000
0	11.931000	13.913043	240.000000	320.000000
0	11.962000	13.913043	240.000000	320.000000
0	12.009000	13.913043	240.000000	320.000000
0	12.040000	13.913043	240.000000	320.000000
0	12.071000	13.913043	240.000000	320.000000
0	12.103000	13.913043	240.000000	320.000000
0	12.134000	13.913043	240.000000	320.000000
0	12.165000	13.913043	240.000000	320.000000
0	12.196000	13.913043	240.000000	320.000000
0	12.227000	13.913043	240.000000	320.000000
0	12.274000	13.913043	240.000000	320.000000
0	12.305000	13.913043	240.000000	320.000000
0	12.337000	13.913043	240.000000	320.000000
0	12.368000	13.913043	240.000000	320.000000
0	12.399000	13.913043	240.000000	320.000000
0	12.430000	13.913043	240.000000	320.000000
0	12.461000	13.913043	240.000000	320.000000
0	12.508000	13.913043	240.000000	320.000000
0	12.539000	13.913043	240.000000	320.000000
0	12.571000	13.913043	240.000000	320.000000
0	12.602000	13.913043	240.000000	320.000000
0	12.633000	13.913043	240.000000	320.000000
0	12.664000	13.913043	240.000000	320.000000
0	12.695000	13.913043	240.000000	320.000000
0	12.742000	13.913043	240.000000	320.000000
0	12.773000	13.913043	240.000000	320.000000
0	12.805000	13.913043	240.000000	320.000000
0	12.836000	13.913043	240.000000	320.000000
0	12.867000	13.913043	240.000000	320.000000
0	12.898000	13.913043	240.000000	320.000000
0	12.929000	13.913043	240.000000	320.000000
0	12.961000	13.913043	240.000000	320.000000
0	13.007000	13.913043	240.000000	320.000000
0	13.039000	13.913043	240.000000	320.000000
0	13.070000	13.913043	240.000000	320.000000
0	13.101000	13.913043	240.000000	320.000000
0	13.132000	13.913043	240.000000	320.000000
0	13.163000	13.913043	240.000000	320.000000
0	13.195000	13.913043	240.000000	320.000000
0	13.226000	13.913043	240.000000	320.000000
0	13.273000	13.913043	240.000000	320.000000
0	13.304000	13.913043	240.000000	320.000000
0	13.335000	13.913043	240.000000	320.000000
0	13.366000	13.913043	240.000000	320.000000
0	13.397000	13.913043	240.000000	320.000000
0	13.429000	13.913043	240.000000	320.000000
0	13.460000	13.913043	240.000000	320.000000
0	13.507000	13.913043	240.000000	320.000000
0	13.538000	13.913043	240.000000	320.000000
0	13.569000	13.913043	240.000000	320.000000
0	13.600000	13.913043	240.000000	320.000000
0	13.631000	13.913043	240.000000	320.000000
0	13.663000	13.913043	240.000000	320.000000
0	13.694000	13.913043	240.000000	320.000000
0	13.741000	13.913043	240.000000	320.000000
0	13.772000	13.913043	240.000000	320.000000
0	13.803000	13.913043	240.000000	320.000000
0	13.834000	13.913043	240.000000	320.000000
0	13.865000	13.913043	240.000000	320.000000
0	13.897000	13.913043	240.000000	320.000000
0	13.928000	13.913043	240.000000	320.000000
0	13.959000	13.913043	240.000000	320.000000
0	14.006000	13.913043	240.000000	320.000000
0	14.037000	13.913043	240.000000	320.000000
0	14.068000	13.913043	240.000000	320.000000
0	14.099000	13.913043	240.000000	320.000000
0	14.131000	13.913043	240.000000	320.000000
0	14.162000	13.913043	240.000000	320.000000
0	14.193000	13.913043	240.000000	320.000000
0	14.240000	13.913043	240.000000	320.000000
0	14.271000	13.913043	240.000000	320.000000
0	14.302000	13.913043	240.000000	320.000000
0	14.333000	13.913043	240.000000	320.000000
0	14.365000	13.913043	240.000000	320.000000
0	14.396000	13.913043	240.000000	320.000000
0	14.427000	13.913043	240.000000	320.000000
0	14.474000	13.913043	240.000000	320.000000
0	14.505000	13.913043	240.000000	320.000000
0	14.536000	13.913043	240.000000	320.000000
0	14.567000	13.913043	240.000000	320.000000
0	14.599000	13.913043	240.000000	320.000000
0	14.630000	13.913043	240.000000	320.000000
0	14.661000	13.913043	240.000000	320.000000
0	14.692000	13.913043	240.000000	320.000000
0	14.739000	13.913043	240.000000	320.000000
0	14.770000	13.913043	240.000000	320.000000
0	14.801000	13.913043	240.000000	320.000000
0	14.833000	13.913043	240.000000	320.000000
0	14.864000	13.913043	240.000000	320.000000
0	14.895000	13.913043	240.000000	320.000000
0	14.926000	13.913043	240.000000	320.000000
0	14.973000	13.913043	240.000000	320.000000
0	15.004000	13.913043	240.000000	320.000000
0	15.035000	13.913043	240.000000	320.000000
0	15.067000	13.913043	240.000000	320.000000
0	15.098000	13.913043	240.000000	320.000000
0	15.129000	13.913043	240.000000	320.000000
0	15.160000	13.913043	240.000000	320.000000
0	15.207000	13.913043	240.000000	320.000000
0	15.238000	13.913043	240.000000	320.000000
0	15.269000	13.913043	240.000000	320.000000
0	15.301000	13.913043	240.000000	320.000000
0	15.332000	13.913043	240.000000	320.000000
0	15.363000	13.913043	240.000000	320.000000
0	15.394000	13.913043	240.000000	320.000000
0	15.425000	13.913043	240.000000	320.000000
0	15.472000	13.913043	240.000000	320.000000
0	15.503000	13.913043	240.000000	320.000000
0	15.535000	13.913043	240.000000	320.000000
0	15.566000	13.913043	240.000000	320.000000
0	15.597000	13.913043	240.000000	320.000000
0	15.628000	13.913043	240.000000	320.000000
0	15.659000	13.913043	240.000000	320.000000
0	15.706000	13.913043	240.000000	320.000000
0	15.737000	13.913043	240.000000	320.000000
0	15.769000	13.913043	240.000000	320.000000
0	15.800000	13.913043	240.000000	320.000000
0	15.831000	13.913043	240.000000	320.000000
0	15.862000	13.913043	240.000000	320.000000
0	15.893000	13.913043	240.000000	320.000000
0	15.940000	13.913043	240.000000	320.000000
0	15.971000	13.913043	240.000000	320.000000
0	16.003000	13.913043	240.000000	320.000000
0	16.034000	13.913043	240.000000	320.000000
0	16.065000	13.913043	240.000000	320.000000
0	16.096000	13.913043	240.000000	320.000000
0	16.127000	13.913043	240.000000	320.000000
0	16.159000	13.913043	240.000000	320.000000
0	16.205000	13.913043	240.000000	320.000000
0	16.237000	13.913043	240.000000	320.000000
0	16.268000	13.913043	240.000000	320.000000
0	16.299000	13.913043	240.000000	320.000000
0	16.330000	13.913043	240.000000	320.000000
0	16.361000	13.913043	240.000000	320.000000
0	16.393000	13.913043	240.000000	320.000000
0	16.439000	13.913043	240.000000	320.000000
0	16.471000	13.913043	240.000000	320.000000
0	16.502000	13.913043	240.000000	320.000000
0	16.533000	13.913043	240.000000	320.000000
0	16.564000	13.913043	240.000000	320.000000
0	16.595000	13.913043	240.000000	320.000000
0	16.627000	13.913043	240.000000	320.000000
0	16.673000	13.913043	240.000000	320.000000
0	16.705000	13.913043	240.000000	320.000000
0	16.736000	13.913043	240.000000	320.000000
0	16.767000	13.913043	240.000000	320.000000
0	16.798000	13.913043	240.000000	320.000000
0	16.829000	13.913043	240.000000	320.000000
0	16.861000	13.913043	240.000000	320.000000
0	16.892000	13.913043	240.000000	320.000000
0	16.939000	13.913043	240.000000	320.000000
0	16.970000	13.913043	240.000000	320.000000
0	17.001000	13.913043	240.000000	320.000000
0	17.032000	13.913043	240.000000	320.000000
0	17.063000	13.913043	240.000000	320.000000
0	17.095000	13.913043	240.000000	320.000000
0	17.126000	13.913043	240.000000	320.000000
0	17.157000	13.913043	240.000000	320.000000
0	17.204000	13.913043	240.000000	320.000000
0	17.235000	13.913043	240.000000	320.000000
0	17.266000	13.913043	240.000000	320.000000
0	17.297000	13.913043	240.000000	320.000000
0	17.329000	13.913043	240.000000	320.000000
0	17.360000	13.913043	240.000000	320.000000
0	17.391000	13.913043	240.000000	320.000000
0	17.438000	13.913043	240.000000	320.000000
0	17.469000	13.913043	240.000000	320.000000
0	17.500000	13.913043	240.000000	320.000000
0	17.531000	13.913043	240.000000	320.000000
0	17.563000	13.913043	240.000000	320.000000
0	17.594000	13.913043	240.000000	320.000000
0	17.625000	13.913043	240.000000	320.000000
0	17.672000	13.913043	240.000000	320.000000
0	17.703000	13.913043	240.000000	320.000000
0	17.734000	13.913043	240.000000	320.000000
0	17.765000	13.913043	240.000000	320.000000
0	17.797000	13.913043	240.000000	320.000000
0	17.828000	13.913043	240.000000	320.000000
0	17.859000	13.913043	240.000000	320.000000
0	17.890000	13.913043	240.000000	320.000000
0	17.937000	13.913043	240.000000	320.000000
0	17.968000	13.913043	240.000000	320.000000
<\LEFT-PUPIL-DATA>
<RIGHT-PUPIL-ANALYSIS>
1
0	0	17	542	0	0	0.509000	17.518999	0.510000	15.983889	0.000000	0.000000	0.000000	0	1	1	1	1	0	0	0	0.000000	0.000000	0.000000	0.000000	0.000000	0.000000	0.000000	-1.000000	0.000000	1	1.432174	1.018058	1.611026	0.814520	0.237000	-0.542037	-1.402528	-1.000000	0.155818	1	1.432174	1.018058	1.611026	0.814520	0.237000	-0.606585	-1.402527	-1.000000	0.139990
<\RIGHT-PUPIL-ANALYSIS>
<LEFT-PUPIL-ANALYSIS>
1
0	0	17	541	0	0	0.509000	17.518999	0.510000	15.983889	0.000000	0.000000	0.000000	0	1	1	1	1	0	0	0	0.000000	0.000000	0.000000	0.000000	0.000000	0.000000	0.000000	-1.000000	0.000000	0	-0.034783	-0.034783	0.000950	0.000950	0.003000	0.000000	0.000000	-1.000000	0.000000	1	-0.034783	-0.034783	0.000950	0.000950	0.003000	-1000000.000000	-1000000.000000	-1.000000	0.000000
<\LEFT-PUPIL-ANALYSIS>
%%%%%%%%%
%%%%%%%%%
%%%%%%%%%
%%%	Measurement Tiime is: 2017-09-05 10:17:34
%%%	Subject ID is: c57-1mois-M2-1.2r
%%%	Note: 
%%%	RSS: Default Human Relative Spectral Sensitivity
%%%	Pupil Analysis:
%%%
%%%
%%%
%%%	Pulse Index:	0
%%%	Stimulus Session Index:	0
%%%	Right Pupil Stimulated
%%%	Light Metric is Photopic
%%%	Stimulus Start Time(sec):	0.51
%%%	Stimulus Duration(sec):	17.52
%%%	Stimulus Pulse Duration(sec):	0.51
%%%	Right Pulse:	15.98	(Red  )	-	0.00	(Red  )	[Lux ]
%%%	Left Pulse:	0.00	(Red  )	-	0.00	(Red  )	[Lux ]
%%%
%%%		RIGHT	LEFT	R.Pupil Mean	L.Pupil Mean	R.Stim Mean	R.Stim Mean
%%%	INPUT:	RAW DATA	RAW DATA
%%%	STATE:	ABNORMAL	ABNORMAL	ABNORMAL	ABNORMAL	ABNORMAL	ABNORMAL
%%%	MAX(mm):	0.00	0.00	0.00	0.00	0.00	0.00
%%%	MIN(mm):	0.00	0.00	0.00	0.00	0.00	0.00
%%%	DELTA(mm):						
%%%	CH(%):						
%%%	LAT(sec):	0.00	0.00	0.00	0.00	0.00	0.00
%%%	CV(mm/s):	0.00	0.00	0.00	0.00	0.00	0.00
%%%	MCV(mm/s):	0.00	0.00	0.00	0.00	0.00	0.00
%%%	DV(mm/s):	0.00	0.00	0.00	0.00	0.00	0.00
%%%%%%%%%
%%%%%%%%%
%%%%%%%%%
%%%	Right Pupil Profile (1st row -> 1 == valid tracking, 0 == invalid tracking; 2nd row -> time; 3rd row -> diameter (mm))
%%%	1	1	1	1	1	0	0	1	1	1	1	1	1	1	1	1	1	1	1	1	1	1	1	1	1	1	1	1	1	1	1	1	1	1	1	1	1	1	1	1	1	1	1	1	1	1	1	1	1	1	1	1	1	1	1	1	1	0	0	1	1	1	1	1	1	1	1	1	1	1	1	1	1	1	1	1	1	1	1	1	1	1	1	1	1	1	1	1	1	1	1	1	1	1	1	1	1	1	1	1	1	1	1	1	1	1	1	1	1	1	1	1	1	1	1	1	1	1	0	1	1	1	1	1	1	1	1	1	1	1	1	1	1	1	1	1	1	1	1	1	1	1	1	1	1	1	0	1	0	1	1	1	1	1	1	1	1	1	1	1	1	1	1	1	1	1	1	1	1	1	1	1	1	1	1	1	1	1	1	1	1	1	1	1	1	1	0	1	1	1	1	1	1	1	1	1	1	1	1	1	1	1	1	1	1	1	1	1	1	1	1	1	1	1	1	1	1	1	1	1	1	1	1	1	1	1	1	1	1	1	1	1	1	1	1	1	1	1	1	1	1	1	1	1	1	1	1	1	1	1	1	1	1	0	1	1	1	0	1	1	1	1	1	1	1	1	1	1	1	1	1	1	1	1	1	1	1	1	1	1	1	1	1	0	1	1	1	1	1	1	1	1	1	1	1	1	1	1	1	1	1	1	1	1	1	1	1	1	0	1	1	1	1	1	1	1	1	1	1	1	1	1	1	1	1	1	1	1	1	1	1	1	1	1	1	1	1	1	0	1	1	1	1	1	1	1	1	1	1	1	1	1	1	1	1	1	1	1	1	1	1	1	1	1	1	1	1	1	1	1	1	1	0	1	1	1	1	1	1	1	1	1	1	1	1	1	1	1	1	1	1	1	1	1	1	1	1	1	1	1	1	1	1	1	1	1	0	1	1	1	1	1	1	1	1	1	1	1	1	1	1	1	1	1	1	1	1	1	1	1	1	1	1	1	1	1	1	1	1	1	1	1	1	1	1	1	1	1	1	1	1	1	1	1	1	1	1	1	1	1	1	1	1	1	1	1	1	1	1	1	1	1	1	1	1	1	1	1	1	1	1	1	1	1	1	1	1	1	1	1	1	1	1	1	1	1	1	1	1	1	1	1	1	1	1	1	1	1	1	1	1	1	1	1	1	1	1	1	1	1	1	1	1	1	1	1	1	1	1	1	1	0	1	1	1	1	0	1	1	1	1	1	1
%%%	-0.065000	-0.034000	0.013000	0.044000	0.075000	0.107000	0.138000	0.169000	0.200000	0.247000	0.278000	0.309000	0.341000	0.372000	0.403000	0.434000	0.465000	0.512000	0.543000	0.575000	0.606000	0.637000	0.668000	0.699000	0.746000	0.777000	0.809000	0.840000	0.871000	0.902000	0.933000	0.980000	1.011000	1.043000	1.074000	1.105000	1.136000	1.167000	1.199000	1.245000	1.277000	1.308000	1.339000	1.370000	1.401000	1.433000	1.479000	1.511000	1.542000	1.573000	1.604000	1.635000	1.667000	1.713000	1.745000	1.776000	1.807000	1.838000	1.869000	1.901000	1.932000	1.979000	2.010000	2.041000	2.072000	2.103000	2.135000	2.166000	2.213000	2.244000	2.275000	2.306000	2.337000	2.369000	2.400000	2.447000	2.478000	2.509000	2.540000	2.571000	2.603000	2.634000	2.665000	2.712000	2.743000	2.774000	2.805000	2.837000	2.868000	2.899000	2.946000	2.977000	3.008000	3.039000	3.071000	3.102000	3.133000	3.180000	3.211000	3.242000	3.273000	3.305000	3.336000	3.367000	3.398000	3.445000	3.476000	3.507000	3.539000	3.570000	3.601000	3.632000	3.663000	3.710000	3.741000	3.773000	3.804000	3.835000	3.866000	3.897000	3.944000	3.975000	4.007000	4.038000	4.069000	4.100000	4.131000	4.178000	4.209000	4.241000	4.272000	4.303000	4.334000	4.365000	4.397000	4.443000	4.475000	4.506000	4.537000	4.568000	4.599000	4.631000	4.677000	4.709000	4.740000	4.771000	4.802000	4.833000	4.865000	4.911000	4.943000	4.974000	5.005000	5.036000	5.067000	5.099000	5.130000	5.177000	5.208000	5.239000	5.270000	5.301000	5.333000	5.364000	5.411000	5.442000	5.473000	5.504000	5.535000	5.567000	5.598000	5.645000	5.676000	5.707000	5.738000	5.769000	5.801000	5.832000	5.863000	5.910000	5.941000	5.972000	6.003000	6.035000	6.066000	6.097000	6.144000	6.175000	6.206000	6.237000	6.269000	6.300000	6.331000	6.378000	6.409000	6.440000	6.471000	6.503000	6.534000	6.565000	6.596000	6.643000	6.674000	6.705000	6.737000	6.768000	6.799000	6.830000	6.877000	6.908000	6.939000	6.971000	7.002000	7.033000	7.064000	7.111000	7.142000	7.173000	7.205000	7.236000	7.267000	7.298000	7.329000	7.376000	7.407000	7.439000	7.470000	7.501000	7.532000	7.563000	7.610000	7.641000	7.673000	7.704000	7.735000	7.766000	7.797000	7.829000	7.875000	7.907000	7.938000	7.969000	8.000000	8.031000	8.063000	8.109000	8.141000	8.172000	8.203000	8.234000	8.265000	8.297000	8.328000	8.375000	8.406000	8.437000	8.468000	8.499000	8.531000	8.562000	8.609000	8.640000	8.671000	8.702000	8.733000	8.765000	8.796000	8.843000	8.874000	8.905000	8.936000	8.967000	8.999000	9.030000	9.061000	9.108000	9.139000	9.170000	9.201000	9.233000	9.264000	9.295000	9.342000	9.373000	9.404000	9.435000	9.467000	9.498000	9.529000	9.576000	9.607000	9.638000	9.669000	9.701000	9.732000	9.763000	9.794000	9.841000	9.872000	9.903000	9.935000	9.966000	9.997000	10.028000	10.075000	10.106000	10.137000	10.169000	10.200000	10.231000	10.262000	10.309000	10.340000	10.371000	10.403000	10.434000	10.465000	10.496000	10.527000	10.574000	10.605000	10.637000	10.668000	10.699000	10.730000	10.761000	10.808000	10.839000	10.871000	10.902000	10.933000	10.964000	10.995000	11.042000	11.073000	11.105000	11.136000	11.167000	11.198000	11.229000	11.261000	11.307000	11.339000	11.370000	11.401000	11.432000	11.463000	11.495000	11.541000	11.573000	11.604000	11.635000	11.666000	11.697000	11.729000	11.760000	11.807000	11.838000	11.869000	11.900000	11.931000	11.963000	11.994000	12.041000	12.072000	12.103000	12.134000	12.165000	12.197000	12.228000	12.275000	12.306000	12.337000	12.368000	12.399000	12.431000	12.462000	12.493000	12.540000	12.571000	12.602000	12.633000	12.665000	12.696000	12.727000	12.774000	12.805000	12.836000	12.867000	12.899000	12.930000	12.961000	13.008000	13.039000	13.070000	13.101000	13.133000	13.164000	13.195000	13.226000	13.273000	13.304000	13.335000	13.367000	13.398000	13.429000	13.460000	13.507000	13.538000	13.569000	13.601000	13.632000	13.663000	13.694000	13.741000	13.772000	13.803000	13.835000	13.866000	13.897000	13.928000	13.959000	14.006000	14.037000	14.069000	14.100000	14.131000	14.162000	14.193000	14.240000	14.271000	14.303000	14.334000	14.365000	14.396000	14.427000	14.459000	14.505000	14.537000	14.568000	14.599000	14.630000	14.661000	14.693000	14.739000	14.771000	14.802000	14.833000	14.864000	14.895000	14.927000	14.973000	15.005000	15.036000	15.067000	15.098000	15.129000	15.161000	15.192000	15.239000	15.270000	15.301000	15.332000	15.363000	15.395000	15.426000	15.473000	15.504000	15.535000	15.566000	15.597000	15.629000	15.660000	15.691000	15.738000	15.769000	15.800000	15.831000	15.863000	15.894000	15.925000	15.972000	16.003000	16.034000	16.065000	16.097000	16.128000	16.159000	16.206000	16.237000	16.268000	16.299000	16.331000	16.362000	16.393000	16.424000	16.471000	16.502000	16.533000	16.565000	16.596000	16.627000	16.658000	16.705000	16.736000	16.767000	16.799000	16.830000	16.861000	16.892000	16.939000	16.970000	17.001000	17.033000	17.064000	17.095000	17.126000	17.157000	17.204000	17.235000	17.267000	17.298000	17.329000	17.360000	17.391000	17.438000	17.469000	17.501000	17.532000	17.563000	17.594000	17.625000	17.672000	17.703000	17.735000	17.766000	17.797000	17.828000	17.859000	17.891000	17.937000	17.969000	18.000000
%%%	1.415072	1.384203	1.427246	1.378406	1.375073	1.679275	1.307246	1.356522	1.370145	1.335362	1.344928	1.332753	1.325362	1.379855	1.403623	1.408116	1.415797	1.333333	1.426087	1.426087	1.423913	1.433623	1.426087	1.451160	1.379565	1.415942	1.402899	1.344493	1.240580	1.246377	1.212319	1.185507	1.147826	1.136377	1.067971	1.100145	1.095652	1.061014	1.031449	1.037681	1.042029	1.081449	0.996667	1.016812	0.985942	1.055362	1.035507	1.061014	1.049420	1.089855	1.137971	1.078261	1.135942	1.140725	1.104928	1.113043	1.146812	0.962319	1.055072	1.130435	1.088551	1.082029	1.097536	1.114203	1.129565	1.107102	1.118116	1.137536	1.121159	1.147826	1.159420	1.159710	1.155362	1.192464	1.194638	1.217391	1.147826	1.192899	1.191884	1.239710	1.181159	1.211594	1.258116	1.202319	1.177246	1.192899	1.194203	1.203623	1.211449	1.228985	1.240580	1.228841	1.223333	1.240580	1.246667	1.191884	1.200580	1.243478	1.188841	1.201594	1.235362	1.229855	1.224927	1.200000	1.181449	1.237971	1.220580	1.217391	1.226667	1.281014	1.240580	1.286957	1.283188	1.231159	1.242319	1.298551	1.240580	1.269565	1.114058	1.286957	1.252754	1.242319	1.256232	1.217391	1.263623	1.257681	1.251594	1.263768	1.218551	1.217391	1.191884	1.194058	1.211449	1.208116	1.168406	1.235942	1.227536	1.217391	1.229275	1.216812	1.194203	1.246377	1.220580	1.265362	1.262319	1.267971	1.333333	1.251014	1.240580	1.256667	1.266812	1.258116	1.242899	1.274638	1.259710	1.239710	1.225362	1.218406	1.228985	1.194203	1.286957	1.229420	1.211449	1.263623	1.217391	1.222899	1.260870	1.268406	1.226667	1.252899	1.271159	1.238406	1.300580	1.286957	1.281159	1.326667	1.251594	1.272319	1.257681	1.220580	1.216232	1.238406	1.203188	1.205797	1.181014	1.164203	1.147826	1.185797	1.182609	1.211449	1.217391	1.199420	1.204783	1.173768	1.204928	1.238551	1.251594	1.234203	1.228985	1.223333	1.217391	1.255507	1.217391	1.229275	1.237681	1.234783	1.270725	1.284638	1.240290	1.234783	1.240580	1.257971	1.228985	1.229855	1.252174	1.266232	1.240580	1.232029	1.216232	1.217391	1.242319	1.238986	1.233623	1.238116	1.237536	1.234783	1.237681	1.286957	1.248406	1.147826	1.240725	1.208841	1.257536	1.223188	1.285797	1.274493	1.257101	1.245362	1.264638	1.262899	1.252174	1.252754	1.264493	1.260725	1.263623	1.273333	1.261159	1.278261	1.286377	1.286957	1.240580	1.252174	1.265362	1.240580	1.228985	1.269565	1.265362	1.609855	1.252174	1.267246	1.257101	1.248840	1.257246	1.269855	1.257681	1.294493	1.280290	1.292754	1.284928	1.274638	1.281014	1.298986	1.284203	1.300580	1.322754	1.220145	1.264203	1.307246	1.278841	1.286232	1.252174	1.243478	1.251014	1.240580	1.242899	1.232029	1.212029	1.259420	1.238116	1.245072	1.263623	1.268986	1.272319	1.281884	1.256667	1.171159	1.248840	1.265942	1.286957	1.257536	1.298551	1.307971	1.299420	1.264058	1.265942	1.286957	1.243478	1.286377	1.333333	1.263623	1.286957	1.290580	1.283623	1.286812	1.299855	1.285942	1.274493	1.274638	1.284203	1.286957	1.253188	1.272319	1.249420	1.298551	1.226087	1.240290	1.252754	1.268551	1.243478	1.281014	1.262319	1.271159	1.286957	1.260145	1.267391	1.257246	1.283623	1.285797	1.333333	1.281594	1.268551	1.270725	1.284058	1.298551	1.286957	1.281594	1.292464	1.255942	1.281159	1.246377	1.261304	1.286377	1.277101	1.262319	1.288551	1.252754	1.288986	1.269565	1.286957	1.275073	1.284058	1.283623	1.255362	1.241884	1.279420	1.147826	1.255942	1.314203	1.304928	1.281014	1.299420	1.308116	1.789710	1.284203	1.303768	1.303188	1.330145	1.322319	1.292464	1.297536	1.308116	1.325507	1.286957	1.285797	1.305942	1.285362	1.274203	1.280580	1.286957	1.267971	1.299855	1.260870	1.279420	1.310145	1.330145	1.304928	1.311304	1.286957	1.285942	1.292464	1.314203	1.292464	1.295217	1.264203	1.265942	1.273333	1.240580	1.281884	1.264638	1.280145	1.252319	1.189855	1.286957	1.288406	1.268551	1.307246	1.286232	1.285797	1.285942	1.257536	1.240580	1.240580	1.288406	1.229855	1.267681	1.246812	1.172899	1.263623	1.262464	1.242319	1.281159	1.301160	1.240580	1.312754	1.327101	1.333333	1.300580	1.361304	1.287247	1.275362	1.333333	1.287101	1.252464	1.242319	1.258116	1.231449	1.240580	1.231014	1.252319	1.269710	1.250580	1.272899	1.286957	1.252174	1.281594	1.298551	1.304928	1.316667	1.333333	1.286957	1.295072	1.301160	1.304058	1.310145	1.274638	1.284203	1.263768	1.304928	1.341884	1.286232	1.322899	1.283623	1.327246	1.305362	1.310290	1.327101	1.310145	1.323333	1.299855	1.334203	1.305942	1.309855	1.308841	1.315942	1.321739	1.333188	1.296812	1.286957	1.292464	1.309275	1.286957	1.298551	1.277246	1.286957	1.320580	1.329420	1.357101	1.366377	1.310145	1.344058	1.321739	1.310290	1.310145	1.350580	1.286957	1.327101	1.305942	1.321739	1.338551	1.340145	1.304928	1.327101	1.322319	1.325507	1.340290	1.343623	1.305507	1.321594	1.342319	1.322899	1.327536	1.335942	1.368551	1.333333	1.305942	1.364927	1.340725	1.266667	1.321739	1.340290	1.296377	1.704348	1.327826	1.309710	1.336377	1.365797	1.240580	1.240580	1.364493	1.305072	1.327681	1.327246	1.338406
%%%	Left Pupil Profile (1st row -> 1 == valid tracking, 0 == invalid tracking; 2nd row -> time; 3rd row -> diameter (mm))
%%%	0	0	0	0	0	0	0	0	0	0	0	0	0	0	0	0	0	0	0	0	0	0	0	0	0	0	0	0	0	0	0	0	0	0	0	0	0	0	0	0	0	0	0	0	0	0	0	0	0	0	0	0	0	0	0	0	0	0	0	0	0	0	0	0	0	0	0	0	0	0	0	0	0	0	0	0	0	0	0	0	0	0	0	0	0	0	0	0	0	0	0	0	0	0	0	0	0	0	0	0	0	0	0	0	0	0	0	0	0	0	0	0	0	0	0	0	0	0	0	0	0	0	0	0	0	0	0	0	0	0	0	0	0	0	0	0	0	0	0	0	0	0	0	0	0	0	0	0	0	0	0	0	0	0	0	0	0	0	0	0	0	0	0	0	0	0	0	0	0	0	0	0	0	0	0	0	0	0	0	0	0	0	0	0	0	0	0	0	0	0	0	0	0	0	0	0	0	0	0	0	0	0	0	0	0	0	0	0	0	0	0	0	0	0	0	0	0	0	0	0	0	0	0	0	0	0	0	0	0	0	0	0	0	0	0	0	0	0	0	0	0	0	0	0	0	0	0	0	0	0	0	0	0	0	0	0	0	0	0	0	0	0	0	0	0	0	0	0	0	0	0	0	0	0	0	0	0	0	0	0	0	0	0	0	0	0	0	0	0	0	0	0	0	0	0	0	0	0	0	0	0	0	0	0	0	0	0	0	0	0	0	0	0	0	0	0	0	0	0	0	0	0	0	0	0	0	0	0	0	0	0	0	0	0	0	0	0	0	0	0	0	0	0	0	0	0	0	0	0	0	0	0	0	0	0	0	0	0	0	0	0	0	0	0	0	0	0	0	0	0	0	0	0	0	0	0	0	0	0	0	0	0	0	0	0	0	0	0	0	0	0	0	0	0	0	0	0	0	0	0	0	0	0	0	0	0	0	0	0	0	0	0	0	0	0	0	0	0	0	0	0	0	0	0	0	0	0	0	0	0	0	0	0	0	0	0	0	0	0	0	0	0	0	0	0	0	0	0	0	0	0	0	0	0	0	0	0	0	0	0	0	0	0	0	0	0	0	0	0	0	0	0	0	0	0	0	0	0	0	0	0	0	0	0	0	0	0	0	0	0	0	0	0	0	0	0	0	0	0	0	0	0	0	0	0	0	0	0	0	0	0	0	0	0	0	0	0	0	0	0	0	0	0	0	0	0	0	0	0	0	0	0	0	0	0	0	0	0	0	0	0	0
%%%	-0.065000	-0.019000	0.013000	0.044000	0.075000	0.106000	0.137000	0.169000	0.200000	0.247000	0.278000	0.309000	0.340000	0.371000	0.403000	0.434000	0.481000	0.512000	0.543000	0.574000	0.605000	0.637000	0.668000	0.715000	0.746000	0.777000	0.808000	0.839000	0.871000	0.902000	0.933000	0.980000	1.011000	1.042000	1.073000	1.105000	1.136000	1.167000	1.214000	1.245000	1.276000	1.307000	1.339000	1.370000	1.401000	1.432000	1.479000	1.510000	1.541000	1.573000	1.604000	1.635000	1.666000	1.713000	1.744000	1.775000	1.807000	1.838000	1.869000	1.900000	1.947000	1.978000	2.009000	2.041000	2.072000	2.103000	2.134000	2.165000	2.212000	2.243000	2.275000	2.306000	2.337000	2.368000	2.399000	2.446000	2.477000	2.509000	2.540000	2.571000	2.602000	2.633000	2.680000	2.711000	2.743000	2.774000	2.805000	2.836000	2.867000	2.899000	2.945000	2.977000	3.008000	3.039000	3.070000	3.101000	3.133000	3.179000	3.211000	3.242000	3.273000	3.304000	3.335000	3.367000	3.413000	3.445000	3.476000	3.507000	3.538000	3.569000	3.601000	3.632000	3.679000	3.710000	3.741000	3.772000	3.803000	3.835000	3.866000	3.913000	3.944000	3.975000	4.006000	4.037000	4.069000	4.100000	4.131000	4.178000	4.209000	4.240000	4.271000	4.303000	4.334000	4.365000	4.412000	4.443000	4.474000	4.505000	4.537000	4.568000	4.599000	4.646000	4.677000	4.708000	4.739000	4.771000	4.802000	4.833000	4.864000	4.911000	4.942000	4.973000	5.005000	5.036000	5.067000	5.098000	5.145000	5.176000	5.207000	5.239000	5.270000	5.301000	5.332000	5.363000	5.410000	5.441000	5.473000	5.504000	5.535000	5.566000	5.597000	5.644000	5.675000	5.707000	5.738000	5.769000	5.800000	5.831000	5.878000	5.909000	5.941000	5.972000	6.003000	6.034000	6.065000	6.097000	6.143000	6.175000	6.206000	6.237000	6.268000	6.299000	6.331000	6.377000	6.409000	6.440000	6.471000	6.502000	6.533000	6.565000	6.611000	6.643000	6.674000	6.705000	6.736000	6.767000	6.799000	6.830000	6.877000	6.908000	6.939000	6.970000	7.001000	7.033000	7.064000	7.111000	7.142000	7.173000	7.204000	7.235000	7.267000	7.298000	7.345000	7.376000	7.407000	7.438000	7.469000	7.501000	7.532000	7.563000	7.610000	7.641000	7.672000	7.703000	7.735000	7.766000	7.797000	7.844000	7.875000	7.906000	7.937000	7.969000	8.000000	8.031000	8.078000	8.109000	8.140000	8.171000	8.203000	8.234000	8.265000	8.296000	8.343000	8.374000	8.405000	8.437000	8.468000	8.499000	8.530000	8.577000	8.608000	8.639000	8.671000	8.702000	8.733000	8.764000	8.795000	8.842000	8.873000	8.905000	8.936000	8.967000	8.998000	9.029000	9.076000	9.107000	9.139000	9.170000	9.201000	9.232000	9.263000	9.295000	9.341000	9.373000	9.404000	9.435000	9.466000	9.497000	9.529000	9.575000	9.607000	9.638000	9.669000	9.700000	9.731000	9.763000	9.809000	9.841000	9.872000	9.903000	9.934000	9.965000	9.997000	10.028000	10.075000	10.106000	10.137000	10.168000	10.199000	10.231000	10.262000	10.309000	10.340000	10.371000	10.402000	10.433000	10.465000	10.496000	10.543000	10.574000	10.605000	10.636000	10.667000	10.699000	10.730000	10.761000	10.808000	10.839000	10.870000	10.901000	10.933000	10.964000	10.995000	11.042000	11.073000	11.104000	11.135000	11.167000	11.198000	11.229000	11.276000	11.307000	11.338000	11.369000	11.401000	11.432000	11.463000	11.494000	11.541000	11.572000	11.603000	11.635000	11.666000	11.697000	11.728000	11.775000	11.806000	11.837000	11.869000	11.900000	11.931000	11.962000	12.009000	12.040000	12.071000	12.103000	12.134000	12.165000	12.196000	12.227000	12.274000	12.305000	12.337000	12.368000	12.399000	12.430000	12.461000	12.508000	12.539000	12.571000	12.602000	12.633000	12.664000	12.695000	12.742000	12.773000	12.805000	12.836000	12.867000	12.898000	12.929000	12.961000	13.007000	13.039000	13.070000	13.101000	13.132000	13.163000	13.195000	13.226000	13.273000	13.304000	13.335000	13.366000	13.397000	13.429000	13.460000	13.507000	13.538000	13.569000	13.600000	13.631000	13.663000	13.694000	13.741000	13.772000	13.803000	13.834000	13.865000	13.897000	13.928000	13.959000	14.006000	14.037000	14.068000	14.099000	14.131000	14.162000	14.193000	14.240000	14.271000	14.302000	14.333000	14.365000	14.396000	14.427000	14.474000	14.505000	14.536000	14.567000	14.599000	14.630000	14.661000	14.692000	14.739000	14.770000	14.801000	14.833000	14.864000	14.895000	14.926000	14.973000	15.004000	15.035000	15.067000	15.098000	15.129000	15.160000	15.207000	15.238000	15.269000	15.301000	15.332000	15.363000	15.394000	15.425000	15.472000	15.503000	15.535000	15.566000	15.597000	15.628000	15.659000	15.706000	15.737000	15.769000	15.800000	15.831000	15.862000	15.893000	15.940000	15.971000	16.003000	16.034000	16.065000	16.096000	16.127000	16.159000	16.205000	16.237000	16.268000	16.299000	16.330000	16.361000	16.393000	16.439000	16.471000	16.502000	16.533000	16.564000	16.595000	16.627000	16.673000	16.705000	16.736000	16.767000	16.798000	16.829000	16.861000	16.892000	16.939000	16.970000	17.001000	17.032000	17.063000	17.095000	17.126000	17.157000	17.204000	17.235000	17.266000	17.297000	17.329000	17.360000	17.391000	17.438000	17.469000	17.500000	17.531000	17.563000	17.594000	17.625000	17.672000	17.703000	17.734000	17.765000	17.797000	17.828000	17.859000	17.890000	17.937000	17.968000
%%%	13.913043	13.913043	13.913043	13.913043	13.913043	13.913043	13.913043	13.913043	13.913043	13.913043	13.913043	13.913043	13.913043	13.913043	13.913043	13.913043	13.913043	13.913043	13.913043	13.913043	13.913043	13.913043	13.913043	13.913043	13.913043	13.913043	13.913043	13.913043	13.913043	13.913043	13.913043	13.913043	13.913043	13.913043	13.913043	13.913043	13.913043	13.913043	13.913043	13.913043	13.913043	13.913043	13.913043	13.913043	13.913043	13.913043	13.913043	13.913043	13.913043	13.913043	13.913043	13.913043	13.913043	13.913043	13.913043	13.913043	13.913043	13.913043	13.913043	13.913043	13.913043	13.913043	13.913043	13.913043	13.913043	13.913043	13.913043	13.913043	13.913043	13.913043	13.913043	13.913043	13.913043	13.913043	13.913043	13.913043	13.913043	13.913043	13.913043	13.913043	13.913043	13.913043	13.913043	13.913043	13.913043	13.913043	13.913043	13.913043	13.913043	13.913043	13.913043	13.913043	13.913043	13.913043	13.913043	13.913043	13.913043	13.913043	13.913043	13.913043	13.913043	13.913043	13.913043	13.913043	13.913043	13.913043	13.913043	13.913043	13.913043	13.913043	13.913043	13.913043	13.913043	13.913043	13.913043	13.913043	13.913043	13.913043	13.913043	13.913043	13.913043	13.913043	13.913043	13.913043	13.913043	13.913043	13.913043	13.913043	13.913043	13.913043	13.913043	13.913043	13.913043	13.913043	13.913043	13.913043	13.913043	13.913043	13.913043	13.913043	13.913043	13.913043	13.913043	13.913043	13.913043	13.913043	13.913043	13.913043	13.913043	13.913043	13.913043	13.913043	13.913043	13.913043	13.913043	13.913043	13.913043	13.913043	13.913043	13.913043	13.913043	13.913043	13.913043	13.913043	13.913043	13.913043	13.913043	13.913043	13.913043	13.913043	13.913043	13.913043	13.913043	13.913043	13.913043	13.913043	13.913043	13.913043	13.913043	13.913043	13.913043	13.913043	13.913043	13.913043	13.913043	13.913043	13.913043	13.913043	13.913043	13.913043	13.913043	13.913043	13.913043	13.913043	13.913043	13.913043	13.913043	13.913043	13.913043	13.913043	13.913043	13.913043	13.913043	13.913043	13.913043	13.913043	13.913043	13.913043	13.913043	13.913043	13.913043	13.913043	13.913043	13.913043	13.913043	13.913043	13.913043	13.913043	13.913043	13.913043	13.913043	13.913043	13.913043	13.913043	13.913043	13.913043	13.913043	13.913043	13.913043	13.913043	13.913043	13.913043	13.913043	13.913043	13.913043	13.913043	13.913043	13.913043	13.913043	13.913043	13.913043	13.913043	13.913043	13.913043	13.913043	13.913043	13.913043	13.913043	13.913043	13.913043	13.913043	13.913043	13.913043	13.913043	13.913043	13.913043	13.913043	13.913043	13.913043	13.913043	13.913043	13.913043	13.913043	13.913043	13.913043	13.913043	13.913043	13.913043	13.913043	13.913043	13.913043	13.913043	13.913043	13.913043	13.913043	13.913043	13.913043	13.913043	13.913043	13.913043	13.913043	13.913043	13.913043	13.913043	13.913043	13.913043	13.913043	13.913043	13.913043	13.913043	13.913043	13.913043	13.913043	13.913043	13.913043	13.913043	13.913043	13.913043	13.913043	13.913043	13.913043	13.913043	13.913043	13.913043	13.913043	13.913043	13.913043	13.913043	13.913043	13.913043	13.913043	13.913043	13.913043	13.913043	13.913043	13.913043	13.913043	13.913043	13.913043	13.913043	13.913043	13.913043	13.913043	13.913043	13.913043	13.913043	13.913043	13.913043	13.913043	13.913043	13.913043	13.913043	13.913043	13.913043	13.913043	13.913043	13.913043	13.913043	13.913043	13.913043	13.913043	13.913043	13.913043	13.913043	13.913043	13.913043	13.913043	13.913043	13.913043	13.913043	13.913043	13.913043	13.913043	13.913043	13.913043	13.913043	13.913043	13.913043	13.913043	13.913043	13.913043	13.913043	13.913043	13.913043	13.913043	13.913043	13.913043	13.913043	13.913043	13.913043	13.913043	13.913043	13.913043	13.913043	13.913043	13.913043	13.913043	13.913043	13.913043	13.913043	13.913043	13.913043	13.913043	13.913043	13.913043	13.913043	13.913043	13.913043	13.913043	13.913043	13.913043	13.913043	13.913043	13.913043	13.913043	13.913043	13.913043	13.913043	13.913043	13.913043	13.913043	13.913043	13.913043	13.913043	13.913043	13.913043	13.913043	13.913043	13.913043	13.913043	13.913043	13.913043	13.913043	13.913043	13.913043	13.913043	13.913043	13.913043	13.913043	13.913043	13.913043	13.913043	13.913043	13.913043	13.913043	13.913043	13.913043	13.913043	13.913043	13.913043	13.913043	13.913043	13.913043	13.913043	13.913043	13.913043	13.913043	13.913043	13.913043	13.913043	13.913043	13.913043	13.913043	13.913043	13.913043	13.913043	13.913043	13.913043	13.913043	13.913043	13.913043	13.913043	13.913043	13.913043	13.913043	13.913043	13.913043	13.913043	13.913043	13.913043	13.913043	13.913043	13.913043	13.913043	13.913043	13.913043	13.913043	13.913043	13.913043	13.913043	13.913043	13.913043	13.913043	13.913043	13.913043	13.913043	13.913043	13.913043	13.913043	13.913043	13.913043	13.913043	13.913043	13.913043	13.913043	13.913043	13.913043	13.913043	13.913043	13.913043	13.913043	13.913043	13.913043	13.913043	13.913043	13.913043	13.913043	13.913043	13.913043	13.913043	13.913043	13.913043	13.913043	13.913043	13.913043	13.913043	13.913043	13.913043	13.913043	13.913043	13.913043	13.913043	13.913043	13.913043	13.913043	13.913043	13.913043	13.913043	13.913043	13.913043	13.913043	13.913043	13.913043	13.913043	13.913043	13.913043	13.913043	13.913043	13.913043	13.913043	13.913043	13.913043	13.913043	13.913043	13.913043	13.913043	13.913043	13.913043	13.913043	13.913043	13.913043	13.913043
%%%	Pulse Index	Stimulus Section Index	Stimulus Section Start Index	Stimulus Section End Index	Pupil Stimulated: 0 = Right, 1 = Left, 2 = Both	Light Metric: 0 = Photopic, 1 = Scopotic, 2 = Radiometric	Stimulus Start Time	Stimulus Duration	Stimulus Pulse Duration	Right Pulse Max Level	Right Pulse Max Color (0123 = WRGB)	Right Pulse Min Level	Right Pulse Min Color (0123 = WRGB)	Left Pulse Max Level	Left Pulse Max Color (0123 = WRGB)	Left Pulse Min Level	Left Pulse Min Color (0123 = WRGB)	Right Data Input Type (0 == RAW DATA, 1 == FITTED DATA, 2 == M. OVERRIDED)	Right ANALYSIS STATE (0 == ABNORMAL, 1 == NORMAL)	Right MAX (mm) (EMPTY if INVALID)	Right MIN (mm) (EMPTY if INVALID)	Right DELTA (mm) (EMPTY if INVALID)	Right CH (%) (EMPTY if INVALID)	Right LAT (sec) (EMPTY if INVALID)	Right CV (mm/s) (EMPTY if INVALID)	Right MCV (mm/s) (EMPTY if INVALID)	Right DV (mm/s) (EMPTY if INVALID)	Left Data Input Type (0 == RAW DATA, 1 == FITTED DATA, 2 == M. OVERRIDED)	Left ANALYSIS STATE (0 == ABNORMAL, 1 == NORMAL)	Left MAX (mm) (EMPTY if INVALID)	Left MIN (mm) (EMPTY if INVALID)	Left DELTA (mm) (EMPTY if INVALID)	Left CH (%) (EMPTY if INVALID)	Left LAT (sec) (EMPTY if INVALID)	Left CV (mm/s) (EMPTY if INVALID)	Left MCV (mm/s) (EMPTY if INVALID)	Left DV (mm/s) (EMPTY if INVALID)
%%%	0	0	17	542	0	0	0.51	17.52	0.51	15.98	1	0.00	1	0.00	1	0.00	1	0	0	0.00	0.00			0.00	0.00	0.00	0.00	0	0	0.00	0.00			0.00	0.00	0.00	0.00
%%%%%%%%%
%%%%%%%%%
%%%%%%%%%
<\SESSION>
